           0
 T T
nwave fwave lwave wave    hwe     asym  shift    squeeze      sin      rms   exval 
   28 269.213 278.484 273.848  2.919D-01  0.000D+00  2.852D-02  0.000D+00  4.902D-03  5.329D+00 10000  0.000D+00
  269.2126  0.152248D-02  0.151040D-02  0.149803D+01
  269.5638  0.150324D-02  0.150662D-02 -0.404909D+00
  269.9144  0.160913D-02  0.157243D-02  0.450249D+01
  270.2643  0.180308D-02  0.182728D-02 -0.287353D+01
  270.6135  0.178385D-02  0.183538D-02 -0.611961D+01
  270.9620  0.169376D-02  0.167203D-02  0.266629D+01
  271.3099  0.167209D-02  0.168354D-02 -0.140504D+01
  271.6571  0.146032D-02  0.147771D-02 -0.215749D+01
  272.0037  0.116737D-02  0.110798D-02  0.771608D+01
  272.3497  0.115481D-02  0.115028D-02  0.596710D+00
  272.6951  0.142368D-02  0.137365D-02  0.600541D+01
  273.0399  0.163180D-02  0.173930D-02 -0.127654D+02
  273.3841  0.157289D-02  0.156286D-02  0.116617D+01
  273.7278  0.123418D-02  0.119753D-02  0.449743D+01
  274.0708  0.100864D-02  0.974673D-03  0.421486D+01
  274.4134  0.921989D-03  0.887990D-03  0.436596D+01
  274.7554  0.911866D-03  0.902487D-03  0.119063D+01
  275.0968  0.100743D-02  0.100506D-02  0.290334D+00
  275.4378  0.129998D-02  0.126860D-02  0.364709D+01
  275.7782  0.142651D-02  0.136146D-02  0.740618D+01
  276.1181  0.171461D-02  0.182251D-02 -0.114578D+02
  276.4576  0.187981D-02  0.188080D-02 -0.103136D+00
  276.7965  0.193427D-02  0.194088D-02 -0.663267D+00
  277.1350  0.197861D-02  0.194769D-02  0.302198D+01
  277.4730  0.192861D-02  0.202374D-02 -0.946471D+01
  277.8106  0.166865D-02  0.165309D-02  0.157656D+01
  278.1477  0.143663D-02  0.134196D-02  0.959169D+01
  278.4843  0.132164D-02  0.133198D-02 -0.105744D+01
   18 272.695 278.484 275.590  2.919D-01  0.000D+00  2.125D-02  0.000D+00  5.139D-03  5.784D+00 10000  0.000D+00
  272.6951  0.142368D-02  0.134928D-02  0.892999D+01
  273.0399  0.163180D-02  0.173520D-02 -0.122781D+02
  273.3841  0.157289D-02  0.156391D-02  0.104398D+01
  273.7278  0.123418D-02  0.120673D-02  0.336765D+01
  274.0708  0.100864D-02  0.987306D-03  0.264733D+01
  274.4134  0.921989D-03  0.902292D-03  0.252937D+01
  274.7554  0.911866D-03  0.913702D-03 -0.233004D+00
  275.0968  0.100743D-02  0.102222D-02 -0.181592D+01
  275.4378  0.129998D-02  0.127296D-02  0.314110D+01
  275.7782  0.142651D-02  0.137266D-02  0.613145D+01
  276.1181  0.171461D-02  0.181454D-02 -0.106111D+02
  276.4576  0.187981D-02  0.187013D-02  0.100864D+01
  276.7965  0.193427D-02  0.191813D-02  0.162113D+01
  277.1350  0.197861D-02  0.193311D-02  0.444730D+01
  277.4730  0.192861D-02  0.200843D-02 -0.794210D+01
  277.8106  0.166865D-02  0.164407D-02  0.249056D+01
  278.1477  0.143663D-02  0.135532D-02  0.823859D+01
  278.4843  0.132164D-02  0.136737D-02 -0.467661D+01
   31 281.163 291.980 286.571  2.919D-01  0.000D+00 -4.163D-03  0.000D+00  7.991D-03  1.117D+01 10000  0.000D+00
  281.1627  0.160002D-02  0.154100D-02  0.645258D+01
  281.4958  0.202153D-02  0.200183D-02  0.203361D+01
  281.8284  0.239810D-02  0.241735D-02 -0.198693D+01
  282.1607  0.267790D-02  0.272960D-02 -0.523789D+01
  282.4926  0.292368D-02  0.287674D-02  0.462814D+01
  282.8242  0.308302D-02  0.301595D-02  0.644042D+01
  283.1554  0.325936D-02  0.338186D-02 -0.117640D+02
  283.4863  0.321907D-02  0.324988D-02 -0.295929D+01
  283.8169  0.326280D-02  0.322314D-02  0.384121D+01
  284.1471  0.316845D-02  0.317354D-02 -0.493062D+00
  284.4770  0.279249D-02  0.278774D-02  0.472584D+00
  285.7932  0.237968D-02  0.230635D-02  0.716670D+01
  286.1215  0.339520D-02  0.352088D-02 -0.116627D+02
  286.4495  0.404914D-02  0.409823D-02 -0.426839D+01
  286.7772  0.421212D-02  0.409622D-02  0.100783D+02
  287.1045  0.447734D-02  0.456784D-02 -0.774777D+01
  287.4316  0.471401D-02  0.480369D-02 -0.744621D+01
  287.7583  0.418175D-02  0.422344D-02 -0.365396D+01
  288.0848  0.345311D-02  0.306157D-02  0.360331D+02
  288.4110  0.393637D-02  0.369264D-02  0.218835D+02
  288.7368  0.523048D-02  0.533233D-02 -0.833223D+01
  289.0624  0.567123D-02  0.560760D-02  0.512919D+01
  289.3878  0.637375D-02  0.611679D-02  0.198447D+02
  289.7128  0.741600D-02  0.747305D-02 -0.393797D+01
  290.0375  0.864694D-02  0.880736D-02 -0.110729D+02
  290.3619  0.932719D-02  0.957421D-02 -0.170495D+02
  290.6861  0.942032D-02  0.959857D-02 -0.123027D+02
  291.0099  0.926848D-02  0.921131D-02  0.394616D+01
  291.3335  0.964100D-02  0.972108D-02 -0.520214D+01
  291.6568  0.959039D-02  0.937253D-02  0.150370D+02
  291.9798  0.953168D-02  0.948004D-02  0.335459D+01
   31 284.477 296.152 290.315  2.919D-01  0.000D+00  5.031D-04  0.000D+00  1.003D-02  1.409D+01 10000  0.000D+00
  284.4770  0.279249D-02  0.276220D-02  0.301307D+01
  285.7932  0.237968D-02  0.229890D-02  0.789473D+01
  286.1215  0.339520D-02  0.353013D-02 -0.125218D+02
  286.4495  0.404914D-02  0.412219D-02 -0.635186D+01
  286.7772  0.421212D-02  0.412515D-02  0.756206D+01
  287.1045  0.447734D-02  0.458385D-02 -0.911814D+01
  287.4316  0.471401D-02  0.483470D-02 -0.100217D+02
  287.7583  0.418175D-02  0.425205D-02 -0.616125D+01
  288.0848  0.345311D-02  0.308414D-02  0.339558D+02
  288.4110  0.393637D-02  0.366852D-02  0.240486D+02
  288.7368  0.523048D-02  0.532311D-02 -0.757766D+01
  289.0624  0.567123D-02  0.559938D-02  0.579167D+01
  289.3878  0.637375D-02  0.609236D-02  0.217310D+02
  289.7128  0.741600D-02  0.743478D-02 -0.129615D+01
  290.0375  0.864694D-02  0.876937D-02 -0.845071D+01
  290.3619  0.932719D-02  0.954539D-02 -0.150607D+02
  290.6861  0.942032D-02  0.959374D-02 -0.119693D+02
  291.0099  0.926848D-02  0.920934D-02  0.408183D+01
  291.3335  0.964100D-02  0.973540D-02 -0.613220D+01
  291.6568  0.959039D-02  0.942080D-02  0.117056D+02
  291.9798  0.953168D-02  0.954628D-02 -0.948707D+00
  292.3025  0.942235D-02  0.954074D-02 -0.817192D+01
  292.6249  0.872792D-02  0.858783D-02  0.966900D+01
  292.9471  0.935351D-02  0.923198D-02  0.838841D+01
  293.2689  0.110582D-01  0.114420D-01 -0.235479D+02
  293.5905  0.108598D-01  0.108686D-01 -0.542192D+00
  293.9117  0.987180D-02  0.938535D-02  0.316009D+02
  294.2327  0.106816D-01  0.106828D-01 -0.737181D-01
  294.5534  0.112850D-01  0.116283D-01 -0.210649D+02
  294.8737  0.106108D-01  0.102974D-01  0.203550D+02
  296.1522  0.150790D-01  0.151839D-01 -0.579286D+01
   31 288.737 299.326 294.031  2.919D-01  0.000D+00  2.515D-03  0.000D+00  1.301D-02  2.319D+01 10000  0.000D+00
  288.7368  0.523048D-02  0.505608D-02  0.142659D+02
  289.0624  0.567123D-02  0.545219D-02  0.176565D+02
  289.3878  0.637375D-02  0.603498D-02  0.261623D+02
  289.7128  0.741600D-02  0.745624D-02 -0.277771D+01
  290.0375  0.864694D-02  0.887090D-02 -0.154581D+02
  290.3619  0.932719D-02  0.970417D-02 -0.260198D+02
  290.6861  0.942032D-02  0.977559D-02 -0.245212D+02
  291.0099  0.926848D-02  0.937157D-02 -0.711574D+01
  291.3335  0.964100D-02  0.987817D-02 -0.154072D+02
  291.6568  0.959039D-02  0.952383D-02  0.459393D+01
  291.9798  0.953168D-02  0.959546D-02 -0.414383D+01
  292.3025  0.942235D-02  0.954339D-02 -0.835478D+01
  292.6249  0.872792D-02  0.853924D-02  0.130229D+02
  292.9471  0.935351D-02  0.911196D-02  0.166727D+02
  293.2689  0.110582D-01  0.112436D-01 -0.113727D+02
  293.5905  0.108598D-01  0.106555D-01  0.125364D+02
  293.9117  0.987180D-02  0.915954D-02  0.462700D+02
  294.2327  0.106816D-01  0.103987D-01  0.183814D+02
  294.5534  0.112850D-01  0.113275D-01 -0.261226D+01
  294.8737  0.106108D-01  0.100482D-01  0.365427D+02
  296.1522  0.150790D-01  0.151631D-01 -0.464239D+01
  296.4711  0.138116D-01  0.140426D-01 -0.134286D+02
  296.7896  0.110764D-01  0.108572D-01  0.134527D+02
  297.1078  0.117607D-01  0.119464D-01 -0.113918D+02
  297.4257  0.146923D-01  0.149522D-01 -0.143527D+02
  297.7432  0.188690D-01  0.201150D-01 -0.625495D+02
  298.0605  0.174538D-01  0.181342D-01 -0.357826D+02
  298.3773  0.131455D-01  0.128300D-01  0.183372D+02
  298.6939  0.141679D-01  0.136525D-01  0.299587D+02
  299.0101  0.198489D-01  0.198190D-01  0.149793D+01
  299.3260  0.214503D-01  0.205534D-01  0.430677D+02
   31 291.980 302.464 297.222  2.919D-01  0.000D+00  1.213D-04  0.000D+00  1.828D-02  3.754D+01 10000  0.000D+00
  291.9798  0.953168D-02  0.911005D-02  0.273896D+02
  292.3025  0.942235D-02  0.939429D-02  0.193683D+01
  292.6249  0.872792D-02  0.863340D-02  0.652406D+01
  292.9471  0.935351D-02  0.939930D-02 -0.316040D+01
  293.2689  0.110582D-01  0.117155D-01 -0.403261D+02
  293.5905  0.108598D-01  0.111332D-01 -0.167743D+02
  293.9117  0.987180D-02  0.958904D-02  0.183692D+02
  294.2327  0.106816D-01  0.108584D-01 -0.114850D+02
  294.5534  0.112850D-01  0.117383D-01 -0.278167D+02
  294.8737  0.106108D-01  0.103208D-01  0.188387D+02
  296.1522  0.150790D-01  0.149808D-01  0.542221D+01
  296.4711  0.138116D-01  0.137243D-01  0.507592D+01
  296.7896  0.110764D-01  0.105609D-01  0.316315D+02
  297.1078  0.117607D-01  0.115855D-01  0.107529D+02
  297.4257  0.146923D-01  0.144902D-01  0.111579D+02
  297.7432  0.188690D-01  0.194757D-01 -0.304553D+02
  298.0605  0.174538D-01  0.175450D-01 -0.479497D+01
  298.3773  0.131455D-01  0.124887D-01  0.381754D+02
  298.6939  0.141679D-01  0.134504D-01  0.417049D+02
  299.0101  0.198489D-01  0.197090D-01  0.702248D+01
  299.3260  0.214503D-01  0.206214D-01  0.398005D+02
  299.6414  0.222035D-01  0.215930D-01  0.293106D+02
  299.9566  0.215151D-01  0.225192D-01 -0.482099D+02
  300.2714  0.184155D-01  0.188934D-01 -0.251323D+02
  300.5858  0.235235D-01  0.261387D-01 -0.120337D+03
  300.8998  0.272710D-01  0.288161D-01 -0.240335D+02
  301.2134  0.355130D-01  0.356254D-01 -0.172453D+01
  301.5267  0.406392D-01  0.395664D-01  0.160106D+02
  301.8395  0.352032D-01  0.332386D-01  0.297218D+02
  302.1519  0.335330D-01  0.291013D-01  0.670432D+02
  302.4640  0.499765D-01  0.439050D-01  0.882246D+02
   31 296.152 305.560 300.856  2.919D-01  0.000D+00 -7.753D-03  0.000D+00  3.836D-02  4.894D+01 10300  0.000D+00
  296.1522  0.150790D-01  0.143276D-01  0.414904D+02
  296.4711  0.138116D-01  0.137617D-01  0.289935D+01
  296.7896  0.110764D-01  0.109912D-01  0.522673D+01
  297.1078  0.117607D-01  0.122685D-01 -0.311555D+02
  297.4257  0.146923D-01  0.154088D-01 -0.395653D+02
  297.7432  0.188690D-01  0.204212D-01 -0.779155D+02
  298.0605  0.174538D-01  0.179044D-01 -0.236949D+02
  298.3773  0.131455D-01  0.125500D-01  0.346160D+02
  298.6939  0.141679D-01  0.134646D-01  0.408833D+02
  299.0101  0.198489D-01  0.193783D-01  0.236239D+02
  299.3260  0.214503D-01  0.198422D-01  0.772165D+02
  299.6414  0.222035D-01  0.208275D-01  0.660673D+02
  299.9566  0.215151D-01  0.214458D-01  0.332815D+01
  300.2714  0.184155D-01  0.182847D-01  0.687727D+01
  300.5858  0.235235D-01  0.256492D-01 -0.978141D+02
  300.8998  0.272710D-01  0.287064D-01 -0.223279D+02
  301.2134  0.355130D-01  0.363664D-01 -0.130902D+02
  301.5267  0.406392D-01  0.412800D-01 -0.956367D+01
  301.8395  0.352032D-01  0.354551D-01 -0.381101D+01
  302.1519  0.335330D-01  0.325718D-01  0.145406D+02
  302.4640  0.499765D-01  0.508742D-01 -0.130439D+02
  302.7756  0.701918D-01  0.685895D-01  0.221191D+02
  303.0868  0.878663D-01  0.832968D-01  0.630802D+02
  303.3976  0.102767D+00  0.100151D+00  0.361213D+02
  303.7079  0.100095D+00  0.100757D+00 -0.914304D+01
  304.0177  0.948511D-01  0.996950D-01 -0.668668D+02
  304.3271  0.112566D+00  0.119333D+00 -0.934117D+02
  304.6361  0.134229D+00  0.140875D+00 -0.917478D+02
  304.9445  0.155629D+00  0.149184D+00  0.790758D+02
  305.2525  0.197719D+00  0.191943D+00  0.708858D+02
  305.5600  0.185066D+00  0.184496D+00  0.699651D+01
   31 299.326 308.606 303.966  2.919D-01  0.000D+00 -3.219D-03  0.000D+00  1.147D-01  7.840D+01 10000  0.000D+00
  299.3260  0.214503D-01  0.222968D-01 -0.406466D+02
  299.6414  0.222035D-01  0.216500D-01  0.265722D+02
  299.9566  0.215151D-01  0.213456D-01  0.813978D+01
  300.2714  0.184155D-01  0.175528D-01  0.453651D+02
  300.5858  0.235235D-01  0.242701D-01 -0.343579D+02
  300.8998  0.272710D-01  0.271703D-01  0.156581D+01
  301.2134  0.355130D-01  0.346210D-01  0.136816D+02
  301.5267  0.406392D-01  0.398505D-01  0.117698D+02
  301.8395  0.352032D-01  0.348166D-01  0.584924D+01
  302.1519  0.335330D-01  0.320808D-01  0.219688D+02
  302.4640  0.499765D-01  0.506229D-01 -0.939334D+01
  302.7756  0.701918D-01  0.688388D-01  0.186784D+02
  303.0868  0.878663D-01  0.842559D-01  0.498402D+02
  303.3976  0.102767D+00  0.101553D+00  0.167671D+02
  303.7079  0.100095D+00  0.102622D+00 -0.348865D+02
  304.0177  0.948511D-01  0.101005D+00 -0.849498D+02
  304.3271  0.112566D+00  0.120178D+00 -0.105078D+03
  304.6361  0.134229D+00  0.141522D+00 -0.100678D+03
  304.9445  0.155629D+00  0.148312D+00  0.897809D+02
  305.2525  0.197719D+00  0.189385D+00  0.102270D+03
  305.5600  0.185066D+00  0.181069D+00  0.490469D+02
  305.8670  0.156783D+00  0.151142D+00  0.692105D+02
  306.1735  0.188730D+00  0.197559D+00 -0.974997D+02
  306.4794  0.206061D+00  0.222133D+00 -0.177491D+03
  306.7849  0.218755D+00  0.222183D+00 -0.344167D+02
  307.0898  0.287712D+00  0.282029D+00  0.522930D+02
  307.3941  0.326644D+00  0.308102D+00  0.170641D+03
  307.6978  0.344845D+00  0.324982D+00  0.168739D+03
  308.0010  0.358227D+00  0.357235D+00  0.782707D+01
  308.3036  0.354786D+00  0.366896D+00 -0.891582D+02
  308.6057  0.407020D+00  0.424750D+00 -0.122381D+03
   22 302.464 308.907 305.686  2.919D-01  0.000D+00 -1.100D-03  0.000D+00  1.964D-01  8.780D+01 10000  0.000D+00
  302.4640  0.499765D-01  0.543438D-01 -0.634607D+02
  302.7756  0.701918D-01  0.702107D-01 -0.260176D+00
  303.0868  0.878663D-01  0.834352D-01  0.611687D+02
  303.3976  0.102767D+00  0.990152D-01  0.517942D+02
  303.7079  0.100095D+00  0.997712D-01  0.446616D+01
  304.0177  0.948511D-01  0.982323D-01 -0.466752D+02
  304.3271  0.112566D+00  0.117441D+00 -0.672916D+02
  304.6361  0.134229D+00  0.139556D+00 -0.735429D+02
  304.9445  0.155629D+00  0.147215D+00  0.103243D+03
  305.2525  0.197719D+00  0.189475D+00  0.101164D+03
  305.5600  0.185066D+00  0.182693D+00  0.291176D+02
  305.8670  0.156783D+00  0.153056D+00  0.457300D+02
  306.1735  0.188730D+00  0.200184D+00 -0.126489D+03
  306.4794  0.206061D+00  0.225969D+00 -0.219862D+03
  306.7849  0.218755D+00  0.225537D+00 -0.680869D+02
  307.0898  0.287712D+00  0.285487D+00  0.204690D+02
  307.3941  0.326644D+00  0.310879D+00  0.145089D+03
  307.6978  0.344845D+00  0.325698D+00  0.162657D+03
  308.0010  0.358227D+00  0.355281D+00  0.232398D+02
  308.3036  0.354786D+00  0.361176D+00 -0.470487D+02
  308.6057  0.407020D+00  0.413357D+00 -0.437441D+02
  308.9071  0.383454D+00  0.389243D+00 -0.399592D+02
   31 312.139 316.859 314.499  2.919D-01  0.000D+00 -3.169D-02  0.000D+00  9.835D-01  9.504D+01   300  0.000D+00
  312.1391  0.740486D+00  0.779216D+00 -0.864105D+02
  312.2975  0.825316D+00  0.826484D+00 -0.260647D+01
  312.4560  0.883522D+00  0.871892D+00  0.259495D+02
  312.6143  0.921382D+00  0.890121D+00  0.697474D+02
  312.7725  0.926949D+00  0.907514D+00  0.433617D+02
  312.9307  0.974628D+00  0.930160D+00  0.992147D+02
  313.0887  0.980297D+00  0.939504D+00  0.910138D+02
  313.2468  0.953674D+00  0.938331D+00  0.342308D+02
  313.4047  0.913385D+00  0.951109D+00 -0.841688D+02
  313.5625  0.914701D+00  0.100270D+01 -0.196329D+03
  313.7203  0.100560D+01  0.109322D+01 -0.195481D+03
  313.8780  0.111817D+01  0.118025D+01 -0.129266D+03
  314.0356  0.121221D+01  0.120480D+01  0.144735D+02
  314.1931  0.119298D+01  0.112668D+01  0.129425D+03
  314.3506  0.101471D+01  0.973937D+00  0.909809D+02
  314.5079  0.901440D+00  0.881682D+00  0.440827D+02
  314.6652  0.949321D+00  0.945527D+00  0.846338D+01
  314.8224  0.117992D+01  0.109728D+01  0.161341D+03
  314.9796  0.128621D+01  0.122312D+01  0.123159D+03
  315.1367  0.133885D+01  0.128535D+01  0.104446D+03
  315.2936  0.129917D+01  0.129765D+01  0.296732D+01
  315.4505  0.123742D+01  0.126381D+01 -0.515288D+02
  315.6074  0.111777D+01  0.116160D+01 -0.855741D+02
  315.7641  0.953370D+00  0.101357D+01 -0.125355D+03
  315.9208  0.854976D+00  0.911157D+00 -0.125347D+03
  316.0774  0.874007D+00  0.927040D+00 -0.110436D+03
  316.2339  0.104255D+01  0.104619D+01 -0.710012D+01
  316.3904  0.120128D+01  0.118819D+01  0.255545D+02
  316.5468  0.133389D+01  0.129375D+01  0.783497D+02
  316.7030  0.140768D+01  0.137250D+01  0.686776D+02
  316.8593  0.145465D+01  0.146856D+01 -0.271510D+02
   31 313.720 318.417 316.069  2.919D-01  0.000D+00 -5.021D-02  0.000D+00  1.151D+00  7.195D+01 10300  0.000D+00
  313.7203  0.100560D+01  0.104544D+01 -0.888808D+02
  313.8780  0.111817D+01  0.115079D+01 -0.679373D+02
  314.0356  0.121221D+01  0.118646D+01  0.502790D+02
  314.1931  0.119298D+01  0.111269D+01  0.156750D+03
  314.3506  0.101471D+01  0.968834D+00  0.102365D+03
  314.5079  0.901440D+00  0.898212D+00  0.720060D+01
  314.6652  0.949321D+00  0.984604D+00 -0.787221D+02
  314.8224  0.117992D+01  0.114372D+01  0.706666D+02
  314.9796  0.128621D+01  0.126532D+01  0.407896D+02
  315.1367  0.133885D+01  0.131953D+01  0.377218D+02
  315.2936  0.129917D+01  0.132263D+01 -0.458085D+02
  315.4505  0.123742D+01  0.127571D+01 -0.747640D+02
  315.6074  0.111777D+01  0.115723D+01 -0.770492D+02
  315.7641  0.953370D+00  0.100197D+01 -0.101212D+03
  315.9208  0.854976D+00  0.905092D+00 -0.111815D+03
  316.0774  0.874007D+00  0.929678D+00 -0.115929D+03
  316.2339  0.104255D+01  0.104900D+01 -0.125911D+02
  316.3904  0.120128D+01  0.117999D+01  0.415620D+02
  316.5468  0.133389D+01  0.127174D+01  0.121319D+03
  316.7030  0.140768D+01  0.134215D+01  0.127941D+03
  316.8593  0.145465D+01  0.143444D+01  0.394555D+02
  317.0154  0.157046D+01  0.157127D+01 -0.158870D+01
  317.1714  0.169922D+01  0.170853D+01 -0.181789D+02
  317.3275  0.179154D+01  0.177033D+01  0.414130D+02
  317.4833  0.173769D+01  0.176140D+01 -0.462926D+02
  317.6392  0.168788D+01  0.170027D+01 -0.241838D+02
  317.7950  0.155254D+01  0.154446D+01  0.157831D+02
  317.9507  0.135049D+01  0.133394D+01  0.323069D+02
  318.1063  0.117547D+01  0.120826D+01 -0.640297D+02
  318.2618  0.121231D+01  0.122742D+01 -0.294991D+02
  318.4172  0.135960D+01  0.134605D+01  0.264450D+02
   31 315.294 319.968 317.631  2.919D-01  0.000D+00 -4.795D-02  0.000D+00  1.286D+00  1.220D+02 10000  0.000D+00
  315.2936  0.129917D+01  0.132143D+01 -0.434608D+02
  315.4505  0.123742D+01  0.125447D+01 -0.332844D+02
  315.6074  0.111777D+01  0.112586D+01 -0.158112D+02
  315.7641  0.953370D+00  0.967981D+00 -0.304261D+02
  315.9208  0.854976D+00  0.870254D+00 -0.340866D+02
  316.0774  0.874007D+00  0.892178D+00 -0.378398D+02
  316.2339  0.104255D+01  0.100881D+01  0.658648D+02
  316.3904  0.120128D+01  0.114118D+01  0.117329D+03
  316.5468  0.133389D+01  0.123902D+01  0.185201D+03
  316.7030  0.140768D+01  0.131822D+01  0.174646D+03
  316.8593  0.145465D+01  0.142077D+01  0.661505D+02
  317.0154  0.157046D+01  0.157007D+01  0.763981D+00
  317.1714  0.169922D+01  0.172332D+01 -0.470467D+02
  317.3275  0.179154D+01  0.180182D+01 -0.200692D+02
  317.4833  0.173769D+01  0.180659D+01 -0.134505D+03
  317.6392  0.168788D+01  0.175529D+01 -0.131584D+03
  317.7950  0.155254D+01  0.160277D+01 -0.980639D+02
  317.9507  0.135049D+01  0.138759D+01 -0.724367D+02
  318.1063  0.117547D+01  0.125484D+01 -0.154955D+03
  318.2618  0.121231D+01  0.126926D+01 -0.111182D+03
  318.4172  0.135960D+01  0.138314D+01 -0.459561D+02
  318.5726  0.153857D+01  0.153281D+01  0.112487D+02
  318.7280  0.169102D+01  0.167977D+01  0.219672D+02
  318.8832  0.189176D+01  0.177432D+01  0.203799D+03
  319.0384  0.191666D+01  0.172577D+01  0.331256D+03
  319.1935  0.169780D+01  0.155762D+01  0.273678D+03
  319.3484  0.143593D+01  0.145589D+01 -0.389817D+02
  319.5034  0.141436D+01  0.150231D+01 -0.171689D+03
  319.6583  0.155659D+01  0.162329D+01 -0.130210D+03
  319.8130  0.172858D+01  0.173885D+01 -0.188730D+02
  319.9678  0.178142D+01  0.179669D+01 -0.264925D+02
   31 316.859 321.511 319.185  2.919D-01  0.000D+00 -7.960D-03  0.000D+00  1.383D+00  1.540D+02   300  0.000D+00
  316.8593  0.145465D+01  0.137232D+01  0.160730D+03
  317.0154  0.157046D+01  0.152081D+01  0.969330D+02
  317.1714  0.169922D+01  0.168894D+01  0.200751D+02
  317.3275  0.179154D+01  0.179309D+01 -0.301274D+01
  317.4833  0.173769D+01  0.181190D+01 -0.144871D+03
  317.6392  0.168788D+01  0.177491D+01 -0.169888D+03
  317.7950  0.155254D+01  0.164539D+01 -0.181262D+03
  317.9507  0.135049D+01  0.142931D+01 -0.153876D+03
  318.1063  0.117547D+01  0.125933D+01 -0.163724D+03
  318.2618  0.121231D+01  0.123242D+01 -0.392588D+02
  318.4172  0.135960D+01  0.132019D+01  0.769343D+02
  318.5726  0.153857D+01  0.145810D+01  0.157096D+03
  318.7280  0.169102D+01  0.160256D+01  0.172703D+03
  318.8832  0.189176D+01  0.171552D+01  0.305826D+03
  319.0384  0.191666D+01  0.171310D+01  0.353237D+03
  319.1935  0.169780D+01  0.157128D+01  0.247003D+03
  319.3484  0.143593D+01  0.144782D+01 -0.232122D+02
  319.5034  0.141436D+01  0.147458D+01 -0.117553D+03
  319.6583  0.155659D+01  0.160670D+01 -0.978279D+02
  319.8130  0.172858D+01  0.176124D+01 -0.600176D+02
  319.9678  0.178142D+01  0.187977D+01 -0.170671D+03
  320.1224  0.183122D+01  0.194725D+01 -0.201340D+03
  320.2770  0.187506D+01  0.202254D+01 -0.255927D+03
  320.4315  0.207053D+01  0.212343D+01 -0.917977D+02
  320.5859  0.220577D+01  0.219113D+01  0.254098D+02
  320.7403  0.223017D+01  0.216287D+01  0.116784D+03
  320.8946  0.210120D+01  0.201642D+01  0.147120D+03
  321.0488  0.187354D+01  0.181153D+01  0.107603D+03
  321.2029  0.168353D+01  0.165294D+01  0.530825D+02
  321.3570  0.159698D+01  0.161567D+01 -0.324246D+02
  321.5110  0.168303D+01  0.171016D+01 -0.470891D+02
   31 318.417 323.047 320.732  2.919D-01  0.000D+00  3.117D-02  0.000D+00  1.488D+00  1.328D+02 10300  0.000D+00
  318.4172  0.135960D+01  0.145070D+01 -0.177842D+03
  318.5726  0.153857D+01  0.155481D+01 -0.317053D+02
  318.7280  0.169102D+01  0.167486D+01  0.315565D+02
  318.8832  0.189176D+01  0.177615D+01  0.200611D+03
  319.0384  0.191666D+01  0.178668D+01  0.225559D+03
  319.1935  0.169780D+01  0.164928D+01  0.947386D+02
  319.3484  0.143593D+01  0.148622D+01 -0.981829D+02
  319.5034  0.141436D+01  0.146614D+01 -0.101072D+03
  319.6583  0.155659D+01  0.157527D+01 -0.364591D+02
  319.8130  0.172858D+01  0.172704D+01  0.282989D+01
  319.9678  0.178142D+01  0.185770D+01 -0.132380D+03
  320.1224  0.183122D+01  0.193294D+01 -0.176505D+03
  320.2770  0.187506D+01  0.200060D+01 -0.217853D+03
  320.4315  0.207053D+01  0.209550D+01 -0.433421D+02
  320.5859  0.220577D+01  0.217506D+01  0.532871D+02
  320.7403  0.223017D+01  0.216863D+01  0.106779D+03
  320.8946  0.210120D+01  0.204148D+01  0.103634D+03
  321.0488  0.187354D+01  0.183088D+01  0.740220D+02
  321.2029  0.168353D+01  0.163887D+01  0.775076D+02
  321.3570  0.159698D+01  0.154920D+01  0.829237D+02
  321.5110  0.168303D+01  0.158433D+01  0.171274D+03
  321.6649  0.180318D+01  0.171943D+01  0.145341D+03
  321.8187  0.198580D+01  0.189536D+01  0.156945D+03
  321.9725  0.203490D+01  0.204002D+01 -0.890163D+01
  322.1262  0.196474D+01  0.206715D+01 -0.177706D+03
  322.2798  0.184398D+01  0.197649D+01 -0.229950D+03
  322.4333  0.177221D+01  0.185460D+01 -0.142975D+03
  322.5869  0.170256D+01  0.172910D+01 -0.460490D+02
  322.7402  0.154930D+01  0.157810D+01 -0.499705D+02
  322.8936  0.144240D+01  0.144590D+01 -0.606810D+01
  323.0469  0.155102D+01  0.140371D+01  0.255638D+03
   31 319.968 324.576 322.272  2.919D-01  0.000D+00 -2.583D-02  0.000D+00  1.560D+00  1.432D+02 10300  0.000D+00
  319.9678  0.178142D+01  0.177495D+01  0.112213D+02
  320.1224  0.183122D+01  0.187863D+01 -0.822720D+02
  320.2770  0.187506D+01  0.198811D+01 -0.196183D+03
  320.4315  0.207053D+01  0.211037D+01 -0.691382D+02
  320.5859  0.220577D+01  0.218241D+01  0.405314D+02
  320.7403  0.223017D+01  0.214442D+01  0.148801D+03
  320.8946  0.210120D+01  0.198061D+01  0.209271D+03
  321.0488  0.187354D+01  0.176514D+01  0.188112D+03
  321.2029  0.168353D+01  0.160253D+01  0.140561D+03
  321.3570  0.159698D+01  0.155857D+01  0.666558D+02
  321.5110  0.168303D+01  0.163458D+01  0.840747D+02
  321.6649  0.180318D+01  0.179310D+01  0.175024D+02
  321.8187  0.198580D+01  0.196979D+01  0.277734D+02
  321.9725  0.203490D+01  0.208597D+01 -0.886360D+02
  322.1262  0.196474D+01  0.207306D+01 -0.187971D+03
  322.2798  0.184398D+01  0.197378D+01 -0.225253D+03
  322.4333  0.177221D+01  0.187261D+01 -0.174223D+03
  322.5869  0.170256D+01  0.175927D+01 -0.984015D+02
  322.7402  0.154930D+01  0.163229D+01 -0.144008D+03
  322.8936  0.144240D+01  0.156172D+01 -0.207049D+03
  323.0469  0.155102D+01  0.160843D+01 -0.996193D+02
  323.2001  0.177039D+01  0.171627D+01  0.939125D+02
  323.3531  0.188963D+01  0.176908D+01  0.209201D+03
  323.5062  0.187364D+01  0.175900D+01  0.198928D+03
  323.6592  0.187101D+01  0.178724D+01  0.145358D+03
  323.8121  0.199947D+01  0.189137D+01  0.168823D+03
  323.9650  0.214442D+01  0.203482D+01  0.171172D+03
  324.1177  0.224505D+01  0.217755D+01  0.105410D+03
  324.2704  0.228088D+01  0.228322D+01 -0.364680D+01
  324.4231  0.228078D+01  0.236848D+01 -0.136973D+03
  324.5756  0.230872D+01  0.243935D+01 -0.204023D+03
   31 321.511 326.097 323.804  2.919D-01  0.000D+00 -6.264D-02  0.000D+00  1.624D+00  1.492D+02   300  0.000D+00
  321.5110  0.168303D+01  0.158642D+01  0.167642D+03
  321.6649  0.180318D+01  0.176147D+01  0.723835D+02
  321.8187  0.198580D+01  0.194145D+01  0.769597D+02
  321.9725  0.203490D+01  0.204405D+01 -0.158826D+02
  322.1262  0.196474D+01  0.202008D+01 -0.960294D+02
  322.2798  0.184398D+01  0.193255D+01 -0.153697D+03
  322.4333  0.177221D+01  0.184525D+01 -0.126758D+03
  322.5869  0.170256D+01  0.173688D+01 -0.595596D+02
  322.7402  0.154930D+01  0.162260D+01 -0.127189D+03
  322.8936  0.144240D+01  0.158297D+01 -0.243932D+03
  323.0469  0.155102D+01  0.165846D+01 -0.186447D+03
  323.2001  0.177039D+01  0.176413D+01  0.108623D+02
  323.3531  0.188963D+01  0.179236D+01  0.168798D+03
  323.5062  0.187364D+01  0.177532D+01  0.170606D+03
  323.6592  0.187101D+01  0.181066D+01  0.104723D+03
  323.8121  0.199947D+01  0.191054D+01  0.138876D+03
  323.9650  0.214442D+01  0.203180D+01  0.175902D+03
  324.1177  0.224505D+01  0.213288D+01  0.175175D+03
  324.2704  0.228088D+01  0.218633D+01  0.147667D+03
  324.4231  0.228078D+01  0.222036D+01  0.943674D+02
  324.5756  0.230872D+01  0.222395D+01  0.132388D+03
  324.7281  0.219595D+01  0.216335D+01  0.509167D+02
  324.8806  0.203095D+01  0.209569D+01 -0.101118D+03
  325.0329  0.193691D+01  0.210255D+01 -0.258700D+03
  325.1852  0.206709D+01  0.218548D+01 -0.184909D+03
  325.3374  0.219160D+01  0.232825D+01 -0.213425D+03
  325.4895  0.240964D+01  0.252043D+01 -0.173020D+03
  325.6416  0.260258D+01  0.270005D+01 -0.144975D+03
  325.7936  0.282215D+01  0.281782D+01  0.614931D+01
  325.9455  0.295091D+01  0.287027D+01  0.114495D+03
  326.0974  0.303716D+01  0.285608D+01  0.257104D+03
   31 323.047 327.612 325.330  2.919D-01  0.000D+00  2.751D-02  0.000D+00  1.690D+00  1.365D+02 10300  0.000D+00
  323.0469  0.155102D+01  0.171267D+01 -0.280504D+03
  323.2001  0.177039D+01  0.180323D+01 -0.569985D+02
  323.3531  0.188963D+01  0.187307D+01  0.287415D+02
  323.5062  0.187364D+01  0.185302D+01  0.357846D+02
  323.6592  0.187101D+01  0.183728D+01  0.585186D+02
  323.8121  0.199947D+01  0.189417D+01  0.164444D+03
  323.9650  0.214442D+01  0.200235D+01  0.221898D+03
  324.1177  0.224505D+01  0.211586D+01  0.201763D+03
  324.2704  0.228088D+01  0.219473D+01  0.134543D+03
  324.4231  0.228078D+01  0.223568D+01  0.704281D+02
  324.5756  0.230872D+01  0.226035D+01  0.755409D+02
  324.7281  0.219595D+01  0.224072D+01 -0.699148D+02
  324.8806  0.203095D+01  0.216600D+01 -0.210917D+03
  325.0329  0.193691D+01  0.212568D+01 -0.294826D+03
  325.1852  0.206709D+01  0.217357D+01 -0.166313D+03
  325.3374  0.219160D+01  0.228907D+01 -0.152229D+03
  325.4895  0.240964D+01  0.246764D+01 -0.905815D+02
  325.6416  0.260258D+01  0.267881D+01 -0.113379D+03
  325.7936  0.282215D+01  0.284994D+01 -0.394627D+02
  325.9455  0.295091D+01  0.295508D+01 -0.591700D+01
  326.0974  0.303716D+01  0.299330D+01  0.622698D+02
  326.2491  0.304202D+01  0.296176D+01  0.113946D+03
  326.4009  0.291174D+01  0.288131D+01  0.431994D+02
  326.5525  0.289756D+01  0.283321D+01  0.913777D+02
  326.7041  0.298442D+01  0.288377D+01  0.142906D+03
  326.8556  0.313221D+01  0.297565D+01  0.222283D+03
  327.0071  0.304880D+01  0.298417D+01  0.917686D+02
  327.1584  0.286952D+01  0.292008D+01 -0.717857D+02
  327.3098  0.281557D+01  0.289602D+01 -0.114226D+03
  327.4610  0.290313D+01  0.293787D+01 -0.493232D+02
  327.6122  0.289686D+01  0.296312D+01 -0.940889D+02
   31 324.576 329.120 326.848  2.919D-01  0.000D+00  2.938D-02  0.000D+00  1.744D+00  1.415D+02 10300  0.000D+00
  324.5756  0.230872D+01  0.209508D+01  0.333654D+03
  324.7281  0.219595D+01  0.212504D+01  0.110747D+03
  324.8806  0.203095D+01  0.209251D+01 -0.961425D+02
  325.0329  0.193691D+01  0.208287D+01 -0.227968D+03
  325.1852  0.206709D+01  0.215296D+01 -0.134124D+03
  325.3374  0.219160D+01  0.228585D+01 -0.147203D+03
  325.4895  0.240964D+01  0.247790D+01 -0.106609D+03
  325.6416  0.260258D+01  0.269981D+01 -0.144608D+03
  325.7936  0.282215D+01  0.287753D+01 -0.786319D+02
  325.9455  0.295091D+01  0.298404D+01 -0.470392D+02
  326.0974  0.303716D+01  0.301870D+01  0.262009D+02
  326.2491  0.304202D+01  0.297939D+01  0.889150D+02
  326.4009  0.291174D+01  0.288771D+01  0.341102D+02
  326.5525  0.289756D+01  0.282585D+01  0.101821D+03
  326.7041  0.298442D+01  0.286084D+01  0.175453D+03
  326.8556  0.313221D+01  0.293692D+01  0.277282D+03
  327.0071  0.304880D+01  0.293117D+01  0.167010D+03
  327.1584  0.286952D+01  0.285394D+01  0.221336D+02
  327.3098  0.281557D+01  0.281633D+01 -0.107564D+01
  327.4610  0.290313D+01  0.284526D+01  0.821610D+02
  327.6122  0.289686D+01  0.286153D+01  0.501604D+02
  327.7632  0.278581D+01  0.282293D+01 -0.527127D+02
  327.9143  0.261605D+01  0.277079D+01 -0.219703D+03
  328.0652  0.258983D+01  0.274589D+01 -0.221576D+03
  328.2162  0.260127D+01  0.274621D+01 -0.205789D+03
  328.3670  0.270513D+01  0.274414D+01 -0.553918D+02
  328.5178  0.268994D+01  0.270701D+01 -0.242296D+02
  328.6685  0.259681D+01  0.262806D+01 -0.443675D+02
  328.8191  0.260927D+01  0.262157D+01 -0.174652D+02
  328.9697  0.289402D+01  0.280520D+01  0.126115D+03
  329.1201  0.321330D+01  0.309026D+01  0.160127D+03
   26 326.097 329.872 327.984  2.919D-01  0.000D+00 -6.023D-02  0.000D+00  1.731D+00  1.047D+02 10300  0.000D+00
  326.0974  0.303716D+01  0.312029D+01 -0.118037D+03
  326.2491  0.304202D+01  0.302455D+01  0.247991D+02
  326.4009  0.291174D+01  0.292398D+01 -0.173796D+02
  326.5525  0.289756D+01  0.290736D+01 -0.139088D+02
  326.7041  0.298442D+01  0.297426D+01  0.144224D+02
  326.8556  0.313221D+01  0.300205D+01  0.184811D+03
  327.0071  0.304880D+01  0.293349D+01  0.163722D+03
  327.1584  0.286952D+01  0.285886D+01  0.151421D+02
  327.3098  0.281557D+01  0.285924D+01 -0.620099D+02
  327.4610  0.290313D+01  0.288428D+01  0.267730D+02
  327.6122  0.289686D+01  0.285936D+01  0.532347D+02
  327.7632  0.278581D+01  0.279664D+01 -0.153785D+02
  327.9143  0.261605D+01  0.275213D+01 -0.193206D+03
  328.0652  0.258983D+01  0.273671D+01 -0.208547D+03
  328.2162  0.260127D+01  0.272961D+01 -0.182221D+03
  328.3670  0.270513D+01  0.270101D+01  0.585394D+01
  328.5178  0.268994D+01  0.262247D+01  0.958031D+02
  328.6685  0.259681D+01  0.255695D+01  0.566040D+02
  328.8191  0.260927D+01  0.264615D+01 -0.523636D+02
  328.9697  0.289402D+01  0.289054D+01  0.494271D+01
  329.1201  0.321330D+01  0.312968D+01  0.108826D+03
  329.2706  0.340563D+01  0.329147D+01  0.148575D+03
  329.4209  0.346343D+01  0.339757D+01  0.857137D+02
  329.5712  0.352235D+01  0.347224D+01  0.652114D+02
  329.7214  0.351253D+01  0.354718D+01 -0.450952D+02
  329.8716  0.354037D+01  0.365989D+01 -0.155555D+03
   16 327.612 329.872 328.742  2.919D-01  0.000D+00  1.103D-03  0.000D+00  1.768D+00  4.925D+01   300  0.000D+00
  327.6122  0.289686D+01  0.287735D+01  0.276950D+02
  327.7632  0.278581D+01  0.275624D+01  0.419851D+02
  327.9143  0.261605D+01  0.266730D+01 -0.727745D+02
  328.0652  0.258983D+01  0.263284D+01 -0.610727D+02
  328.2162  0.260127D+01  0.263976D+01 -0.546555D+02
  328.3670  0.270513D+01  0.265367D+01  0.730571D+02
  328.5178  0.268994D+01  0.263589D+01  0.767457D+02
  328.6685  0.259681D+01  0.259036D+01  0.916535D+01
  328.8191  0.260927D+01  0.264369D+01 -0.488742D+02
  328.9697  0.289402D+01  0.288190D+01  0.172033D+02
  329.1201  0.321330D+01  0.317854D+01  0.452328D+02
  329.2706  0.340563D+01  0.339215D+01  0.175447D+02
  329.4209  0.346343D+01  0.350787D+01 -0.578381D+02
  329.5712  0.352235D+01  0.354839D+01 -0.338988D+02
  329.7214  0.351253D+01  0.353405D+01 -0.280141D+02
  329.8716  0.354037D+01  0.350096D+01  0.512909D+02
