 rad_fit_vary
           0
 T T
nwave fwave lwave wave    hwe     asym  shift    squeeze      sin      rms   exval 
   31 264.111 274.732 269.422  4.830D-01  0.000D+00 -3.211D-02  0.000D+00  3.265D-03  2.244D+00 10300  3.495D-02
  264.1114  0.170041D-02  0.167653D-02  0.100247D+01
  264.4800  0.155956D-02  0.156958D-02 -0.434976D+00
  264.8474  0.137251D-02  0.133480D-02  0.185730D+01
  265.2136  0.138402D-02  0.131828D-02  0.354517D+01
  265.5786  0.140257D-02  0.140535D-02 -0.158192D+00
  265.9424  0.128458D-02  0.135055D-02 -0.408518D+01
  266.3051  0.116851D-02  0.122139D-02 -0.348131D+01
  266.6667  0.118402D-02  0.115525D-02  0.189456D+01
  267.0273  0.113894D-02  0.115769D-02 -0.128895D+01
  267.3867  0.116851D-02  0.118661D-02 -0.124388D+01
  267.7452  0.112966D-02  0.116082D-02 -0.211832D+01
  268.1026  0.113574D-02  0.111136D-02  0.171333D+01
  268.4591  0.114533D-02  0.111032D-02  0.243317D+01
  268.8146  0.111000D-02  0.109264D-02  0.123394D+01
  269.1691  0.110440D-02  0.107644D-02  0.194368D+01
  269.5228  0.105372D-02  0.108965D-02 -0.244225D+01
  269.8755  0.115349D-02  0.116949D-02 -0.109985D+01
  270.2274  0.136244D-02  0.128430D-02  0.509131D+01
  270.5785  0.132295D-02  0.130412D-02  0.122723D+01
  270.9287  0.125085D-02  0.125940D-02 -0.569106D+00
  271.2781  0.122943D-02  0.120007D-02  0.191256D+01
  271.6267  0.105900D-02  0.106200D-02 -0.206358D+00
  271.9746  0.879942D-03  0.908714D-03 -0.202210D+01
  272.3217  0.883140D-03  0.918119D-03 -0.243103D+01
  272.6681  0.101008D-02  0.107451D-02 -0.419777D+01
  273.0137  0.118482D-02  0.119740D-02 -0.819596D+00
  273.3587  0.108346D-02  0.110507D-02 -0.143788D+01
  273.7030  0.887456D-03  0.890637D-03 -0.221056D+00
  274.0467  0.777783D-03  0.727404D-03  0.346286D+01
  274.3897  0.674345D-03  0.655501D-03  0.133941D+01
  274.7321  0.672267D-03  0.653501D-03  0.133384D+01
   31 267.745 278.125 272.935  4.382D-01  0.000D+00  9.928D-03  0.000D+00  3.498D-03  1.499D+00 10300  2.378D-02
  267.7452  0.112966D-02  0.115038D-02 -0.140814D+01
  268.1026  0.113574D-02  0.110681D-02  0.203325D+01
  268.4591  0.114533D-02  0.112627D-02  0.132511D+01
  268.8146  0.111000D-02  0.111932D-02 -0.662486D+00
  269.1691  0.110440D-02  0.110021D-02  0.291539D+00
  269.5228  0.105372D-02  0.110713D-02 -0.363083D+01
  269.8755  0.115349D-02  0.117344D-02 -0.137146D+01
  270.2274  0.136244D-02  0.130422D-02  0.379343D+01
  270.5785  0.132295D-02  0.132716D-02 -0.273964D+00
  270.9287  0.125085D-02  0.126462D-02 -0.916138D+00
  271.2781  0.122943D-02  0.120978D-02  0.127988D+01
  271.6267  0.105900D-02  0.107320D-02 -0.975725D+00
  271.9746  0.879942D-03  0.886768D-03 -0.479698D+00
  272.3217  0.883140D-03  0.868337D-03  0.102875D+01
  272.6681  0.101008D-02  0.102154D-02 -0.746907D+00
  273.0137  0.118482D-02  0.117911D-02  0.372033D+00
  273.3587  0.108346D-02  0.111079D-02 -0.181862D+01
  273.7030  0.887456D-03  0.891564D-03 -0.285466D+00
  274.0467  0.777783D-03  0.725633D-03  0.358458D+01
  274.3897  0.674345D-03  0.656275D-03  0.128440D+01
  274.7321  0.672267D-03  0.658615D-03  0.970378D+00
  275.0738  0.738774D-03  0.744345D-03 -0.395962D+00
  275.4150  0.871149D-03  0.874678D-03 -0.245265D+00
  275.7556  0.102798D-02  0.102833D-02 -0.227054D-01
  276.0957  0.123470D-02  0.123619D-02 -0.943457D-01
  276.4352  0.131528D-02  0.134463D-02 -0.179985D+01
  276.7742  0.138482D-02  0.138814D-02 -0.201790D+00
  277.1126  0.139937D-02  0.141295D-02 -0.801258D+00
  277.4506  0.143326D-02  0.140132D-02  0.181650D+01
  277.7880  0.122095D-02  0.122271D-02 -0.102511D+00
  278.1250  0.104477D-02  0.104227D-02  0.145002D+00
   31 271.278 281.471 276.375  4.395D-01  0.000D+00  1.956D-02  0.000D+00  3.752D-03  1.200D+00 10300  1.914D-02
  271.2781  0.122943D-02  0.121310D-02  0.106373D+01
  271.6267  0.105900D-02  0.107825D-02 -0.132280D+01
  271.9746  0.879942D-03  0.890349D-03 -0.731413D+00
  272.3217  0.883140D-03  0.865360D-03  0.123567D+01
  272.6681  0.101008D-02  0.101515D-02 -0.330145D+00
  273.0137  0.118482D-02  0.117529D-02  0.621001D+00
  273.3587  0.108346D-02  0.111513D-02 -0.210703D+01
  273.7030  0.887456D-03  0.897705D-03 -0.712305D+00
  274.0467  0.777783D-03  0.729766D-03  0.330050D+01
  274.3897  0.674345D-03  0.658019D-03  0.116048D+01
  274.7321  0.672267D-03  0.659230D-03  0.926678D+00
  275.0738  0.738774D-03  0.742729D-03 -0.281113D+00
  275.4150  0.871149D-03  0.874091D-03 -0.204419D+00
  275.7556  0.102798D-02  0.102596D-02  0.132034D+00
  276.0957  0.123470D-02  0.123524D-02 -0.341686D-01
  276.4352  0.131528D-02  0.134626D-02 -0.190011D+01
  276.7742  0.138482D-02  0.139085D-02 -0.365785D+00
  277.1126  0.139937D-02  0.141388D-02 -0.856062D+00
  277.4506  0.143326D-02  0.140337D-02  0.169991D+01
  277.7880  0.122095D-02  0.122687D-02 -0.346005D+00
  278.1250  0.104477D-02  0.104171D-02  0.177154D+00
  278.4615  0.101344D-02  0.971848D-03  0.243114D+01
  278.7976  0.867952D-03  0.869411D-03 -0.885943D-01
  279.1332  0.678502D-03  0.674665D-03  0.242437D+00
  279.4684  0.510044D-03  0.518365D-03 -0.534970D+00
  279.8032  0.443888D-03  0.459893D-03 -0.103635D+01
  280.1376  0.463025D-03  0.468911D-03 -0.378809D+00
  280.4716  0.528221D-03  0.562247D-03 -0.226416D+01
  280.8051  0.776664D-03  0.781180D-03 -0.285289D+00
  281.1383  0.108394D-02  0.106864D-02  0.902962D+00
  281.4712  0.139250D-02  0.138956D-02  0.173179D+00
   31 274.732 284.781 279.756  3.724D-01  0.000D+00  1.444D-02  0.000D+00  4.294D-03  1.603D+00 10300  2.640D-02
  274.7321  0.672267D-03  0.648764D-03  0.167058D+01
  275.0738  0.738774D-03  0.732166D-03  0.469726D+00
  275.4150  0.871149D-03  0.876821D-03 -0.394193D+00
  275.7556  0.102798D-02  0.100556D-02  0.146105D+01
  276.0957  0.123470D-02  0.125455D-02 -0.125391D+01
  276.4352  0.131528D-02  0.134802D-02 -0.200779D+01
  276.7742  0.138482D-02  0.139012D-02 -0.322031D+00
  277.1126  0.139937D-02  0.141221D-02 -0.757598D+00
  277.4506  0.143326D-02  0.143150D-02  0.100435D+00
  277.7880  0.122095D-02  0.122398D-02 -0.177087D+00
  278.1250  0.104477D-02  0.102133D-02  0.135791D+01
  278.4615  0.101344D-02  0.981893D-03  0.184396D+01
  278.7976  0.867952D-03  0.885832D-03 -0.108580D+01
  279.1332  0.678502D-03  0.665856D-03  0.798993D+00
  279.4684  0.510044D-03  0.503912D-03  0.394143D+00
  279.8032  0.443888D-03  0.454252D-03 -0.671094D+00
  280.1376  0.463025D-03  0.460927D-03  0.135015D+00
  280.4716  0.528221D-03  0.545037D-03 -0.111894D+01
  280.8051  0.776664D-03  0.775520D-03  0.723063D-01
  281.1383  0.108394D-02  0.106045D-02  0.138632D+01
  281.4712  0.139250D-02  0.137506D-02  0.102890D+01
  281.8036  0.171064D-02  0.169234D-02  0.101322D+01
  282.1357  0.198083D-02  0.192851D-02  0.294810D+01
  282.4675  0.206476D-02  0.206398D-02  0.428271D-01
  282.7989  0.217060D-02  0.218436D-02 -0.748199D+00
  283.1300  0.237476D-02  0.238722D-02 -0.677622D+00
  283.4608  0.227691D-02  0.238003D-02 -0.565772D+01
  283.7912  0.230138D-02  0.231993D-02 -0.100900D+01
  284.1214  0.229002D-02  0.227794D-02  0.657047D+00
  284.4512  0.207867D-02  0.201752D-02  0.338516D+01
  284.7807  0.153510D-02  0.152423D-02  0.647858D+00
   31 278.125 288.060 283.093  4.005D-01  0.000D+00  3.491D-03  0.000D+00  4.911D-03  1.771D+00 10300  1.214D-02
  278.1250  0.104477D-02  0.104561D-02 -0.487622D-01
  278.4615  0.101344D-02  0.994461D-03  0.110925D+01
  278.7976  0.867952D-03  0.888135D-03 -0.122570D+01
  279.1332  0.678502D-03  0.672328D-03  0.390079D+00
  279.4684  0.510044D-03  0.512805D-03 -0.177504D+00
  279.8032  0.443888D-03  0.460515D-03 -0.107664D+01
  280.1376  0.463025D-03  0.468780D-03 -0.370360D+00
  280.4716  0.528221D-03  0.560833D-03 -0.217007D+01
  280.8051  0.776664D-03  0.788270D-03 -0.733299D+00
  281.1383  0.108394D-02  0.107108D-02  0.758615D+00
  281.4712  0.139250D-02  0.138351D-02  0.530014D+00
  281.8036  0.171064D-02  0.169151D-02  0.105906D+01
  282.1357  0.198083D-02  0.192152D-02  0.334191D+01
  282.4675  0.206476D-02  0.205704D-02  0.423681D+00
  282.7989  0.217060D-02  0.218906D-02 -0.100432D+01
  283.1300  0.237476D-02  0.237450D-02  0.137979D-01
  283.4608  0.227691D-02  0.237618D-02 -0.544630D+01
  283.7912  0.230138D-02  0.233119D-02 -0.162187D+01
  284.1214  0.229002D-02  0.227948D-02  0.573561D+00
  284.4512  0.207867D-02  0.202146D-02  0.316696D+01
  284.7807  0.153510D-02  0.152735D-02  0.461606D+00
  285.1099  0.100241D-02  0.962146D-03  0.259606D+01
  285.4389  0.964196D-03  0.936495D-03  0.182385D+01
  285.7675  0.161264D-02  0.159055D-02  0.130387D+01
  286.0959  0.241313D-02  0.239502D-02  0.967960D+00
  286.4240  0.286093D-02  0.286758D-02 -0.338081D+00
  286.7517  0.293144D-02  0.300917D-02 -0.395313D+01
  287.0793  0.324591D-02  0.323797D-02  0.384900D+00
  287.4065  0.338979D-02  0.338655D-02  0.157170D+00
  287.7335  0.306237D-02  0.303541D-02  0.134891D+01
  288.0602  0.246652D-02  0.247374D-02 -0.344669D+00
   31 281.471 291.312 286.392  3.947D-01  0.000D+00  1.663D-03  0.000D+00  5.721D-03  2.075D+00 10300  1.174D-02
  281.4712  0.139250D-02  0.139432D-02 -0.107573D+00
  281.8036  0.171064D-02  0.170128D-02  0.518519D+00
  282.1357  0.198083D-02  0.192881D-02  0.293141D+01
  282.4675  0.206476D-02  0.206102D-02  0.205152D+00
  282.7989  0.217060D-02  0.219052D-02 -0.108342D+01
  283.1300  0.237476D-02  0.237809D-02 -0.181479D+00
  283.4608  0.227691D-02  0.237557D-02 -0.541323D+01
  283.7912  0.230138D-02  0.233029D-02 -0.157272D+01
  284.1214  0.229002D-02  0.228044D-02  0.521091D+00
  284.4512  0.207867D-02  0.202148D-02  0.316579D+01
  284.7807  0.153510D-02  0.152529D-02  0.584271D+00
  285.1099  0.100241D-02  0.953642D-03  0.314444D+01
  285.4389  0.964196D-03  0.930873D-03  0.219404D+01
  285.7675  0.161264D-02  0.159476D-02  0.105503D+01
  286.0959  0.241313D-02  0.240351D-02  0.513898D+00
  286.4240  0.286093D-02  0.287283D-02 -0.605289D+00
  286.7517  0.293144D-02  0.300669D-02 -0.382704D+01
  287.0793  0.324591D-02  0.323660D-02  0.451423D+00
  287.4065  0.338979D-02  0.338532D-02  0.216934D+00
  287.7335  0.306237D-02  0.302595D-02  0.182236D+01
  288.0602  0.246652D-02  0.245092D-02  0.745173D+00
  288.3866  0.274199D-02  0.268975D-02  0.242025D+01
  288.7127  0.366621D-02  0.359652D-02  0.302734D+01
  289.0386  0.401122D-02  0.402420D-02 -0.552182D+00
  289.3642  0.438324D-02  0.443132D-02 -0.201816D+01
  289.6895  0.524064D-02  0.525288D-02 -0.510151D+00
  290.0146  0.611355D-02  0.615816D-02 -0.174373D+01
  290.3394  0.674825D-02  0.673583D-02  0.485519D+00
  290.6639  0.678022D-02  0.682412D-02 -0.171621D+01
  290.9881  0.663634D-02  0.669157D-02 -0.215926D+01
  291.3120  0.691612D-02  0.681664D-02  0.388881D+01
   31 284.781 294.856 289.818  3.732D-01  0.000D+00 -3.997D-04  0.000D+00  6.957D-03  2.206D+00 10300  8.013D-03
  284.7807  0.153510D-02  0.155504D-02 -0.118766D+01
  285.1099  0.100241D-02  0.940714D-03  0.397812D+01
  285.4389  0.964196D-03  0.914217D-03  0.329066D+01
  285.7675  0.161264D-02  0.160950D-02  0.185225D+00
  286.0959  0.241313D-02  0.243626D-02 -0.123685D+01
  286.4240  0.286093D-02  0.289790D-02 -0.188006D+01
  286.7517  0.293144D-02  0.300324D-02 -0.365154D+01
  287.0793  0.324591D-02  0.323861D-02  0.353557D+00
  287.4065  0.338979D-02  0.340278D-02 -0.629728D+00
  287.7335  0.306237D-02  0.302789D-02  0.172524D+01
  288.0602  0.246652D-02  0.240394D-02  0.298809D+01
  288.3866  0.274199D-02  0.265462D-02  0.404772D+01
  288.7127  0.366621D-02  0.362152D-02  0.194127D+01
  289.0386  0.401122D-02  0.401344D-02 -0.945954D-01
  289.3642  0.438324D-02  0.440166D-02 -0.773050D+00
  289.6895  0.524064D-02  0.524665D-02 -0.250319D+00
  290.0146  0.611355D-02  0.616776D-02 -0.211901D+01
  290.3394  0.674825D-02  0.675162D-02 -0.131697D+00
  290.6639  0.678022D-02  0.683208D-02 -0.202731D+01
  290.9881  0.663634D-02  0.667532D-02 -0.152379D+01
  291.3120  0.691612D-02  0.684093D-02  0.293911D+01
  291.6357  0.678822D-02  0.677319D-02  0.587397D+00
  291.9591  0.685856D-02  0.676140D-02  0.379844D+01
  292.2821  0.665872D-02  0.667806D-02 -0.755908D+00
  292.6049  0.616951D-02  0.622356D-02 -0.211316D+01
  292.9274  0.648126D-02  0.658957D-02 -0.423406D+01
  293.2496  0.772188D-02  0.768645D-02  0.130365D+01
  293.8930  0.677862D-02  0.677126D-02  0.288075D+00
  294.2142  0.731420D-02  0.725365D-02  0.236733D+01
  294.5351  0.773786D-02  0.770339D-02  0.126864D+01
  294.8557  0.725505D-02  0.731147D-02 -0.220566D+01
   31 288.060 298.041 293.051  3.600D-01  0.000D+00  8.898D-03  0.000D+00  8.558D-03  2.329D+00 10300  6.183D-03
  288.0602  0.246652D-02  0.241625D-02  0.240052D+01
  288.3866  0.274199D-02  0.263551D-02  0.493340D+01
  288.7127  0.366621D-02  0.366408D-02  0.928477D-01
  289.0386  0.401122D-02  0.405110D-02 -0.169680D+01
  289.3642  0.438324D-02  0.441524D-02 -0.134315D+01
  289.6895  0.524064D-02  0.526472D-02 -0.100379D+01
  290.0146  0.611355D-02  0.619660D-02 -0.324670D+01
  290.3394  0.674825D-02  0.678552D-02 -0.145711D+01
  290.6639  0.678022D-02  0.686408D-02 -0.327836D+01
  290.9881  0.663634D-02  0.666546D-02 -0.113848D+01
  291.3120  0.691612D-02  0.683832D-02  0.304147D+01
  291.6357  0.678822D-02  0.675468D-02  0.131102D+01
  291.9591  0.685856D-02  0.672875D-02  0.507478D+01
  292.2821  0.665872D-02  0.666549D-02 -0.264831D+00
  292.6049  0.616951D-02  0.617402D-02 -0.176533D+00
  292.9274  0.648126D-02  0.649768D-02 -0.641919D+00
  293.2496  0.772188D-02  0.766540D-02  0.207810D+01
  293.8930  0.677862D-02  0.672293D-02  0.217728D+01
  294.2142  0.731420D-02  0.724483D-02  0.271178D+01
  294.5351  0.773786D-02  0.777907D-02 -0.151597D+01
  294.8557  0.725505D-02  0.734832D-02 -0.364621D+01
  295.1759  0.806081D-02  0.803147D-02  0.107944D+01
  295.4957  0.885698D-02  0.881896D-02  0.132118D+01
  295.8152  0.935578D-02  0.934837D-02  0.257522D+00
  296.1344  0.994731D-02  0.100590D-01 -0.367682D+01
  296.4532  0.926465D-02  0.934171D-02 -0.267768D+01
  296.7715  0.755401D-02  0.757287D-02 -0.694001D+00
  297.0895  0.775545D-02  0.777056D-02 -0.556041D+00
  297.4071  0.948688D-02  0.951334D-02 -0.919515D+00
  297.7242  0.119681D-01  0.119470D-01  0.659752D+00
  298.0410  0.113014D-01  0.111880D-01  0.354846D+01
   31 291.312 301.182 296.247  3.666D-01  0.000D+00  1.525D-04  0.000D+00  1.103D-02  3.607D+00 10300  7.400D-03
  291.3120  0.691612D-02  0.687604D-02  0.156674D+01
  291.6357  0.678822D-02  0.681082D-02 -0.883555D+00
  291.9591  0.685856D-02  0.680042D-02  0.227311D+01
  292.2821  0.665872D-02  0.671589D-02 -0.223499D+01
  292.6049  0.616951D-02  0.623166D-02 -0.242955D+01
  292.9274  0.648126D-02  0.658523D-02 -0.406465D+01
  293.2496  0.772188D-02  0.770149D-02  0.749943D+00
  293.8930  0.677862D-02  0.673323D-02  0.177456D+01
  294.2142  0.731420D-02  0.723949D-02  0.292086D+01
  294.5351  0.773786D-02  0.771474D-02  0.851014D+00
  294.8557  0.725505D-02  0.730701D-02 -0.203143D+01
  295.1759  0.806081D-02  0.799045D-02  0.258865D+01
  295.4957  0.885698D-02  0.874700D-02  0.382176D+01
  295.8152  0.935578D-02  0.929443D-02  0.213194D+01
  296.1344  0.994731D-02  0.998168D-02 -0.113151D+01
  296.4532  0.926465D-02  0.923871D-02  0.901722D+00
  296.7715  0.755401D-02  0.757831D-02 -0.893995D+00
  297.0895  0.775545D-02  0.785242D-02 -0.356773D+01
  297.4071  0.948688D-02  0.970154D-02 -0.745938D+01
  297.7242  0.119681D-01  0.121575D-01 -0.592237D+01
  298.0410  0.113014D-01  0.113842D-01 -0.258705D+01
  298.3573  0.873388D-02  0.862527D-02  0.377391D+01
  298.6731  0.886657D-02  0.872724D-02  0.484185D+01
  298.9885  0.117954D-01  0.115117D-01  0.887485D+01
  299.3034  0.129018D-01  0.124881D-01  0.359386D+01
  299.6179  0.129769D-01  0.127072D-01  0.234302D+01
  299.9318  0.125564D-01  0.127313D-01 -0.151936D+01
  300.2452  0.109769D-01  0.114287D-01 -0.392514D+01
  300.5581  0.131192D-01  0.136023D-01 -0.413956D+01
  300.8705  0.148474D-01  0.155815D-01 -0.637717D+01
  301.1823  0.181552D-01  0.180299D-01  0.107353D+01
   31 294.856 304.266 299.561  3.760D-01  0.000D+00 -6.901D-03  0.000D+00  1.664D-02  1.002D+01 10000  2.064D-02
  294.8557  0.725505D-02  0.698315D-02  0.106295D+02
  295.1759  0.806081D-02  0.793266D-02  0.471522D+01
  295.4957  0.885698D-02  0.887372D-02 -0.581660D+00
  295.8152  0.935578D-02  0.955820D-02 -0.703412D+01
  296.1344  0.994731D-02  0.102528D-01 -0.100581D+02
  296.4532  0.926465D-02  0.941654D-02 -0.527807D+01
  296.7715  0.755401D-02  0.774072D-02 -0.686957D+01
  297.0895  0.775545D-02  0.795711D-02 -0.741984D+01
  297.4071  0.948688D-02  0.972974D-02 -0.843952D+01
  297.7242  0.119681D-01  0.119301D-01  0.118772D+01
  298.0410  0.113014D-01  0.110093D-01  0.913668D+01
  298.3573  0.873388D-02  0.837986D-02  0.123018D+02
  298.6731  0.886657D-02  0.852842D-02  0.117505D+02
  298.9885  0.117954D-01  0.111514D-01  0.201414D+02
  299.3034  0.129018D-01  0.121568D-01  0.647148D+01
  299.6179  0.129769D-01  0.125537D-01  0.367638D+01
  299.9318  0.125564D-01  0.126936D-01 -0.119149D+01
  300.2452  0.109769D-01  0.118081D-01 -0.722146D+01
  300.5581  0.131192D-01  0.143434D-01 -0.104899D+02
  300.8705  0.148474D-01  0.169446D-01 -0.182188D+02
  301.1823  0.181552D-01  0.202291D-01 -0.177700D+02
  301.4935  0.202911D-01  0.225009D-01 -0.186787D+02
  301.8041  0.185101D-01  0.204510D-01 -0.164060D+02
  302.1142  0.179761D-01  0.191279D-01 -0.973497D+01
  302.4236  0.246636D-01  0.256683D-01 -0.826813D+01
  302.7324  0.342353D-01  0.344600D-01 -0.180200D+01
  303.0406  0.429947D-01  0.421833D-01  0.634449D+01
  303.3481  0.495623D-01  0.486988D-01  0.666787D+01
  303.6548  0.507725D-01  0.506958D-01  0.585102D+00
  303.9609  0.499972D-01  0.498599D-01  0.103452D+01
  304.2663  0.572506D-01  0.559400D-01  0.102472D+02
   31 298.041 307.276 302.659  3.651D-01  0.000D+00 -2.593D-02  0.000D+00  3.696D-02  2.169D+01 10300  2.894D-02
  298.0410  0.113014D-01  0.115782D-01 -0.865719D+01
  298.3573  0.873388D-02  0.861532D-02  0.411992D+01
  298.6731  0.886657D-02  0.887048D-02 -0.135954D+00
  298.9885  0.117954D-01  0.114885D-01  0.959839D+01
  299.3034  0.129018D-01  0.120675D-01  0.724808D+01
  299.6179  0.129769D-01  0.123123D-01  0.577370D+01
  299.9318  0.125564D-01  0.121466D-01  0.356061D+01
  300.2452  0.109769D-01  0.111563D-01 -0.155832D+01
  300.5581  0.131192D-01  0.137007D-01 -0.498271D+01
  300.8705  0.148474D-01  0.159830D-01 -0.986528D+01
  301.1823  0.181552D-01  0.191669D-01 -0.866852D+01
  301.4935  0.202911D-01  0.212346D-01 -0.797490D+01
  301.8041  0.185101D-01  0.190920D-01 -0.491840D+01
  302.1142  0.179761D-01  0.182291D-01 -0.213792D+01
  302.4236  0.246636D-01  0.253083D-01 -0.530594D+01
  302.7324  0.342353D-01  0.342746D-01 -0.315537D+00
  303.0406  0.429947D-01  0.423062D-01  0.538338D+01
  303.3481  0.495623D-01  0.495441D-01  0.140869D+00
  303.6548  0.507725D-01  0.518488D-01 -0.820993D+01
  303.9609  0.499972D-01  0.518058D-01 -0.136301D+02
  304.2663  0.572506D-01  0.597034D-01 -0.191776D+02
  304.5710  0.695289D-01  0.699827D-01 -0.354872D+01
  304.8748  0.829902D-01  0.769718D-01  0.470558D+02
  305.1779  0.987857D-01  0.925818D-01  0.431163D+02
  305.4802  0.981462D-01  0.958411D-01  0.160204D+02
  305.7817  0.878823D-01  0.863993D-01  0.103067D+02
  306.0823  0.949007D-01  0.986264D-01 -0.233035D+02
  306.3821  0.107067D+00  0.118268D+00 -0.700640D+02
  306.6810  0.117779D+00  0.124376D+00 -0.375129D+02
  306.9790  0.148522D+00  0.147371D+00  0.600249D+01
  307.2761  0.180977D+00  0.171706D+00  0.446068D+02
   30 301.182 309.904 305.543  3.814D-01  0.000D+00 -4.647D-02  0.000D+00  9.905D-02  3.020D+01 10300  4.156D-02
  301.1823  0.181552D-01  0.174812D-01  0.577505D+01
  301.4935  0.202911D-01  0.197545D-01  0.453616D+01
  301.8041  0.185101D-01  0.182150D-01  0.249483D+01
  302.1142  0.179761D-01  0.183741D-01 -0.336387D+01
  302.4236  0.246636D-01  0.256126D-01 -0.781032D+01
  302.7324  0.342353D-01  0.346987D-01 -0.371614D+01
  303.0406  0.429947D-01  0.428131D-01  0.141971D+01
  303.3481  0.495623D-01  0.498988D-01 -0.259878D+01
  303.6548  0.507725D-01  0.518729D-01 -0.839369D+01
  303.9609  0.499972D-01  0.524858D-01 -0.187545D+02
  304.2663  0.572506D-01  0.605521D-01 -0.258131D+02
  304.5710  0.695289D-01  0.701651D-01 -0.497469D+01
  304.8748  0.829902D-01  0.779713D-01  0.392414D+02
  305.1779  0.987857D-01  0.924634D-01  0.439394D+02
  305.4802  0.981462D-01  0.943062D-01  0.266876D+02
  305.7817  0.878823D-01  0.866137D-01  0.881673D+01
  306.0823  0.949007D-01  0.994564D-01 -0.284956D+02
  306.3821  0.107067D+00  0.117094D+00 -0.627151D+02
  306.6810  0.117779D+00  0.124737D+00 -0.395673D+02
  306.9790  0.148522D+00  0.147686D+00  0.435803D+01
  307.2761  0.180977D+00  0.170516D+00  0.503324D+02
  307.5722  0.197348D+00  0.184598D+00  0.569649D+02
  307.8673  0.206892D+00  0.202176D+00  0.196655D+02
  308.1615  0.210649D+00  0.217704D+00 -0.275807D+02
  308.4546  0.230106D+00  0.241527D+00 -0.420248D+02
  308.7467  0.242032D+00  0.252801D+00 -0.354528D+02
  309.0378  0.225261D+00  0.235083D+00 -0.292551D+02
  309.3277  0.223583D+00  0.227051D+00 -0.943256D+01
  309.6165  0.259075D+00  0.242314D+00  0.403230D+02
  309.9041  0.272248D+00  0.246908D+00  0.546566D+02
   20 304.266 309.904 307.085  3.811D-01  0.000D+00 -6.896D-02  0.000D+00  1.559D-01  3.465D+01 10300  5.223D-02
  304.2663  0.572506D-01  0.590423D-01 -0.140088D+02
  304.5710  0.695289D-01  0.704793D-01 -0.743139D+01
  304.8748  0.829902D-01  0.800483D-01  0.230022D+02
  305.1779  0.987857D-01  0.952538D-01  0.245464D+02
  305.4802  0.981462D-01  0.955199D-01  0.182527D+02
  305.7817  0.878823D-01  0.878273D-01  0.382279D+00
  306.0823  0.949007D-01  0.101748D+00 -0.428319D+02
  306.3821  0.107067D+00  0.117490D+00 -0.651920D+02
  306.6810  0.117779D+00  0.124562D+00 -0.385747D+02
  306.9790  0.148522D+00  0.147389D+00  0.590685D+01
  307.2761  0.180977D+00  0.168245D+00  0.612572D+02
  307.5722  0.197348D+00  0.181676D+00  0.700193D+02
  307.8673  0.206892D+00  0.199008D+00  0.328771D+02
  308.1615  0.210649D+00  0.214888D+00 -0.165724D+02
  308.4546  0.230106D+00  0.239994D+00 -0.363829D+02
  308.7467  0.242032D+00  0.250415D+00 -0.275980D+02
  309.0378  0.225261D+00  0.234061D+00 -0.262092D+02
  309.3277  0.223583D+00  0.230796D+00 -0.196179D+02
  309.6165  0.259075D+00  0.249618D+00  0.227494D+02
  309.9041  0.272248D+00  0.257609D+00  0.315739D+02
   31 310.232 314.966 312.599  2.995D-01  0.000D+00 -1.057D-02  0.000D+00  5.832D-01  3.824D+01 10300  2.688D-02
  310.2325  0.367940D+00  0.373328D+00 -0.469553D+01
  310.3914  0.460243D+00  0.462365D+00 -0.191540D+01
  310.5502  0.567550D+00  0.553323D+00  0.139834D+02
  310.7089  0.639893D+00  0.616285D+00  0.245678D+02
  310.8676  0.680660D+00  0.653432D+00  0.283359D+02
  311.0261  0.685297D+00  0.666542D+00  0.207372D+02
  311.1846  0.663234D+00  0.668062D+00 -0.533786D+01
  311.3430  0.635816D+00  0.667929D+00 -0.378759D+02
  311.5014  0.613594D+00  0.655562D+00 -0.530350D+02
  311.6597  0.579221D+00  0.623220D+00 -0.556016D+02
  311.8178  0.552522D+00  0.580682D+00 -0.355854D+02
  311.9760  0.536055D+00  0.550636D+00 -0.184256D+02
  312.1340  0.550524D+00  0.552036D+00 -0.191092D+01
  312.2919  0.601763D+00  0.584865D+00  0.213538D+02
  312.4498  0.652762D+00  0.622464D+00  0.382876D+02
  312.6076  0.684178D+00  0.642762D+00  0.523361D+02
  312.7654  0.703922D+00  0.658456D+00  0.574552D+02
  312.9230  0.730141D+00  0.678830D+00  0.648414D+02
  313.0806  0.740933D+00  0.692651D+00  0.610133D+02
  313.2381  0.723187D+00  0.697720D+00  0.321815D+02
  313.3955  0.697447D+00  0.710283D+00 -0.162202D+02
  313.5529  0.697447D+00  0.748614D+00 -0.646590D+02
  313.7101  0.754202D+00  0.819191D+00 -0.821265D+02
  313.8674  0.841892D+00  0.896415D+00 -0.643067D+02
  314.0245  0.917912D+00  0.936732D+00 -0.208095D+02
  314.1815  0.919591D+00  0.904588D+00  0.165892D+02
  314.3385  0.817672D+00  0.804687D+00  0.153142D+02
  314.4954  0.737495D+00  0.725623D+00  0.150022D+02
  314.6523  0.767312D+00  0.760055D+00  0.855885D+01
  314.8090  0.911997D+00  0.886474D+00  0.282216D+02
  314.9657  0.101807D+01  0.101598D+01  0.231920D+01
   31 311.818 316.528 314.173  2.839D-01  0.000D+00 -4.013D-02  0.000D+00  7.395D-01  4.576D+01 10300  2.622D-02
  311.8178  0.552522D+00  0.571675D+00 -0.242031D+02
  311.9760  0.536055D+00  0.546748D+00 -0.135128D+02
  312.1340  0.550524D+00  0.557511D+00 -0.882968D+01
  312.2919  0.601763D+00  0.599070D+00  0.340270D+01
  312.4498  0.652762D+00  0.638151D+00  0.184643D+02
  312.6076  0.684178D+00  0.655092D+00  0.367551D+02
  312.7654  0.703922D+00  0.673056D+00  0.390045D+02
  312.9230  0.730141D+00  0.695696D+00  0.435279D+02
  313.0806  0.740933D+00  0.707280D+00  0.425263D+02
  313.2381  0.723187D+00  0.709838D+00  0.168679D+02
  313.3955  0.697447D+00  0.722618D+00 -0.318086D+02
  313.5529  0.697447D+00  0.765740D+00 -0.863019D+02
  313.7101  0.754202D+00  0.840521D+00 -0.109081D+03
  313.8674  0.841892D+00  0.914082D+00 -0.851433D+02
  314.0245  0.917912D+00  0.939445D+00 -0.238098D+02
  314.1815  0.919591D+00  0.883338D+00  0.400864D+02
  314.3385  0.817672D+00  0.762156D+00  0.654778D+02
  314.4954  0.737495D+00  0.685671D+00  0.654894D+02
  314.6523  0.767312D+00  0.738691D+00  0.337567D+02
  314.8090  0.911997D+00  0.863881D+00  0.532036D+02
  314.9657  0.101807D+01  0.968906D+00  0.543650D+02
  315.1223  0.105996D+01  0.102150D+01  0.425284D+02
  315.2788  0.104077D+01  0.103449D+01  0.695411D+01
  315.4352  0.984100D+00  0.101301D+01 -0.319668D+02
  315.5916  0.893372D+00  0.935677D+00 -0.467780D+02
  315.7479  0.774746D+00  0.815900D+00 -0.485391D+02
  315.9042  0.700085D+00  0.728591D+00 -0.360228D+02
  316.0603  0.711916D+00  0.737974D+00 -0.329292D+02
  316.2164  0.828303D+00  0.835137D+00 -0.805996D+01
  316.3724  0.966434D+00  0.954576D+00  0.131112D+02
  316.5283  0.107803D+01  0.104255D+01  0.392216D+02
   31 313.396 318.084 315.740  3.059D-01  0.000D+00 -6.041D-02  0.000D+00  9.071D-01  3.635D+01   300  1.823D-02
  313.3955  0.697447D+00  0.650385D+00  0.594717D+02
  313.5529  0.697447D+00  0.717609D+00 -0.254779D+02
  313.7101  0.754202D+00  0.806915D+00 -0.666136D+02
  313.8674  0.841892D+00  0.887084D+00 -0.533013D+02
  314.0245  0.917912D+00  0.915338D+00  0.284617D+01
  314.1815  0.919591D+00  0.863842D+00  0.616434D+02
  314.3385  0.817672D+00  0.764017D+00  0.632832D+02
  314.4954  0.737495D+00  0.715232D+00  0.281337D+02
  314.6523  0.767312D+00  0.776605D+00 -0.109610D+02
  314.8090  0.911997D+00  0.896172D+00  0.174983D+02
  314.9657  0.101807D+01  0.993641D+00  0.270152D+02
  315.1223  0.105996D+01  0.104224D+01  0.195950D+02
  315.2788  0.104077D+01  0.104894D+01 -0.902508D+01
  315.4352  0.984100D+00  0.101460D+01 -0.337222D+02
  315.5916  0.893372D+00  0.927315D+00 -0.375319D+02
  315.7479  0.774746D+00  0.812435D+00 -0.444521D+02
  315.9042  0.700085D+00  0.737982D+00 -0.478897D+02
  316.0603  0.711916D+00  0.753948D+00 -0.531161D+02
  316.2164  0.828303D+00  0.844606D+00 -0.192284D+02
  316.3724  0.966434D+00  0.949581D+00  0.186350D+02
  316.5283  0.107803D+01  0.103015D+01  0.529375D+02
  316.6842  0.115133D+01  0.109357D+01  0.638608D+02
  316.8400  0.120033D+01  0.117209D+01  0.312220D+02
  316.9957  0.128098D+01  0.128255D+01 -0.172964D+01
  317.1513  0.138306D+01  0.139485D+01 -0.130281D+02
  317.3069  0.145573D+01  0.145397D+01  0.182912D+01
  317.4624  0.144206D+01  0.145505D+01 -0.135268D+02
  317.6178  0.139082D+01  0.140890D+01 -0.199901D+02
  317.7732  0.129242D+01  0.129122D+01  0.132211D+01
  317.9284  0.114293D+01  0.112924D+01  0.151412D+02
  318.0836  0.101583D+01  0.102292D+01 -0.783310D+01
   31 314.966 319.632 317.299  2.702D-01  0.000D+00 -4.976D-02  0.000D+00  1.024D+00  5.813D+01   300  2.644D-02
  314.9657  0.101807D+01  0.102854D+01 -0.115717D+02
  315.1223  0.105996D+01  0.105418D+01  0.639374D+01
  315.2788  0.104077D+01  0.104562D+01 -0.536229D+01
  315.4352  0.984100D+00  0.100785D+01 -0.262569D+02
  315.5916  0.893372D+00  0.915276D+00 -0.242206D+02
  315.7479  0.774746D+00  0.782754D+00 -0.944525D+01
  315.9042  0.700085D+00  0.692732D+00  0.929221D+01
  316.0603  0.711916D+00  0.707389D+00  0.571986D+01
  316.2164  0.828303D+00  0.808284D+00  0.236117D+02
  316.3724  0.966434D+00  0.927018D+00  0.435827D+02
  316.5283  0.107803D+01  0.100966D+01  0.755966D+02
  316.6842  0.115133D+01  0.107150D+01  0.882654D+02
  316.8400  0.120033D+01  0.114963D+01  0.560576D+02
  316.9957  0.128098D+01  0.127414D+01  0.756328D+01
  317.1513  0.138306D+01  0.141640D+01 -0.368663D+02
  317.3069  0.145573D+01  0.149118D+01 -0.368990D+02
  317.4624  0.144206D+01  0.149797D+01 -0.581889D+02
  317.6178  0.139082D+01  0.147297D+01 -0.908398D+02
  317.7732  0.129242D+01  0.136026D+01 -0.750139D+02
  317.9284  0.114293D+01  0.116647D+01 -0.260224D+02
  318.0836  0.101583D+01  0.103543D+01 -0.216701D+02
  318.2388  0.102191D+01  0.104115D+01 -0.212788D+02
  318.3938  0.113950D+01  0.114016D+01 -0.737847D+00
  318.5488  0.128746D+01  0.127278D+01  0.162327D+02
  318.7037  0.143422D+01  0.140840D+01  0.253780D+02
  318.8586  0.159138D+01  0.151981D+01  0.703451D+02
  319.0133  0.163830D+01  0.151276D+01  0.123387D+03
  319.1680  0.149609D+01  0.136193D+01  0.131864D+03
  319.3226  0.128666D+01  0.125092D+01  0.371931D+02
  319.4772  0.121440D+01  0.129861D+01 -0.931116D+02
  319.6317  0.130377D+01  0.142331D+01 -0.117491D+03
   31 316.528 321.172 318.850  2.767D-01  0.000D+00 -1.391D-03  0.000D+00  1.145D+00  8.591D+01 10000  3.945D-02
  316.5283  0.107803D+01  0.102265D+01  0.612263D+02
  316.6842  0.115133D+01  0.109091D+01  0.668067D+02
  316.8400  0.120033D+01  0.116157D+01  0.428548D+02
  316.9957  0.128098D+01  0.126896D+01  0.132984D+02
  317.1513  0.138306D+01  0.140807D+01 -0.276463D+02
  317.3069  0.145573D+01  0.150150D+01 -0.476325D+02
  317.4624  0.144206D+01  0.151583D+01 -0.767741D+02
  317.6178  0.139082D+01  0.149126D+01 -0.111064D+03
  317.7732  0.129242D+01  0.140070D+01 -0.119732D+03
  317.9284  0.114293D+01  0.121684D+01 -0.817160D+02
  318.0836  0.101583D+01  0.104988D+01 -0.376475D+02
  318.2388  0.102191D+01  0.100752D+01  0.159118D+02
  318.3938  0.113950D+01  0.107336D+01  0.731262D+02
  318.5488  0.128746D+01  0.119043D+01  0.107289D+03
  318.7037  0.143422D+01  0.131611D+01  0.116093D+03
  318.8586  0.159138D+01  0.143085D+01  0.157776D+03
  319.0133  0.163830D+01  0.146587D+01  0.169474D+03
  319.1680  0.149609D+01  0.135875D+01  0.134989D+03
  319.3226  0.128666D+01  0.122667D+01  0.624317D+02
  319.4772  0.121440D+01  0.123088D+01 -0.182215D+02
  319.6317  0.130377D+01  0.134299D+01 -0.385482D+02
  319.7860  0.143310D+01  0.148620D+01 -0.521910D+02
  319.9404  0.150369D+01  0.160640D+01 -0.100953D+03
  320.0946  0.154126D+01  0.167117D+01 -0.127687D+03
  320.2488  0.159897D+01  0.173174D+01 -0.130492D+03
  320.4029  0.174534D+01  0.182572D+01 -0.790024D+02
  320.5570  0.188235D+01  0.190538D+01 -0.203777D+02
  320.7109  0.193415D+01  0.190856D+01  0.226307D+02
  320.8648  0.185741D+01  0.180132D+01  0.496154D+02
  321.0187  0.169530D+01  0.161655D+01  0.733191D+02
  321.1724  0.152839D+01  0.145314D+01  0.739548D+02
   31 318.084 322.706 320.395  2.509D-01  0.000D+00  1.825D-02  0.000D+00  1.279D+00  8.416D+01   304  3.768D-02
  318.0836  0.101583D+01  0.116196D+01 -0.161571D+03
  318.2388  0.102191D+01  0.107490D+01 -0.585888D+02
  318.3938  0.113950D+01  0.112620D+01  0.147072D+02
  318.5488  0.128746D+01  0.123387D+01  0.592509D+02
  318.7037  0.143422D+01  0.135015D+01  0.826306D+02
  318.8586  0.159138D+01  0.146775D+01  0.121512D+03
  319.0133  0.163830D+01  0.152780D+01  0.108612D+03
  319.1680  0.149609D+01  0.141038D+01  0.842490D+02
  319.3226  0.128666D+01  0.123019D+01  0.587630D+02
  319.4772  0.121440D+01  0.121792D+01 -0.389025D+01
  319.6317  0.130377D+01  0.133677D+01 -0.324358D+02
  319.7860  0.143310D+01  0.148638D+01 -0.523683D+02
  319.9404  0.150369D+01  0.162335D+01 -0.117615D+03
  320.0946  0.154126D+01  0.168477D+01 -0.141051D+03
  320.2488  0.159897D+01  0.173220D+01 -0.130950D+03
  320.4029  0.174534D+01  0.182942D+01 -0.826392D+02
  320.5570  0.188235D+01  0.192083D+01 -0.340394D+02
  320.7109  0.193415D+01  0.193717D+01 -0.267486D+01
  320.8648  0.185741D+01  0.182913D+01  0.250150D+02
  321.0187  0.169530D+01  0.162215D+01  0.681115D+02
  321.1724  0.152839D+01  0.142577D+01  0.100862D+03
  321.3261  0.144174D+01  0.132810D+01  0.111687D+03
  321.4797  0.147395D+01  0.134877D+01  0.123037D+03
  321.6333  0.157763D+01  0.146534D+01  0.110369D+03
  321.7867  0.170912D+01  0.162465D+01  0.747290D+02
  321.9401  0.176516D+01  0.177199D+01 -0.604168D+01
  322.0935  0.171280D+01  0.181398D+01 -0.942102D+02
  322.2467  0.161672D+01  0.171013D+01 -0.869754D+02
  322.3999  0.155373D+01  0.159034D+01 -0.359803D+02
  322.5530  0.148730D+01  0.149350D+01 -0.609034D+01
  322.7061  0.138386D+01  0.135083D+01  0.324682D+02
   31 319.632 324.233 321.932  3.747D-01  0.000D+00 -2.927D-02  0.000D+00  1.348D+00  7.188D+01 10304  4.811D-02
  319.6317  0.130377D+01  0.122221D+01  0.801642D+02
  319.7860  0.143310D+01  0.137719D+01  0.549533D+02
  319.9404  0.150369D+01  0.151938D+01 -0.154253D+02
  320.0946  0.154126D+01  0.163841D+01 -0.954856D+02
  320.2488  0.159897D+01  0.174063D+01 -0.139232D+03
  320.4029  0.174534D+01  0.182781D+01 -0.810637D+02
  320.5570  0.188235D+01  0.187469D+01  0.677365D+01
  320.7109  0.193415D+01  0.184864D+01  0.756355D+02
  320.8648  0.185741D+01  0.174437D+01  0.999865D+02
  321.0187  0.169530D+01  0.159859D+01  0.900489D+02
  321.1724  0.152839D+01  0.147337D+01  0.540712D+02
  321.3261  0.144174D+01  0.141730D+01  0.240222D+02
  321.4797  0.147395D+01  0.144761D+01  0.258937D+02
  321.6333  0.157763D+01  0.154146D+01  0.355527D+02
  321.7867  0.170912D+01  0.165669D+01  0.463830D+02
  321.9401  0.176516D+01  0.173841D+01  0.236622D+02
  322.0935  0.171280D+01  0.175355D+01 -0.379416D+02
  322.2467  0.161672D+01  0.170624D+01 -0.833601D+02
  322.3999  0.155373D+01  0.162622D+01 -0.712494D+02
  322.5530  0.148730D+01  0.153627D+01 -0.481354D+02
  322.7061  0.138386D+01  0.145418D+01 -0.691094D+02
  322.8591  0.128778D+01  0.140889D+01 -0.119038D+03
  323.0120  0.135421D+01  0.142117D+01 -0.658151D+02
  323.1648  0.153159D+01  0.147906D+01  0.516225D+02
  323.3176  0.166660D+01  0.153729D+01  0.120408D+03
  323.4702  0.169130D+01  0.158294D+01  0.958522D+02
  323.6229  0.169745D+01  0.163887D+01  0.518254D+02
  323.7755  0.178986D+01  0.173401D+01  0.494085D+02
  323.9279  0.191776D+01  0.186857D+01  0.435153D+02
  324.0803  0.201368D+01  0.201834D+01 -0.411585D+01
  324.2327  0.204454D+01  0.216277D+01 -0.104589D+03
   31 321.172 325.752 323.462  2.460D-01  0.000D+00 -7.925D-02  0.000D+00  1.430D+00  6.365D+01   304  3.411D-02
  321.1724  0.152839D+01  0.146641D+01  0.609123D+02
  321.3261  0.144174D+01  0.139717D+01  0.438032D+02
  321.4797  0.147395D+01  0.145596D+01  0.176858D+02
  321.6333  0.157763D+01  0.158588D+01 -0.811164D+01
  321.7867  0.170912D+01  0.173285D+01 -0.209844D+02
  321.9401  0.176516D+01  0.182461D+01 -0.525925D+02
  322.0935  0.171280D+01  0.177141D+01 -0.545712D+02
  322.2467  0.161672D+01  0.165776D+01 -0.382141D+02
  322.3999  0.155373D+01  0.159253D+01 -0.381326D+02
  322.5530  0.148730D+01  0.150359D+01 -0.160112D+02
  322.7061  0.138386D+01  0.138130D+01  0.251667D+01
  322.8591  0.128778D+01  0.132554D+01 -0.371165D+02
  323.0120  0.135421D+01  0.140603D+01 -0.509361D+02
  323.1648  0.153159D+01  0.155710D+01 -0.250771D+02
  323.3176  0.166660D+01  0.159558D+01  0.661241D+02
  323.4702  0.169130D+01  0.155724D+01  0.118587D+03
  323.6229  0.169745D+01  0.159249D+01  0.928493D+02
  323.7755  0.178986D+01  0.170523D+01  0.748656D+02
  323.9279  0.191776D+01  0.183707D+01  0.713793D+02
  324.0803  0.201368D+01  0.195767D+01  0.495473D+02
  324.2327  0.204454D+01  0.201424D+01  0.268023D+02
  324.3849  0.206173D+01  0.204608D+01  0.138355D+02
  324.5372  0.206612D+01  0.208294D+01 -0.148815D+02
  324.6893  0.199850D+01  0.201726D+01 -0.165948D+02
  324.8413  0.184797D+01  0.190821D+01 -0.532862D+02
  324.9933  0.175189D+01  0.189124D+01 -0.123269D+03
  325.1453  0.181008D+01  0.194292D+01 -0.117502D+03
  325.2971  0.194110D+01  0.202580D+01 -0.749229D+02
  325.4489  0.211193D+01  0.215955D+01 -0.401233D+02
  325.6006  0.230609D+01  0.228066D+01  0.204507D+02
  325.7523  0.249754D+01  0.230285D+01  0.156564D+03
   31 322.706 327.265 324.986  2.173D-01  0.000D+00 -1.167D-02  0.000D+00  1.511D+00  7.171D+01 10000  3.083D-02
  322.7061  0.138386D+01  0.143516D+01 -0.504160D+02
  322.8591  0.128778D+01  0.134483D+01 -0.560777D+02
  323.0120  0.135421D+01  0.136694D+01 -0.125176D+02
  323.1648  0.153159D+01  0.155553D+01 -0.235338D+02
  323.3176  0.166660D+01  0.167978D+01 -0.122751D+02
  323.4702  0.169130D+01  0.161883D+01  0.641053D+02
  323.6229  0.169745D+01  0.159151D+01  0.937180D+02
  323.7755  0.178986D+01  0.168513D+01  0.926441D+02
  323.9279  0.191776D+01  0.180797D+01  0.971218D+02
  324.0803  0.201368D+01  0.193732D+01  0.675523D+02
  324.2327  0.204454D+01  0.201936D+01  0.222734D+02
  324.3849  0.206173D+01  0.201997D+01  0.369384D+02
  324.5372  0.206612D+01  0.207271D+01 -0.582472D+01
  324.6893  0.199850D+01  0.207271D+01 -0.656513D+02
  324.8413  0.184797D+01  0.193112D+01 -0.735476D+02
  324.9933  0.175189D+01  0.187218D+01 -0.106402D+03
  325.1453  0.181008D+01  0.193034D+01 -0.106372D+03
  325.2971  0.194110D+01  0.202364D+01 -0.730132D+02
  325.4489  0.211193D+01  0.217163D+01 -0.503023D+02
  325.6006  0.230609D+01  0.240630D+01 -0.805841D+02
  325.7523  0.249754D+01  0.255778D+01 -0.484468D+02
  325.9039  0.265653D+01  0.263655D+01  0.153751D+02
  326.0554  0.275254D+01  0.269447D+01  0.428062D+02
  326.2068  0.278195D+01  0.266061D+01  0.894482D+02
  326.3582  0.270937D+01  0.257947D+01  0.957559D+02
  326.5095  0.266509D+01  0.249147D+01  0.133547D+03
  326.6607  0.272856D+01  0.259410D+01  0.991130D+02
  326.8119  0.283223D+01  0.279757D+01  0.255547D+02
  326.9630  0.282200D+01  0.284066D+01 -0.137567D+02
  327.1140  0.267684D+01  0.275098D+01 -0.546535D+02
  327.2650  0.259075D+01  0.276069D+01 -0.125278D+03
   31 324.233 328.771 326.502  2.557D-01  0.000D+00  3.910D-02  0.000D+00  1.585D+00  7.333D+01 10300  4.429D-02
  324.2327  0.204454D+01  0.195089D+01  0.828405D+02
  324.3849  0.206173D+01  0.198475D+01  0.680930D+02
  324.5372  0.206612D+01  0.201288D+01  0.470954D+02
  324.6893  0.199850D+01  0.202938D+01 -0.273219D+02
  324.8413  0.184797D+01  0.195663D+01 -0.961145D+02
  324.9933  0.175189D+01  0.188367D+01 -0.116570D+03
  325.1453  0.181008D+01  0.190802D+01 -0.866304D+02
  325.2971  0.194110D+01  0.199961D+01 -0.517571D+02
  325.4489  0.211193D+01  0.214216D+01 -0.254725D+02
  325.6006  0.230609D+01  0.234711D+01 -0.329871D+02
  325.7523  0.249754D+01  0.253635D+01 -0.312138D+02
  325.9039  0.265653D+01  0.264995D+01  0.506480D+01
  326.0554  0.275254D+01  0.271469D+01  0.279011D+02
  326.2068  0.278195D+01  0.271026D+01  0.528487D+02
  326.3582  0.270937D+01  0.263931D+01  0.516496D+02
  326.5095  0.266509D+01  0.255372D+01  0.856656D+02
  326.6607  0.272856D+01  0.256642D+01  0.119522D+03
  326.8119  0.283223D+01  0.268603D+01  0.107772D+03
  326.9630  0.282200D+01  0.274209D+01  0.589042D+02
  327.1140  0.267684D+01  0.266779D+01  0.667256D+01
  327.2650  0.259075D+01  0.259821D+01 -0.549997D+01
  327.4159  0.262680D+01  0.263253D+01 -0.422604D+01
  327.5667  0.265438D+01  0.268429D+01 -0.220495D+02
  327.7175  0.257092D+01  0.265584D+01 -0.625993D+02
  327.8682  0.243423D+01  0.258532D+01 -0.111380D+03
  328.0188  0.236213D+01  0.253637D+01 -0.128445D+03
  328.1693  0.237148D+01  0.251715D+01 -0.107380D+03
  328.3198  0.244318D+01  0.249910D+01 -0.412190D+02
  328.4702  0.247532D+01  0.245794D+01  0.128116D+02
  328.6206  0.242176D+01  0.234497D+01  0.566082D+02
  328.7709  0.241656D+01  0.220847D+01  0.153395D+03
   31 325.752 330.270 328.011  3.786D-01  0.000D+00 -1.662D-01  0.000D+00  1.596D+00  5.932D+01   303  6.011D-02
  325.7523  0.249754D+01  0.261733D+01 -0.963333D+02
  325.9039  0.265653D+01  0.268574D+01 -0.224630D+02
  326.0554  0.275254D+01  0.269601D+01  0.416679D+02
  326.2068  0.278195D+01  0.267595D+01  0.781422D+02
  326.3582  0.270937D+01  0.266424D+01  0.332691D+02
  326.5095  0.266509D+01  0.268682D+01 -0.167189D+02
  326.6607  0.272856D+01  0.271857D+01  0.736237D+01
  326.8119  0.283223D+01  0.272202D+01  0.812463D+02
  326.9630  0.282200D+01  0.269748D+01  0.917904D+02
  327.1140  0.267684D+01  0.267360D+01  0.238878D+01
  327.2650  0.259075D+01  0.266704D+01 -0.562387D+02
  327.4159  0.262680D+01  0.265515D+01 -0.208998D+02
  327.5667  0.265438D+01  0.262491D+01  0.217241D+02
  327.7175  0.257092D+01  0.258341D+01 -0.920702D+01
  327.8682  0.243423D+01  0.254666D+01 -0.828761D+02
  328.0188  0.236213D+01  0.251729D+01 -0.114379D+03
  328.1693  0.237148D+01  0.248472D+01 -0.834790D+02
  328.3198  0.244318D+01  0.243793D+01  0.387480D+01
  328.4702  0.247532D+01  0.239920D+01  0.561099D+02
  328.6206  0.242176D+01  0.241628D+01  0.404236D+01
  328.7709  0.241656D+01  0.252105D+01 -0.770197D+02
  328.9211  0.260346D+01  0.268488D+01 -0.600255D+02
  329.0712  0.289826D+01  0.284905D+01  0.362746D+02
  329.2213  0.311857D+01  0.297977D+01  0.102316D+03
  329.3713  0.320954D+01  0.307719D+01  0.936531D+02
  329.5212  0.325406D+01  0.316168D+01  0.628610D+02
  329.6711  0.326917D+01  0.324808D+01  0.143475D+02
  329.8209  0.327844D+01  0.332472D+01 -0.314890D+02
  329.9707  0.335590D+01  0.335981D+01 -0.266343D+01
  330.1204  0.331985D+01  0.332572D+01 -0.399692D+01
  330.2700  0.314039D+01  0.324911D+01 -0.739802D+02
   31 327.265 331.762 329.514  2.603D-01  0.000D+00 -5.820D-02  0.000D+00  1.680D+00  5.402D+01   300  2.581D-02
  327.2650  0.259075D+01  0.251286D+01  0.574143D+02
  327.4159  0.262680D+01  0.257854D+01  0.355750D+02
  327.5667  0.265438D+01  0.259358D+01  0.448158D+02
  327.7175  0.257092D+01  0.255082D+01  0.148211D+02
  327.8682  0.243423D+01  0.251341D+01 -0.583660D+02
  328.0188  0.236213D+01  0.251267D+01 -0.110973D+03
  328.1693  0.237148D+01  0.252778D+01 -0.115217D+03
  328.3198  0.244318D+01  0.253435D+01 -0.672079D+02
  328.4702  0.247532D+01  0.248736D+01 -0.887815D+01
  328.6206  0.242176D+01  0.238288D+01  0.286589D+02
  328.7709  0.241656D+01  0.239100D+01  0.188418D+02
  328.9211  0.260346D+01  0.262043D+01 -0.125137D+02
  329.0712  0.289826D+01  0.288310D+01  0.111791D+02
  329.2213  0.311857D+01  0.303850D+01  0.590232D+02
  329.3713  0.320954D+01  0.313040D+01  0.560040D+02
  329.5212  0.325406D+01  0.317523D+01  0.536409D+02
  329.6711  0.326917D+01  0.319655D+01  0.494160D+02
  329.8209  0.327844D+01  0.324458D+01  0.230412D+02
  329.9707  0.335590D+01  0.332017D+01  0.243142D+02
  330.1204  0.331985D+01  0.328813D+01  0.215826D+02
  330.2700  0.314039D+01  0.308571D+01  0.372078D+02
  330.4195  0.285534D+01  0.285017D+01  0.381166D+01
  330.5690  0.261752D+01  0.265888D+01 -0.304828D+02
  330.7184  0.255685D+01  0.261537D+01 -0.431366D+02
  330.8677  0.262120D+01  0.275469D+01 -0.983977D+02
  331.0170  0.275206D+01  0.287562D+01 -0.874427D+02
  331.1662  0.277964D+01  0.285140D+01 -0.529013D+02
  331.3154  0.269251D+01  0.272427D+01 -0.234162D+02
  331.4644  0.263751D+01  0.262512D+01  0.913150D+01
  331.6134  0.270346D+01  0.265278D+01  0.358630D+02
  331.7624  0.286757D+01  0.272924D+01  0.941271D+02
   31 328.771 333.248 331.010  2.452D-01  0.000D+00 -1.881D-03  0.000D+00  1.658D+00  4.272D+01   300  1.623D-02
  328.7709  0.241656D+01  0.249367D+01 -0.568424D+02
  328.9211  0.260346D+01  0.264065D+01 -0.274178D+02
  329.0712  0.289826D+01  0.292568D+01 -0.202129D+02
  329.2213  0.311857D+01  0.309487D+01  0.174719D+02
  329.3713  0.320954D+01  0.317372D+01  0.253428D+02
  329.5212  0.325406D+01  0.320999D+01  0.299857D+02
  329.6711  0.326917D+01  0.320323D+01  0.448677D+02
  329.8209  0.327844D+01  0.321039D+01  0.463025D+02
  329.9707  0.335590D+01  0.327255D+01  0.567147D+02
  330.1204  0.331985D+01  0.330248D+01  0.118171D+02
  330.2700  0.314039D+01  0.313349D+01  0.469561D+01
  330.4195  0.285534D+01  0.288357D+01 -0.208111D+02
  330.5690  0.261752D+01  0.266837D+01 -0.374828D+02
  330.7184  0.255685D+01  0.254448D+01  0.912321D+01
  330.8677  0.262120D+01  0.265053D+01 -0.216202D+02
  331.0170  0.275206D+01  0.283613D+01 -0.594938D+02
  331.1662  0.277964D+01  0.288992D+01 -0.812983D+02
  331.3154  0.269251D+01  0.280553D+01 -0.833170D+02
  331.4644  0.263751D+01  0.269471D+01 -0.421628D+02
  331.6134  0.270346D+01  0.271134D+01 -0.557874D+01
  331.7624  0.286757D+01  0.285476D+01  0.871404D+01
  331.9113  0.299283D+01  0.295116D+01  0.283517D+02
  332.0601  0.297612D+01  0.290648D+01  0.473841D+02
  332.2088  0.282408D+01  0.275452D+01  0.473312D+02
  332.3575  0.273743D+01  0.263240D+01  0.714644D+02
  332.5061  0.282512D+01  0.273211D+01  0.632869D+02
  332.6546  0.295582D+01  0.291590D+01  0.271577D+02
  332.8031  0.294518D+01  0.291871D+01  0.180176D+02
  332.9515  0.281904D+01  0.282578D+01 -0.458317D+01
  333.0999  0.280729D+01  0.285571D+01 -0.329468D+02
  333.2482  0.288148D+01  0.298400D+01 -0.697651D+02
   31 330.270 334.727 332.499  2.483D-01  0.000D+00  1.267D-02  0.000D+00  1.702D+00  4.289D+01 10300  1.607D-02
  330.2700  0.314039D+01  0.306583D+01  0.507315D+02
  330.4195  0.285534D+01  0.283838D+01  0.125027D+02
  330.5690  0.261752D+01  0.263779D+01 -0.149408D+02
  330.7184  0.255685D+01  0.251447D+01  0.312456D+02
  330.8677  0.262120D+01  0.260643D+01  0.108915D+02
  331.0170  0.275206D+01  0.280156D+01 -0.350332D+02
  331.1662  0.277964D+01  0.288001D+01 -0.739890D+02
  331.3154  0.269251D+01  0.281637D+01 -0.913108D+02
  331.4644  0.263751D+01  0.270998D+01 -0.534229D+02
  331.6134  0.270346D+01  0.271539D+01 -0.844238D+01
  331.7624  0.286757D+01  0.285311D+01  0.983928D+01
  331.9113  0.299283D+01  0.296041D+01  0.220589D+02
  332.0601  0.297612D+01  0.292870D+01  0.322675D+02
  332.2088  0.282408D+01  0.278097D+01  0.293326D+02
  332.3575  0.273743D+01  0.264366D+01  0.638050D+02
  332.5061  0.282512D+01  0.271124D+01  0.774925D+02
  332.6546  0.295582D+01  0.288335D+01  0.493070D+02
  332.8031  0.294518D+01  0.289250D+01  0.358523D+02
  332.9515  0.281904D+01  0.278631D+01  0.222738D+02
  333.0999  0.280729D+01  0.277941D+01  0.189769D+02
  333.2482  0.288148D+01  0.287607D+01  0.368082D+01
  333.3964  0.285054D+01  0.287924D+01 -0.195293D+02
  333.5445  0.262448D+01  0.269551D+01 -0.502664D+02
  333.6926  0.244366D+01  0.250686D+01 -0.465876D+02
  333.8406  0.246253D+01  0.254457D+01 -0.604749D+02
  333.9886  0.261832D+01  0.270797D+01 -0.610004D+02
  334.1365  0.273199D+01  0.278836D+01 -0.383570D+02
  334.2843  0.281753D+01  0.282879D+01 -0.766398D+01
  334.4321  0.295917D+01  0.293900D+01  0.137254D+02
  334.5798  0.309195D+01  0.304041D+01  0.350707D+02
  334.7274  0.306349D+01  0.298775D+01  0.496258D+02
   23 331.762 335.022 333.392  2.463D-01  0.000D+00 -4.554D-03  0.000D+00  1.701D+00  1.251D+01 10300  5.102D-03
  331.7624  0.286757D+01  0.286500D+01  0.174459D+01
  331.9113  0.299283D+01  0.300194D+01 -0.619889D+01
  332.0601  0.297612D+01  0.298054D+01 -0.300767D+01
  332.2088  0.282408D+01  0.283563D+01 -0.785920D+01
  332.3575  0.273743D+01  0.271304D+01  0.165928D+02
  332.5061  0.282512D+01  0.280709D+01  0.122716D+02
  332.6546  0.295582D+01  0.297002D+01 -0.966355D+01
  332.8031  0.294518D+01  0.293956D+01  0.382422D+01
  332.9515  0.281904D+01  0.281234D+01  0.456436D+01
  333.0999  0.280729D+01  0.280387D+01  0.233001D+01
  333.2482  0.288148D+01  0.288161D+01 -0.920190D-01
  333.3964  0.285054D+01  0.284383D+01  0.456272D+01
  333.5445  0.262448D+01  0.262717D+01 -0.190716D+01
  333.6926  0.244366D+01  0.244434D+01 -0.499855D+00
  333.8406  0.246253D+01  0.250204D+01 -0.291292D+02
  333.9886  0.261832D+01  0.265882D+01 -0.275579D+02
  334.1365  0.273199D+01  0.273053D+01  0.997954D+00
  334.2843  0.281753D+01  0.278981D+01  0.188627D+02
  334.4321  0.295917D+01  0.293452D+01  0.167787D+02
  334.5798  0.309195D+01  0.306792D+01  0.163527D+02
  334.7274  0.306349D+01  0.304955D+01  0.913656D+01
  334.8749  0.284638D+01  0.286563D+01 -0.130981D+02
  335.0225  0.275350D+01  0.277066D+01 -0.116765D+02
