 rad_fit_vary
           0
 T T
nwave fwave lwave wave    hwe     asym  shift    squeeze      sin      rms   exval 
   31 264.124 274.705 269.414  4.102D-01  0.000D+00 -5.382D-02  0.000D+00  2.974D-03  2.088D+00   304  2.965D-02
  264.1237  0.124144D-02  0.122013D-02  0.108036D+01
  264.4888  0.111279D-02  0.115697D-02 -0.237727D+01
  264.8529  0.934973D-03  0.977481D-03 -0.265518D+01
  265.2160  0.113380D-02  0.103263D-02  0.649360D+01
  265.5781  0.113466D-02  0.116278D-02 -0.194782D+01
  265.9392  0.111479D-02  0.112809D-02 -0.959367D+00
  266.2994  0.101859D-02  0.102886D-02 -0.763987D+00
  266.6587  0.106090D-02  0.997985D-03  0.458519D+01
  267.0171  0.101273D-02  0.102041D-02 -0.603602D+00
  267.3745  0.106905D-02  0.107327D-02 -0.321138D+00
  267.7311  0.102846D-02  0.105266D-02 -0.192399D+01
  268.0869  0.984860D-03  0.100064D-02 -0.126926D+01
  268.4418  0.100273D-02  0.101851D-02 -0.125511D+01
  268.7959  0.101945D-02  0.997390D-03  0.175385D+01
  269.1492  0.100230D-02  0.979212D-03  0.183538D+01
  269.5017  0.960703D-03  0.982427D-03 -0.174689D+01
  269.8534  0.105747D-02  0.105212D-02  0.425359D+00
  270.2044  0.115582D-02  0.117384D-02 -0.141679D+01
  270.5546  0.119984D-02  0.117922D-02  0.160305D+01
  270.9041  0.112108D-02  0.111983D-02  0.981587D-01
  271.2529  0.111594D-02  0.107822D-02  0.293189D+01
  271.6010  0.939976D-03  0.946460D-03 -0.515434D+00
  271.9484  0.772736D-03  0.775002D-03 -0.186533D+00
  272.2951  0.750437D-03  0.785810D-03 -0.294600D+01
  272.6412  0.920536D-03  0.940951D-03 -0.158688D+01
  272.9866  0.108292D-02  0.108652D-02 -0.271062D+00
  273.3315  0.997581D-03  0.992932D-03  0.349718D+00
  273.6757  0.798322D-03  0.783220D-03  0.116104D+01
  274.0193  0.660528D-03  0.640919D-03  0.159512D+01
  274.3623  0.604066D-03  0.585865D-03  0.148065D+01
  274.7047  0.562614D-03  0.589584D-03 -0.219397D+01
   31 267.731 278.100 272.916  4.026D-01  0.000D+00 -1.888D-02  0.000D+00  3.135D-03  1.233D+00 10300  1.763D-02
  267.7311  0.102846D-02  0.103313D-02 -0.371653D+00
  268.0869  0.984860D-03  0.984610D-03  0.201056D-01
  268.4418  0.100273D-02  0.101127D-02 -0.678788D+00
  268.7959  0.101945D-02  0.100089D-02  0.147544D+01
  269.1492  0.100230D-02  0.981479D-03  0.165512D+01
  269.5017  0.960703D-03  0.986977D-03 -0.211283D+01
  269.8534  0.105747D-02  0.104520D-02  0.975397D+00
  270.2044  0.115582D-02  0.117469D-02 -0.148395D+01
  270.5546  0.119984D-02  0.119129D-02  0.664764D+00
  270.9041  0.112108D-02  0.112650D-02 -0.426233D+00
  271.2529  0.111594D-02  0.108713D-02  0.223891D+01
  271.6010  0.939976D-03  0.963353D-03 -0.185841D+01
  271.9484  0.772736D-03  0.780842D-03 -0.667122D+00
  272.2951  0.750437D-03  0.767935D-03 -0.145726D+01
  272.6412  0.920536D-03  0.913670D-03  0.533720D+00
  272.9866  0.108292D-02  0.107286D-02  0.756299D+00
  273.3315  0.997581D-03  0.100398D-02 -0.481559D+00
  273.6757  0.798322D-03  0.793873D-03  0.342090D+00
  274.0193  0.660528D-03  0.645024D-03  0.126123D+01
  274.3623  0.604066D-03  0.585243D-03  0.153120D+01
  274.7047  0.562614D-03  0.587021D-03 -0.198551D+01
  275.0466  0.671391D-03  0.665201D-03  0.475885D+00
  275.3879  0.782027D-03  0.787332D-03 -0.412323D+00
  275.7287  0.936689D-03  0.917333D-03  0.139595D+01
  276.0689  0.112437D-02  0.112063D-02  0.264465D+00
  276.4087  0.118612D-02  0.121083D-02 -0.172888D+01
  276.7479  0.123758D-02  0.124685D-02 -0.629697D+00
  277.0866  0.127760D-02  0.126811D-02  0.626702D+00
  277.4248  0.125845D-02  0.126892D-02 -0.678084D+00
  277.7626  0.112680D-02  0.109238D-02  0.227136D+01
  278.0999  0.904384D-03  0.921968D-03 -0.119431D+01
   31 271.253 281.449 276.351  3.894D-01  0.000D+00 -1.456D-02  0.000D+00  3.364D-03  1.283D+00 10300  1.830D-02
  271.2529  0.111594D-02  0.109110D-02  0.193092D+01
  271.6010  0.939976D-03  0.967605D-03 -0.219645D+01
  271.9484  0.772736D-03  0.777874D-03 -0.422915D+00
  272.2951  0.750437D-03  0.763348D-03 -0.107527D+01
  272.6412  0.920536D-03  0.909827D-03  0.832505D+00
  272.9866  0.108292D-02  0.107775D-02  0.388593D+00
  273.3315  0.997581D-03  0.100927D-02 -0.879541D+00
  273.6757  0.798322D-03  0.794867D-03  0.265670D+00
  274.0193  0.660528D-03  0.644687D-03  0.128863D+01
  274.3623  0.604066D-03  0.584589D-03  0.158442D+01
  274.7047  0.562614D-03  0.585790D-03 -0.188537D+01
  275.0466  0.671391D-03  0.662649D-03  0.672084D+00
  275.3879  0.782027D-03  0.788661D-03 -0.515691D+00
  275.7287  0.936689D-03  0.912598D-03  0.173752D+01
  276.0689  0.112437D-02  0.112440D-02 -0.201064D-02
  276.4087  0.118612D-02  0.121216D-02 -0.182189D+01
  276.7479  0.123758D-02  0.124760D-02 -0.680933D+00
  277.0866  0.127760D-02  0.126686D-02  0.708879D+00
  277.4248  0.125845D-02  0.127326D-02 -0.959597D+00
  277.7626  0.112680D-02  0.109177D-02  0.231220D+01
  278.0999  0.904384D-03  0.915238D-03 -0.737175D+00
  278.4367  0.876225D-03  0.873149D-03  0.204938D+00
  278.7731  0.805898D-03  0.783681D-03  0.148028D+01
  279.1091  0.586628D-03  0.592560D-03 -0.423516D+00
  279.4446  0.449662D-03  0.451036D-03 -0.976895D-01
  279.7797  0.390542D-03  0.406405D-03 -0.120498D+01
  280.1144  0.409939D-03  0.414424D-03 -0.337014D+00
  280.4487  0.482567D-03  0.495613D-03 -0.960718D+00
  280.7826  0.668389D-03  0.703520D-03 -0.261456D+01
  281.1161  0.996009D-03  0.963904D-03  0.226870D+01
  281.4492  0.125530D-02  0.125546D-02 -0.106562D-01
   31 274.705 284.761 279.733  3.964D-01  0.000D+00 -1.726D-02  0.000D+00  3.843D-03  1.633D+00 10300  2.964D-02
  274.7047  0.562614D-03  0.576058D-03 -0.109369D+01
  275.0466  0.671391D-03  0.655359D-03  0.123255D+01
  275.3879  0.782027D-03  0.780541D-03  0.115509D+00
  275.7287  0.936689D-03  0.910148D-03  0.191416D+01
  276.0689  0.112437D-02  0.111961D-02  0.336568D+00
  276.4087  0.118612D-02  0.121176D-02 -0.179343D+01
  276.7479  0.123758D-02  0.125023D-02 -0.859026D+00
  277.0866  0.127760D-02  0.127276D-02  0.319826D+00
  277.4248  0.125845D-02  0.127747D-02 -0.123223D+01
  277.7626  0.112680D-02  0.109790D-02  0.190718D+01
  278.0999  0.904384D-03  0.923624D-03 -0.130679D+01
  278.4367  0.876225D-03  0.879012D-03 -0.185699D+00
  278.7731  0.805898D-03  0.786922D-03  0.126431D+01
  279.1091  0.586628D-03  0.595649D-03 -0.644017D+00
  279.4446  0.449662D-03  0.453771D-03 -0.292157D+00
  279.7797  0.390542D-03  0.407902D-03 -0.131864D+01
  280.1144  0.409939D-03  0.415389D-03 -0.409546D+00
  280.4487  0.482567D-03  0.496805D-03 -0.104850D+01
  280.7826  0.668389D-03  0.700715D-03 -0.240580D+01
  281.1161  0.996009D-03  0.954735D-03  0.291669D+01
  281.4492  0.125530D-02  0.123627D-02  0.128004D+01
  281.7819  0.155305D-02  0.151539D-02  0.250901D+01
  282.1143  0.173458D-02  0.172488D-02  0.628641D+00
  282.4463  0.185594D-02  0.184888D-02  0.448668D+00
  282.7780  0.200645D-02  0.196901D-02  0.235991D+01
  283.1093  0.208193D-02  0.214036D-02 -0.361732D+01
  283.4402  0.209508D-02  0.214153D-02 -0.287564D+01
  283.7708  0.206763D-02  0.210098D-02 -0.208296D+01
  284.1011  0.206492D-02  0.205539D-02  0.600739D+00
  284.4311  0.184536D-02  0.182114D-02  0.158380D+01
  284.7607  0.139882D-02  0.137337D-02  0.176275D+01
   31 278.100 288.040 283.070  4.060D-01  0.000D+00 -1.080D-02  0.000D+00  4.428D-03  1.621D+00 10300  1.056D-02
  278.0999  0.904384D-03  0.912164D-03 -0.528429D+00
  278.4367  0.876225D-03  0.869910D-03  0.420768D+00
  278.7731  0.805898D-03  0.784701D-03  0.141232D+01
  279.1091  0.586628D-03  0.600776D-03 -0.100999D+01
  279.4446  0.449662D-03  0.459020D-03 -0.665356D+00
  279.7797  0.390542D-03  0.411464D-03 -0.158925D+01
  280.1144  0.409939D-03  0.418861D-03 -0.670483D+00
  280.4487  0.482567D-03  0.500379D-03 -0.131171D+01
  280.7826  0.668389D-03  0.702071D-03 -0.250673D+01
  281.1161  0.996009D-03  0.957048D-03  0.275323D+01
  281.4492  0.125530D-02  0.123850D-02  0.113003D+01
  281.7819  0.155305D-02  0.151760D-02  0.236206D+01
  282.1143  0.173458D-02  0.172751D-02  0.458313D+00
  282.4463  0.185594D-02  0.185266D-02  0.208774D+00
  282.7780  0.200645D-02  0.197179D-02  0.218467D+01
  283.1093  0.208193D-02  0.213711D-02 -0.341609D+01
  283.4402  0.209508D-02  0.214427D-02 -0.304553D+01
  283.7708  0.206763D-02  0.210249D-02 -0.217757D+01
  284.1011  0.206492D-02  0.205553D-02  0.591619D+00
  284.4311  0.184536D-02  0.182626D-02  0.124863D+01
  284.7607  0.139882D-02  0.138523D-02  0.941104D+00
  285.0900  0.910102D-03  0.879404D-03  0.228467D+01
  285.4190  0.841919D-03  0.846542D-03 -0.344062D+00
  285.7477  0.143827D-02  0.142360D-02  0.986871D+00
  286.0761  0.216383D-02  0.214818D-02  0.960795D+00
  286.4042  0.261953D-02  0.258371D-02  0.208794D+01
  286.7320  0.270400D-02  0.272133D-02 -0.993254D+00
  287.0594  0.288411D-02  0.292709D-02 -0.238659D+01
  287.3866  0.306779D-02  0.306784D-02 -0.268562D-02
  287.7135  0.276490D-02  0.276398D-02  0.523660D-01
  288.0401  0.227690D-02  0.226727D-02  0.585612D+00
   31 281.449 291.291 286.370  4.007D-01  0.000D+00 -8.301D-03  0.000D+00  5.184D-03  1.860D+00 10300  9.837D-03
  281.4492  0.125530D-02  0.125581D-02 -0.343693D-01
  281.7819  0.155305D-02  0.153060D-02  0.149545D+01
  282.1143  0.173458D-02  0.173450D-02  0.507834D-02
  282.4463  0.185594D-02  0.185386D-02  0.132273D+00
  282.7780  0.200645D-02  0.196682D-02  0.249780D+01
  283.1093  0.208193D-02  0.213234D-02 -0.312101D+01
  283.4402  0.209508D-02  0.213783D-02 -0.264680D+01
  283.7708  0.206763D-02  0.209582D-02 -0.176054D+01
  284.1011  0.206492D-02  0.205363D-02  0.711524D+00
  284.4311  0.184536D-02  0.182824D-02  0.111964D+01
  284.7607  0.139882D-02  0.139031D-02  0.589279D+00
  285.0900  0.910102D-03  0.877698D-03  0.241164D+01
  285.4190  0.841919D-03  0.838596D-03  0.247308D+00
  285.7477  0.143827D-02  0.142100D-02  0.116117D+01
  286.0761  0.216383D-02  0.215429D-02  0.585576D+00
  286.4042  0.261953D-02  0.259372D-02  0.150467D+01
  286.7320  0.270400D-02  0.272732D-02 -0.133677D+01
  287.0594  0.288411D-02  0.293056D-02 -0.257905D+01
  287.3866  0.306779D-02  0.307342D-02 -0.307685D+00
  287.7135  0.276490D-02  0.276268D-02  0.126850D+00
  288.0401  0.227690D-02  0.224699D-02  0.181923D+01
  288.3665  0.243470D-02  0.242893D-02  0.342104D+00
  288.6925  0.329506D-02  0.323740D-02  0.317626D+01
  289.0182  0.367586D-02  0.364086D-02  0.184105D+01
  289.3437  0.399047D-02  0.399957D-02 -0.433110D+00
  289.6689  0.468244D-02  0.471966D-02 -0.170188D+01
  289.9938  0.549463D-02  0.552539D-02 -0.134499D+01
  290.3184  0.602780D-02  0.604061D-02 -0.560266D+00
  290.6427  0.607211D-02  0.611772D-02 -0.199441D+01
  290.9668  0.591345D-02  0.598020D-02 -0.291860D+01
  291.2906  0.616788D-02  0.605625D-02  0.488087D+01
   31 284.761 294.513 289.637  3.863D-01  0.000D+00 -2.895D-03  0.000D+00  6.215D-03  2.114D+00 10300  7.859D-03
  284.7607  0.139882D-02  0.141041D-02 -0.802850D+00
  285.0900  0.910102D-03  0.876715D-03  0.248483D+01
  285.4190  0.841919D-03  0.822580D-03  0.143930D+01
  285.7477  0.143827D-02  0.141890D-02  0.130296D+01
  286.0761  0.216383D-02  0.217175D-02 -0.485735D+00
  286.4042  0.261953D-02  0.261840D-02  0.659081D-01
  286.7320  0.270400D-02  0.273874D-02 -0.199174D+01
  287.0594  0.288411D-02  0.293834D-02 -0.301081D+01
  287.3866  0.306779D-02  0.309667D-02 -0.157885D+01
  287.7135  0.276490D-02  0.278061D-02 -0.900909D+00
  288.0401  0.227690D-02  0.223064D-02  0.281427D+01
  288.3665  0.243470D-02  0.239052D-02  0.261975D+01
  288.6925  0.329506D-02  0.323406D-02  0.336021D+01
  289.0182  0.367586D-02  0.362471D-02  0.269057D+01
  289.3437  0.399047D-02  0.396373D-02  0.127247D+01
  289.6689  0.468244D-02  0.469089D-02 -0.386256D+00
  289.9938  0.549463D-02  0.551395D-02 -0.844536D+00
  290.3184  0.602780D-02  0.605247D-02 -0.107855D+01
  290.6427  0.607211D-02  0.614995D-02 -0.340334D+01
  290.9668  0.591345D-02  0.601559D-02 -0.446633D+01
  291.2906  0.616788D-02  0.613656D-02  0.136930D+01
  291.6140  0.620790D-02  0.610448D-02  0.452207D+01
  291.9373  0.608354D-02  0.608250D-02  0.455067D-01
  292.2602  0.605067D-02  0.602568D-02  0.109252D+01
  292.5828  0.562899D-02  0.565495D-02 -0.113471D+01
  292.9052  0.588343D-02  0.593359D-02 -0.219350D+01
  293.2272  0.691403D-02  0.690220D-02  0.517135D+00
  293.5490  0.695405D-02  0.688072D-02  0.320653D+01
  293.8705  0.622077D-02  0.624526D-02 -0.107112D+01
  294.1917  0.659527D-02  0.662301D-02 -0.121273D+01
  294.5125  0.710128D-02  0.709635D-02  0.202720D+00
   31 288.040 297.704 292.872  3.452D-01  0.000D+00 -1.942D-03  0.000D+00  7.635D-03  3.287D+00   300  8.018D-03
  288.0401  0.227690D-02  0.220982D-02  0.408057D+01
  288.3665  0.243470D-02  0.235936D-02  0.446684D+01
  288.6925  0.329506D-02  0.334122D-02 -0.254288D+01
  289.0182  0.367586D-02  0.367161D-02  0.223378D+00
  289.3437  0.399047D-02  0.396737D-02  0.109916D+01
  289.6689  0.468244D-02  0.472612D-02 -0.199705D+01
  289.9938  0.549463D-02  0.557112D-02 -0.334439D+01
  290.3184  0.602780D-02  0.610733D-02 -0.347742D+01
  290.6427  0.607211D-02  0.618507D-02 -0.493913D+01
  290.9668  0.591345D-02  0.597346D-02 -0.262420D+01
  291.2906  0.616788D-02  0.614784D-02  0.876364D+00
  291.6140  0.620790D-02  0.606896D-02  0.607543D+01
  291.9373  0.608354D-02  0.604261D-02  0.178990D+01
  292.2602  0.605067D-02  0.602703D-02  0.103353D+01
  292.5828  0.562899D-02  0.555461D-02  0.325230D+01
  292.9052  0.588343D-02  0.580407D-02  0.347003D+01
  293.2272  0.691403D-02  0.694848D-02 -0.150632D+01
  293.5490  0.695405D-02  0.688832D-02  0.287391D+01
  293.8705  0.622077D-02  0.607841D-02  0.622451D+01
  294.1917  0.659527D-02  0.658364D-02  0.508773D+00
  294.5125  0.710128D-02  0.716365D-02 -0.256646D+01
  294.8331  0.662958D-02  0.672255D-02 -0.406527D+01
  295.1534  0.736858D-02  0.737682D-02 -0.339107D+00
  295.4733  0.817905D-02  0.817245D-02  0.256446D+00
  295.7930  0.858071D-02  0.866929D-02 -0.344244D+01
  296.1123  0.936832D-02  0.943006D-02 -0.227352D+01
  296.4313  0.885659D-02  0.888291D-02 -0.968991D+00
  296.7500  0.702552D-02  0.711386D-02 -0.363531D+01
  297.0683  0.728567D-02  0.731634D-02 -0.119188D+01
  297.3864  0.892091D-02  0.896959D-02 -0.179247D+01
  297.7040  0.117411D-01  0.115110D-01  0.766630D+01
   31 291.291 300.861 296.076  3.296D-01  0.000D+00 -1.576D-04  0.000D+00  1.005D-02  6.560D+00 10000  9.087D-03
  291.2906  0.616788D-02  0.609894D-02  0.301441D+01
  291.6140  0.620790D-02  0.610892D-02  0.432811D+01
  291.9373  0.608354D-02  0.614429D-02 -0.265613D+01
  292.2602  0.605067D-02  0.618655D-02 -0.594118D+01
  292.5828  0.562899D-02  0.566188D-02 -0.143788D+01
  292.9052  0.588343D-02  0.588445D-02 -0.448015D-01
  293.2272  0.691403D-02  0.709784D-02 -0.803726D+01
  293.5490  0.695405D-02  0.699058D-02 -0.159709D+01
  293.8705  0.622077D-02  0.605046D-02  0.744644D+01
  294.1917  0.659527D-02  0.655581D-02  0.172550D+01
  294.5125  0.710128D-02  0.713306D-02 -0.130766D+01
  294.8331  0.662958D-02  0.657659D-02  0.231679D+01
  295.1534  0.736858D-02  0.723738D-02  0.539906D+01
  295.4733  0.817905D-02  0.801393D-02  0.641751D+01
  295.7930  0.858071D-02  0.848226D-02  0.382648D+01
  296.1123  0.936832D-02  0.930852D-02  0.220160D+01
  296.4313  0.885659D-02  0.885737D-02 -0.286877D-01
  296.7500  0.702552D-02  0.703710D-02 -0.476446D+00
  297.0683  0.728567D-02  0.736817D-02 -0.320616D+01
  297.3864  0.892091D-02  0.915276D-02 -0.853659D+01
  297.7040  0.117411D-01  0.121313D-01 -0.129985D+02
  298.0213  0.115110D-01  0.117303D-01 -0.730502D+01
  298.3383  0.863789D-02  0.867439D-02 -0.134394D+01
  298.6549  0.880799D-02  0.871776D-02  0.332241D+01
  298.9712  0.123272D-01  0.122605D-01  0.222217D+01
  299.2870  0.141239D-01  0.136189D-01  0.153613D+02
  299.6025  0.144441D-01  0.139205D-01  0.159287D+02
  299.9176  0.146971D-01  0.147109D-01 -0.417232D+00
  300.2323  0.122843D-01  0.127141D-01 -0.143195D+02
  300.5466  0.156520D-01  0.160832D-01 -0.418961D+01
  300.8605  0.183650D-01  0.185620D-01 -0.188825D+01
   31 294.513 303.975 299.244  3.042D-01  0.000D+00 -6.252D-03  0.000D+00  1.697D-02  1.597D+01 10300  1.806D-02
  294.5125  0.710128D-02  0.674305D-02  0.147420D+02
  294.8331  0.662958D-02  0.643336D-02  0.857934D+01
  295.1534  0.736858D-02  0.749163D-02 -0.506385D+01
  295.4733  0.817905D-02  0.837725D-02 -0.770341D+01
  295.7930  0.858071D-02  0.888253D-02 -0.117303D+02
  296.1123  0.936832D-02  0.975772D-02 -0.143380D+02
  296.4313  0.885659D-02  0.916872D-02 -0.114928D+02
  296.7500  0.702552D-02  0.696319D-02  0.256513D+01
  297.0683  0.728567D-02  0.730942D-02 -0.923032D+00
  297.3864  0.892091D-02  0.890902D-02  0.438038D+00
  297.7040  0.117411D-01  0.118934D-01 -0.507150D+01
  298.0213  0.115110D-01  0.112330D-01  0.926079D+01
  298.3383  0.863789D-02  0.804845D-02  0.217036D+02
  298.6549  0.880799D-02  0.819788D-02  0.224647D+02
  298.9712  0.123272D-01  0.119977D-01  0.109779D+02
  299.2870  0.141239D-01  0.133446D-01  0.237041D+02
  299.6025  0.144441D-01  0.138429D-01  0.182868D+02
  299.9176  0.146971D-01  0.152963D-01 -0.182245D+02
  300.2323  0.122843D-01  0.130793D-01 -0.264857D+02
  300.5466  0.156520D-01  0.179167D-01 -0.220049D+02
  300.8605  0.183650D-01  0.209921D-01 -0.251772D+02
  301.1740  0.240040D-01  0.263401D-01 -0.217911D+02
  301.4870  0.286124D-01  0.308066D-01 -0.201982D+02
  301.7996  0.257979D-01  0.278080D-01 -0.185034D+02
  302.1118  0.233021D-01  0.241969D-01 -0.823656D+01
  302.4235  0.344572D-01  0.364353D-01 -0.177419D+02
  302.7348  0.490857D-01  0.495209D-01 -0.380535D+01
  303.0455  0.636800D-01  0.612036D-01  0.216559D+02
  303.3558  0.752724D-01  0.724419D-01  0.247530D+02
  303.6656  0.761444D-01  0.753610D-01  0.685083D+01
  303.9749  0.715274D-01  0.722729D-01 -0.651942D+01
   31 297.704 307.038 302.371  3.115D-01  0.000D+00 -1.566D-03  0.000D+00  4.814D-02  3.077D+01 10300  2.102D-02
  297.7040  0.117411D-01  0.122469D-01 -0.168509D+02
  298.0213  0.115110D-01  0.116544D-01 -0.477724D+01
  298.3383  0.863789D-02  0.837036D-02  0.985075D+01
  298.6549  0.880799D-02  0.838769D-02  0.154757D+02
  298.9712  0.123272D-01  0.120540D-01  0.909967D+01
  299.2870  0.141239D-01  0.133825D-01  0.225516D+02
  299.6025  0.144441D-01  0.137532D-01  0.210151D+02
  299.9176  0.146971D-01  0.150523D-01 -0.108038D+02
  300.2323  0.122843D-01  0.129438D-01 -0.219703D+02
  300.5466  0.156520D-01  0.173920D-01 -0.169071D+02
  300.8605  0.183650D-01  0.205379D-01 -0.208238D+02
  301.1740  0.240040D-01  0.256616D-01 -0.154623D+02
  301.4870  0.286124D-01  0.301255D-01 -0.139282D+02
  301.7996  0.257979D-01  0.274915D-01 -0.155895D+02
  302.1118  0.233021D-01  0.241412D-01 -0.772339D+01
  302.4235  0.344572D-01  0.360242D-01 -0.140545D+02
  302.7348  0.490857D-01  0.494724D-01 -0.338132D+01
  303.0455  0.636800D-01  0.617252D-01  0.170943D+02
  303.3558  0.752724D-01  0.734673D-01  0.157858D+02
  303.6656  0.761444D-01  0.773294D-01 -0.103631D+02
  303.9749  0.715274D-01  0.748558D-01 -0.291062D+02
  304.2837  0.827053D-01  0.871895D-01 -0.392137D+02
  304.5919  0.101431D+00  0.104758D+00 -0.258625D+02
  304.8997  0.117440D+00  0.110306D+00  0.554506D+02
  305.2068  0.150731D+00  0.138945D+00  0.824536D+02
  305.5134  0.148658D+00  0.141627D+00  0.491909D+02
  305.8195  0.124244D+00  0.120107D+00  0.289375D+02
  306.1249  0.142197D+00  0.144985D+00 -0.195019D+02
  306.4298  0.162409D+00  0.174648D+00 -0.778365D+02
  306.7340  0.168898D+00  0.175271D+00 -0.405312D+02
  307.0376  0.221057D+00  0.217236D+00  0.222769D+02
   30 300.861 309.740 305.300  3.007D-01  0.000D+00 -1.792D-02  0.000D+00  1.355D-01  4.356D+01 10000  2.690D-02
  300.8605  0.183650D-01  0.194432D-01 -0.103326D+02
  301.1740  0.240040D-01  0.241516D-01 -0.137732D+01
  301.4870  0.286124D-01  0.280469D-01  0.520556D+01
  301.7996  0.257979D-01  0.252378D-01  0.515602D+01
  302.1118  0.233021D-01  0.225963D-01  0.649721D+01
  302.4235  0.344572D-01  0.351073D-01 -0.583071D+01
  302.7348  0.490857D-01  0.484840D-01  0.526251D+01
  303.0455  0.636800D-01  0.607594D-01  0.255401D+02
  303.3558  0.752724D-01  0.734274D-01  0.161345D+02
  303.6656  0.761444D-01  0.768989D-01 -0.659806D+01
  303.9749  0.715274D-01  0.751961D-01 -0.320824D+02
  304.2837  0.827053D-01  0.889324D-01 -0.544553D+02
  304.5919  0.101431D+00  0.107011D+00 -0.433801D+02
  304.8997  0.117440D+00  0.112230D+00  0.405014D+02
  305.2068  0.150731D+00  0.143242D+00  0.523924D+02
  305.5134  0.148658D+00  0.143005D+00  0.395451D+02
  305.8195  0.124244D+00  0.119896D+00  0.304173D+02
  306.1249  0.142197D+00  0.149116D+00 -0.484059D+02
  306.4298  0.162409D+00  0.175912D+00 -0.858798D+02
  306.7340  0.168898D+00  0.174710D+00 -0.369613D+02
  307.0376  0.221057D+00  0.218673D+00  0.139036D+02
  307.3406  0.262038D+00  0.245797D+00  0.811598D+02
  307.6429  0.278534D+00  0.258708D+00  0.924663D+02
  307.9446  0.292199D+00  0.285972D+00  0.272255D+02
  308.2456  0.287339D+00  0.295203D+00 -0.343852D+02
  308.5459  0.324675D+00  0.339025D+00 -0.557745D+02
  308.8455  0.322116D+00  0.336275D+00 -0.521324D+02
  309.1443  0.280792D+00  0.293363D+00 -0.462880D+02
  309.4425  0.294815D+00  0.292760D+00  0.684329D+01
  309.7398  0.346202D+00  0.318352D+00  0.811824D+02
   20 303.975 309.740 306.857  3.053D-01  0.000D+00 -1.921D-02  0.000D+00  2.112D-01  5.064D+01 10300  3.498D-02
  303.9749  0.715274D-01  0.695280D-01  0.174848D+02
  304.2837  0.827053D-01  0.858555D-01 -0.275478D+02
  304.5919  0.101431D+00  0.105683D+00 -0.330552D+02
  304.8997  0.117440D+00  0.113097D+00  0.337561D+02
  305.2068  0.150731D+00  0.144662D+00  0.424589D+02
  305.5134  0.148658D+00  0.144771D+00  0.271944D+02
  305.8195  0.124244D+00  0.122029D+00  0.154932D+02
  306.1249  0.142197D+00  0.150838D+00 -0.604494D+02
  306.4298  0.162409D+00  0.176947D+00 -0.924609D+02
  306.7340  0.168898D+00  0.175955D+00 -0.448818D+02
  307.0376  0.221057D+00  0.218645D+00  0.140617D+02
  307.3406  0.262038D+00  0.245052D+00  0.848831D+02
  307.6429  0.278534D+00  0.257746D+00  0.969523D+02
  307.9446  0.292199D+00  0.283987D+00  0.359046D+02
  308.2456  0.287339D+00  0.293930D+00 -0.288209D+02
  308.5459  0.324675D+00  0.336892D+00 -0.474838D+02
  308.8455  0.322116D+00  0.334974D+00 -0.473442D+02
  309.1443  0.280792D+00  0.293799D+00 -0.478921D+02
  309.4425  0.294815D+00  0.294739D+00  0.251025D+00
  309.7398  0.346202D+00  0.321282D+00  0.726415D+02
   31 310.078 314.826 312.452  2.728D-01  0.000D+00 -7.164D-03  0.000D+00  6.583D-01  4.128D+01 10000  2.251D-02
  310.0777  0.346588D+00  0.314633D+00  0.317744D+02
  310.2372  0.363698D+00  0.357385D+00  0.650560D+01
  310.3965  0.476542D+00  0.468389D+00  0.872032D+01
  310.5558  0.591773D+00  0.577188D+00  0.169774D+02
  310.7150  0.662172D+00  0.652814D+00  0.108920D+02
  310.8741  0.709628D+00  0.704473D+00  0.637555D+01
  311.0332  0.720777D+00  0.725458D+00 -0.578865D+01
  311.1921  0.717775D+00  0.734474D+00 -0.206516D+02
  311.3510  0.708198D+00  0.744995D+00 -0.485412D+02
  311.5098  0.711700D+00  0.738802D+00 -0.357517D+02
  311.6685  0.669747D+00  0.705203D+00 -0.501130D+02
  311.8272  0.640159D+00  0.655721D+00 -0.219959D+02
  311.9857  0.615073D+00  0.621916D+00 -0.967203D+01
  312.1442  0.628724D+00  0.627509D+00  0.171618D+01
  312.3026  0.701480D+00  0.673186D+00  0.399902D+02
  312.4609  0.753725D+00  0.721102D+00  0.461082D+02
  312.6192  0.785601D+00  0.738685D+00  0.663104D+02
  312.7773  0.791318D+00  0.754674D+00  0.517921D+02
  312.9354  0.829555D+00  0.779898D+00  0.701843D+02
  313.0934  0.835987D+00  0.792464D+00  0.615153D+02
  313.2513  0.812259D+00  0.792531D+00  0.278832D+02
  313.4092  0.779954D+00  0.800327D+00 -0.287936D+02
  313.5670  0.784600D+00  0.842351D+00 -0.816248D+02
  313.7246  0.859215D+00  0.924275D+00 -0.919553D+02
  313.8822  0.959273D+00  0.101316D+01 -0.666462D+02
  314.0398  0.103868D+01  0.105369D+01 -0.185696D+02
  314.1972  0.101831D+01  0.100436D+01  0.172502D+02
  314.3546  0.872080D+00  0.867128D+00  0.653154D+01
  314.5119  0.778025D+00  0.764506D+00  0.191070D+02
  314.6691  0.822551D+00  0.819790D+00  0.390151D+01
  314.8262  0.101280D+01  0.973944D+00  0.480594D+02
   31 311.669 316.393 314.031  2.617D-01  0.000D+00 -3.167D-02  0.000D+00  8.067D-01  4.966D+01 10300  2.218D-02
  311.6685  0.669747D+00  0.697292D+00 -0.389316D+02
  311.8272  0.640159D+00  0.646448D+00 -0.888898D+01
  311.9857  0.615073D+00  0.617549D+00 -0.349937D+01
  312.1442  0.628724D+00  0.631455D+00 -0.386135D+01
  312.3026  0.701480D+00  0.686085D+00  0.217598D+02
  312.4609  0.753725D+00  0.733144D+00  0.290895D+02
  312.6192  0.785601D+00  0.746845D+00  0.547767D+02
  312.7773  0.791318D+00  0.766444D+00  0.351574D+02
  312.9354  0.829555D+00  0.793912D+00  0.503766D+02
  313.0934  0.835987D+00  0.804089D+00  0.450847D+02
  313.2513  0.812259D+00  0.802379D+00  0.139637D+02
  313.4092  0.779954D+00  0.811938D+00 -0.452057D+02
  313.5670  0.784600D+00  0.859694D+00 -0.106137D+03
  313.7246  0.859215D+00  0.946727D+00 -0.123688D+03
  313.8822  0.959273D+00  0.103182D+01 -0.897150D+02
  314.0398  0.103868D+01  0.105740D+01 -0.231550D+02
  314.1972  0.101831D+01  0.985428D+00  0.406633D+02
  314.3546  0.872080D+00  0.827298D+00  0.590747D+02
  314.5119  0.778025D+00  0.732973D+00  0.636756D+02
  314.6691  0.822551D+00  0.808123D+00  0.203926D+02
  314.8262  0.101280D+01  0.956541D+00  0.695816D+02
  314.9833  0.111143D+01  0.106782D+01  0.539418D+02
  315.1403  0.115360D+01  0.111290D+01  0.503385D+02
  315.2972  0.112365D+01  0.112067D+01  0.368596D+01
  315.4540  0.106705D+01  0.109439D+01 -0.338068D+02
  315.6108  0.964133D+00  0.100183D+01 -0.466141D+02
  315.7675  0.821765D+00  0.856718D+00 -0.432280D+02
  315.9240  0.738216D+00  0.757360D+00 -0.270588D+02
  316.0806  0.757799D+00  0.777270D+00 -0.256852D+02
  316.2370  0.902955D+00  0.892252D+00  0.132360D+02
  316.3934  0.104354D+01  0.102300D+01  0.254002D+02
   31 313.251 317.953 315.602  2.767D-01  0.000D+00 -3.650D-02  0.000D+00  9.630D-01  4.536D+01 10300  1.928D-02
  313.2513  0.812259D+00  0.750644D+00  0.870862D+02
  313.4092  0.779954D+00  0.774156D+00  0.819582D+01
  313.5670  0.784600D+00  0.831145D+00 -0.657858D+02
  313.7246  0.859215D+00  0.922339D+00 -0.892188D+02
  313.8822  0.959273D+00  0.100879D+01 -0.612438D+02
  314.0398  0.103868D+01  0.103656D+01  0.262072D+01
  314.1972  0.101831D+01  0.969394D+00  0.604918D+02
  314.3546  0.872080D+00  0.829193D+00  0.565749D+02
  314.5119  0.778025D+00  0.751040D+00  0.381399D+02
  314.6691  0.822551D+00  0.824289D+00 -0.245737D+01
  314.8262  0.101280D+01  0.967578D+00  0.559318D+02
  314.9833  0.111143D+01  0.107775D+01  0.416521D+02
  315.1403  0.115360D+01  0.112670D+01  0.332710D+02
  315.2972  0.112365D+01  0.113425D+01 -0.131045D+02
  315.4540  0.106705D+01  0.110311D+01 -0.446003D+02
  315.6108  0.964133D+00  0.100768D+01 -0.538539D+02
  315.7675  0.821765D+00  0.868333D+00 -0.575915D+02
  315.9240  0.738216D+00  0.776027D+00 -0.534418D+02
  316.0806  0.757799D+00  0.795993D+00 -0.503845D+02
  316.2370  0.902955D+00  0.906064D+00 -0.384561D+01
  316.3934  0.104354D+01  0.102970D+01  0.171117D+02
  316.5497  0.116118D+01  0.111313D+01  0.594184D+02
  316.7059  0.122800D+01  0.117327D+01  0.676879D+02
  316.8620  0.127095D+01  0.125085D+01  0.248644D+02
  317.0181  0.136773D+01  0.137261D+01 -0.603518D+01
  317.1741  0.148279D+01  0.150319D+01 -0.224239D+02
  317.3300  0.156112D+01  0.155912D+01  0.219938D+01
  317.4858  0.152217D+01  0.154702D+01 -0.273126D+02
  317.6415  0.147457D+01  0.149688D+01 -0.245240D+02
  317.7972  0.135343D+01  0.135785D+01 -0.513783D+01
  317.9529  0.118026D+01  0.115377D+01  0.327611D+02
   31 314.826 319.505 317.166  2.422D-01  0.000D+00 -4.138D-02  0.000D+00  1.067D+00  5.527D+01   300  1.978D-02
  314.8262  0.101280D+01  0.101088D+01  0.238257D+01
  314.9833  0.111143D+01  0.111101D+01  0.522678D+00
  315.1403  0.115360D+01  0.113625D+01  0.214606D+02
  315.2972  0.112365D+01  0.113323D+01 -0.118379D+02
  315.4540  0.106705D+01  0.109926D+01 -0.398325D+02
  315.6108  0.964133D+00  0.995680D+00 -0.390140D+02
  315.7675  0.821765D+00  0.833981D+00 -0.151088D+02
  315.9240  0.738216D+00  0.732007D+00  0.877495D+01
  316.0806  0.757799D+00  0.760899D+00 -0.408967D+01
  316.2370  0.902955D+00  0.886004D+00  0.209630D+02
  316.3934  0.104354D+01  0.102070D+01  0.282458D+02
  316.5497  0.116118D+01  0.109667D+01  0.797800D+02
  316.7059  0.122800D+01  0.115374D+01  0.918357D+02
  316.8620  0.127095D+01  0.122861D+01  0.523638D+02
  317.0181  0.136773D+01  0.136683D+01  0.111115D+01
  317.1741  0.148279D+01  0.152587D+01 -0.473507D+02
  317.3300  0.156112D+01  0.158403D+01 -0.251759D+02
  317.4858  0.152217D+01  0.157227D+01 -0.550712D+02
  317.6415  0.147457D+01  0.155090D+01 -0.839046D+02
  317.7972  0.135343D+01  0.141467D+01 -0.712792D+02
  317.9529  0.118026D+01  0.117645D+01  0.471696D+01
  318.1084  0.103132D+01  0.104364D+01 -0.152427D+02
  318.2639  0.106133D+01  0.107345D+01 -0.149854D+02
  318.4193  0.119498D+01  0.119189D+01  0.381824D+01
  318.5745  0.135243D+01  0.133460D+01  0.196048D+02
  318.7298  0.149308D+01  0.147773D+01  0.168752D+02
  318.8849  0.166518D+01  0.160994D+01  0.607309D+02
  319.0400  0.168141D+01  0.159267D+01  0.975454D+02
  319.1950  0.149373D+01  0.138960D+01  0.114472D+03
  319.3499  0.126781D+01  0.128375D+01 -0.185574D+02
  319.5048  0.124437D+01  0.138304D+01 -0.161408D+03
   31 316.393 321.049 318.721  2.425D-01  0.000D+00  2.955D-03  0.000D+00  1.183D+00  8.322D+01   300  3.062D-02
  316.3934  0.104354D+01  0.103291D+01  0.131383D+02
  316.5497  0.116118D+01  0.112429D+01  0.456206D+02
  316.7059  0.122800D+01  0.117876D+01  0.609000D+02
  316.8620  0.127095D+01  0.124158D+01  0.363255D+02
  317.0181  0.136773D+01  0.135545D+01  0.151791D+02
  317.1741  0.148279D+01  0.151951D+01 -0.403640D+02
  317.3300  0.156112D+01  0.160524D+01 -0.485017D+02
  317.4858  0.152217D+01  0.159310D+01 -0.779698D+02
  317.6415  0.147457D+01  0.156916D+01 -0.103980D+03
  317.7972  0.135343D+01  0.146863D+01 -0.134087D+03
  317.9529  0.118026D+01  0.123395D+01 -0.664004D+02
  318.1084  0.103132D+01  0.105039D+01 -0.235922D+02
  318.2639  0.106133D+01  0.103433D+01  0.333971D+02
  318.4193  0.119498D+01  0.112788D+01  0.829907D+02
  318.5745  0.135243D+01  0.125810D+01  0.103695D+03
  318.7298  0.149308D+01  0.138874D+01  0.114710D+03
  318.8849  0.166518D+01  0.151954D+01  0.160105D+03
  319.0400  0.168141D+01  0.155441D+01  0.139614D+03
  319.1950  0.149373D+01  0.138596D+01  0.118469D+03
  319.3499  0.126781D+01  0.122626D+01  0.483652D+02
  319.5048  0.124437D+01  0.127275D+01 -0.330400D+02
  319.6596  0.136787D+01  0.140993D+01 -0.462411D+02
  319.8143  0.151817D+01  0.156450D+01 -0.509342D+02
  319.9689  0.157163D+01  0.168515D+01 -0.124788D+03
  320.1235  0.161301D+01  0.172079D+01 -0.118485D+03
  320.2780  0.166154D+01  0.177709D+01 -0.127028D+03
  320.4324  0.183057D+01  0.188099D+01 -0.498839D+02
  320.5868  0.195207D+01  0.195694D+01 -0.481903D+01
  320.7410  0.197336D+01  0.193815D+01  0.348433D+02
  320.8952  0.185701D+01  0.179004D+01  0.662604D+02
  321.0493  0.165747D+01  0.156538D+01  0.101226D+03
   31 317.953 322.740 320.346  2.345D-01  0.000D+00  7.828D-03  0.000D+00  1.303D+00  8.505D+01 10300  3.122D-02
  317.9529  0.118026D+01  0.128902D+01 -0.134512D+03
  318.1084  0.103132D+01  0.108214D+01 -0.628612D+02
  318.2639  0.106133D+01  0.105869D+01  0.326917D+01
  318.4193  0.119498D+01  0.115164D+01  0.536012D+02
  318.5745  0.135243D+01  0.128193D+01  0.775068D+02
  318.7298  0.149308D+01  0.141060D+01  0.906754D+02
  318.8849  0.166518D+01  0.154553D+01  0.131535D+03
  319.0400  0.168141D+01  0.159177D+01  0.985363D+02
  319.1950  0.149373D+01  0.141367D+01  0.880119D+02
  319.3499  0.126781D+01  0.123533D+01  0.378093D+02
  319.5048  0.124437D+01  0.128306D+01 -0.450381D+02
  319.6596  0.136787D+01  0.142346D+01 -0.611149D+02
  319.8143  0.151817D+01  0.158035D+01 -0.683578D+02
  319.9689  0.157163D+01  0.170760D+01 -0.149468D+03
  320.1235  0.161301D+01  0.173795D+01 -0.137346D+03
  320.2780  0.166154D+01  0.178964D+01 -0.140816D+03
  320.4324  0.183057D+01  0.189475D+01 -0.634966D+02
  320.5868  0.195207D+01  0.197200D+01 -0.197172D+02
  320.7410  0.197336D+01  0.195327D+01  0.198819D+02
  320.8952  0.185701D+01  0.180120D+01  0.552133D+02
  321.0493  0.165747D+01  0.156484D+01  0.101824D+03
  321.2034  0.149230D+01  0.138058D+01  0.122816D+03
  321.3574  0.141868D+01  0.131180D+01  0.117494D+03
  321.6651  0.159750D+01  0.150399D+01  0.102797D+03
  321.8189  0.175574D+01  0.167201D+01  0.871975D+02
  321.9726  0.180412D+01  0.181795D+01 -0.136797D+02
  322.1262  0.174001D+01  0.182217D+01 -0.855577D+02
  322.2797  0.163410D+01  0.169133D+01 -0.596111D+02
  322.4332  0.157184D+01  0.159931D+01 -0.301884D+02
  322.5866  0.150559D+01  0.151512D+01 -0.104737D+02
  322.7399  0.137430D+01  0.136636D+01  0.873366D+01
   31 319.505 324.269 321.887  2.987D-01  0.000D+00 -1.437D-02  0.000D+00  1.357D+00  7.296D+01 10302  3.867D-02
  319.5048  0.124437D+01  0.118192D+01  0.726911D+02
  319.6596  0.136787D+01  0.132993D+01  0.417055D+02
  319.8143  0.151817D+01  0.149285D+01  0.278343D+02
  319.9689  0.157163D+01  0.162192D+01 -0.552882D+02
  320.1235  0.161301D+01  0.170646D+01 -0.102727D+03
  320.2780  0.166154D+01  0.179071D+01 -0.142000D+03
  320.4324  0.183057D+01  0.188616D+01 -0.549997D+02
  320.5868  0.195207D+01  0.194184D+01  0.101205D+02
  320.7410  0.197336D+01  0.190429D+01  0.683449D+02
  320.8952  0.185701D+01  0.176021D+01  0.957760D+02
  321.0493  0.165747D+01  0.156751D+01  0.988854D+02
  321.2034  0.149230D+01  0.141621D+01  0.836433D+02
  321.3574  0.141868D+01  0.136610D+01  0.578055D+02
  321.6651  0.159750D+01  0.155072D+01  0.514242D+02
  321.8189  0.175574D+01  0.170062D+01  0.573993D+02
  321.9726  0.180412D+01  0.180461D+01 -0.482915D+00
  322.1262  0.174001D+01  0.180297D+01 -0.655617D+02
  322.2797  0.163410D+01  0.172543D+01 -0.951153D+02
  322.4332  0.157184D+01  0.163886D+01 -0.736733D+02
  322.5866  0.150559D+01  0.154555D+01 -0.439229D+02
  322.7399  0.137430D+01  0.144154D+01 -0.739148D+02
  322.8932  0.127953D+01  0.138073D+01 -0.111246D+03
  323.0464  0.137973D+01  0.141946D+01 -0.436770D+02
  323.1995  0.157327D+01  0.151769D+01  0.611013D+02
  323.3525  0.168098D+01  0.158062D+01  0.992972D+02
  323.5055  0.167126D+01  0.158767D+01  0.827019D+02
  323.6584  0.167490D+01  0.162199D+01  0.523482D+02
  323.8112  0.178797D+01  0.172412D+01  0.631712D+02
  323.9640  0.191690D+01  0.186883D+01  0.475601D+02
  324.1166  0.200888D+01  0.201818D+01 -0.919556D+01
  324.2693  0.203690D+01  0.214035D+01 -0.102349D+03
   31 321.049 325.792 323.420  2.290D-01  0.000D+00 -5.495D-02  0.000D+00  1.423D+00  6.539D+01   300  2.820D-02
  321.0493  0.165747D+01  0.164063D+01  0.185118D+02
  321.2034  0.149230D+01  0.144239D+01  0.548673D+02
  321.3574  0.141868D+01  0.138711D+01  0.347039D+02
  321.6651  0.159750D+01  0.160295D+01 -0.598429D+01
  321.8189  0.175574D+01  0.176211D+01 -0.663361D+01
  321.9726  0.180412D+01  0.186278D+01 -0.580315D+02
  322.1262  0.174001D+01  0.179278D+01 -0.549544D+02
  322.2797  0.163410D+01  0.166582D+01 -0.330375D+02
  322.4332  0.157184D+01  0.161327D+01 -0.455443D+02
  322.5866  0.150559D+01  0.151610D+01 -0.115478D+02
  322.7399  0.137430D+01  0.138286D+01 -0.940645D+01
  322.8932  0.127953D+01  0.132286D+01 -0.476272D+02
  323.0464  0.137973D+01  0.141887D+01 -0.430199D+02
  323.1995  0.157327D+01  0.158508D+01 -0.129810D+02
  323.3525  0.168098D+01  0.160351D+01  0.766438D+02
  323.5055  0.167126D+01  0.154668D+01  0.123252D+03
  323.6584  0.167490D+01  0.158895D+01  0.850399D+02
  323.8112  0.178797D+01  0.170733D+01  0.797872D+02
  323.9640  0.191690D+01  0.183851D+01  0.775592D+02
  324.1166  0.200888D+01  0.195951D+01  0.488512D+02
  324.2693  0.203690D+01  0.200194D+01  0.345911D+02
  324.4218  0.204441D+01  0.203109D+01  0.131768D+02
  324.5743  0.206027D+01  0.207798D+01 -0.166894D+02
  324.7267  0.196736D+01  0.199643D+01 -0.287619D+02
  324.8790  0.181835D+01  0.187974D+01 -0.607455D+02
  325.0313  0.173573D+01  0.188076D+01 -0.143495D+03
  325.1835  0.183957D+01  0.194415D+01 -0.103468D+03
  325.3356  0.195843D+01  0.203366D+01 -0.744309D+02
  325.4877  0.215511D+01  0.218978D+01 -0.311794D+02
  325.6396  0.233851D+01  0.232725D+01  0.101195D+02
  325.7916  0.253283D+01  0.235107D+01  0.163480D+03
   31 322.740 327.307 325.023  2.055D-01  0.000D+00 -2.845D-03  0.000D+00  1.503D+00  7.357D+01   300  2.643D-02
  322.7399  0.137430D+01  0.142976D+01 -0.609658D+02
  322.8932  0.127953D+01  0.133808D+01 -0.643624D+02
  323.0464  0.137973D+01  0.138213D+01 -0.263769D+01
  323.1995  0.157327D+01  0.159552D+01 -0.244499D+02
  323.3525  0.168098D+01  0.168482D+01 -0.379684D+01
  323.5055  0.167126D+01  0.159153D+01  0.788795D+02
  323.6584  0.167490D+01  0.158460D+01  0.893450D+02
  323.8112  0.178797D+01  0.169520D+01  0.917844D+02
  323.9640  0.191690D+01  0.181514D+01  0.100683D+03
  324.1166  0.200888D+01  0.194858D+01  0.596685D+02
  324.2693  0.203690D+01  0.201058D+01  0.260459D+02
  324.4218  0.204441D+01  0.200334D+01  0.406261D+02
  324.5743  0.206027D+01  0.207445D+01 -0.133593D+02
  324.7267  0.196736D+01  0.204909D+01 -0.808616D+02
  324.8790  0.181835D+01  0.188734D+01 -0.682574D+02
  325.0313  0.173573D+01  0.186222D+01 -0.125150D+03
  325.1835  0.183957D+01  0.193697D+01 -0.963673D+02
  325.3356  0.195843D+01  0.203295D+01 -0.737351D+02
  325.4877  0.215511D+01  0.219906D+01 -0.395267D+02
  325.6396  0.233851D+01  0.244688D+01 -0.974754D+02
  325.7916  0.253283D+01  0.256354D+01 -0.276199D+02
  325.9434  0.265669D+01  0.264168D+01  0.123762D+02
  326.0952  0.274145D+01  0.268295D+01  0.482345D+02
  326.2469  0.274810D+01  0.262876D+01  0.983931D+02
  326.3985  0.263454D+01  0.253368D+01  0.831531D+02
  326.5500  0.261867D+01  0.244796D+01  0.140746D+03
  326.7015  0.269736D+01  0.260104D+01  0.794149D+02
  326.8530  0.283415D+01  0.278537D+01  0.402227D+02
  327.0043  0.276418D+01  0.277235D+01 -0.673714D+01
  327.1556  0.259866D+01  0.265556D+01 -0.469111D+02
  327.3068  0.254198D+01  0.269795D+01 -0.134180D+03
   31 324.269 328.815 326.542  2.478D-01  0.000D+00  3.107D-02  0.000D+00  1.567D+00  7.676D+01 10300  3.894D-02
  324.2693  0.203690D+01  0.194656D+01  0.893763D+02
  324.4218  0.204441D+01  0.197138D+01  0.722521D+02
  324.5743  0.206027D+01  0.201006D+01  0.473143D+02
  324.7267  0.196736D+01  0.200655D+01 -0.387757D+02
  324.8790  0.181835D+01  0.191311D+01 -0.937535D+02
  325.0313  0.173573D+01  0.186359D+01 -0.126502D+03
  325.1835  0.183957D+01  0.191667D+01 -0.762785D+02
  325.3356  0.195843D+01  0.202024D+01 -0.611562D+02
  325.4877  0.215511D+01  0.218113D+01 -0.233980D+02
  325.6396  0.233851D+01  0.239709D+01 -0.526920D+02
  325.7916  0.253283D+01  0.255964D+01 -0.241102D+02
  325.9434  0.265669D+01  0.265163D+01  0.417168D+01
  326.0952  0.274145D+01  0.269761D+01  0.361529D+02
  326.2469  0.274810D+01  0.266522D+01  0.683311D+02
  326.3985  0.263454D+01  0.257698D+01  0.474532D+02
  326.5500  0.261867D+01  0.250149D+01  0.966077D+02
  326.7015  0.269736D+01  0.256070D+01  0.112674D+03
  326.8530  0.283415D+01  0.268547D+01  0.122586D+03
  327.0043  0.276418D+01  0.269092D+01  0.604005D+02
  327.1556  0.259866D+01  0.259177D+01  0.567818D+01
  327.3068  0.254198D+01  0.255129D+01 -0.800956D+01
  327.4580  0.261052D+01  0.261458D+01 -0.334535D+01
  327.6091  0.261981D+01  0.264566D+01 -0.213121D+02
  327.7601  0.251725D+01  0.259257D+01 -0.647962D+02
  327.9110  0.237152D+01  0.252610D+01 -0.132981D+03
  328.0619  0.234237D+01  0.249279D+01 -0.129416D+03
  328.2127  0.235337D+01  0.248319D+01 -0.111686D+03
  328.3635  0.244650D+01  0.246702D+01 -0.169203D+02
  328.5141  0.243828D+01  0.241632D+01  0.181021D+02
  328.6647  0.235845D+01  0.228066D+01  0.641335D+02
  328.8153  0.236395D+01  0.218356D+01  0.148730D+03
   31 325.792 330.317 328.054  2.622D-01  0.000D+00 -6.480D-02  0.000D+00  1.585D+00  6.637D+01   300  3.395D-02
  325.7916  0.253283D+01  0.264910D+01 -0.104575D+03
  325.9434  0.265669D+01  0.271993D+01 -0.521368D+02
  326.0952  0.274145D+01  0.272073D+01  0.170897D+02
  326.2469  0.274810D+01  0.265051D+01  0.804622D+02
  326.3985  0.263454D+01  0.256305D+01  0.589392D+02
  326.5500  0.261867D+01  0.256416D+01  0.449441D+02
  326.7015  0.269736D+01  0.266797D+01  0.242265D+02
  326.8530  0.283415D+01  0.271877D+01  0.951327D+02
  327.0043  0.276418D+01  0.264653D+01  0.970011D+02
  327.1556  0.259866D+01  0.257262D+01  0.214704D+02
  327.3068  0.254198D+01  0.259599D+01 -0.464679D+02
  327.4580  0.261052D+01  0.264216D+01 -0.260860D+02
  327.6091  0.261981D+01  0.261889D+01  0.760707D+00
  327.7601  0.251725D+01  0.255516D+01 -0.326102D+02
  327.9110  0.237152D+01  0.251403D+01 -0.122603D+03
  328.0619  0.234237D+01  0.250560D+01 -0.140437D+03
  328.2127  0.235337D+01  0.250379D+01 -0.129407D+03
  328.3635  0.244650D+01  0.248401D+01 -0.309278D+02
  328.5141  0.243828D+01  0.240056D+01  0.310968D+02
  328.6647  0.235845D+01  0.230187D+01  0.466457D+02
  328.8153  0.236395D+01  0.237913D+01 -0.125164D+02
  328.9657  0.261574D+01  0.263294D+01 -0.141860D+02
  329.1161  0.291984D+01  0.285267D+01  0.553877D+02
  329.2665  0.310266D+01  0.298017D+01  0.969566D+02
  329.4167  0.315777D+01  0.306217D+01  0.756669D+02
  329.5669  0.320851D+01  0.310971D+01  0.751975D+02
  329.7171  0.320122D+01  0.315721D+01  0.334938D+02
  329.8671  0.322695D+01  0.325127D+01 -0.185044D+02
  330.0171  0.332680D+01  0.334629D+01 -0.148389D+02
  330.1671  0.324046D+01  0.329380D+01 -0.405966D+02
  330.3169  0.303291D+01  0.311379D+01 -0.640177D+02
   31 327.307 331.812 329.559  2.371D-01  0.000D+00 -3.928D-02  0.000D+00  1.651D+00  5.779D+01 10300  2.260D-02
  327.3068  0.254198D+01  0.247040D+01  0.615819D+02
  327.4580  0.261052D+01  0.255489D+01  0.458674D+02
  327.6091  0.261981D+01  0.255753D+01  0.513466D+02
  327.7601  0.251725D+01  0.250376D+01  0.116076D+02
  327.9110  0.237152D+01  0.247078D+01 -0.853957D+02
  328.0619  0.234237D+01  0.247981D+01 -0.118244D+03
  328.2127  0.235337D+01  0.249832D+01 -0.124702D+03
  328.3635  0.244650D+01  0.250573D+01 -0.488334D+02
  328.5141  0.243828D+01  0.244899D+01 -0.882986D+01
  328.6647  0.235845D+01  0.231351D+01  0.370496D+02
  328.8153  0.236395D+01  0.234775D+01  0.133597D+02
  328.9657  0.261574D+01  0.263354D+01 -0.146781D+02
  329.1161  0.291984D+01  0.288976D+01  0.248047D+02
  329.2665  0.310266D+01  0.301187D+01  0.718606D+02
  329.4167  0.315777D+01  0.309437D+01  0.501770D+02
  329.5669  0.320851D+01  0.312429D+01  0.640976D+02
  329.7171  0.320122D+01  0.313756D+01  0.484508D+02
  329.8671  0.322695D+01  0.319131D+01  0.271284D+02
  330.0171  0.332680D+01  0.328395D+01  0.326106D+02
  330.1671  0.324046D+01  0.322255D+01  0.136272D+02
  330.3169  0.303291D+01  0.297801D+01  0.434495D+02
  330.4667  0.271537D+01  0.275131D+01 -0.296302D+02
  330.6164  0.252676D+01  0.255928D+01 -0.268155D+02
  330.7661  0.250253D+01  0.255873D+01 -0.463369D+02
  330.9157  0.261417D+01  0.274821D+01 -0.110514D+03
  331.0652  0.276411D+01  0.285885D+01 -0.749896D+02
  331.2147  0.273402D+01  0.280280D+01 -0.544398D+02
  331.3641  0.263010D+01  0.265373D+01 -0.187035D+02
  331.5134  0.258536D+01  0.257111D+01  0.117518D+02
  331.6627  0.268728D+01  0.264606D+01  0.326293D+02
  331.8119  0.286710D+01  0.274185D+01  0.953238D+02
   31 328.815 333.300 331.058  2.317D-01  0.000D+00  6.162D-03  0.000D+00  1.631D+00  4.232D+01   300  1.356D-02
  328.8153  0.236395D+01  0.243257D+01 -0.565803D+02
  328.9657  0.261574D+01  0.265717D+01 -0.341614D+02
  329.1161  0.291984D+01  0.294213D+01 -0.183741D+02
  329.2665  0.310266D+01  0.306679D+01  0.283922D+02
  329.4167  0.315777D+01  0.313434D+01  0.185475D+02
  329.5669  0.320851D+01  0.315803D+01  0.384162D+02
  329.7171  0.320122D+01  0.314498D+01  0.428015D+02
  329.8671  0.322695D+01  0.316131D+01  0.499571D+02
  330.0171  0.332680D+01  0.324162D+01  0.648270D+02
  330.1671  0.324046D+01  0.324278D+01 -0.176328D+01
  330.3169  0.303291D+01  0.301641D+01  0.130572D+02
  330.4667  0.271537D+01  0.277614D+01 -0.501080D+02
  330.6164  0.252676D+01  0.256802D+01 -0.340207D+02
  330.7661  0.250253D+01  0.248827D+01  0.117570D+02
  330.9157  0.261417D+01  0.266036D+01 -0.380826D+02
  331.0652  0.276411D+01  0.283221D+01 -0.539016D+02
  331.2147  0.273402D+01  0.283915D+01 -0.832049D+02
  331.3641  0.263010D+01  0.272247D+01 -0.731085D+02
  331.5134  0.258536D+01  0.262233D+01 -0.304780D+02
  331.6627  0.268728D+01  0.268868D+01 -0.110533D+01
  331.8119  0.286710D+01  0.284854D+01  0.141283D+02
  331.9610  0.295186D+01  0.290780D+01  0.335345D+02
  332.1100  0.288189D+01  0.282185D+01  0.457000D+02
  332.2590  0.269243D+01  0.264438D+01  0.365645D+02
  332.4080  0.265340D+01  0.255856D+01  0.721788D+02
  332.5569  0.278934D+01  0.273104D+01  0.443680D+02
  332.7057  0.293178D+01  0.288921D+01  0.323993D+02
  332.8544  0.284001D+01  0.282018D+01  0.150910D+02
  333.0031  0.272223D+01  0.272858D+01 -0.483517D+01
  333.1517  0.275904D+01  0.280913D+01 -0.381248D+02
  333.3002  0.285988D+01  0.293684D+01 -0.585683D+02
   31 330.317 334.782 332.549  2.352D-01  0.000D+00  1.502D-02  0.000D+00  1.668D+00  4.015D+01 10300  1.330D-02
  330.3169  0.303291D+01  0.295408D+01  0.623978D+02
  330.4667  0.271537D+01  0.272969D+01 -0.118062D+02
  330.6164  0.252676D+01  0.253721D+01 -0.862118D+01
  330.7661  0.250253D+01  0.245812D+01  0.366116D+02
  330.9157  0.261417D+01  0.262234D+01 -0.673911D+01
  331.0652  0.276411D+01  0.280656D+01 -0.336014D+02
  331.2147  0.273402D+01  0.283200D+01 -0.775494D+02
  331.3641  0.263010D+01  0.273062D+01 -0.795568D+02
  331.5134  0.258536D+01  0.263290D+01 -0.391902D+02
  331.6627  0.268728D+01  0.269126D+01 -0.315210D+01
  331.8119  0.286710D+01  0.285067D+01  0.125072D+02
  331.9610  0.295186D+01  0.291968D+01  0.244940D+02
  332.1100  0.288189D+01  0.284124D+01  0.309364D+02
  332.2590  0.269243D+01  0.266499D+01  0.208777D+02
  332.4080  0.265340D+01  0.256541D+01  0.669678D+02
  332.5569  0.278934D+01  0.271396D+01  0.573664D+02
  332.7057  0.293178D+01  0.286869D+01  0.480138D+02
  332.8544  0.284001D+01  0.280172D+01  0.291445D+02
  333.0031  0.272223D+01  0.269523D+01  0.205444D+02
  333.1517  0.275904D+01  0.274530D+01  0.104540D+02
  333.3002  0.285988D+01  0.284956D+01  0.785370D+01
  333.4487  0.275053D+01  0.278950D+01 -0.296557D+02
  333.5971  0.249124D+01  0.255561D+01 -0.489878D+02
  333.7454  0.236495D+01  0.241973D+01 -0.416874D+02
  333.8937  0.246379D+01  0.254801D+01 -0.640924D+02
  334.0419  0.264290D+01  0.270582D+01 -0.478901D+02
  334.1901  0.270000D+01  0.274648D+01 -0.353712D+02
  334.3381  0.281028D+01  0.280128D+01  0.635978D+01
  334.4862  0.295386D+01  0.293906D+01  0.104591D+02
  334.6342  0.306893D+01  0.301103D+01  0.409193D+02
  334.7820  0.294100D+01  0.288992D+01  0.360975D+02
   22 331.812 334.930 333.371  2.324D-01  0.000D+00  4.500D-05  0.000D+00  1.670D+00  1.343D+01 10300  5.099D-03
  331.8119  0.286710D+01  0.286699D+01  0.827734D-01
  331.9610  0.295186D+01  0.295446D+01 -0.197755D+01
  332.1100  0.288189D+01  0.288174D+01  0.117520D+00
  332.2590  0.269243D+01  0.270726D+01 -0.112891D+02
  332.4080  0.265340D+01  0.262809D+01  0.192660D+02
  332.5569  0.278934D+01  0.279990D+01 -0.803833D+01
  332.7057  0.293178D+01  0.293219D+01 -0.313756D+00
  332.8544  0.284001D+01  0.283055D+01  0.720327D+01
  333.0031  0.272223D+01  0.271418D+01  0.612333D+01
  333.1517  0.275904D+01  0.276554D+01 -0.495264D+01
  333.3002  0.285988D+01  0.284721D+01  0.964125D+01
  333.4487  0.275053D+01  0.274790D+01  0.200459D+01
  333.5971  0.249124D+01  0.249244D+01 -0.913706D+00
  333.7454  0.236495D+01  0.237209D+01 -0.543787D+01
  333.8937  0.246379D+01  0.251364D+01 -0.379392D+02
  334.0419  0.264290D+01  0.265890D+01 -0.121794D+02
  334.1901  0.270000D+01  0.269640D+01  0.273965D+01
  334.3381  0.281028D+01  0.277350D+01  0.259899D+02
  334.4862  0.295386D+01  0.294218D+01  0.825597D+01
  334.6342  0.306893D+01  0.303954D+01  0.207687D+02
  334.7820  0.294100D+01  0.294689D+01 -0.416137D+01
  334.9298  0.269050D+01  0.271788D+01 -0.193502D+02
