 rad_fit_vary
           0
 T T
nwave fwave lwave wave    hwe     asym  shift    squeeze      sin      rms   exval 
   31 263.867 274.845 269.356  4.098D-01  0.000D+00 -2.842D-02  0.000D+00  2.855D-03  2.772D+00   304  3.150D-02
  263.8665  0.969295D-03  0.105767D-02 -0.664338D+01
  264.2348  0.126289D-02  0.118330D-02  0.513446D+01
  264.6020  0.102041D-02  0.106885D-02 -0.337556D+01
  264.9681  0.963848D-03  0.932703D-03  0.251994D+01
  265.3330  0.113982D-02  0.103867D-02  0.862200D+01
  265.6969  0.114181D-02  0.113208D-02  0.876013D+00
  266.0598  0.102240D-02  0.106614D-02 -0.413444D+01
  266.4216  0.974637D-03  0.979198D-03 -0.448948D+00
  267.1422  0.999880D-03  0.998972D-03  0.893234D-01
  267.5010  0.103633D-02  0.104522D-02 -0.893528D+00
  267.8589  0.963953D-03  0.994217D-03 -0.310684D+01
  268.2159  0.990767D-03  0.968578D-03  0.218396D+01
  268.5719  0.966572D-03  0.981126D-03 -0.149408D+01
  268.9270  0.949080D-03  0.949448D-03 -0.382362D-01
  269.2813  0.940281D-03  0.943378D-03 -0.317939D+00
  269.6347  0.934415D-03  0.950154D-03 -0.161568D+01
  269.9873  0.107173D-02  0.105104D-02  0.205850D+01
  270.3391  0.114107D-02  0.114179D-02 -0.701683D-01
  270.6901  0.109823D-02  0.111170D-02 -0.131206D+01
  271.0403  0.107257D-02  0.106415D-02  0.829387D+00
  271.3896  0.104104D-02  0.100697D-02  0.338901D+01
  271.7383  0.868637D-03  0.850536D-03  0.180006D+01
  272.0863  0.719377D-03  0.724245D-03 -0.499693D+00
  272.4335  0.782642D-03  0.798576D-03 -0.165352D+01
  272.7800  0.951489D-03  0.967989D-03 -0.160746D+01
  273.1258  0.104733D-02  0.105235D-02 -0.474874D+00
  273.4710  0.889900D-03  0.897276D-03 -0.733605D+00
  273.8155  0.733937D-03  0.708737D-03  0.255940D+01
  274.1594  0.604264D-03  0.601791D-03  0.259480D+00
  274.5026  0.581221D-03  0.574708D-03  0.668610D+00
  274.8453  0.585096D-03  0.600493D-03 -0.159776D+01
   31 267.859 278.241 273.050  4.180D-01  0.000D+00  2.039D-03  0.000D+00  3.041D-03  1.599D+00 10000  1.962D-02
  267.8589  0.963953D-03  0.975664D-03 -0.120220D+01
  268.2159  0.990767D-03  0.953243D-03  0.369327D+01
  268.5719  0.966572D-03  0.974324D-03 -0.795876D+00
  268.9270  0.949080D-03  0.952445D-03 -0.349212D+00
  269.2813  0.940281D-03  0.946622D-03 -0.650986D+00
  269.6347  0.934415D-03  0.955219D-03 -0.213568D+01
  269.9873  0.107173D-02  0.104796D-02  0.236429D+01
  270.3391  0.114107D-02  0.114649D-02 -0.533342D+00
  270.6901  0.109823D-02  0.112533D-02 -0.263966D+01
  271.0403  0.107257D-02  0.107301D-02 -0.432931D-01
  271.3896  0.104104D-02  0.101822D-02  0.226981D+01
  271.7383  0.868637D-03  0.867509D-03  0.112155D+00
  272.0863  0.719377D-03  0.729288D-03 -0.101742D+01
  272.4335  0.782642D-03  0.783877D-03 -0.128163D+00
  272.7800  0.951489D-03  0.944259D-03  0.704325D+00
  273.1258  0.104733D-02  0.104090D-02  0.607708D+00
  273.4710  0.889900D-03  0.903984D-03 -0.140065D+01
  273.8155  0.733937D-03  0.714019D-03  0.202296D+01
  274.1594  0.604264D-03  0.599806D-03  0.467706D+00
  274.5026  0.581221D-03  0.566825D-03  0.147786D+01
  274.8453  0.585096D-03  0.588070D-03 -0.308563D+00
  275.1873  0.716445D-03  0.695634D-03  0.209138D+01
  275.5288  0.796259D-03  0.801508D-03 -0.516592D+00
  275.8697  0.980817D-03  0.972692D-03  0.767993D+00
  276.2100  0.113070D-02  0.113251D-02 -0.164430D+00
  276.5498  0.117051D-02  0.120380D-02 -0.294276D+01
  276.8890  0.119701D-02  0.122331D-02 -0.228302D+01
  277.2278  0.125294D-02  0.125429D-02 -0.115440D+00
  277.5660  0.119554D-02  0.119452D-02  0.866236D-01
  277.9037  0.103843D-02  0.999874D-03  0.328622D+01
  278.2410  0.882044D-03  0.882874D-03 -0.727212D-01
   31 271.390 281.589 276.489  4.234D-01  0.000D+00  3.944D-03  0.000D+00  3.301D-03  1.574D+00 10300  1.909D-02
  271.3896  0.104104D-02  0.103146D-02  0.952752D+00
  271.7383  0.868637D-03  0.877048D-03 -0.836515D+00
  272.0863  0.719377D-03  0.736699D-03 -0.177819D+01
  272.4335  0.782642D-03  0.787344D-03 -0.487945D+00
  272.7800  0.951489D-03  0.945055D-03  0.626753D+00
  273.1258  0.104733D-02  0.103912D-02  0.775619D+00
  273.4710  0.889900D-03  0.904432D-03 -0.144523D+01
  273.8155  0.733937D-03  0.715011D-03  0.192216D+01
  274.1594  0.604264D-03  0.600216D-03  0.424733D+00
  274.5026  0.581221D-03  0.566355D-03  0.152608D+01
  274.8453  0.585096D-03  0.587901D-03 -0.291044D+00
  275.1873  0.716445D-03  0.693712D-03  0.228449D+01
  275.5288  0.796259D-03  0.801133D-03 -0.479753D+00
  275.8697  0.980817D-03  0.970837D-03  0.943304D+00
  276.2100  0.113070D-02  0.113114D-02 -0.392685D-01
  276.5498  0.117051D-02  0.120340D-02 -0.290817D+01
  276.8890  0.119701D-02  0.122466D-02 -0.240047D+01
  277.2278  0.125294D-02  0.125462D-02 -0.142803D+00
  277.5660  0.119554D-02  0.119520D-02  0.287179D-01
  277.9037  0.103843D-02  0.100324D-02  0.299964D+01
  278.2410  0.882044D-03  0.884933D-03 -0.253073D+00
  278.5777  0.834804D-03  0.837812D-03 -0.263449D+00
  278.9141  0.698533D-03  0.707682D-03 -0.816327D+00
  279.2499  0.515128D-03  0.529361D-03 -0.131933D+01
  279.5853  0.449454D-03  0.427570D-03  0.202838D+01
  279.9203  0.444740D-03  0.403059D-03  0.382629D+01
  280.2549  0.454377D-03  0.434647D-03  0.186500D+01
  280.5890  0.547598D-03  0.560157D-03 -0.117545D+01
  280.9227  0.815846D-03  0.792949D-03  0.206224D+01
  281.2561  0.104356D-02  0.105961D-02 -0.139358D+01
  281.5891  0.134878D-02  0.135677D-02 -0.669391D+00
   31 274.845 284.899 279.872  4.481D-01  0.000D+00 -7.912D-03  0.000D+00  3.796D-03  2.561D+00 10300  3.733D-02
  274.8453  0.585096D-03  0.579612D-03  0.569159D+00
  275.1873  0.716445D-03  0.685024D-03  0.315760D+01
  275.5288  0.796259D-03  0.800185D-03 -0.386461D+00
  275.8697  0.980817D-03  0.971706D-03  0.861241D+00
  276.2100  0.113070D-02  0.112982D-02  0.805180D-01
  276.5498  0.117051D-02  0.120559D-02 -0.310090D+01
  276.8890  0.119701D-02  0.123385D-02 -0.319803D+01
  277.2278  0.125294D-02  0.125922D-02 -0.535348D+00
  277.5660  0.119554D-02  0.119218D-02  0.283932D+00
  277.9037  0.103843D-02  0.100959D-02  0.245792D+01
  278.2410  0.882044D-03  0.892611D-03 -0.925583D+00
  278.5777  0.834804D-03  0.834556D-03  0.217287D-01
  278.9141  0.698533D-03  0.701290D-03 -0.245985D+00
  279.2499  0.515128D-03  0.528562D-03 -0.124527D+01
  279.5853  0.449454D-03  0.427655D-03  0.202057D+01
  279.9203  0.444740D-03  0.402323D-03  0.389392D+01
  280.2549  0.454377D-03  0.435865D-03  0.174981D+01
  280.5890  0.547598D-03  0.561942D-03 -0.134257D+01
  280.9227  0.815846D-03  0.783076D-03  0.295153D+01
  281.2561  0.104356D-02  0.103837D-02  0.450464D+00
  281.5891  0.134878D-02  0.131439D-02  0.288026D+01
  281.9216  0.160488D-02  0.155703D-02  0.390409D+01
  282.2538  0.173654D-02  0.172677D-02  0.777267D+00
  282.5857  0.183741D-02  0.183801D-02 -0.487185D-01
  282.9171  0.196917D-02  0.197602D-02 -0.539779D+00
  283.2483  0.199924D-02  0.207738D-02 -0.621697D+01
  283.5790  0.196457D-02  0.204993D-02 -0.684879D+01
  283.9095  0.203307D-02  0.201715D-02  0.126681D+01
  284.2396  0.193733D-02  0.189721D-02  0.324649D+01
  284.5694  0.161619D-02  0.159110D-02  0.211983D+01
  284.8989  0.114265D-02  0.112181D-02  0.193093D+01
   31 278.241 288.177 283.209  4.082D-01  0.000D+00 -7.506D-03  0.000D+00  4.299D-03  2.589D+00 10300  1.245D-02
  278.2410  0.882044D-03  0.890592D-03 -0.748757D+00
  278.5777  0.834804D-03  0.848374D-03 -0.118857D+01
  278.9141  0.698533D-03  0.710566D-03 -0.107363D+01
  279.2499  0.515128D-03  0.525871D-03 -0.995787D+00
  279.5853  0.449454D-03  0.425779D-03  0.219447D+01
  279.9203  0.444740D-03  0.402037D-03  0.392013D+01
  280.2549  0.454377D-03  0.432161D-03  0.210000D+01
  280.5890  0.547598D-03  0.557198D-03 -0.898498D+00
  280.9227  0.815846D-03  0.786865D-03  0.261023D+01
  281.2561  0.104356D-02  0.104019D-02  0.292284D+00
  281.5891  0.134878D-02  0.132163D-02  0.227366D+01
  281.9216  0.160488D-02  0.156609D-02  0.316502D+01
  282.2538  0.173654D-02  0.173381D-02  0.217342D+00
  282.5857  0.183741D-02  0.183301D-02  0.355547D+00
  282.9171  0.196917D-02  0.197528D-02 -0.481550D+00
  283.2483  0.199924D-02  0.208930D-02 -0.716520D+01
  283.5790  0.196457D-02  0.204254D-02 -0.625551D+01
  283.9095  0.203307D-02  0.202177D-02  0.899277D+00
  284.2396  0.193733D-02  0.191038D-02  0.218084D+01
  284.5694  0.161619D-02  0.160886D-02  0.619080D+00
  284.8989  0.114265D-02  0.111420D-02  0.263705D+01
  285.2280  0.795840D-03  0.753361D-03  0.413834D+01
  285.5569  0.993176D-03  0.988285D-03  0.471688D+00
  285.8854  0.168103D-02  0.166308D-02  0.150298D+01
  286.2136  0.230027D-02  0.227139D-02  0.225997D+01
  286.5416  0.256401D-02  0.254749D-02  0.124237D+01
  286.8692  0.263765D-02  0.266257D-02 -0.185868D+01
  287.1966  0.286096D-02  0.289637D-02 -0.258073D+01
  287.5236  0.287468D-02  0.286180D-02  0.938942D+00
  287.8504  0.247027D-02  0.243577D-02  0.263454D+01
  288.1769  0.208293D-02  0.211941D-02 -0.285493D+01
   31 281.589 291.427 286.508  4.024D-01  0.000D+00 -6.741D-03  0.000D+00  5.004D-03  3.131D+00 10300  1.326D-02
  281.5891  0.134878D-02  0.132787D-02  0.175143D+01
  281.9216  0.160488D-02  0.156841D-02  0.297541D+01
  282.2538  0.173654D-02  0.173262D-02  0.312049D+00
  282.5857  0.183741D-02  0.182740D-02  0.809802D+00
  282.9171  0.196917D-02  0.196864D-02  0.422445D-01
  283.2483  0.199924D-02  0.208475D-02 -0.680312D+01
  283.5790  0.196457D-02  0.203591D-02 -0.572389D+01
  283.9095  0.203307D-02  0.201884D-02  0.113240D+01
  284.2396  0.193733D-02  0.191068D-02  0.215642D+01
  284.5694  0.161619D-02  0.161245D-02  0.315698D+00
  284.8989  0.114265D-02  0.111565D-02  0.250261D+01
  285.2280  0.795840D-03  0.748099D-03  0.465088D+01
  285.5569  0.993176D-03  0.985286D-03  0.760891D+00
  285.8854  0.168103D-02  0.166865D-02  0.103641D+01
  286.2136  0.230027D-02  0.228277D-02  0.136954D+01
  286.5416  0.256401D-02  0.255766D-02  0.477736D+00
  286.8692  0.263765D-02  0.266550D-02 -0.207782D+01
  287.1966  0.286096D-02  0.290142D-02 -0.294899D+01
  287.5236  0.287468D-02  0.286198D-02  0.925961D+00
  287.8504  0.247027D-02  0.242540D-02  0.342712D+01
  288.1769  0.208293D-02  0.208935D-02 -0.503079D+00
  288.5031  0.268960D-02  0.264237D-02  0.349509D+01
  288.8290  0.338415D-02  0.329708D-02  0.598087D+01
  289.1547  0.356651D-02  0.358144D-02 -0.950150D+00
  289.4801  0.403157D-02  0.406036D-02 -0.183223D+01
  289.8052  0.481400D-02  0.483603D-02 -0.131400D+01
  290.1301  0.547912D-02  0.551790D-02 -0.217777D+01
  290.4546  0.578916D-02  0.584443D-02 -0.310390D+01
  290.7789  0.567080D-02  0.577410D-02 -0.580121D+01
  291.1029  0.575041D-02  0.572521D-02  0.141524D+01
  291.4267  0.591695D-02  0.579107D-02  0.667686D+01
   31 284.899 294.649 289.774  3.821D-01  0.000D+00 -9.254D-04  0.000D+00  5.968D-03  3.134D+00 10300  9.831D-03
  284.8989  0.114265D-02  0.114487D-02 -0.206586D+00
  285.2280  0.795840D-03  0.738362D-03  0.559950D+01
  285.5569  0.993176D-03  0.974740D-03  0.177792D+01
  285.8854  0.168103D-02  0.168487D-02 -0.321517D+00
  286.2136  0.230027D-02  0.231826D-02 -0.140773D+01
  286.5416  0.256401D-02  0.258771D-02 -0.178133D+01
  286.8692  0.263765D-02  0.267094D-02 -0.248322D+01
  287.1966  0.286096D-02  0.292442D-02 -0.462512D+01
  287.5236  0.287468D-02  0.288757D-02 -0.938964D+00
  287.8504  0.247027D-02  0.243664D-02  0.256829D+01
  288.1769  0.208293D-02  0.204097D-02  0.328357D+01
  288.5031  0.268960D-02  0.262005D-02  0.514702D+01
  288.8290  0.338415D-02  0.329683D-02  0.599751D+01
  289.1547  0.356651D-02  0.355172D-02  0.941357D+00
  289.4801  0.403157D-02  0.401886D-02  0.809313D+00
  289.8052  0.481400D-02  0.481073D-02  0.195600D+00
  290.1301  0.547912D-02  0.551199D-02 -0.184581D+01
  290.4546  0.578916D-02  0.586310D-02 -0.415242D+01
  290.7789  0.567080D-02  0.579405D-02 -0.692153D+01
  291.1029  0.575041D-02  0.575471D-02 -0.241484D+00
  291.4267  0.591695D-02  0.586754D-02  0.262083D+01
  291.7502  0.584154D-02  0.577082D-02  0.375078D+01
  292.0733  0.585201D-02  0.581532D-02  0.206032D+01
  292.3963  0.561634D-02  0.558861D-02  0.155711D+01
  292.7189  0.528116D-02  0.534518D-02 -0.359553D+01
  293.0413  0.596513D-02  0.602492D-02 -0.335745D+01
  293.3633  0.681774D-02  0.673529D-02  0.414308D+01
  293.6852  0.625213D-02  0.621557D-02  0.193897D+01
  294.0067  0.589600D-02  0.594782D-02 -0.290998D+01
  294.3279  0.657788D-02  0.654320D-02  0.183945D+01
  294.6488  0.662502D-02  0.664884D-02 -0.126342D+01
   31 288.177 298.158 293.168  3.417D-01  0.000D+00  1.625D-02  0.000D+00  7.389D-03  4.835D+00 10000  9.686D-03
  288.1769  0.208293D-02  0.198374D-02  0.776182D+01
  288.5031  0.268960D-02  0.262421D-02  0.483910D+01
  288.8290  0.338415D-02  0.338781D-02 -0.250998D+00
  289.1547  0.356651D-02  0.358655D-02 -0.127513D+01
  289.4801  0.403157D-02  0.402409D-02  0.476479D+00
  289.8052  0.481400D-02  0.484537D-02 -0.187183D+01
  290.1301  0.547912D-02  0.557372D-02 -0.531234D+01
  290.4546  0.578916D-02  0.593927D-02 -0.842959D+01
  290.7789  0.567080D-02  0.583024D-02 -0.895360D+01
  291.1029  0.575041D-02  0.573400D-02  0.921711D+00
  291.4267  0.591695D-02  0.589520D-02  0.115388D+01
  291.7502  0.584154D-02  0.572333D-02  0.626963D+01
  292.0733  0.585201D-02  0.579952D-02  0.294796D+01
  292.3963  0.561634D-02  0.557838D-02  0.213179D+01
  292.7189  0.528116D-02  0.520416D-02  0.432408D+01
  293.0413  0.596513D-02  0.588741D-02  0.436503D+01
  293.3633  0.681774D-02  0.677589D-02  0.210332D+01
  293.6852  0.625213D-02  0.616715D-02  0.450728D+01
  294.0067  0.589600D-02  0.578543D-02  0.620996D+01
  294.3279  0.657788D-02  0.651206D-02  0.349116D+01
  294.6488  0.662502D-02  0.669339D-02 -0.362640D+01
  294.9694  0.630555D-02  0.635539D-02 -0.264374D+01
  295.6098  0.782747D-02  0.783988D-02 -0.592355D+00
  295.9295  0.841194D-02  0.849220D-02 -0.383115D+01
  296.2489  0.893775D-02  0.901733D-02 -0.361803D+01
  296.5680  0.754257D-02  0.772705D-02 -0.880660D+01
  296.8867  0.644381D-02  0.659879D-02 -0.821983D+01
  297.2051  0.734251D-02  0.737601D-02 -0.168314D+01
  297.5232  0.951384D-02  0.949891D-02  0.678593D+00
  297.8410  0.114652D-01  0.113362D-01  0.535629D+01
  298.1584  0.954736D-02  0.936463D-02  0.792959D+01
   31 291.427 301.311 296.369  3.308D-01  0.000D+00 -1.817D-03  0.000D+00  9.728D-03  8.310D+00 10000  1.122D-02
  291.4267  0.591695D-02  0.579094D-02  0.668345D+01
  291.7502  0.584154D-02  0.573200D-02  0.581004D+01
  292.0733  0.585201D-02  0.592051D-02 -0.384709D+01
  292.3963  0.561634D-02  0.570327D-02 -0.488208D+01
  292.7189  0.528116D-02  0.534106D-02 -0.336426D+01
  293.0413  0.596513D-02  0.612343D-02 -0.888957D+01
  293.3633  0.681774D-02  0.698054D-02 -0.818022D+01
  293.6852  0.625213D-02  0.620409D-02  0.254795D+01
  294.0067  0.589600D-02  0.583572D-02  0.338529D+01
  294.3279  0.657788D-02  0.656062D-02  0.915817D+00
  294.6488  0.662502D-02  0.661964D-02  0.284967D+00
  294.9694  0.630555D-02  0.623659D-02  0.365742D+01
  295.6098  0.782747D-02  0.763906D-02  0.899412D+01
  295.9295  0.841194D-02  0.829505D-02  0.557956D+01
  296.2489  0.893775D-02  0.879691D-02  0.640302D+01
  296.5680  0.754257D-02  0.742346D-02  0.568566D+01
  296.8867  0.644381D-02  0.646508D-02 -0.112824D+01
  297.2051  0.734251D-02  0.739238D-02 -0.250617D+01
  297.5232  0.951384D-02  0.974730D-02 -0.106136D+02
  297.8410  0.114652D-01  0.117262D-01 -0.108338D+02
  298.1584  0.954736D-02  0.961431D-02 -0.290573D+01
  298.4754  0.757399D-02  0.759083D-02 -0.803960D+00
  298.7921  0.940595D-02  0.944217D-02 -0.164631D+01
  299.1084  0.127515D-01  0.125613D-01  0.726302D+01
  299.4243  0.129348D-01  0.125677D-01  0.140190D+02
  299.7398  0.140691D-01  0.139377D-01  0.482456D+01
  300.0550  0.123765D-01  0.128279D-01 -0.172381D+02
  300.3697  0.121701D-01  0.129989D-01 -0.109901D+02
  300.6840  0.157283D-01  0.166810D-01 -0.124598D+02
  300.9979  0.187815D-01  0.189556D-01 -0.224610D+01
  301.3114  0.247362D-01  0.228716D-01  0.234234D+02
   31 294.649 304.420 299.534  3.113D-01  0.000D+00  7.024D-04  0.000D+00  1.715D-02  1.922D+01 10300  2.026D-02
  294.6488  0.662502D-02  0.632514D-02  0.159055D+02
  294.9694  0.630555D-02  0.617424D-02  0.696483D+01
  295.6098  0.782747D-02  0.802218D-02 -0.929470D+01
  295.9295  0.841194D-02  0.876207D-02 -0.167138D+02
  296.2489  0.893775D-02  0.931017D-02 -0.169314D+02
  296.5680  0.754257D-02  0.767233D-02 -0.619450D+01
  296.8867  0.644381D-02  0.651649D-02 -0.385470D+01
  297.2051  0.734251D-02  0.733416D-02  0.419639D+00
  297.5232  0.951384D-02  0.954111D-02 -0.123982D+01
  297.8410  0.114652D-01  0.115097D-01 -0.184559D+01
  298.1584  0.954736D-02  0.920740D-02  0.147529D+02
  298.4754  0.757399D-02  0.710137D-02  0.225609D+02
  298.7921  0.940595D-02  0.894921D-02  0.207645D+02
  299.1084  0.127515D-01  0.122584D-01  0.188309D+02
  299.4243  0.129348D-01  0.121785D-01  0.288787D+02
  299.7398  0.140691D-01  0.140518D-01  0.637821D+00
  300.0550  0.123765D-01  0.130861D-01 -0.270986D+02
  300.3697  0.121701D-01  0.135203D-01 -0.179036D+02
  300.6840  0.157283D-01  0.182954D-01 -0.335744D+02
  300.9979  0.187815D-01  0.212199D-01 -0.314591D+02
  301.3114  0.247362D-01  0.268388D-01 -0.264133D+02
  301.6244  0.264226D-01  0.286391D-01 -0.274828D+02
  301.9370  0.219207D-01  0.234708D-01 -0.194725D+02
  302.2491  0.250389D-01  0.264544D-01 -0.177818D+02
  302.5608  0.376552D-01  0.392733D-01 -0.193103D+02
  302.8719  0.526021D-01  0.519397D-01  0.790537D+01
  303.1826  0.644381D-01  0.614075D-01  0.361671D+02
  303.4928  0.739593D-01  0.716879D-01  0.271069D+02
  303.8024  0.689944D-01  0.684965D-01  0.594205D+01
  304.1115  0.702514D-01  0.715560D-01 -0.155696D+02
  304.4201  0.866542D-01  0.869840D-01 -0.349842D+01
   31 298.158 307.473 302.816  3.124D-01  0.000D+00  1.087D-02  0.000D+00  5.281D-02  4.274D+01 10300  2.328D-02
  298.1584  0.954736D-02  0.100378D-01 -0.212835D+02
  298.4754  0.757399D-02  0.754346D-02  0.145750D+01
  298.7921  0.940595D-02  0.918200D-02  0.101815D+02
  299.1084  0.127515D-01  0.124252D-01  0.124598D+02
  299.4243  0.129348D-01  0.122104D-01  0.276636D+02
  299.7398  0.140691D-01  0.137864D-01  0.103810D+02
  300.0550  0.123765D-01  0.128677D-01 -0.187590D+02
  300.3697  0.121701D-01  0.129609D-01 -0.104861D+02
  300.6840  0.157283D-01  0.175405D-01 -0.237006D+02
  300.9979  0.187815D-01  0.202990D-01 -0.195773D+02
  301.3114  0.247362D-01  0.257520D-01 -0.127605D+02
  301.6244  0.264226D-01  0.278179D-01 -0.173006D+02
  301.9370  0.219207D-01  0.230891D-01 -0.146780D+02
  302.2491  0.250389D-01  0.256648D-01 -0.786317D+01
  302.5608  0.376552D-01  0.385810D-01 -0.110477D+02
  302.8719  0.526021D-01  0.516206D-01  0.117136D+02
  303.1826  0.644381D-01  0.617916D-01  0.315827D+02
  303.4928  0.739593D-01  0.730792D-01  0.105025D+02
  303.8024  0.689944D-01  0.709189D-01 -0.229666D+02
  304.1115  0.702514D-01  0.743225D-01 -0.485852D+02
  304.4201  0.866542D-01  0.910003D-01 -0.461033D+02
  304.7281  0.102135D+00  0.101596D+00  0.571793D+01
  305.0356  0.125566D+00  0.115253D+00  0.984655D+02
  305.3425  0.149144D+00  0.140106D+00  0.862881D+02
  305.6487  0.131924D+00  0.127794D+00  0.394350D+02
  305.9544  0.119753D+00  0.117906D+00  0.176324D+02
  306.2595  0.148076D+00  0.158122D+00 -0.871931D+02
  306.5638  0.154664D+00  0.168437D+00 -0.119536D+03
  306.8676  0.178168D+00  0.182425D+00 -0.338669D+02
  307.1707  0.232740D+00  0.229000D+00  0.255008D+02
  307.4731  0.257648D+00  0.247969D+00  0.615995D+02
   29 301.311 309.866 305.589  3.073D-01  0.000D+00 -6.036D-03  0.000D+00  1.407D-01  5.769D+01 10000  2.831D-02
  301.3114  0.247362D-01  0.247655D-01 -0.368488D+00
  301.6244  0.264226D-01  0.264006D-01  0.272303D+00
  301.9370  0.219207D-01  0.217267D-01  0.243702D+01
  302.2491  0.250389D-01  0.252821D-01 -0.305537D+01
  302.5608  0.376552D-01  0.382084D-01 -0.660130D+01
  302.8719  0.526021D-01  0.514878D-01  0.132986D+02
  303.1826  0.644381D-01  0.618317D-01  0.311049D+02
  303.4928  0.739593D-01  0.734449D-01  0.613876D+01
  303.8024  0.689944D-01  0.708402D-01 -0.220269D+02
  304.1115  0.702514D-01  0.754218D-01 -0.617035D+02
  304.4201  0.866542D-01  0.930712D-01 -0.680715D+02
  304.7281  0.102135D+00  0.102652D+00 -0.548266D+01
  305.0356  0.125566D+00  0.117859D+00  0.735821D+02
  305.3425  0.149144D+00  0.141711D+00  0.709636D+02
  305.6487  0.131924D+00  0.126711D+00  0.497757D+02
  305.9544  0.119753D+00  0.118159D+00  0.152140D+02
  306.2595  0.148076D+00  0.159340D+00 -0.977684D+02
  306.5638  0.154664D+00  0.165692D+00 -0.957106D+02
  306.8676  0.178168D+00  0.180545D+00 -0.189117D+02
  307.1707  0.232740D+00  0.224777D+00  0.543016D+02
  307.4731  0.257648D+00  0.239647D+00  0.114573D+03
  307.7748  0.273621D+00  0.259138D+00  0.864225D+02
  308.0758  0.277999D+00  0.279604D+00 -0.957410D+01
  308.3761  0.286693D+00  0.297506D+00 -0.607268D+02
  308.6756  0.319897D+00  0.334831D+00 -0.750401D+02
  308.9744  0.293459D+00  0.309534D+00 -0.767335D+02
  309.2723  0.265503D+00  0.273781D+00 -0.376333D+02
  309.5695  0.307642D+00  0.298511D+00  0.379019D+02
  309.8659  0.331094D+00  0.300779D+00  0.111314D+03
   19 304.420 309.866 307.143  3.112D-01  0.000D+00 -1.305D-02  0.000D+00  2.155D-01  6.612D+01 10300  3.724D-02
  304.4201  0.866542D-01  0.895505D-01 -0.307239D+02
  304.7281  0.102135D+00  0.102183D+00 -0.503057D+00
  305.0356  0.125566D+00  0.120303D+00  0.502482D+02
  305.3425  0.149144D+00  0.144581D+00  0.435657D+02
  305.6487  0.131924D+00  0.129066D+00  0.272890D+02
  305.9544  0.119753D+00  0.121455D+00 -0.162531D+02
  306.2595  0.148076D+00  0.161704D+00 -0.118287D+03
  306.5638  0.154664D+00  0.166635D+00 -0.103896D+03
  306.8676  0.178168D+00  0.181596D+00 -0.272680D+02
  307.1707  0.232740D+00  0.223545D+00  0.627036D+02
  307.4731  0.257648D+00  0.237213D+00  0.130060D+03
  307.7748  0.273621D+00  0.256120D+00  0.104426D+03
  308.0758  0.277999D+00  0.275621D+00  0.141926D+02
  308.3761  0.286693D+00  0.294966D+00 -0.464632D+02
  308.6756  0.319897D+00  0.331421D+00 -0.579077D+02
  308.9744  0.293459D+00  0.307825D+00 -0.685766D+02
  309.2723  0.265503D+00  0.275830D+00 -0.469482D+02
  309.5695  0.307642D+00  0.304002D+00  0.151071D+02
  309.8659  0.331094D+00  0.309030D+00  0.810173D+02
   31 310.032 314.779 312.406  2.760D-01  0.000D+00  3.892D-03  0.000D+00  6.399D-01  4.789D+01 10000  2.207D-02
  310.0320  0.354802D+00  0.330319D+00  0.327293D+02
  310.1914  0.348418D+00  0.344192D+00  0.576411D+01
  310.3507  0.430914D+00  0.433614D+00 -0.383666D+01
  310.5099  0.557444D+00  0.547618D+00  0.139652D+02
  310.6691  0.642600D+00  0.630768D+00  0.177515D+02
  310.8281  0.693768D+00  0.687186D+00  0.987372D+01
  310.9871  0.718120D+00  0.715482D+00  0.419045D+01
  311.1460  0.718330D+00  0.723050D+00 -0.749778D+01
  311.3049  0.704347D+00  0.731391D+00 -0.456433D+02
  311.4636  0.707384D+00  0.731222D+00 -0.402318D+02
  311.6223  0.672767D+00  0.706559D+00 -0.570322D+02
  311.7809  0.637363D+00  0.660514D+00 -0.416773D+02
  311.9394  0.604212D+00  0.618102D+00 -0.250059D+02
  312.0978  0.607354D+00  0.607678D+00 -0.582249D+00
  312.2562  0.657526D+00  0.639748D+00  0.320058D+02
  312.4144  0.723358D+00  0.691089D+00  0.544596D+02
  312.5726  0.760175D+00  0.718859D+00  0.697285D+02
  312.7307  0.773163D+00  0.731749D+00  0.698959D+02
  312.8888  0.798982D+00  0.755540D+00  0.733186D+02
  313.0468  0.821921D+00  0.774026D+00  0.808330D+02
  313.2046  0.806524D+00  0.777505D+00  0.489760D+02
  313.3624  0.771540D+00  0.780420D+00 -0.149878D+02
  313.5201  0.763789D+00  0.807648D+00 -0.740215D+02
  313.6778  0.810923D+00  0.875286D+00 -0.108627D+03
  313.8354  0.914200D+00  0.965721D+00 -0.869526D+02
  313.9929  0.998571D+00  0.102801D+01 -0.467662D+02
  314.1503  0.102738D+01  0.101544D+01  0.189623D+02
  314.3076  0.913257D+00  0.906303D+00  0.110466D+02
  314.4649  0.787042D+00  0.776101D+00  0.184639D+02
  314.6221  0.772796D+00  0.769164D+00  0.613023D+01
  314.7792  0.935358D+00  0.896509D+00  0.617094D+02
   31 311.622 316.346 313.984  2.636D-01  0.000D+00 -2.713D-02  0.000D+00  7.895D-01  6.029D+01 10300  2.262D-02
  311.6223  0.672767D+00  0.696386D+00 -0.398630D+02
  311.7809  0.637363D+00  0.646706D+00 -0.168188D+02
  311.9394  0.604212D+00  0.607921D+00 -0.667763D+01
  312.0978  0.607354D+00  0.606836D+00  0.932717D+00
  312.2562  0.657526D+00  0.649273D+00  0.148582D+02
  312.4144  0.723358D+00  0.703818D+00  0.329768D+02
  312.5726  0.760175D+00  0.725489D+00  0.585396D+02
  312.7307  0.773163D+00  0.740145D+00  0.557256D+02
  312.8888  0.798982D+00  0.768563D+00  0.513396D+02
  313.0468  0.821921D+00  0.785399D+00  0.616389D+02
  313.2046  0.806524D+00  0.786456D+00  0.338685D+02
  313.3624  0.771540D+00  0.790036D+00 -0.312164D+02
  313.5201  0.763789D+00  0.823988D+00 -0.101599D+03
  313.6778  0.810923D+00  0.899745D+00 -0.149906D+03
  313.8354  0.914200D+00  0.991031D+00 -0.129668D+03
  313.9929  0.998571D+00  0.104108D+01 -0.675197D+02
  314.1503  0.102738D+01  0.100522D+01  0.351907D+02
  314.3076  0.913257D+00  0.869568D+00  0.693979D+02
  314.4649  0.787042D+00  0.737693D+00  0.832863D+02
  314.6221  0.772796D+00  0.759179D+00  0.229824D+02
  314.7792  0.935358D+00  0.896504D+00  0.617165D+02
  314.9362  0.107430D+01  0.102525D+01  0.779119D+02
  315.0931  0.113254D+01  0.108932D+01  0.686482D+02
  315.2500  0.112348D+01  0.110574D+01  0.281793D+02
  315.4068  0.107530D+01  0.109297D+01 -0.280800D+02
  315.5635  0.992443D+00  0.102442D+01 -0.507913D+02
  315.7202  0.852297D+00  0.891311D+00 -0.619715D+02
  315.8768  0.745773D+00  0.766301D+00 -0.346463D+02
  316.0333  0.721682D+00  0.743182D+00 -0.362868D+02
  316.1897  0.831872D+00  0.829320D+00  0.405362D+01
  316.3460  0.985530D+00  0.959295D+00  0.393583D+02
   31 313.205 317.905 315.555  2.714D-01  0.000D+00 -2.891D-02  0.000D+00  9.439D-01  5.748D+01 10300  2.069D-02
  313.2046  0.806524D+00  0.744203D+00  0.105180D+03
  313.3624  0.771540D+00  0.757257D+00  0.241051D+02
  313.5201  0.763789D+00  0.797989D+00 -0.577200D+02
  313.6778  0.810923D+00  0.877575D+00 -0.112489D+03
  313.8354  0.914200D+00  0.970891D+00 -0.956777D+02
  313.9929  0.998571D+00  0.102362D+01 -0.397826D+02
  314.1503  0.102738D+01  0.991689D+00  0.566846D+02
  314.3076  0.913257D+00  0.864386D+00  0.776283D+02
  314.4649  0.787042D+00  0.744233D+00  0.722477D+02
  314.6221  0.772796D+00  0.767325D+00  0.923386D+01
  314.7792  0.935358D+00  0.902553D+00  0.521082D+02
  314.9362  0.107430D+01  0.103107D+01  0.686682D+02
  315.0931  0.113254D+01  0.109863D+01  0.538558D+02
  315.2500  0.112348D+01  0.111756D+01  0.939816D+01
  315.4068  0.107530D+01  0.110430D+01 -0.460663D+02
  315.5635  0.992443D+00  0.103496D+01 -0.675335D+02
  315.7202  0.852297D+00  0.903666D+00 -0.815970D+02
  315.8768  0.745773D+00  0.782701D+00 -0.623248D+02
  316.0333  0.721682D+00  0.761767D+00 -0.676528D+02
  316.1897  0.831872D+00  0.848245D+00 -0.260084D+02
  316.3460  0.985530D+00  0.977623D+00  0.118625D+02
  316.5023  0.111248D+01  0.107548D+01  0.555127D+02
  316.6585  0.119622D+01  0.113746D+01  0.835181D+02
  316.8146  0.123419D+01  0.120224D+01  0.454088D+02
  316.9706  0.131458D+01  0.130632D+01  0.117405D+02
  317.1266  0.142189D+01  0.144385D+01 -0.312048D+02
  317.2825  0.153229D+01  0.153014D+01  0.290730D+01
  317.4383  0.152051D+01  0.153272D+01 -0.173602D+02
  317.5941  0.147761D+01  0.149945D+01 -0.310275D+02
  317.7497  0.138785D+01  0.139880D+01 -0.155574D+02
  317.9053  0.123131D+01  0.120194D+01  0.417447D+02
   31 314.779 319.457 317.118  2.394D-01  0.000D+00 -3.724D-02  0.000D+00  1.044D+00  6.193D+01   300  1.799D-02
  314.7792  0.935358D+00  0.940072D+00 -0.748711D+01
  314.9362  0.107430D+01  0.106686D+01  0.118115D+02
  315.0931  0.113254D+01  0.111419D+01  0.291437D+02
  315.2500  0.112348D+01  0.111875D+01  0.751509D+01
  315.4068  0.107530D+01  0.110223D+01 -0.427882D+02
  315.5635  0.992443D+00  0.102665D+01 -0.543367D+02
  315.7202  0.852297D+00  0.876657D+00 -0.386955D+02
  315.8768  0.745773D+00  0.740565D+00  0.878845D+01
  316.0333  0.721682D+00  0.727830D+00 -0.103767D+02
  316.1897  0.831872D+00  0.827840D+00  0.640460D+01
  316.3460  0.985530D+00  0.970224D+00  0.229627D+02
  316.5023  0.111248D+01  0.106244D+01  0.750676D+02
  316.6585  0.119622D+01  0.111745D+01  0.111950D+03
  316.8146  0.123419D+01  0.117997D+01  0.770542D+02
  316.9706  0.131458D+01  0.129025D+01  0.345782D+02
  317.1266  0.142189D+01  0.145638D+01 -0.490113D+02
  317.2825  0.153229D+01  0.155240D+01 -0.271494D+02
  317.4383  0.152051D+01  0.154905D+01 -0.405663D+02
  317.5941  0.147761D+01  0.153569D+01 -0.825424D+02
  317.7497  0.138785D+01  0.145395D+01 -0.939431D+02
  317.9053  0.123131D+01  0.123041D+01  0.127592D+01
  318.0609  0.105209D+01  0.104725D+01  0.769561D+01
  318.2163  0.101978D+01  0.103195D+01 -0.193253D+02
  318.3716  0.112966D+01  0.113162D+01 -0.294485D+01
  318.5269  0.128578D+01  0.127216D+01  0.193597D+02
  318.6822  0.142446D+01  0.141479D+01  0.137329D+02
  318.8373  0.159226D+01  0.156314D+01  0.393161D+02
  318.9924  0.168249D+01  0.162338D+01  0.760100D+02
  319.1474  0.156282D+01  0.146414D+01  0.133235D+03
  319.3023  0.131788D+01  0.129548D+01  0.318325D+02
  319.4572  0.121272D+01  0.134979D+01 -0.194806D+03
   31 316.346 321.002 318.674  2.414D-01  0.000D+00  1.221D-02  0.000D+00  1.167D+00  9.942D+01 10300  3.065D-02
  316.3460  0.985530D+00  0.977105D+00  0.126401D+02
  316.5023  0.111248D+01  0.108929D+01  0.347948D+02
  316.6585  0.119622D+01  0.114591D+01  0.714977D+02
  316.8146  0.123419D+01  0.119992D+01  0.487035D+02
  316.9706  0.131458D+01  0.128508D+01  0.419291D+02
  317.1266  0.142189D+01  0.143917D+01 -0.245508D+02
  317.2825  0.153229D+01  0.156473D+01 -0.438045D+02
  317.4383  0.152051D+01  0.157643D+01 -0.794848D+02
  317.5941  0.147761D+01  0.155418D+01 -0.108812D+03
  317.7497  0.138785D+01  0.150092D+01 -0.160698D+03
  317.9053  0.123131D+01  0.130667D+01 -0.107100D+03
  318.0609  0.105209D+01  0.108237D+01 -0.480900D+02
  318.2163  0.101978D+01  0.100867D+01  0.176533D+02
  318.3716  0.112966D+01  0.107244D+01  0.858413D+02
  318.5269  0.128578D+01  0.119528D+01  0.128613D+03
  318.6822  0.142446D+01  0.132677D+01  0.138839D+03
  318.8373  0.159226D+01  0.146082D+01  0.177468D+03
  318.9924  0.168249D+01  0.155289D+01  0.166653D+03
  319.1474  0.156282D+01  0.145432D+01  0.146502D+03
  319.3023  0.131788D+01  0.125358D+01  0.913894D+02
  319.4572  0.121272D+01  0.122594D+01 -0.187865D+02
  319.6119  0.130007D+01  0.134863D+01 -0.690064D+02
  319.7666  0.145735D+01  0.149711D+01 -0.565061D+02
  319.9213  0.153957D+01  0.164222D+01 -0.138594D+03
  320.0758  0.159377D+01  0.170139D+01 -0.138379D+03
  320.2303  0.161320D+01  0.173537D+01 -0.157084D+03
  320.3847  0.176435D+01  0.182651D+01 -0.799289D+02
  320.5391  0.189983D+01  0.191801D+01 -0.233655D+02
  320.6933  0.197467D+01  0.193770D+01  0.453890D+02
  320.8475  0.189271D+01  0.183388D+01  0.722123D+02
  321.0016  0.172481D+01  0.162234D+01  0.131765D+03
   31 317.905 322.539 320.222  2.498D-01  0.000D+00  7.746D-03  0.000D+00  1.291D+00  1.087D+02 10300  3.345D-02
  317.9053  0.123131D+01  0.133511D+01 -0.147517D+03
  318.0609  0.105209D+01  0.110990D+01 -0.918186D+02
  318.2163  0.101978D+01  0.103415D+01 -0.228305D+02
  318.3716  0.112966D+01  0.109414D+01  0.532854D+02
  318.5269  0.128578D+01  0.121490D+01  0.100726D+03
  318.6822  0.142446D+01  0.134550D+01  0.112216D+03
  318.8373  0.159226D+01  0.147764D+01  0.154748D+03
  318.9924  0.168249D+01  0.155855D+01  0.159374D+03
  319.1474  0.156282D+01  0.145743D+01  0.142296D+03
  319.3023  0.131788D+01  0.127055D+01  0.672735D+02
  319.4572  0.121272D+01  0.124741D+01 -0.493000D+02
  319.6119  0.130007D+01  0.136691D+01 -0.949819D+02
  319.7666  0.145735D+01  0.151922D+01 -0.879357D+02
  319.9213  0.153957D+01  0.166049D+01 -0.163265D+03
  320.0758  0.159377D+01  0.172330D+01 -0.166553D+03
  320.2303  0.161320D+01  0.176432D+01 -0.194316D+03
  320.3847  0.176435D+01  0.185612D+01 -0.118008D+03
  320.5391  0.189983D+01  0.194526D+01 -0.584122D+02
  320.6933  0.197467D+01  0.196019D+01  0.177769D+02
  320.8475  0.189271D+01  0.185084D+01  0.513948D+02
  321.0016  0.172481D+01  0.163913D+01  0.110176D+03
  321.1557  0.153156D+01  0.143452D+01  0.124775D+03
  321.3097  0.141922D+01  0.132949D+01  0.127533D+03
  321.4636  0.144263D+01  0.134449D+01  0.132512D+03
  321.6174  0.154219D+01  0.145874D+01  0.107304D+03
  321.7712  0.170637D+01  0.161919D+01  0.112107D+03
  321.9249  0.178577D+01  0.177257D+01  0.169744D+02
  322.0785  0.177430D+01  0.182593D+01 -0.663874D+02
  322.2320  0.164871D+01  0.173205D+01 -0.107158D+03
  322.3855  0.158859D+01  0.162048D+01 -0.410074D+02
  322.5389  0.151412D+01  0.153679D+01 -0.291596D+02
   31 319.457 324.069 321.763  3.064D-01  0.000D+00 -5.815D-03  0.000D+00  1.344D+00  8.603D+01   304  3.517D-02
  319.4572  0.121272D+01  0.113188D+01  0.114890D+03
  319.6119  0.130007D+01  0.126206D+01  0.540211D+02
  319.7666  0.145735D+01  0.142791D+01  0.418419D+02
  319.9213  0.153957D+01  0.157731D+01 -0.509498D+02
  320.0758  0.159377D+01  0.167976D+01 -0.110571D+03
  320.2303  0.161320D+01  0.176300D+01 -0.192619D+03
  320.3847  0.176435D+01  0.185678D+01 -0.118861D+03
  320.5391  0.189983D+01  0.193132D+01 -0.404889D+02
  320.6933  0.197467D+01  0.192858D+01  0.565724D+02
  320.8475  0.189271D+01  0.182081D+01  0.882544D+02
  321.0016  0.172481D+01  0.163732D+01  0.112498D+03
  321.1557  0.153156D+01  0.146288D+01  0.883136D+02
  321.3097  0.141922D+01  0.137139D+01  0.679714D+02
  321.4636  0.144263D+01  0.138572D+01  0.768395D+02
  321.6174  0.154219D+01  0.148848D+01  0.690655D+02
  321.7712  0.170637D+01  0.163018D+01  0.979753D+02
  321.9249  0.178577D+01  0.175280D+01  0.424001D+02
  322.0785  0.177430D+01  0.178895D+01 -0.188368D+02
  322.2320  0.164871D+01  0.173408D+01 -0.109774D+03
  322.3855  0.158859D+01  0.164797D+01 -0.763577D+02
  322.5389  0.151412D+01  0.156101D+01 -0.602993D+02
  322.6922  0.142001D+01  0.146187D+01 -0.565223D+02
  322.8455  0.128169D+01  0.138361D+01 -0.144850D+03
  322.9987  0.131914D+01  0.138762D+01 -0.973335D+02
  323.1518  0.149589D+01  0.147412D+01  0.280017D+02
  323.3048  0.165123D+01  0.156271D+01  0.113826D+03
  323.4578  0.167705D+01  0.159500D+01  0.105505D+03
  323.6107  0.164871D+01  0.162438D+01  0.312891D+02
  323.7635  0.174429D+01  0.171427D+01  0.368482D+02
  323.9163  0.186155D+01  0.186221D+01 -0.778164D+00
  324.0690  0.198709D+01  0.203369D+01 -0.547182D+02
   31 321.002 325.592 323.297  2.323D-01  0.000D+00 -6.573D-02  0.000D+00  1.414D+00  6.126D+01   300  2.202D-02
  321.0016  0.172481D+01  0.173982D+01 -0.193068D+02
  321.1557  0.153156D+01  0.149044D+01  0.528711D+02
  321.3097  0.141922D+01  0.139112D+01  0.399332D+02
  321.4636  0.144263D+01  0.143028D+01  0.166730D+02
  321.6174  0.154219D+01  0.155261D+01 -0.134001D+02
  321.7712  0.170637D+01  0.170250D+01  0.497664D+01
  321.9249  0.178577D+01  0.182252D+01 -0.472602D+02
  322.0785  0.177430D+01  0.179465D+01 -0.261650D+02
  322.2320  0.164871D+01  0.166568D+01 -0.218202D+02
  322.3855  0.158859D+01  0.160153D+01 -0.166410D+02
  322.5389  0.151412D+01  0.152797D+01 -0.178128D+02
  322.6922  0.142001D+01  0.139842D+01  0.291494D+02
  322.8455  0.128169D+01  0.131821D+01 -0.518977D+02
  322.9987  0.131914D+01  0.137703D+01 -0.822845D+02
  323.1518  0.149589D+01  0.155002D+01 -0.695955D+02
  323.3048  0.165123D+01  0.161484D+01  0.467830D+02
  323.4578  0.167705D+01  0.156372D+01  0.145726D+03
  323.6107  0.164871D+01  0.157962D+01  0.888432D+02
  323.7635  0.174429D+01  0.168989D+01  0.667705D+02
  323.9163  0.186155D+01  0.182221D+01  0.461918D+02
  324.0690  0.198709D+01  0.195223D+01  0.409245D+02
  324.2216  0.202280D+01  0.201525D+01  0.887091D+01
  324.3741  0.203768D+01  0.203405D+01  0.426267D+01
  324.5266  0.205774D+01  0.208087D+01 -0.271614D+02
  324.6790  0.200919D+01  0.202696D+01 -0.208647D+02
  324.8314  0.187140D+01  0.189012D+01 -0.219785D+02
  324.9836  0.173554D+01  0.185037D+01 -0.140941D+03
  325.1359  0.178954D+01  0.188767D+01 -0.115215D+03
  325.2880  0.191398D+01  0.194574D+01 -0.372910D+02
  325.4401  0.207957D+01  0.205121D+01  0.333016D+02
  325.5920  0.227215D+01  0.216334D+01  0.122420D+03
   31 322.539 327.108 324.824  2.204D-01  0.000D+00 -6.510D-03  0.000D+00  1.495D+00  7.960D+01   300  2.539D-02
  322.5389  0.151412D+01  0.151097D+01  0.404916D+01
  322.6922  0.142001D+01  0.142818D+01 -0.110412D+02
  322.8455  0.128169D+01  0.133831D+01 -0.804628D+02
  322.9987  0.131914D+01  0.134654D+01 -0.389397D+02
  323.1518  0.149589D+01  0.152012D+01 -0.311492D+02
  323.3048  0.165123D+01  0.166579D+01 -0.187252D+02
  323.4578  0.167705D+01  0.162268D+01  0.699040D+02
  323.6107  0.164871D+01  0.158416D+01  0.830089D+02
  323.7635  0.174429D+01  0.166566D+01  0.965097D+02
  323.9163  0.186155D+01  0.178722D+01  0.872706D+02
  324.0690  0.198709D+01  0.191327D+01  0.866640D+02
  324.2216  0.202280D+01  0.200177D+01  0.246903D+02
  324.3741  0.203768D+01  0.200536D+01  0.379422D+02
  324.5266  0.205774D+01  0.204769D+01  0.117987D+02
  324.6790  0.200919D+01  0.205794D+01 -0.572337D+02
  324.8314  0.187140D+01  0.192508D+01 -0.630238D+02
  324.9836  0.173554D+01  0.184949D+01 -0.139864D+03
  325.1359  0.178954D+01  0.189753D+01 -0.126781D+03
  325.2880  0.191398D+01  0.198524D+01 -0.836645D+02
  325.4401  0.207957D+01  0.212374D+01 -0.518541D+02
  325.5920  0.227215D+01  0.234862D+01 -0.860495D+02
  325.7440  0.246121D+01  0.251036D+01 -0.530970D+02
  325.8958  0.262173D+01  0.259293D+01  0.311019D+02
  326.0476  0.271280D+01  0.265739D+01  0.575450D+02
  326.1993  0.275784D+01  0.263599D+01  0.126549D+03
  326.3510  0.267096D+01  0.256506D+01  0.109986D+03
  326.5025  0.260999D+01  0.248333D+01  0.131558D+03
  326.6540  0.265991D+01  0.257531D+01  0.878632D+02
  326.8055  0.279570D+01  0.279035D+01  0.556008D+01
  326.9568  0.281341D+01  0.286271D+01 -0.512114D+02
  327.1082  0.264006D+01  0.279446D+01 -0.160361D+03
   31 324.069 328.617 326.343  2.074D-01  0.000D+00  3.182D-02  0.000D+00  1.559D+00  8.207D+01   300  2.845D-02
  324.0690  0.198709D+01  0.191725D+01  0.819922D+02
  324.2216  0.202280D+01  0.200981D+01  0.152599D+02
  324.3741  0.203768D+01  0.199816D+01  0.463936D+02
  324.5266  0.205774D+01  0.201041D+01  0.555627D+02
  324.6790  0.200919D+01  0.205800D+01 -0.573076D+02
  324.8314  0.187140D+01  0.194028D+01 -0.808700D+02
  324.9836  0.173554D+01  0.182442D+01 -0.109088D+03
  325.1359  0.178954D+01  0.186501D+01 -0.886094D+02
  325.2880  0.191398D+01  0.195608D+01 -0.494375D+02
  325.4401  0.207957D+01  0.207866D+01  0.107843D+01
  325.5920  0.227215D+01  0.230868D+01 -0.411099D+02
  325.7440  0.246121D+01  0.252071D+01 -0.642744D+02
  325.8958  0.262173D+01  0.260907D+01  0.136740D+02
  326.0476  0.271280D+01  0.269671D+01  0.167091D+02
  326.1993  0.275784D+01  0.269181D+01  0.685749D+02
  326.3510  0.267096D+01  0.262000D+01  0.529171D+02
  326.5025  0.260999D+01  0.249897D+01  0.115311D+03
  326.6540  0.265991D+01  0.250078D+01  0.165270D+03
  326.8055  0.279570D+01  0.269685D+01  0.102669D+03
  326.9568  0.281341D+01  0.276733D+01  0.478580D+02
  327.1082  0.264006D+01  0.264904D+01 -0.933271D+01
  327.2594  0.254511D+01  0.253769D+01  0.770748D+01
  327.4105  0.257815D+01  0.261281D+01 -0.359939D+02
  327.5616  0.263822D+01  0.269101D+01 -0.548195D+02
  327.7126  0.255967D+01  0.263447D+01 -0.776915D+02
  327.8636  0.241758D+01  0.253457D+01 -0.126360D+03
  328.0145  0.234384D+01  0.247630D+01 -0.143068D+03
  328.1653  0.234348D+01  0.245259D+01 -0.117862D+03
  328.3161  0.242072D+01  0.241702D+01  0.400362D+01
  328.4668  0.245801D+01  0.237301D+01  0.882786D+02
  328.6174  0.239244D+01  0.223553D+01  0.169486D+03
   31 325.592 330.120 327.856  2.882D-01  0.000D+00 -5.845D-02  0.000D+00  1.592D+00  8.817D+01   304  4.127D-02
  325.5920  0.227215D+01  0.235806D+01 -0.966654D+02
  325.7440  0.246121D+01  0.253121D+01 -0.756139D+02
  325.8958  0.262173D+01  0.263903D+01 -0.186893D+02
  326.0476  0.271280D+01  0.268165D+01  0.323536D+02
  326.1993  0.275784D+01  0.265316D+01  0.108719D+03
  326.3510  0.267096D+01  0.258791D+01  0.862456D+02
  326.5025  0.260999D+01  0.256692D+01  0.447397D+02
  326.6540  0.265991D+01  0.263405D+01  0.268577D+02
  326.8055  0.279570D+01  0.270721D+01  0.919150D+02
  326.9568  0.281341D+01  0.268523D+01  0.133121D+03
  327.1082  0.264006D+01  0.261709D+01  0.238488D+02
  327.2594  0.254511D+01  0.260391D+01 -0.610703D+02
  327.4105  0.257815D+01  0.263764D+01 -0.617782D+02
  327.5616  0.263822D+01  0.263839D+01 -0.177060D+00
  327.7126  0.255967D+01  0.258863D+01 -0.300792D+02
  327.8636  0.241758D+01  0.253861D+01 -0.130729D+03
  328.0145  0.234384D+01  0.251446D+01 -0.184292D+03
  328.1653  0.234348D+01  0.250687D+01 -0.176491D+03
  328.3161  0.242072D+01  0.248926D+01 -0.740272D+02
  328.4668  0.245801D+01  0.242915D+01  0.299785D+02
  328.6174  0.239244D+01  0.234244D+01  0.540147D+02
  328.7679  0.234494D+01  0.235606D+01 -0.120068D+02
  328.9184  0.251347D+01  0.254058D+01 -0.271145D+02
  329.0688  0.283184D+01  0.277184D+01  0.600117D+02
  329.2192  0.306720D+01  0.293818D+01  0.151475D+03
  329.3695  0.315497D+01  0.304344D+01  0.130952D+03
  329.5197  0.320007D+01  0.311380D+01  0.970636D+02
  329.6698  0.322531D+01  0.317325D+01  0.585758D+02
  329.8199  0.320886D+01  0.326281D+01 -0.606988D+02
  329.9699  0.331361D+01  0.337048D+01 -0.639892D+02
  330.1199  0.329868D+01  0.339056D+01 -0.103376D+03
   31 327.108 331.616 329.362  2.549D-01  0.000D+00 -3.745D-02  0.000D+00  1.653D+00  6.958D+01 10300  2.338D-02
  327.1082  0.264006D+01  0.257093D+01  0.717967D+02
  327.2594  0.254511D+01  0.252743D+01  0.183576D+02
  327.4105  0.257815D+01  0.257564D+01  0.260568D+01
  327.5616  0.263822D+01  0.258841D+01  0.517386D+02
  327.7126  0.255967D+01  0.253520D+01  0.254048D+02
  327.8636  0.241758D+01  0.248268D+01 -0.703111D+02
  328.0145  0.234384D+01  0.247077D+01 -0.137102D+03
  328.1653  0.234348D+01  0.248144D+01 -0.149024D+03
  328.3161  0.242072D+01  0.248944D+01 -0.742243D+02
  328.4668  0.245801D+01  0.245621D+01  0.187580D+01
  328.6174  0.239244D+01  0.235184D+01  0.438618D+02
  328.7679  0.234494D+01  0.232440D+01  0.221833D+02
  328.9184  0.251347D+01  0.253201D+01 -0.185398D+02
  329.0688  0.283184D+01  0.281160D+01  0.202476D+02
  329.2192  0.306720D+01  0.298357D+01  0.981861D+02
  329.3695  0.315497D+01  0.308599D+01  0.809891D+02
  329.5197  0.320007D+01  0.314275D+01  0.644855D+02
  329.6698  0.322531D+01  0.316697D+01  0.656430D+02
  329.8199  0.320886D+01  0.321206D+01 -0.359102D+01
  329.9699  0.331361D+01  0.329623D+01  0.195485D+02
  330.1199  0.329868D+01  0.329587D+01  0.315921D+01
  330.2697  0.313057D+01  0.310636D+01  0.284260D+02
  330.4196  0.282791D+01  0.286450D+01 -0.352855D+02
  330.5693  0.257223D+01  0.265822D+01 -0.859918D+02
  330.7190  0.250855D+01  0.257932D+01 -0.707778D+02
  330.8686  0.256249D+01  0.269985D+01 -0.137378D+03
  331.0181  0.273343D+01  0.282741D+01 -0.906257D+02
  331.1676  0.276852D+01  0.280625D+01 -0.363789D+02
  331.3170  0.267556D+01  0.266585D+01  0.937120D+01
  331.4664  0.259580D+01  0.253218D+01  0.613534D+02
  331.6157  0.264582D+01  0.251953D+01  0.121791D+03
   31 328.617 333.105 330.861  2.331D-01  0.000D+00 -5.933D-03  0.000D+00  1.643D+00  5.365D+01 10300  1.383D-02
  328.6174  0.239244D+01  0.245471D+01 -0.672597D+02
  328.7679  0.234494D+01  0.235424D+01 -0.100433D+02
  328.9184  0.251347D+01  0.253295D+01 -0.194761D+02
  329.0688  0.283184D+01  0.285426D+01 -0.224181D+02
  329.2192  0.306720D+01  0.303349D+01  0.395726D+02
  329.3695  0.315497D+01  0.312476D+01  0.354718D+02
  329.5197  0.320007D+01  0.317692D+01  0.260448D+02
  329.6698  0.322531D+01  0.317596D+01  0.555256D+02
  329.8199  0.320886D+01  0.318835D+01  0.230801D+02
  329.9699  0.331361D+01  0.326037D+01  0.599021D+02
  330.1199  0.329868D+01  0.330443D+01 -0.646555D+01
  330.2697  0.313057D+01  0.311903D+01  0.135466D+02
  330.4196  0.282791D+01  0.286051D+01 -0.314407D+02
  330.5693  0.257223D+01  0.264231D+01 -0.700834D+02
  330.7190  0.250855D+01  0.250569D+01  0.285691D+01
  330.8686  0.256249D+01  0.262627D+01 -0.637844D+02
  331.0181  0.273343D+01  0.281713D+01 -0.807203D+02
  331.1676  0.276852D+01  0.285645D+01 -0.847935D+02
  331.3170  0.267556D+01  0.275678D+01 -0.783268D+02
  331.4664  0.259580D+01  0.263259D+01 -0.354806D+02
  331.6157  0.264582D+01  0.265199D+01 -0.595585D+01
  331.7649  0.281786D+01  0.280475D+01  0.122061D+02
  331.9140  0.295554D+01  0.289798D+01  0.518089D+02
  332.0631  0.294255D+01  0.284576D+01  0.871306D+02
  332.2121  0.276769D+01  0.268571D+01  0.790619D+02
  332.3611  0.265702D+01  0.256267D+01  0.909972D+02
  332.5099  0.274323D+01  0.269182D+01  0.478652D+02
  332.6588  0.291427D+01  0.290053D+01  0.123745D+02
  332.8075  0.291689D+01  0.289563D+01  0.191395D+02
  332.9562  0.275239D+01  0.280437D+01 -0.467845D+02
  333.1048  0.274888D+01  0.286919D+01 -0.108292D+03
   31 330.120 334.587 332.354  2.295D-01  0.000D+00  9.724D-03  0.000D+00  1.669D+00  5.062D+01 10300  1.258D-02
  330.1199  0.329868D+01  0.326871D+01  0.337250D+02
  330.2697  0.313057D+01  0.309896D+01  0.371122D+02
  330.4196  0.282791D+01  0.283638D+01 -0.816519D+01
  330.5693  0.257223D+01  0.262230D+01 -0.500695D+02
  330.7190  0.250855D+01  0.246866D+01  0.398987D+02
  330.8686  0.256249D+01  0.257312D+01 -0.106269D+02
  331.0181  0.273343D+01  0.278266D+01 -0.474729D+02
  331.1676  0.276852D+01  0.284944D+01 -0.780351D+02
  331.3170  0.267556D+01  0.276861D+01 -0.897322D+02
  331.4664  0.259580D+01  0.264339D+01 -0.458923D+02
  331.6157  0.264582D+01  0.265078D+01 -0.478303D+01
  331.7649  0.281786D+01  0.280887D+01  0.836947D+01
  331.9140  0.295554D+01  0.292151D+01  0.306367D+02
  332.0631  0.294255D+01  0.288332D+01  0.533182D+02
  332.2121  0.276769D+01  0.272339D+01  0.427165D+02
  332.3611  0.265702D+01  0.257033D+01  0.836098D+02
  332.5099  0.274323D+01  0.266231D+01  0.753441D+02
  332.6588  0.291427D+01  0.287022D+01  0.396512D+02
  332.8075  0.291689D+01  0.286184D+01  0.495558D+02
  332.9562  0.275239D+01  0.273010D+01  0.200662D+02
  333.1048  0.274888D+01  0.273608D+01  0.115254D+02
  333.2534  0.284582D+01  0.286038D+01 -0.131055D+02
  333.4019  0.284095D+01  0.286351D+01 -0.203033D+02
  333.5503  0.259528D+01  0.265172D+01 -0.544293D+02
  333.6987  0.239181D+01  0.244116D+01 -0.475846D+02
  333.8470  0.241701D+01  0.251240D+01 -0.919955D+02
  333.9952  0.260612D+01  0.269423D+01 -0.820458D+02
  334.1434  0.270704D+01  0.275289D+01 -0.412693D+02
  334.2915  0.277444D+01  0.277410D+01  0.308707D+00
  334.4395  0.291286D+01  0.288802D+01  0.223595D+02
  334.5875  0.307055D+01  0.298775D+01  0.894368D+02
   23 331.616 334.883 333.249  2.326D-01  0.000D+00  5.498D-03  0.000D+00  1.685D+00  1.727D+01 10300  5.281D-03
  331.6157  0.264582D+01  0.262910D+01  0.161184D+02
  331.7649  0.281786D+01  0.282750D+01 -0.897835D+01
  331.9140  0.295554D+01  0.296759D+01 -0.108450D+02
  332.0631  0.294255D+01  0.294460D+01 -0.184177D+01
  332.2121  0.276769D+01  0.278893D+01 -0.204839D+02
  332.3611  0.265702D+01  0.264093D+01  0.155249D+02
  332.5099  0.274323D+01  0.273452D+01  0.810759D+01
  332.6588  0.291427D+01  0.292559D+01 -0.101839D+02
  332.8075  0.291689D+01  0.289599D+01  0.188120D+02
  332.9562  0.275239D+01  0.275044D+01  0.175422D+01
  333.1048  0.274888D+01  0.274248D+01  0.576357D+01
  333.2534  0.284582D+01  0.284272D+01  0.279018D+01
  333.4019  0.284095D+01  0.282062D+01  0.183051D+02
  333.5503  0.259528D+01  0.259764D+01 -0.227829D+01
  333.6987  0.239181D+01  0.239255D+01 -0.706429D+00
  333.8470  0.241701D+01  0.246291D+01 -0.442690D+02
  333.9952  0.260612D+01  0.263812D+01 -0.297989D+02
  334.1434  0.270704D+01  0.270644D+01  0.540153D+00
  334.2915  0.277444D+01  0.275383D+01  0.185540D+02
  334.4395  0.291286D+01  0.290304D+01  0.884120D+01
  334.5875  0.307055D+01  0.304915D+01  0.231187D+02
  334.7354  0.304059D+01  0.303115D+01  0.102024D+02
  334.8832  0.279062D+01  0.282433D+01 -0.303413D+02
