 rad_fit_vary
           0
 T T
nwave fwave lwave wave    hwe     asym  shift    squeeze      sin      rms   exval 
   31 263.925 274.600 269.262  4.684D-01  0.000D+00 -2.792D-02  0.000D+00  3.305D-03  2.449D+00 10300  2.794D-02
  263.9246  0.150765D-02  0.157740D-02 -0.416669D+01
  264.2961  0.170345D-02  0.164317D-02  0.333077D+01
  264.6662  0.142993D-02  0.142538D-02  0.274162D+00
  265.0350  0.133786D-02  0.127732D-02  0.421350D+01
  265.4026  0.144520D-02  0.137018D-02  0.552720D+01
  265.7689  0.136229D-02  0.140348D-02 -0.325156D+01
  266.1340  0.123627D-02  0.128840D-02 -0.422742D+01
  266.4980  0.117542D-02  0.118341D-02 -0.699949D+00
  266.8607  0.116049D-02  0.116203D-02 -0.138142D+00
  267.2224  0.116116D-02  0.118915D-02 -0.252490D+01
  267.5830  0.118481D-02  0.120264D-02 -0.159240D+01
  267.9425  0.111807D-02  0.114367D-02 -0.233358D+01
  268.3009  0.116603D-02  0.112539D-02  0.370404D+01
  268.6584  0.113831D-02  0.112218D-02  0.148590D+01
  269.0148  0.110585D-02  0.109577D-02  0.918885D+00
  269.3702  0.110031D-02  0.109504D-02  0.479635D+00
  269.7247  0.113696D-02  0.113702D-02 -0.598062D-02
  270.0783  0.127360D-02  0.126017D-02  0.119990D+01
  270.4309  0.135471D-02  0.133213D-02  0.197607D+01
  270.7827  0.129917D-02  0.129766D-02  0.132979D+00
  271.1336  0.126308D-02  0.124885D-02  0.124557D+01
  271.4836  0.116422D-02  0.115077D-02  0.121276D+01
  271.8329  0.943071D-03  0.973321D-03 -0.284485D+01
  272.1813  0.891036D-03  0.897364D-03 -0.576704D+00
  272.5290  0.975875D-03  0.101693D-02 -0.378016D+01
  272.8759  0.117304D-02  0.119389D-02 -0.186195D+01
  273.2220  0.122213D-02  0.120308D-02  0.166762D+01
  273.5674  0.985943D-03  0.100302D-02 -0.154029D+01
  273.9122  0.797035D-03  0.803337D-03 -0.599090D+00
  274.2562  0.710386D-03  0.695436D-03  0.143650D+01
  274.5996  0.698282D-03  0.671438D-03  0.257941D+01
   31 267.583 278.000 272.792  4.196D-01  0.000D+00 -1.519D-03  0.000D+00  3.586D-03  1.436D+00   304  1.532D-02
  267.5830  0.118481D-02  0.118416D-02  0.574258D-01
  267.9425  0.111807D-02  0.113192D-02 -0.126228D+01
  268.3009  0.116603D-02  0.112838D-02  0.343114D+01
  268.6584  0.113831D-02  0.114354D-02 -0.481224D+00
  269.0148  0.110585D-02  0.111320D-02 -0.670292D+00
  269.3702  0.110031D-02  0.111498D-02 -0.133732D+01
  269.7247  0.113696D-02  0.114036D-02 -0.309969D+00
  270.0783  0.127360D-02  0.127458D-02 -0.875990D-01
  270.4309  0.135471D-02  0.135692D-02 -0.193341D+00
  270.7827  0.129917D-02  0.130611D-02 -0.614076D+00
  271.1336  0.126308D-02  0.125503D-02  0.705318D+00
  271.4836  0.116422D-02  0.116369D-02  0.480367D-01
  271.8329  0.943071D-03  0.965451D-03 -0.210473D+01
  272.1813  0.891036D-03  0.859481D-03  0.287585D+01
  272.5290  0.975875D-03  0.975801D-03  0.685684D-02
  272.8759  0.117304D-02  0.117299D-02  0.444421D-02
  273.2220  0.122213D-02  0.120997D-02  0.106484D+01
  273.5674  0.985943D-03  0.100062D-02 -0.132361D+01
  273.9122  0.797035D-03  0.796172D-03  0.819683D-01
  274.2562  0.710386D-03  0.691142D-03  0.184913D+01
  274.5996  0.698282D-03  0.672684D-03  0.245966D+01
  274.9423  0.724525D-03  0.723892D-03  0.608612D-01
  275.2844  0.869091D-03  0.866801D-03  0.213092D+00
  275.6259  0.973500D-03  0.992988D-03 -0.174020D+01
  275.9668  0.123989D-02  0.122158D-02  0.154157D+01
  276.3071  0.134148D-02  0.136804D-02 -0.215433D+01
  276.6468  0.143310D-02  0.143259D-02  0.406618D-01
  276.9860  0.141659D-02  0.144856D-02 -0.247966D+01
  277.3246  0.146726D-02  0.147454D-02 -0.540797D+00
  277.6627  0.136534D-02  0.133936D-02  0.196326D+01
  278.0003  0.112813D-02  0.111155D-02  0.127473D+01
   31 271.134 281.351 276.242  4.285D-01  0.000D+00  3.872D-03  0.000D+00  3.870D-03  1.399D+00 10300  1.580D-02
  271.1336  0.126308D-02  0.125795D-02  0.448996D+00
  271.4836  0.116422D-02  0.116713D-02 -0.262608D+00
  271.8329  0.943071D-03  0.972505D-03 -0.276811D+01
  272.1813  0.891036D-03  0.865204D-03  0.235427D+01
  272.5290  0.975875D-03  0.976413D-03 -0.494983D-01
  272.8759  0.117304D-02  0.116977D-02  0.292451D+00
  273.2220  0.122213D-02  0.120885D-02  0.116263D+01
  273.5674  0.985943D-03  0.100557D-02 -0.177029D+01
  273.9122  0.797035D-03  0.800545D-03 -0.333719D+00
  274.2562  0.710386D-03  0.693201D-03  0.165126D+01
  274.5996  0.698282D-03  0.673114D-03  0.241838D+01
  274.9423  0.724525D-03  0.723331D-03  0.114759D+00
  275.2844  0.869091D-03  0.862860D-03  0.579808D+00
  275.6259  0.973500D-03  0.992201D-03 -0.166997D+01
  275.9668  0.123989D-02  0.121568D-02  0.203847D+01
  276.3071  0.134148D-02  0.136616D-02 -0.200169D+01
  276.6468  0.143310D-02  0.143312D-02 -0.114821D-02
  276.9860  0.141659D-02  0.145288D-02 -0.281471D+01
  277.3246  0.146726D-02  0.147866D-02 -0.846844D+00
  277.6627  0.136534D-02  0.134981D-02  0.117347D+01
  278.0003  0.112813D-02  0.112739D-02  0.572647D-01
  278.3375  0.103832D-02  0.102842D-02  0.747517D+00
  278.6741  0.966260D-03  0.956990D-03  0.725254D+00
  279.0103  0.776560D-03  0.773846D-03  0.220143D+00
  279.3459  0.598398D-03  0.580976D-03  0.149532D+01
  279.6812  0.495913D-03  0.492274D-03  0.321638D+00
  280.0161  0.507564D-03  0.482865D-03  0.214066D+01
  280.3505  0.565480D-03  0.547827D-03  0.154515D+01
  280.6844  0.731199D-03  0.742029D-03 -0.938567D+00
  281.0181  0.104329D-02  0.104128D-02  0.169831D+00
  281.3513  0.136421D-02  0.137846D-02 -0.113437D+01
   31 274.600 284.664 279.632  3.887D-01  0.000D+00  5.006D-03  0.000D+00  4.454D-03  2.582D+00 10300  2.919D-02
  274.5996  0.698282D-03  0.671686D-03  0.255555D+01
  274.9423  0.724525D-03  0.714013D-03  0.101011D+01
  275.2844  0.869091D-03  0.868291D-03  0.744303D-01
  275.6259  0.973500D-03  0.977159D-03 -0.326794D+00
  275.9668  0.123989D-02  0.122497D-02  0.125681D+01
  276.3071  0.134148D-02  0.136896D-02 -0.222902D+01
  276.6468  0.143310D-02  0.144046D-02 -0.586404D+00
  276.9860  0.141659D-02  0.145106D-02 -0.267347D+01
  277.3246  0.146726D-02  0.149769D-02 -0.226044D+01
  277.6627  0.136534D-02  0.136481D-02  0.399008D-01
  278.0003  0.112813D-02  0.111911D-02  0.693992D+00
  278.3375  0.103832D-02  0.103042D-02  0.596366D+00
  278.6741  0.966260D-03  0.971688D-03 -0.424660D+00
  279.0103  0.776560D-03  0.775460D-03  0.892415D-01
  279.3459  0.598398D-03  0.570844D-03  0.236488D+01
  279.6812  0.495913D-03  0.484856D-03  0.977468D+00
  280.0161  0.507564D-03  0.473422D-03  0.295904D+01
  280.3505  0.565480D-03  0.528650D-03  0.322371D+01
  280.6844  0.731199D-03  0.715477D-03  0.136267D+01
  281.0181  0.104329D-02  0.100600D-02  0.313984D+01
  281.3513  0.136421D-02  0.131515D-02  0.390738D+01
  281.6841  0.170990D-02  0.165472D-02  0.413435D+01
  282.0165  0.192358D-02  0.192635D-02 -0.207158D+00
  282.3486  0.210582D-02  0.210004D-02  0.425424D+00
  282.6804  0.218749D-02  0.220783D-02 -0.148620D+01
  283.0118  0.235932D-02  0.239767D-02 -0.277929D+01
  283.3428  0.238929D-02  0.247493D-02 -0.615508D+01
  283.6736  0.232470D-02  0.238668D-02 -0.452822D+01
  284.0040  0.238782D-02  0.236102D-02  0.194220D+01
  284.3340  0.217437D-02  0.215935D-02  0.111535D+01
  284.6638  0.181228D-02  0.173546D-02  0.595640D+01
   31 278.000 287.946 282.973  4.214D-01  0.000D+00 -7.248D-03  0.000D+00  5.044D-03  2.525D+00 10300  1.370D-02
  278.0003  0.112813D-02  0.113582D-02 -0.590976D+00
  278.3375  0.103832D-02  0.104655D-02 -0.622371D+00
  278.6741  0.966260D-03  0.975150D-03 -0.695468D+00
  279.0103  0.776560D-03  0.782113D-03 -0.450340D+00
  279.3459  0.598398D-03  0.584395D-03  0.120187D+01
  279.6812  0.495913D-03  0.495726D-03  0.164945D-01
  280.0161  0.507564D-03  0.484773D-03  0.197527D+01
  280.3505  0.565480D-03  0.547336D-03  0.158813D+01
  280.6844  0.731199D-03  0.737842D-03 -0.575713D+00
  281.0181  0.104329D-02  0.102257D-02  0.174480D+01
  281.3513  0.136421D-02  0.133346D-02  0.244893D+01
  281.6841  0.170990D-02  0.166203D-02  0.358642D+01
  282.0165  0.192358D-02  0.192508D-02 -0.112261D+00
  282.3486  0.210582D-02  0.209382D-02  0.884213D+00
  282.6804  0.218749D-02  0.221289D-02 -0.185578D+01
  283.0118  0.235932D-02  0.239001D-02 -0.222434D+01
  283.3428  0.238929D-02  0.246091D-02 -0.514715D+01
  283.6736  0.232470D-02  0.240059D-02 -0.554441D+01
  284.0040  0.238782D-02  0.236442D-02  0.169552D+01
  284.3340  0.217437D-02  0.216854D-02  0.433310D+00
  284.6638  0.181228D-02  0.174289D-02  0.538062D+01
  284.9933  0.119996D-02  0.115429D-02  0.388212D+01
  285.3225  0.937754D-03  0.908591D-03  0.255255D+01
  285.6514  0.139600D-02  0.137601D-02  0.166661D+01
  285.9799  0.222867D-02  0.219557D-02  0.239817D+01
  286.3082  0.284844D-02  0.281150D-02  0.253199D+01
  286.6363  0.299516D-02  0.305484D-02 -0.399700D+01
  286.9640  0.319436D-02  0.324078D-02 -0.306218D+01
  287.2915  0.349050D-02  0.348322D-02  0.470282D+00
  287.6187  0.333010D-02  0.329837D-02  0.206236D+01
  287.9456  0.274313D-02  0.275936D-02 -0.112959D+01
   31 281.351 291.200 286.276  4.061D-01  0.000D+00 -1.248D-03  0.000D+00  5.854D-03  3.145D+00 10300  1.287D-02
  281.3513  0.136421D-02  0.134589D-02  0.145905D+01
  281.6841  0.170990D-02  0.167030D-02  0.296712D+01
  282.0165  0.192358D-02  0.192734D-02 -0.281040D+00
  282.3486  0.210582D-02  0.209009D-02  0.115861D+01
  282.6804  0.218749D-02  0.219855D-02 -0.807785D+00
  283.0118  0.235932D-02  0.237987D-02 -0.148907D+01
  283.3428  0.238929D-02  0.245567D-02 -0.477094D+01
  283.6736  0.232470D-02  0.238993D-02 -0.476564D+01
  284.0040  0.238782D-02  0.236766D-02  0.146128D+01
  284.3340  0.217437D-02  0.218013D-02 -0.427732D+00
  284.6638  0.181228D-02  0.176228D-02  0.387722D+01
  284.9933  0.119996D-02  0.115807D-02  0.356122D+01
  285.3225  0.937754D-03  0.887552D-03  0.439408D+01
  285.6514  0.139600D-02  0.135972D-02  0.302539D+01
  285.9799  0.222867D-02  0.220180D-02  0.194640D+01
  286.3082  0.284844D-02  0.283127D-02  0.117715D+01
  286.6363  0.299516D-02  0.306426D-02 -0.462776D+01
  286.9640  0.319436D-02  0.323213D-02 -0.249166D+01
  287.2915  0.349050D-02  0.348532D-02  0.334649D+00
  287.6187  0.333010D-02  0.329001D-02  0.260605D+01
  287.9456  0.274313D-02  0.271452D-02  0.199131D+01
  288.2722  0.253352D-02  0.256798D-02 -0.223968D+01
  288.5986  0.349650D-02  0.340502D-02  0.546397D+01
  288.9247  0.408585D-02  0.402632D-02  0.350822D+01
  289.2506  0.434263D-02  0.436696D-02 -0.134422D+01
  289.5762  0.503491D-02  0.505476D-02 -0.109623D+01
  289.9015  0.593421D-02  0.598035D-02 -0.239946D+01
  290.2266  0.660274D-02  0.667821D-02 -0.370672D+01
  290.5514  0.683803D-02  0.690898D-02 -0.348460D+01
  290.8759  0.670681D-02  0.675111D-02 -0.217574D+01
  291.2002  0.691155D-02  0.675766D-02  0.755819D+01
   31 284.664 294.427 289.546  3.791D-01  0.000D+00  3.403D-03  0.000D+00  6.973D-03  3.633D+00 10300  1.047D-02
  284.6638  0.181228D-02  0.182334D-02 -0.858241D+00
  284.9933  0.119996D-02  0.117475D-02  0.214328D+01
  285.3225  0.937754D-03  0.862148D-03  0.661759D+01
  285.6514  0.139600D-02  0.135465D-02  0.344865D+01
  285.9799  0.222867D-02  0.223807D-02 -0.681401D+00
  286.3082  0.284844D-02  0.288221D-02 -0.231436D+01
  286.6363  0.299516D-02  0.309449D-02 -0.665220D+01
  286.9640  0.319436D-02  0.323284D-02 -0.253892D+01
  287.2915  0.349050D-02  0.352158D-02 -0.200548D+01
  287.6187  0.333010D-02  0.331710D-02  0.845220D+00
  287.9456  0.274313D-02  0.269655D-02  0.324195D+01
  288.2722  0.253352D-02  0.248149D-02  0.338204D+01
  288.5986  0.349650D-02  0.339718D-02  0.593255D+01
  288.9247  0.408585D-02  0.401180D-02  0.436430D+01
  289.2506  0.434263D-02  0.430880D-02  0.186908D+01
  289.5762  0.503491D-02  0.500117D-02  0.186454D+01
  289.9015  0.593421D-02  0.596110D-02 -0.139859D+01
  290.2266  0.660274D-02  0.668974D-02 -0.427265D+01
  290.5514  0.683803D-02  0.695504D-02 -0.574696D+01
  290.8759  0.670681D-02  0.679079D-02 -0.412438D+01
  291.2002  0.691155D-02  0.685218D-02  0.291601D+01
  291.5242  0.699300D-02  0.690539D-02  0.430279D+01
  291.8479  0.684595D-02  0.680830D-02  0.184905D+01
  292.1713  0.691269D-02  0.684400D-02  0.337332D+01
  292.4944  0.641044D-02  0.644663D-02 -0.188175D+01
  292.8173  0.624415D-02  0.640423D-02 -0.786163D+01
  293.1399  0.745679D-02  0.745202D-02  0.221613D+00
  293.4622  0.799297D-02  0.788537D-02  0.500640D+01
  293.7842  0.707558D-02  0.707440D-02  0.579051D-01
  294.1059  0.713440D-02  0.715880D-02 -0.113540D+01
  294.4273  0.785383D-02  0.785616D-02 -0.108378D+00
   31 287.946 297.623 292.784  3.489D-01  0.000D+00  5.016D-03  0.000D+00  8.520D-03  3.280D+00 10300  7.020D-03
  287.9456  0.274313D-02  0.274973D-02 -0.459203D+00
  288.2722  0.253352D-02  0.244263D-02  0.590798D+01
  288.5986  0.349650D-02  0.348338D-02  0.783852D+00
  288.9247  0.408585D-02  0.407859D-02  0.427763D+00
  289.2506  0.434263D-02  0.432094D-02  0.119815D+01
  289.5762  0.503491D-02  0.501593D-02  0.104899D+01
  289.9015  0.593421D-02  0.599524D-02 -0.317366D+01
  290.2266  0.660274D-02  0.672479D-02 -0.599439D+01
  290.5514  0.683803D-02  0.698845D-02 -0.738755D+01
  290.8759  0.670681D-02  0.676124D-02 -0.267334D+01
  291.2002  0.691155D-02  0.683577D-02  0.372191D+01
  291.5242  0.699300D-02  0.689812D-02  0.465977D+01
  291.8479  0.684595D-02  0.676047D-02  0.419783D+01
  292.1713  0.691269D-02  0.684889D-02  0.313316D+01
  292.4944  0.641044D-02  0.639491D-02  0.807512D+00
  292.8173  0.624415D-02  0.628387D-02 -0.195041D+01
  293.1399  0.745679D-02  0.744741D-02  0.436416D+00
  293.4622  0.799297D-02  0.794270D-02  0.233870D+01
  293.7842  0.707558D-02  0.696632D-02  0.536610D+01
  294.1059  0.713440D-02  0.708410D-02  0.234038D+01
  294.4273  0.785383D-02  0.788679D-02 -0.153349D+01
  294.7484  0.754954D-02  0.762702D-02 -0.360472D+01
  295.0691  0.770452D-02  0.777697D-02 -0.337087D+01
  295.3895  0.885041D-02  0.887001D-02 -0.825301D+00
  295.7096  0.923275D-02  0.928232D-02 -0.208683D+01
  296.0294  0.100054D-01  0.100836D-01 -0.329279D+01
  296.3488  0.101015D-01  0.100493D-01  0.219961D+01
  296.6678  0.803822D-02  0.807104D-02 -0.145101D+01
  296.9865  0.754841D-02  0.759322D-02 -0.208493D+01
  297.3048  0.886851D-02  0.888019D-02 -0.516458D+00
  297.6227  0.116320D-01  0.114999D-01  0.507765D+01
   31 291.200 300.778 295.989  3.420D-01  0.000D+00  6.495D-03  0.000D+00  1.093D-02  5.141D+00 10300  7.847D-03
  291.2002  0.691155D-02  0.685705D-02  0.267699D+01
  291.5242  0.699300D-02  0.697263D-02  0.100028D+01
  291.8479  0.684595D-02  0.684815D-02 -0.108435D+00
  292.1713  0.691269D-02  0.696154D-02 -0.239959D+01
  292.4944  0.641044D-02  0.648423D-02 -0.383739D+01
  292.8173  0.624415D-02  0.633630D-02 -0.452564D+01
  293.1399  0.745679D-02  0.751329D-02 -0.262893D+01
  293.4622  0.799297D-02  0.800239D-02 -0.438321D+00
  293.7842  0.707558D-02  0.695191D-02  0.607338D+01
  294.1059  0.713440D-02  0.704546D-02  0.413793D+01
  294.4273  0.785383D-02  0.784235D-02  0.534057D+00
  294.7484  0.754954D-02  0.754853D-02  0.469838D-01
  295.0691  0.770452D-02  0.766248D-02  0.195591D+01
  295.3895  0.885041D-02  0.876990D-02  0.338919D+01
  295.7096  0.923275D-02  0.916264D-02  0.295133D+01
  296.0294  0.100054D-01  0.999615D-02  0.387147D+00
  296.3488  0.101015D-01  0.100374D-01  0.269723D+01
  296.6678  0.803822D-02  0.806006D-02 -0.965646D+00
  296.9865  0.754841D-02  0.764310D-02 -0.440539D+01
  297.3048  0.886851D-02  0.901842D-02 -0.662609D+01
  297.6227  0.116320D-01  0.118660D-01 -0.899228D+01
  297.9402  0.124555D-01  0.126442D-01 -0.725359D+01
  298.2573  0.954270D-02  0.960084D-02 -0.244765D+01
  298.5740  0.846694D-02  0.833705D-02  0.574103D+01
  298.8903  0.111829D-01  0.110039D-01  0.688063D+01
  299.2061  0.135686D-01  0.131600D-01  0.144489D+02
  299.5215  0.132564D-01  0.129008D-01  0.436598D+01
  299.8364  0.138152D-01  0.139097D-01 -0.114462D+01
  300.1508  0.115438D-01  0.119824D-01 -0.538547D+01
  300.4648  0.127892D-01  0.134325D-01 -0.779086D+01
  300.7783  0.153208D-01  0.160437D-01 -0.863545D+01
   31 294.427 303.882 299.155  3.347D-01  0.000D+00  6.546D-03  0.000D+00  1.618D-02  1.580D+01 10000  2.171D-02
  294.4273  0.785383D-02  0.745876D-02  0.183819D+02
  294.7484  0.754954D-02  0.747479D-02  0.347824D+01
  295.0691  0.770452D-02  0.777344D-02 -0.320694D+01
  295.3895  0.885041D-02  0.905867D-02 -0.876688D+01
  295.7096  0.923275D-02  0.947935D-02 -0.103808D+02
  296.0294  0.100054D-01  0.103324D-01 -0.137690D+02
  296.3488  0.101015D-01  0.103187D-01 -0.914269D+01
  296.6678  0.803822D-02  0.813427D-02 -0.424553D+01
  296.9865  0.754841D-02  0.762887D-02 -0.374330D+01
  297.3048  0.886851D-02  0.888887D-02 -0.900076D+00
  297.6227  0.116320D-01  0.116203D-01  0.449147D+00
  297.9402  0.124555D-01  0.123127D-01  0.548833D+01
  298.2573  0.954270D-02  0.923376D-02  0.130053D+02
  298.5740  0.846694D-02  0.799018D-02  0.210731D+02
  298.8903  0.111829D-01  0.106898D-01  0.189516D+02
  299.2061  0.135686D-01  0.129515D-01  0.218200D+02
  299.5215  0.132564D-01  0.128052D-01  0.553981D+01
  299.8364  0.138152D-01  0.142123D-01 -0.480932D+01
  300.1508  0.115438D-01  0.124212D-01 -0.107730D+02
  300.4648  0.127892D-01  0.144086D-01 -0.196104D+02
  300.7783  0.153208D-01  0.177955D-01 -0.295640D+02
  301.0912  0.186126D-01  0.210023D-01 -0.277977D+02
  301.4036  0.225774D-01  0.250841D-01 -0.291582D+02
  301.7155  0.216430D-01  0.244373D-01 -0.325036D+02
  302.0268  0.188082D-01  0.202279D-01 -0.165139D+02
  302.3375  0.245468D-01  0.257515D-01 -0.138310D+02
  302.6476  0.352173D-01  0.360298D-01 -0.897920D+01
  302.9571  0.466841D-01  0.456889D-01  0.109972D+02
  303.2660  0.553829D-01  0.533208D-01  0.227876D+02
  303.5743  0.594891D-01  0.587661D-01  0.798983D+01
  303.8819  0.563671D-01  0.557255D-01  0.708894D+01
   31 297.623 306.918 302.270  3.530D-01  0.000D+00 -4.158D-03  0.000D+00  3.705D-02  2.984D+01 10300  2.648D-02
  297.6227  0.116320D-01  0.120053D-01 -0.143475D+02
  297.9402  0.124555D-01  0.125276D-01 -0.276987D+01
  298.2573  0.954270D-02  0.949240D-02  0.211741D+01
  298.5740  0.846694D-02  0.833150D-02  0.598665D+01
  298.8903  0.111829D-01  0.108704D-01  0.120108D+02
  299.2061  0.135686D-01  0.127984D-01  0.272338D+02
  299.5215  0.132564D-01  0.127211D-01  0.657277D+01
  299.8364  0.138152D-01  0.136412D-01  0.210665D+01
  300.1508  0.115438D-01  0.120885D-01 -0.668809D+01
  300.4648  0.127892D-01  0.139286D-01 -0.137979D+02
  300.7783  0.153208D-01  0.170192D-01 -0.202901D+02
  301.0912  0.186126D-01  0.201902D-01 -0.183513D+02
  301.4036  0.225774D-01  0.239129D-01 -0.155346D+02
  301.7155  0.216430D-01  0.232813D-01 -0.190562D+02
  302.0268  0.188082D-01  0.200003D-01 -0.138655D+02
  302.3375  0.245468D-01  0.256608D-01 -0.127896D+02
  302.6476  0.352173D-01  0.360860D-01 -0.959941D+01
  302.9571  0.466841D-01  0.461016D-01  0.643700D+01
  303.2660  0.553829D-01  0.546277D-01  0.834600D+01
  303.5743  0.594891D-01  0.603938D-01 -0.999688D+01
  303.8819  0.563671D-01  0.588535D-01 -0.274765D+02
  304.1888  0.617628D-01  0.647547D-01 -0.330617D+02
  304.4951  0.758687D-01  0.777910D-01 -0.188814D+02
  304.8006  0.900086D-01  0.849683D-01  0.495082D+02
  305.1054  0.110890D+00  0.100749D+00  0.896549D+02
  305.4094  0.118186D+00  0.112204D+00  0.528841D+02
  305.7127  0.102406D+00  0.100843D+00  0.138185D+02
  306.0152  0.103730D+00  0.104529D+00 -0.706817D+01
  306.3168  0.122745D+00  0.131458D+00 -0.700228D+02
  306.6177  0.130878D+00  0.138456D+00 -0.558226D+02
  306.9176  0.160549D+00  0.157761D+00  0.205396D+02
   31 300.778 309.866 305.322  3.442D-01  0.000D+00 -3.115D-02  0.000D+00  1.067D-01  4.627D+01 10000  3.600D-02
  300.7783  0.153208D-01  0.153097D-01  0.132842D+00
  301.0912  0.186126D-01  0.185540D-01  0.681208D+00
  301.4036  0.225774D-01  0.221382D-01  0.510819D+01
  301.7155  0.216430D-01  0.213844D-01  0.300819D+01
  302.0268  0.188082D-01  0.187099D-01  0.114361D+01
  302.3375  0.245468D-01  0.253407D-01 -0.911449D+01
  302.6476  0.352173D-01  0.357672D-01 -0.607753D+01
  302.9571  0.466841D-01  0.457667D-01  0.101371D+02
  303.2660  0.553829D-01  0.545374D-01  0.934318D+01
  303.5743  0.594891D-01  0.599283D-01 -0.485315D+01
  303.8819  0.563671D-01  0.584404D-01 -0.229110D+02
  304.1888  0.617628D-01  0.656433D-01 -0.428810D+02
  304.4951  0.758687D-01  0.791773D-01 -0.324981D+02
  304.8006  0.900086D-01  0.858285D-01  0.410587D+02
  305.1054  0.110890D+00  0.103421D+00  0.660289D+02
  305.4094  0.118186D+00  0.113099D+00  0.449768D+02
  305.7127  0.102406D+00  0.100050D+00  0.208344D+02
  306.0152  0.103730D+00  0.107028D+00 -0.291601D+02
  306.3168  0.122745D+00  0.134400D+00 -0.936646D+02
  306.6177  0.130878D+00  0.139276D+00 -0.618639D+02
  306.9176  0.160549D+00  0.161329D+00 -0.574637D+01
  307.2168  0.202369D+00  0.192484D+00  0.624205D+02
  307.5150  0.224032D+00  0.206706D+00  0.102110D+03
  307.8123  0.235739D+00  0.226228D+00  0.525542D+02
  308.1086  0.238963D+00  0.242608D+00 -0.189516D+02
  308.4040  0.254336D+00  0.266526D+00 -0.598658D+02
  308.6984  0.273657D+00  0.289156D+00 -0.685063D+02
  308.9918  0.254845D+00  0.268532D+00 -0.576171D+02
  309.2841  0.242018D+00  0.248397D+00 -0.245203D+02
  309.5754  0.281157D+00  0.268117D+00  0.443353D+02
  309.8656  0.302197D+00  0.271085D+00  0.948397D+02
   21 303.882 309.866 306.874  3.516D-01  0.000D+00 -4.094D-02  0.000D+00  1.696D-01  5.402D+01 10300  4.799D-02
  303.8819  0.563671D-01  0.546266D-01  0.192321D+02
  304.1888  0.617628D-01  0.643907D-01 -0.290390D+02
  304.4951  0.758687D-01  0.792543D-01 -0.332552D+02
  304.8006  0.900086D-01  0.874079D-01  0.255452D+02
  305.1054  0.110890D+00  0.105681D+00  0.460496D+02
  305.4094  0.118186D+00  0.114408D+00  0.333996D+02
  305.7127  0.102406D+00  0.101357D+00  0.927728D+01
  306.0152  0.103730D+00  0.109070D+00 -0.472120D+02
  306.3168  0.122745D+00  0.134669D+00 -0.958248D+02
  306.6177  0.130878D+00  0.139402D+00 -0.627918D+02
  306.9176  0.160549D+00  0.161370D+00 -0.604188D+01
  307.2168  0.202369D+00  0.190750D+00  0.733729D+02
  307.5150  0.224032D+00  0.204644D+00  0.114263D+03
  307.8123  0.235739D+00  0.223890D+00  0.654687D+02
  308.1086  0.238963D+00  0.240204D+00 -0.644925D+01
  308.4040  0.254336D+00  0.265231D+00 -0.535083D+02
  308.6984  0.273657D+00  0.286924D+00 -0.586405D+02
  308.9918  0.254845D+00  0.267747D+00 -0.543140D+02
  309.2841  0.242018D+00  0.251308D+00 -0.357097D+02
  309.5754  0.281157D+00  0.272646D+00  0.289377D+02
  309.8656  0.302197D+00  0.277944D+00  0.739303D+02
   31 310.038 314.777 312.408  2.870D-01  0.000D+00 -1.114D-02  0.000D+00  5.942D-01  4.752D+01 10000  2.496D-02
  310.0377  0.362003D+00  0.346343D+00  0.178795D+02
  310.1968  0.361737D+00  0.366398D+00 -0.565836D+01
  310.3558  0.444896D+00  0.454759D+00 -0.123306D+02
  310.5148  0.563558D+00  0.557366D+00  0.814748D+01
  310.6736  0.645173D+00  0.629240D+00  0.221325D+02
  310.8325  0.693701D+00  0.674555D+00  0.265949D+02
  310.9911  0.713949D+00  0.692683D+00  0.295408D+02
  311.1498  0.701336D+00  0.694617D+00  0.105005D+02
  311.3083  0.672038D+00  0.696612D+00 -0.384026D+02
  311.4668  0.652016D+00  0.689006D+00 -0.578064D+02
  311.6252  0.618024D+00  0.659422D+00 -0.646953D+02
  311.7836  0.582335D+00  0.613858D+00 -0.562995D+02
  311.9418  0.560051D+00  0.576007D+00 -0.284970D+02
  312.1000  0.564576D+00  0.569006D+00 -0.791324D+01
  312.2581  0.614291D+00  0.599564D+00  0.245491D+02
  312.4161  0.672434D+00  0.642778D+00  0.494356D+02
  312.5741  0.708802D+00  0.666256D+00  0.664895D+02
  312.7319  0.724582D+00  0.679985D+00  0.696947D+02
  312.8897  0.752409D+00  0.701552D+00  0.794774D+02
  313.0475  0.767680D+00  0.717762D+00  0.780102D+02
  313.2051  0.753258D+00  0.722226D+00  0.484950D+02
  313.3627  0.722602D+00  0.729229D+00 -0.103564D+02
  313.5201  0.715872D+00  0.760537D+00 -0.698012D+02
  313.6776  0.764060D+00  0.828063D+00 -0.100020D+03
  313.8349  0.857044D+00  0.912352D+00 -0.864323D+02
  313.9922  0.939904D+00  0.966857D+00 -0.421222D+02
  314.1494  0.961509D+00  0.949868D+00  0.181922D+02
  314.3065  0.860947D+00  0.848613D+00  0.192741D+02
  314.4636  0.754389D+00  0.742742D+00  0.182011D+02
  314.6205  0.757839D+00  0.751830D+00  0.939051D+01
  314.7774  0.903140D+00  0.876234D+00  0.420480D+02
   31 311.625 316.342 313.984  2.768D-01  0.000D+00 -4.407D-02  0.000D+00  7.476D-01  5.789D+01 10300  2.459D-02
  311.6252  0.618024D+00  0.639198D+00 -0.330897D+02
  311.7836  0.582335D+00  0.593952D+00 -0.207482D+02
  311.9418  0.560051D+00  0.562489D+00 -0.435461D+01
  312.1000  0.564576D+00  0.566477D+00 -0.339649D+01
  312.2581  0.614291D+00  0.607045D+00  0.120797D+02
  312.4161  0.672434D+00  0.652611D+00  0.330438D+02
  312.5741  0.708802D+00  0.673013D+00  0.559294D+02
  312.7319  0.724582D+00  0.690136D+00  0.538311D+02
  312.8897  0.752409D+00  0.715640D+00  0.574619D+02
  313.0475  0.767680D+00  0.731019D+00  0.572928D+02
  313.2051  0.753258D+00  0.734312D+00  0.296076D+02
  313.3627  0.722602D+00  0.743200D+00 -0.321882D+02
  313.5201  0.715872D+00  0.781423D+00 -0.102440D+03
  313.6776  0.764060D+00  0.855902D+00 -0.143525D+03
  313.8349  0.857044D+00  0.938606D+00 -0.127461D+03
  313.9922  0.939904D+00  0.978673D+00 -0.605863D+02
  314.1494  0.961509D+00  0.936743D+00  0.387031D+02
  314.3065  0.860947D+00  0.811775D+00  0.768428D+02
  314.4636  0.754389D+00  0.708766D+00  0.712976D+02
  314.6205  0.757839D+00  0.741499D+00  0.255360D+02
  314.7774  0.903140D+00  0.869000D+00  0.533520D+02
  314.9342  0.103130D+01  0.985531D+00  0.715306D+02
  315.0909  0.108368D+01  0.104550D+01  0.596661D+02
  315.2476  0.107830D+01  0.106131D+01  0.265523D+02
  315.4042  0.102695D+01  0.104478D+01 -0.278719D+02
  315.5607  0.940299D+00  0.973595D+00 -0.520324D+02
  315.7172  0.814681D+00  0.848364D+00 -0.526373D+02
  315.8735  0.718360D+00  0.741178D+00 -0.356587D+02
  316.0298  0.708519D+00  0.729506D+00 -0.327971D+02
  316.1860  0.812588D+00  0.814379D+00 -0.279795D+01
  316.3422  0.958568D+00  0.933088D+00  0.398194D+02
   31 313.205 317.900 315.552  2.875D-01  0.000D+00 -4.718D-02  0.000D+00  9.099D-01  5.444D+01 10300  2.230D-02
  313.2051  0.753258D+00  0.686964D+00  0.103601D+03
  313.3627  0.722602D+00  0.707823D+00  0.230969D+02
  313.5201  0.715872D+00  0.754480D+00 -0.603357D+02
  313.6776  0.764060D+00  0.833455D+00 -0.108447D+03
  313.8349  0.857044D+00  0.918460D+00 -0.959782D+02
  313.9922  0.939904D+00  0.960892D+00 -0.327999D+02
  314.1494  0.961509D+00  0.923002D+00  0.601771D+02
  314.3065  0.860947D+00  0.808537D+00  0.819038D+02
  314.4636  0.754389D+00  0.717826D+00  0.571384D+02
  314.6205  0.757839D+00  0.752088D+00  0.898740D+01
  314.7774  0.903140D+00  0.875981D+00  0.424430D+02
  314.9342  0.103130D+01  0.991559D+00  0.621112D+02
  315.0909  0.108368D+01  0.105390D+01  0.465395D+02
  315.2476  0.107830D+01  0.107140D+01  0.107830D+02
  315.4042  0.102695D+01  0.105332D+01 -0.412153D+02
  315.5607  0.940299D+00  0.980910D+00 -0.634650D+02
  315.7172  0.814681D+00  0.859450D+00 -0.699621D+02
  315.8735  0.718360D+00  0.757835D+00 -0.616894D+02
  316.0298  0.708519D+00  0.749118D+00 -0.634454D+02
  316.1860  0.812588D+00  0.834384D+00 -0.340608D+02
  316.3422  0.958568D+00  0.952772D+00  0.905795D+01
  316.4983  0.108198D+01  0.104481D+01  0.546754D+02
  316.6543  0.116410D+01  0.110844D+01  0.773218D+02
  316.8102  0.120975D+01  0.117833D+01  0.436406D+02
  316.9661  0.128837D+01  0.128441D+01  0.548922D+01
  317.1218  0.139408D+01  0.141166D+01 -0.231459D+02
  317.2775  0.148774D+01  0.148876D+01 -0.134854D+01
  317.4332  0.148169D+01  0.149442D+01 -0.167538D+02
  317.5887  0.143678D+01  0.145825D+01 -0.282522D+02
  317.7442  0.134549D+01  0.135207D+01 -0.913674D+01
  317.8996  0.119357D+01  0.117069D+01  0.317865D+02
   31 314.777 319.450 317.114  2.495D-01  0.000D+00 -5.207D-02  0.000D+00  1.018D+00  6.023D+01   304  1.942D-02
  314.7774  0.903140D+00  0.908814D+00 -0.886769D+01
  314.9342  0.103130D+01  0.102324D+01  0.125964D+02
  315.0909  0.108368D+01  0.106691D+01  0.262066D+02
  315.2476  0.107830D+01  0.107219D+01  0.955931D+01
  315.4042  0.102695D+01  0.105274D+01 -0.403083D+02
  315.5607  0.940299D+00  0.975000D+00 -0.542283D+02
  315.7172  0.814681D+00  0.833636D+00 -0.296213D+02
  315.8735  0.718360D+00  0.715693D+00  0.416838D+01
  316.0298  0.708519D+00  0.711984D+00 -0.541523D+01
  316.1860  0.812588D+00  0.811745D+00  0.131866D+01
  316.3422  0.958568D+00  0.945067D+00  0.210990D+02
  316.4983  0.108198D+01  0.103267D+01  0.725249D+02
  316.6543  0.116410D+01  0.108920D+01  0.104047D+03
  316.8102  0.120975D+01  0.115494D+01  0.761359D+02
  316.9661  0.128837D+01  0.126887D+01  0.270831D+02
  317.1218  0.139408D+01  0.142499D+01 -0.406900D+02
  317.2775  0.148774D+01  0.151233D+01 -0.323686D+02
  317.4332  0.148169D+01  0.151348D+01 -0.418386D+02
  317.5887  0.143678D+01  0.149839D+01 -0.810790D+02
  317.7442  0.134549D+01  0.140751D+01 -0.861495D+02
  317.8996  0.119357D+01  0.119727D+01 -0.514011D+01
  318.0549  0.103713D+01  0.103293D+01  0.617164D+01
  318.2102  0.101173D+01  0.102409D+01 -0.181806D+02
  318.3654  0.112061D+01  0.112343D+01 -0.414566D+01
  318.5205  0.127355D+01  0.126237D+01  0.155244D+02
  318.6756  0.141653D+01  0.140630D+01  0.134642D+02
  318.8306  0.158180D+01  0.154844D+01  0.417054D+02
  318.9854  0.166426D+01  0.159291D+01  0.891974D+02
  319.1403  0.154526D+01  0.144217D+01  0.128884D+03
  319.2950  0.131857D+01  0.129702D+01  0.299285D+02
  319.4497  0.121597D+01  0.135331D+01 -0.190785D+03
   31 316.342 320.993 318.667  2.507D-01  0.000D+00  1.291D-03  0.000D+00  1.151D+00  1.014D+02   304  3.436D-02
  316.3422  0.958568D+00  0.950078D+00  0.132677D+02
  316.4983  0.108198D+01  0.105716D+01  0.365011D+02
  316.6543  0.116410D+01  0.111620D+01  0.665499D+02
  316.8102  0.120975D+01  0.117242D+01  0.518587D+02
  316.9661  0.128837D+01  0.126236D+01  0.361249D+02
  317.1218  0.139408D+01  0.141045D+01 -0.215434D+02
  317.2775  0.148774D+01  0.152730D+01 -0.520588D+02
  317.4332  0.148169D+01  0.154221D+01 -0.796540D+02
  317.5887  0.143678D+01  0.152201D+01 -0.112170D+03
  317.7442  0.134549D+01  0.146135D+01 -0.160942D+03
  317.8996  0.119357D+01  0.127397D+01 -0.111675D+03
  318.0549  0.103713D+01  0.106668D+01 -0.434618D+02
  318.2102  0.101173D+01  0.999215D+00  0.184133D+02
  318.3654  0.112061D+01  0.106109D+01  0.875444D+02
  318.5205  0.127355D+01  0.118159D+01  0.127737D+03
  318.6756  0.141653D+01  0.131166D+01  0.138005D+03
  318.8306  0.158180D+01  0.144280D+01  0.173767D+03
  318.9854  0.166426D+01  0.152321D+01  0.176342D+03
  319.1403  0.154526D+01  0.142684D+01  0.148045D+03
  319.2950  0.131857D+01  0.124578D+01  0.101105D+03
  319.4497  0.121597D+01  0.122213D+01 -0.856142D+01
  319.6043  0.129289D+01  0.133825D+01 -0.630048D+02
  319.7589  0.143847D+01  0.148737D+01 -0.643445D+02
  319.9133  0.152066D+01  0.162589D+01 -0.131565D+03
  320.0677  0.156426D+01  0.168900D+01 -0.155946D+03
  320.2220  0.160351D+01  0.172992D+01 -0.158032D+03
  320.3763  0.174746D+01  0.182043D+01 -0.868869D+02
  320.5305  0.189038D+01  0.190995D+01 -0.232987D+02
  320.6846  0.196176D+01  0.192859D+01  0.376994D+02
  320.8386  0.189723D+01  0.182671D+01  0.801494D+02
  320.9926  0.173388D+01  0.162371D+01  0.137743D+03
   31 317.900 322.528 320.214  2.628D-01  0.000D+00  3.486D-04  0.000D+00  1.287D+00  1.121D+02 10300  3.801D-02
  317.8996  0.119357D+01  0.130557D+01 -0.155575D+03
  318.0549  0.103713D+01  0.109911D+01 -0.911656D+02
  318.2102  0.101173D+01  0.102565D+01 -0.204676D+02
  318.3654  0.112061D+01  0.108114D+01  0.580590D+02
  318.5205  0.127355D+01  0.119838D+01  0.104419D+03
  318.6756  0.141653D+01  0.132825D+01  0.116173D+03
  318.8306  0.158180D+01  0.145655D+01  0.156577D+03
  318.9854  0.166426D+01  0.152729D+01  0.171235D+03
  319.1403  0.154526D+01  0.143571D+01  0.136958D+03
  319.2950  0.131857D+01  0.127129D+01  0.656820D+02
  319.4497  0.121597D+01  0.124814D+01 -0.446906D+02
  319.6043  0.129289D+01  0.135928D+01 -0.922175D+02
  319.7589  0.143847D+01  0.150974D+01 -0.937895D+02
  319.9133  0.152066D+01  0.164586D+01 -0.156527D+03
  320.0677  0.156426D+01  0.171478D+01 -0.188184D+03
  320.2220  0.160351D+01  0.176242D+01 -0.198665D+03
  320.3763  0.174746D+01  0.185130D+01 -0.123637D+03
  320.5305  0.189038D+01  0.193694D+01 -0.554320D+02
  320.6846  0.196176D+01  0.194978D+01  0.136195D+02
  320.8386  0.189723D+01  0.184504D+01  0.593180D+02
  320.9926  0.173388D+01  0.164260D+01  0.114120D+03
  321.1465  0.155074D+01  0.144472D+01  0.132552D+03
  321.3003  0.144458D+01  0.134043D+01  0.130208D+03
  321.4540  0.146002D+01  0.135270D+01  0.134179D+03
  321.6077  0.156257D+01  0.146262D+01  0.124957D+03
  321.7614  0.170408D+01  0.161956D+01  0.100627D+03
  321.9149  0.178513D+01  0.176666D+01  0.219869D+02
  322.0684  0.175741D+01  0.181816D+01 -0.690449D+02
  322.2217  0.165187D+01  0.173557D+01 -0.104643D+03
  322.3751  0.158214D+01  0.162676D+01 -0.557944D+02
  322.5283  0.151896D+01  0.153569D+01 -0.209241D+02
   31 319.450 324.057 321.753  3.597D-01  0.000D+00 -1.254D-02  0.000D+00  1.347D+00  8.696D+01 10302  4.296D-02
  319.4497  0.121597D+01  0.113831D+01  0.107885D+03
  319.6043  0.129289D+01  0.125475D+01  0.529820D+02
  319.7589  0.143847D+01  0.140669D+01  0.418300D+02
  319.9133  0.152066D+01  0.155029D+01 -0.370535D+02
  320.0677  0.156426D+01  0.166651D+01 -0.127834D+03
  320.2220  0.160351D+01  0.176266D+01 -0.198969D+03
  320.3763  0.174746D+01  0.184937D+01 -0.121342D+03
  320.5305  0.189038D+01  0.190725D+01 -0.200792D+02
  320.6846  0.196176D+01  0.189842D+01  0.719933D+02
  320.8386  0.189723D+01  0.180253D+01  0.107627D+03
  320.9926  0.173388D+01  0.164907D+01  0.106029D+03
  321.1465  0.155074D+01  0.149931D+01  0.643041D+02
  321.3003  0.144458D+01  0.141444D+01  0.376813D+02
  321.4540  0.146002D+01  0.142171D+01  0.478984D+02
  321.6077  0.156257D+01  0.150438D+01  0.727437D+02
  321.7614  0.170408D+01  0.162436D+01  0.949199D+02
  321.9149  0.178513D+01  0.172454D+01  0.721417D+02
  322.0684  0.175741D+01  0.176084D+01 -0.390012D+01
  322.2217  0.165187D+01  0.172576D+01 -0.923717D+02
  322.3751  0.158214D+01  0.165101D+01 -0.861133D+02
  322.5283  0.151896D+01  0.156335D+01 -0.555043D+02
  322.6815  0.141811D+01  0.147753D+01 -0.742788D+02
  322.8346  0.129849D+01  0.141816D+01 -0.149608D+03
  322.9876  0.133774D+01  0.142016D+01 -0.103035D+03
  323.1406  0.151211D+01  0.148222D+01  0.355966D+02
  323.2935  0.166805D+01  0.155486D+01  0.128640D+03
  323.4464  0.170051D+01  0.160915D+01  0.103836D+03
  323.5991  0.169305D+01  0.166322D+01  0.338980D+02
  323.7518  0.177789D+01  0.175667D+01  0.241157D+02
  323.9044  0.190345D+01  0.189924D+01  0.457541D+01
  324.0569  0.201923D+01  0.206734D+01 -0.501233D+02
   31 320.993 325.730 323.361  2.500D-01  0.000D+00 -7.398D-02  0.000D+00  1.434D+00  6.962D+01 10300  3.034D-02
  320.9926  0.173388D+01  0.174683D+01 -0.161795D+02
  321.1465  0.155074D+01  0.150516D+01  0.569881D+02
  321.3003  0.144458D+01  0.140628D+01  0.478907D+02
  321.4540  0.146002D+01  0.144185D+01  0.227252D+02
  321.6077  0.156257D+01  0.156185D+01  0.896083D+00
  321.7614  0.170408D+01  0.170928D+01 -0.619512D+01
  321.9149  0.178513D+01  0.181992D+01 -0.414313D+02
  322.0684  0.175741D+01  0.179798D+01 -0.461085D+02
  322.2217  0.165187D+01  0.168636D+01 -0.431122D+02
  322.3751  0.158214D+01  0.161334D+01 -0.390124D+02
  322.5283  0.151896D+01  0.153500D+01 -0.200523D+02
  322.6815  0.141811D+01  0.141478D+01  0.416578D+01
  322.8346  0.129849D+01  0.134133D+01 -0.535649D+02
  322.9876  0.133774D+01  0.139543D+01 -0.721185D+02
  323.1406  0.151211D+01  0.154651D+01 -0.409482D+02
  323.2935  0.166805D+01  0.161460D+01  0.607529D+02
  323.4464  0.170051D+01  0.158236D+01  0.134282D+03
  323.5991  0.169305D+01  0.160068D+01  0.104986D+03
  323.7518  0.177789D+01  0.170414D+01  0.838161D+02
  323.9044  0.190345D+01  0.183770D+01  0.714795D+02
  324.0569  0.201923D+01  0.196631D+01  0.551287D+02
  324.2094  0.206306D+01  0.203750D+01  0.266293D+02
  324.3619  0.207392D+01  0.206982D+01  0.427117D+01
  324.5142  0.208766D+01  0.211166D+01 -0.249983D+02
  324.6664  0.203580D+01  0.206783D+01 -0.333747D+02
  324.8187  0.189265D+01  0.195565D+01 -0.656357D+02
  325.1229  0.180832D+01  0.196107D+01 -0.166068D+03
  325.2748  0.193597D+01  0.203725D+01 -0.105519D+03
  325.4268  0.210763D+01  0.216293D+01 -0.576183D+02
  325.5786  0.230485D+01  0.229219D+01  0.126618D+02
  325.7304  0.250202D+01  0.232989D+01  0.172152D+03
   31 322.528 327.244 324.886  2.279D-01  0.000D+00 -6.164D-03  0.000D+00  1.537D+00  8.334D+01 10300  3.103D-02
  322.5283  0.151896D+01  0.152483D+01 -0.733661D+01
  322.6815  0.141811D+01  0.144973D+01 -0.395286D+02
  322.8346  0.129849D+01  0.135851D+01 -0.750416D+02
  322.9876  0.133774D+01  0.135918D+01 -0.267969D+02
  323.1406  0.151211D+01  0.151801D+01 -0.701722D+01
  323.2935  0.166805D+01  0.167158D+01 -0.401287D+01
  323.4464  0.170051D+01  0.164864D+01  0.589539D+02
  323.5991  0.169305D+01  0.160890D+01  0.956378D+02
  323.7518  0.177789D+01  0.168313D+01  0.107698D+03
  323.9044  0.190345D+01  0.180801D+01  0.103757D+03
  324.0569  0.201923D+01  0.193811D+01  0.845100D+02
  324.2094  0.206306D+01  0.203574D+01  0.284572D+02
  324.3619  0.207392D+01  0.205238D+01  0.224429D+02
  324.5142  0.208766D+01  0.209259D+01 -0.513629D+01
  324.6664  0.203580D+01  0.211132D+01 -0.786838D+02
  324.8187  0.189265D+01  0.199488D+01 -0.106512D+03
  325.1229  0.180832D+01  0.195001D+01 -0.154040D+03
  325.2748  0.193597D+01  0.203960D+01 -0.107961D+03
  325.4268  0.210763D+01  0.217801D+01 -0.733267D+02
  325.5786  0.230485D+01  0.239974D+01 -0.949018D+02
  325.7304  0.250202D+01  0.257533D+01 -0.733234D+02
  325.8821  0.266943D+01  0.266293D+01  0.625163D+01
  326.0338  0.277265D+01  0.272579D+01  0.433975D+02
  326.1854  0.281858D+01  0.270573D+01  0.104504D+03
  326.3369  0.274126D+01  0.262916D+01  0.103820D+03
  326.4883  0.267797D+01  0.253843D+01  0.139569D+03
  326.6397  0.272922D+01  0.259691D+01  0.127240D+03
  326.7910  0.284793D+01  0.278938D+01  0.542221D+02
  326.9422  0.286581D+01  0.286363D+01  0.201188D+01
  327.0934  0.271411D+01  0.279218D+01 -0.750760D+02
  327.2444  0.261406D+01  0.277269D+01 -0.152552D+03
   31 324.057 328.752 326.404  2.656D-01  0.000D+00  4.391D-02  0.000D+00  1.596D+00  8.846D+01 10300  4.700D-02
  324.0569  0.201923D+01  0.192467D+01  0.985076D+02
  324.2094  0.206306D+01  0.201166D+01  0.535502D+02
  324.3619  0.207392D+01  0.204822D+01  0.267700D+02
  324.5142  0.208766D+01  0.206820D+01  0.202721D+02
  324.6664  0.203580D+01  0.208215D+01 -0.482864D+02
  324.8187  0.189265D+01  0.201990D+01 -0.132575D+03
  325.1229  0.180832D+01  0.193743D+01 -0.140363D+03
  325.2748  0.193597D+01  0.201631D+01 -0.837035D+02
  325.4268  0.210763D+01  0.214738D+01 -0.414159D+02
  325.5786  0.230485D+01  0.234138D+01 -0.365342D+02
  325.7304  0.250202D+01  0.253613D+01 -0.341193D+02
  325.8821  0.266943D+01  0.266328D+01  0.591739D+01
  326.0338  0.277265D+01  0.273518D+01  0.347054D+02
  326.1854  0.281858D+01  0.274317D+01  0.698307D+02
  326.3369  0.274126D+01  0.268175D+01  0.551168D+02
  326.4883  0.267797D+01  0.259693D+01  0.810581D+02
  326.6397  0.272922D+01  0.258849D+01  0.135334D+03
  326.7910  0.284793D+01  0.269015D+01  0.146122D+03
  326.9422  0.286581D+01  0.276281D+01  0.953818D+02
  327.0934  0.271411D+01  0.271032D+01  0.365352D+01
  327.2444  0.261406D+01  0.263522D+01 -0.203527D+02
  327.3955  0.264217D+01  0.264915D+01 -0.671485D+01
  327.5464  0.269081D+01  0.270082D+01 -0.962952D+01
  327.6974  0.261921D+01  0.268619D+01 -0.644194D+02
  327.8482  0.247396D+01  0.261925D+01 -0.139726D+03
  327.9989  0.238963D+01  0.256373D+01 -0.167429D+03
  328.1496  0.238884D+01  0.253702D+01 -0.142503D+03
  328.3002  0.246118D+01  0.251541D+01 -0.521484D+02
  328.4508  0.250473D+01  0.247414D+01  0.294170D+02
  328.6013  0.245117D+01  0.237026D+01  0.778111D+02
  328.7517  0.241706D+01  0.223292D+01  0.177089D+03
   31 325.730 330.252 327.991  3.103D-01  0.000D+00 -9.925D-02  0.000D+00  1.619D+00  7.823D+01   300  4.535D-02
  325.7304  0.250202D+01  0.262654D+01 -0.124548D+03
  325.8821  0.266943D+01  0.272216D+01 -0.507084D+02
  326.0338  0.277265D+01  0.274918D+01  0.217333D+02
  326.1854  0.281858D+01  0.271254D+01  0.982006D+02
  326.3369  0.274126D+01  0.265585D+01  0.790941D+02
  326.4883  0.267797D+01  0.265151D+01  0.264621D+02
  326.6397  0.272922D+01  0.271298D+01  0.156112D+02
  326.7910  0.284793D+01  0.275983D+01  0.815918D+02
  326.9422  0.286581D+01  0.273094D+01  0.124897D+03
  327.0934  0.271411D+01  0.267629D+01  0.363747D+02
  327.2444  0.261406D+01  0.267020D+01 -0.539906D+02
  327.3955  0.264217D+01  0.269071D+01 -0.466796D+02
  327.5464  0.269081D+01  0.268004D+01  0.103548D+02
  327.6974  0.261921D+01  0.263111D+01 -0.114472D+02
  327.8482  0.247396D+01  0.258620D+01 -0.107941D+03
  327.9989  0.238963D+01  0.256273D+01 -0.166471D+03
  328.1496  0.238884D+01  0.255045D+01 -0.155421D+03
  328.3002  0.246118D+01  0.252162D+01 -0.581218D+02
  328.4508  0.250473D+01  0.245658D+01  0.463054D+02
  328.6013  0.245117D+01  0.239467D+01  0.543399D+02
  328.7517  0.241706D+01  0.244349D+01 -0.254147D+02
  328.9020  0.258154D+01  0.262872D+01 -0.436929D+02
  329.0523  0.289301D+01  0.284405D+01  0.437193D+02
  329.2025  0.313429D+01  0.300351D+01  0.112764D+03
  329.3527  0.324402D+01  0.310832D+01  0.116998D+03
  329.5027  0.329221D+01  0.318197D+01  0.950480D+02
  329.6528  0.331353D+01  0.325148D+01  0.534983D+02
  329.8027  0.331353D+01  0.334671D+01 -0.286087D+02
  329.9526  0.340289D+01  0.343587D+01 -0.265951D+02
  330.1024  0.339073D+01  0.343261D+01 -0.349037D+02
  330.2521  0.321574D+01  0.332249D+01 -0.889758D+02
   31 327.244 331.746 329.495  2.519D-01  0.000D+00 -5.694D-02  0.000D+00  1.698D+00  6.908D+01 10300  2.519D-02
  327.2444  0.261406D+01  0.254285D+01  0.684831D+02
  327.3955  0.264217D+01  0.260858D+01  0.323045D+02
  327.5464  0.269081D+01  0.263103D+01  0.574881D+02
  327.6974  0.261921D+01  0.258361D+01  0.342326D+02
  327.8482  0.247396D+01  0.253686D+01 -0.604835D+02
  327.9989  0.238963D+01  0.253077D+01 -0.135730D+03
  328.1496  0.238884D+01  0.254531D+01 -0.150479D+03
  328.3002  0.246118D+01  0.255533D+01 -0.905472D+02
  328.4508  0.250473D+01  0.252120D+01 -0.158330D+02
  328.6013  0.245117D+01  0.240949D+01  0.400814D+02
  328.7517  0.241706D+01  0.238123D+01  0.344650D+02
  328.9020  0.258154D+01  0.259980D+01 -0.169080D+02
  329.0523  0.289301D+01  0.288580D+01  0.643722D+01
  329.2025  0.313429D+01  0.305498D+01  0.683820D+02
  329.3527  0.324402D+01  0.315530D+01  0.764938D+02
  329.5027  0.329221D+01  0.320953D+01  0.712861D+02
  329.6528  0.331353D+01  0.323062D+01  0.714903D+02
  329.8027  0.331353D+01  0.327515D+01  0.330931D+02
  329.9526  0.340289D+01  0.336262D+01  0.324834D+02
  330.1024  0.339073D+01  0.336253D+01  0.235077D+02
  330.2521  0.321574D+01  0.316625D+01  0.412466D+02
  330.4019  0.292864D+01  0.292234D+01  0.563318D+01
  330.5515  0.266474D+01  0.271542D+01 -0.452576D+02
  330.7010  0.258194D+01  0.264140D+01 -0.531021D+02
  330.8505  0.263861D+01  0.277894D+01 -0.125318D+03
  330.9999  0.278906D+01  0.292399D+01 -0.116340D+03
  331.1492  0.283362D+01  0.291495D+01 -0.701208D+02
  331.2985  0.275031D+01  0.278371D+01 -0.298202D+02
  331.4477  0.267367D+01  0.266240D+01  0.100692D+02
  331.5969  0.272989D+01  0.267516D+01  0.471925D+02
  331.7459  0.289703D+01  0.275964D+01  0.118456D+03
   31 328.752 333.233 330.992  2.372D-01  0.000D+00 -5.749D-03  0.000D+00  1.686D+00  5.302D+01   300  1.551D-02
  328.7517  0.241706D+01  0.248673D+01 -0.670017D+02
  328.9020  0.258154D+01  0.261604D+01 -0.319508D+02
  329.0523  0.289301D+01  0.292533D+01 -0.288634D+02
  329.2025  0.313429D+01  0.311477D+01  0.168302D+02
  329.3527  0.324402D+01  0.320081D+01  0.372519D+02
  329.5027  0.329221D+01  0.324963D+01  0.367112D+02
  329.6528  0.331353D+01  0.324500D+01  0.590875D+02
  329.8027  0.331353D+01  0.325025D+01  0.545603D+02
  329.9526  0.340289D+01  0.331241D+01  0.729869D+02
  330.1024  0.339073D+01  0.336794D+01  0.189984D+02
  330.2521  0.321574D+01  0.321141D+01  0.360988D+01
  330.4019  0.292864D+01  0.295017D+01 -0.192207D+02
  330.5515  0.266474D+01  0.272845D+01 -0.568941D+02
  330.7010  0.258194D+01  0.257705D+01  0.436394D+01
  330.8505  0.263861D+01  0.267240D+01 -0.301734D+02
  330.9999  0.278906D+01  0.287665D+01 -0.755220D+02
  331.1492  0.283362D+01  0.294517D+01 -0.961730D+02
  331.2985  0.275031D+01  0.286355D+01 -0.101123D+03
  331.4477  0.267367D+01  0.273741D+01 -0.569189D+02
  331.5969  0.272989D+01  0.273817D+01 -0.713923D+01
  331.7459  0.289703D+01  0.288684D+01  0.878704D+01
  331.8950  0.303916D+01  0.299912D+01  0.345217D+02
  332.0439  0.303458D+01  0.296405D+01  0.587840D+02
  332.1927  0.287633D+01  0.280884D+01  0.581916D+02
  332.3416  0.276202D+01  0.266260D+01  0.887786D+02
  332.4903  0.283798D+01  0.275033D+01  0.755690D+02
  332.6390  0.299572D+01  0.296009D+01  0.296995D+02
  332.7876  0.300342D+01  0.297665D+01  0.223054D+02
  332.9362  0.286501D+01  0.286790D+01 -0.240367D+01
  333.0847  0.283821D+01  0.288806D+01 -0.429853D+02
  333.2331  0.292729D+01  0.303227D+01 -0.874993D+02
   31 330.252 334.714 332.483  2.408D-01  0.000D+00  8.390D-03  0.000D+00  1.727D+00  5.227D+01 10300  1.506D-02
  330.2521  0.321574D+01  0.314064D+01  0.625889D+02
  330.4019  0.292864D+01  0.290251D+01  0.233369D+02
  330.5515  0.266474D+01  0.269489D+01 -0.269262D+02
  330.7010  0.258194D+01  0.254778D+01  0.305025D+02
  330.8505  0.263861D+01  0.262615D+01  0.111220D+02
  330.9999  0.278906D+01  0.283709D+01 -0.414188D+02
  331.1492  0.283362D+01  0.293174D+01 -0.845961D+02
  331.2985  0.275031D+01  0.287220D+01 -0.108843D+03
  331.4477  0.267367D+01  0.275337D+01 -0.711662D+02
  331.5969  0.272989D+01  0.274364D+01 -0.118518D+02
  331.7459  0.289703D+01  0.288500D+01  0.103669D+02
  331.8950  0.303916D+01  0.300812D+01  0.267674D+02
  332.0439  0.303458D+01  0.298689D+01  0.397492D+02
  332.1927  0.287633D+01  0.283792D+01  0.331115D+02
  332.3416  0.276202D+01  0.267922D+01  0.739384D+02
  332.4903  0.283798D+01  0.273230D+01  0.911205D+02
  332.6390  0.299572D+01  0.292606D+01  0.580609D+02
  332.7876  0.300342D+01  0.295083D+01  0.438261D+02
  332.9362  0.286501D+01  0.283102D+01  0.283328D+02
  333.0847  0.283821D+01  0.281162D+01  0.229181D+02
  333.2331  0.292729D+01  0.291875D+01  0.711626D+01
  333.3814  0.291682D+01  0.294017D+01 -0.194603D+02
  333.5297  0.268957D+01  0.275709D+01 -0.582150D+02
  333.6779  0.247594D+01  0.254165D+01 -0.586756D+02
  333.8261  0.248358D+01  0.256944D+01 -0.766713D+02
  333.9742  0.265393D+01  0.274687D+01 -0.801315D+02
  334.1222  0.277237D+01  0.283457D+01 -0.518418D+02
  334.2702  0.286145D+01  0.286820D+01 -0.562496D+01
  334.4181  0.299997D+01  0.297898D+01  0.169247D+02
  334.5659  0.315556D+01  0.309665D+01  0.475170D+02
  334.7137  0.313882D+01  0.305958D+01  0.619121D+02
   22 331.746 334.861 333.304  2.425D-01  0.000D+00 -8.248D-03  0.000D+00  1.732D+00  1.633D+01   304  5.810D-03
  331.7459  0.289703D+01  0.289112D+01  0.509187D+01
  331.8950  0.303916D+01  0.304454D+01 -0.463962D+01
  332.0439  0.303458D+01  0.303577D+01 -0.994150D+00
  332.1927  0.287633D+01  0.289210D+01 -0.135994D+02
  332.3416  0.276202D+01  0.275098D+01  0.986328D+01
  332.4903  0.283798D+01  0.283085D+01  0.614616D+01
  332.6390  0.299572D+01  0.301017D+01 -0.120375D+02
  332.7876  0.300342D+01  0.299407D+01  0.779200D+01
  332.9362  0.286501D+01  0.285698D+01  0.669969D+01
  333.0847  0.283821D+01  0.283592D+01  0.197108D+01
  333.2331  0.292729D+01  0.292101D+01  0.523031D+01
  333.3814  0.291682D+01  0.289950D+01  0.144408D+02
  333.5297  0.268957D+01  0.268492D+01  0.400468D+01
  333.6779  0.247594D+01  0.248038D+01 -0.396010D+01
  333.8261  0.248358D+01  0.252622D+01 -0.380753D+02
  333.9742  0.265393D+01  0.269432D+01 -0.348234D+02
  334.1222  0.277237D+01  0.277405D+01 -0.140331D+01
  334.2702  0.286145D+01  0.282975D+01  0.264207D+02
  334.4181  0.299997D+01  0.297756D+01  0.180699D+02
  334.5659  0.315556D+01  0.312830D+01  0.219917D+02
  334.7137  0.313882D+01  0.312852D+01  0.805015D+01
  334.8614  0.291405D+01  0.294661D+01 -0.271403D+02
