 rad_fit_vary
           0
 T T
nwave fwave lwave wave    hwe     asym  shift    squeeze      sin      rms   exval 
   31 263.761 274.432 269.096  4.466D-01  0.000D+00  2.833D-03  0.000D+00  2.921D-03  3.637D+00 10300  4.235D-02
  263.7606  0.985205D-03  0.108679D-02 -0.795858D+01
  264.1312  0.140766D-02  0.130206D-02  0.647030D+01
  264.5006  0.123221D-02  0.125501D-02 -0.149236D+01
  264.8688  0.106639D-02  0.106811D-02 -0.129040D+00
  265.2358  0.122186D-02  0.107855D-02  0.113204D+02
  265.6016  0.118911D-02  0.119323D-02 -0.351571D+00
  265.9663  0.117279D-02  0.116676D-02  0.528339D+00
  266.3298  0.101534D-02  0.106251D-02 -0.442038D+01
  266.6923  0.103239D-02  0.101569D-02  0.161275D+01
  267.0536  0.100069D-02  0.102822D-02 -0.271255D+01
  267.4139  0.106336D-02  0.106853D-02 -0.504852D+00
  267.7732  0.100017D-02  0.104967D-02 -0.492905D+01
  268.1315  0.976731D-03  0.999291D-03 -0.226982D+01
  268.4888  0.101711D-02  0.100476D-02  0.120522D+01
  268.8451  0.967002D-03  0.985968D-03 -0.192864D+01
  269.2005  0.104819D-02  0.967090D-03  0.790974D+01
  269.5550  0.945555D-03  0.972021D-03 -0.274981D+01
  269.9086  0.105520D-02  0.104039D-02  0.145896D+01
  270.2613  0.117781D-02  0.114928D-02  0.278265D+01
  270.6131  0.116065D-02  0.115930D-02  0.131072D+00
  270.9641  0.110887D-02  0.110999D-02 -0.110984D+00
  271.3143  0.107643D-02  0.106122D-02  0.154689D+01
  271.6637  0.940847D-03  0.933655D-03  0.731244D+00
  272.0123  0.759959D-03  0.783348D-03 -0.248402D+01
  272.3601  0.798041D-03  0.796428D-03  0.167497D+00
  272.7072  0.913018D-03  0.948115D-03 -0.356892D+01
  273.0536  0.107884D-02  0.107585D-02  0.295073D+00
  273.3992  0.989913D-03  0.988329D-03  0.157798D+00
  273.7442  0.776070D-03  0.791796D-03 -0.163380D+01
  274.0885  0.663813D-03  0.652789D-03  0.113309D+01
  274.4321  0.618722D-03  0.600286D-03  0.191538D+01
   31 267.414 277.836 272.625  4.066D-01  0.000D+00  9.184D-04  0.000D+00  3.139D-03  2.002D+00 10300  2.340D-02
  267.4139  0.106336D-02  0.104231D-02  0.205230D+01
  267.7732  0.100017D-02  0.103378D-02 -0.334725D+01
  268.1315  0.976731D-03  0.984564D-03 -0.788038D+00
  268.4888  0.101711D-02  0.100686D-02  0.100059D+01
  268.8451  0.967002D-03  0.989270D-03 -0.226433D+01
  269.2005  0.104819D-02  0.972315D-03  0.740011D+01
  269.5550  0.945555D-03  0.976519D-03 -0.321712D+01
  269.9086  0.105520D-02  0.104665D-02  0.841738D+00
  270.2613  0.117781D-02  0.116951D-02  0.809479D+00
  270.6131  0.116065D-02  0.117333D-02 -0.122390D+01
  270.9641  0.110887D-02  0.111297D-02 -0.404345D+00
  271.3143  0.107643D-02  0.107185D-02  0.466165D+00
  271.6637  0.940847D-03  0.937599D-03  0.330196D+00
  272.0123  0.759959D-03  0.767027D-03 -0.750663D+00
  272.3601  0.798041D-03  0.785011D-03  0.135375D+01
  272.7072  0.913018D-03  0.944141D-03 -0.316480D+01
  273.0536  0.107884D-02  0.108901D-02 -0.100223D+01
  273.3992  0.989913D-03  0.987740D-03  0.216347D+00
  273.7442  0.776070D-03  0.779874D-03 -0.395196D+00
  274.0885  0.663813D-03  0.643132D-03  0.212555D+01
  274.4321  0.618722D-03  0.594472D-03  0.251944D+01
  274.7751  0.599263D-03  0.604570D-03 -0.563711D+00
  275.1175  0.704406D-03  0.701860D-03  0.261611D+00
  275.4593  0.822626D-03  0.818860D-03  0.371083D+00
  275.8004  0.972860D-03  0.973248D-03 -0.366908D-01
  276.1410  0.118482D-02  0.116458D-02  0.184231D+01
  276.4810  0.124268D-02  0.124617D-02 -0.315282D+00
  276.8205  0.125063D-02  0.127080D-02 -0.176940D+01
  277.1594  0.128651D-02  0.129562D-02 -0.784095D+00
  277.4978  0.126318D-02  0.126588D-02 -0.230358D+00
  277.8357  0.107905D-02  0.106577D-02  0.115364D+01
   31 270.964 281.189 276.077  4.103D-01  0.000D+00  1.002D-02  0.000D+00  3.400D-03  1.375D+00 10300  1.565D-02
  270.9641  0.110887D-02  0.110662D-02  0.221186D+00
  271.3143  0.107643D-02  0.106883D-02  0.773084D+00
  271.6637  0.940847D-03  0.940486D-03  0.367066D-01
  272.0123  0.759959D-03  0.770992D-03 -0.117173D+01
  272.3601  0.798041D-03  0.783281D-03  0.153343D+01
  272.7072  0.913018D-03  0.939994D-03 -0.274306D+01
  273.0536  0.107884D-02  0.108639D-02 -0.743468D+00
  273.3992  0.989913D-03  0.992401D-03 -0.247702D+00
  273.7442  0.776070D-03  0.784540D-03 -0.879915D+00
  274.0885  0.663813D-03  0.645159D-03  0.191730D+01
  274.4321  0.618722D-03  0.593862D-03  0.258288D+01
  274.7751  0.599263D-03  0.602520D-03 -0.345946D+00
  275.1175  0.704406D-03  0.695965D-03  0.867485D+00
  275.4593  0.822626D-03  0.813950D-03  0.854941D+00
  275.8004  0.972860D-03  0.965075D-03  0.736802D+00
  276.1410  0.118482D-02  0.115841D-02  0.240446D+01
  276.4810  0.124268D-02  0.124398D-02 -0.117785D+00
  276.8205  0.125063D-02  0.127379D-02 -0.203088D+01
  277.1594  0.128651D-02  0.130100D-02 -0.124774D+01
  277.4978  0.126318D-02  0.127948D-02 -0.139089D+01
  277.8357  0.107905D-02  0.108722D-02 -0.709935D+00
  278.1731  0.922329D-03  0.932696D-03 -0.892714D+00
  278.5100  0.896174D-03  0.889101D-03  0.620233D+00
  278.8465  0.804318D-03  0.779596D-03  0.216787D+01
  279.1824  0.579176D-03  0.588021D-03 -0.828890D+00
  279.5179  0.465977D-03  0.460136D-03  0.569704D+00
  279.8530  0.450179D-03  0.422938D-03  0.263018D+01
  280.1877  0.461688D-03  0.442233D-03  0.193703D+01
  280.5219  0.543500D-03  0.549050D-03 -0.552547D+00
  280.8557  0.771990D-03  0.782668D-03 -0.990883D+00
  281.1891  0.106325D-02  0.106523D-02 -0.178090D+00
   31 274.432 284.503 279.468  4.007D-01  0.000D+00 -4.906D-03  0.000D+00  3.886D-03  2.211D+00 10300  3.237D-02
  274.4321  0.618722D-03  0.596841D-03  0.227339D+01
  274.7751  0.599263D-03  0.605417D-03 -0.653603D+00
  275.1175  0.704406D-03  0.703848D-03  0.573241D-01
  275.4593  0.822626D-03  0.819175D-03  0.340035D+00
  275.8004  0.972860D-03  0.975326D-03 -0.233329D+00
  276.1410  0.118482D-02  0.116818D-02  0.151525D+01
  276.4810  0.124268D-02  0.125048D-02 -0.704069D+00
  276.8205  0.125063D-02  0.127660D-02 -0.227728D+01
  277.1594  0.128651D-02  0.130767D-02 -0.182184D+01
  277.4978  0.126318D-02  0.128167D-02 -0.157756D+01
  277.8357  0.107905D-02  0.107917D-02 -0.104328D-01
  278.1731  0.922329D-03  0.929094D-03 -0.582580D+00
  278.5100  0.896174D-03  0.888669D-03  0.658095D+00
  278.8465  0.804318D-03  0.771730D-03  0.285769D+01
  279.1824  0.579176D-03  0.575280D-03  0.365104D+00
  279.5179  0.465977D-03  0.450845D-03  0.147589D+01
  279.8530  0.450179D-03  0.415401D-03  0.335786D+01
  280.1877  0.461688D-03  0.433732D-03  0.278349D+01
  280.5219  0.543500D-03  0.538255D-03  0.522232D+00
  280.8557  0.771990D-03  0.764847D-03  0.662900D+00
  281.1891  0.106325D-02  0.102681D-02  0.328645D+01
  281.5222  0.132930D-02  0.132074D-02  0.736715D+00
  281.8548  0.163280D-02  0.159379D-02  0.318733D+01
  282.1871  0.178346D-02  0.179066D-02 -0.588751D+00
  282.5190  0.188870D-02  0.190257D-02 -0.112369D+01
  282.8506  0.203057D-02  0.203549D-02 -0.382337D+00
  283.1818  0.211855D-02  0.218650D-02 -0.528049D+01
  283.5127  0.208476D-02  0.215258D-02 -0.527009D+01
  283.8432  0.212755D-02  0.211634D-02  0.878294D+00
  284.1734  0.208277D-02  0.203120D-02  0.404072D+01
  284.5033  0.177854D-02  0.175149D-02  0.224833D+01
   31 277.836 287.786 282.811  4.149D-01  0.000D+00  1.304D-03  0.000D+00  4.448D-03  2.218D+00 10300  1.366D-02
  277.8357  0.107905D-02  0.108133D-02 -0.198365D+00
  278.1731  0.922329D-03  0.938850D-03 -0.142266D+01
  278.5100  0.896174D-03  0.898185D-03 -0.176383D+00
  278.8465  0.804318D-03  0.785659D-03  0.163621D+01
  279.1824  0.579176D-03  0.592256D-03 -0.122579D+01
  279.5179  0.465977D-03  0.463890D-03  0.203557D+00
  279.8530  0.450179D-03  0.425251D-03  0.240681D+01
  280.1877  0.461688D-03  0.443101D-03  0.185061D+01
  280.5219  0.543500D-03  0.547785D-03 -0.426634D+00
  280.8557  0.771990D-03  0.771241D-03  0.695216D-01
  281.1891  0.106325D-02  0.103445D-02  0.259744D+01
  281.5222  0.132930D-02  0.132520D-02  0.353415D+00
  281.8548  0.163280D-02  0.159622D-02  0.298858D+01
  282.1871  0.178346D-02  0.179114D-02 -0.628007D+00
  282.5190  0.188870D-02  0.190384D-02 -0.122602D+01
  282.8506  0.203057D-02  0.203342D-02 -0.221896D+00
  283.1818  0.211855D-02  0.217779D-02 -0.460311D+01
  283.5127  0.208476D-02  0.215389D-02 -0.537205D+01
  283.8432  0.212755D-02  0.211833D-02  0.722744D+00
  284.1734  0.208277D-02  0.203758D-02  0.354071D+01
  284.5033  0.177854D-02  0.176682D-02  0.974245D+00
  284.8329  0.130587D-02  0.128868D-02  0.152128D+01
  285.1621  0.869601D-03  0.834830D-03  0.335706D+01
  285.4911  0.924003D-03  0.925262D-03 -0.119189D+00
  285.8197  0.159514D-02  0.156279D-02  0.271225D+01
  286.1481  0.226345D-02  0.224873D-02  0.113462D+01
  286.4761  0.265462D-02  0.261889D-02  0.258750D+01
  286.8039  0.269135D-02  0.274853D-02 -0.423718D+01
  287.1314  0.294264D-02  0.297763D-02 -0.251458D+01
  287.4586  0.305239D-02  0.304423D-02  0.577910D+00
  287.7856  0.269595D-02  0.268012D-02  0.117304D+01
   31 281.189 291.040 286.115  4.001D-01  0.000D+00  3.002D-03  0.000D+00  5.123D-03  2.413D+00 10300  1.009D-02
  281.1891  0.106325D-02  0.105375D-02  0.856806D+00
  281.5222  0.132930D-02  0.133953D-02 -0.880982D+00
  281.8548  0.163280D-02  0.160324D-02  0.241535D+01
  282.1871  0.178346D-02  0.179010D-02 -0.542992D+00
  282.5190  0.188870D-02  0.189323D-02 -0.366631D+00
  282.8506  0.203057D-02  0.201740D-02  0.102360D+01
  283.1818  0.211855D-02  0.216784D-02 -0.383030D+01
  283.5127  0.208476D-02  0.213934D-02 -0.424111D+01
  283.8432  0.212755D-02  0.210798D-02  0.153360D+01
  284.1734  0.208277D-02  0.203669D-02  0.361043D+01
  284.5033  0.177854D-02  0.177273D-02  0.482972D+00
  284.8329  0.130587D-02  0.129258D-02  0.117538D+01
  285.1621  0.869601D-03  0.820847D-03  0.470711D+01
  285.4911  0.924003D-03  0.910231D-03  0.130329D+01
  285.8197  0.159514D-02  0.156728D-02  0.233617D+01
  286.1481  0.226345D-02  0.227166D-02 -0.632632D+00
  286.4761  0.265462D-02  0.264244D-02  0.882516D+00
  286.8039  0.269135D-02  0.275621D-02 -0.480618D+01
  287.1314  0.294264D-02  0.298906D-02 -0.333563D+01
  287.4586  0.305239D-02  0.305614D-02 -0.265388D+00
  287.7856  0.269595D-02  0.267129D-02  0.182711D+01
  288.1122  0.218687D-02  0.219906D-02 -0.955403D+00
  288.4386  0.260399D-02  0.257364D-02  0.223119D+01
  288.7647  0.343258D-02  0.334732D-02  0.543287D+01
  289.0905  0.369413D-02  0.368261D-02  0.734146D+00
  289.4161  0.405088D-02  0.409289D-02 -0.250935D+01
  289.7414  0.483448D-02  0.485682D-02 -0.133438D+01
  290.0665  0.558984D-02  0.561319D-02 -0.131260D+01
  290.3912  0.605958D-02  0.603642D-02  0.122984D+01
  290.7157  0.598321D-02  0.601835D-02 -0.186597D+01
  291.0399  0.592567D-02  0.589243D-02  0.176496D+01
   31 284.503 294.267 289.385  3.703D-01  0.000D+00  4.786D-03  0.000D+00  6.101D-03  3.510D+00 10300  1.072D-02
  284.5033  0.177854D-02  0.179667D-02 -0.150683D+01
  284.8329  0.130587D-02  0.130768D-02 -0.160435D+00
  285.1621  0.869601D-03  0.793699D-03  0.732822D+01
  285.4911  0.924003D-03  0.882457D-03  0.393181D+01
  285.8197  0.159514D-02  0.157274D-02  0.187815D+01
  286.1481  0.226345D-02  0.230150D-02 -0.293279D+01
  286.4761  0.265462D-02  0.266648D-02 -0.858478D+00
  286.8039  0.269135D-02  0.274476D-02 -0.395764D+01
  287.1314  0.294264D-02  0.299555D-02 -0.380237D+01
  287.4586  0.305239D-02  0.307648D-02 -0.170580D+01
  287.7856  0.269595D-02  0.267458D-02  0.158380D+01
  288.1122  0.218687D-02  0.212869D-02  0.455861D+01
  288.4386  0.260399D-02  0.253070D-02  0.538889D+01
  288.7647  0.343258D-02  0.336346D-02  0.440431D+01
  289.0905  0.369413D-02  0.365555D-02  0.245850D+01
  289.4161  0.405088D-02  0.405055D-02  0.197110D-01
  289.7414  0.483448D-02  0.484609D-02 -0.693369D+00
  290.0665  0.558984D-02  0.563921D-02 -0.277595D+01
  290.3912  0.605958D-02  0.609645D-02 -0.195769D+01
  290.7157  0.598321D-02  0.609298D-02 -0.582884D+01
  291.0399  0.592567D-02  0.597453D-02 -0.259455D+01
  291.3639  0.620082D-02  0.612800D-02  0.386699D+01
  291.6876  0.610352D-02  0.602730D-02  0.404786D+01
  292.0110  0.612968D-02  0.605201D-02  0.412454D+01
  292.3342  0.592881D-02  0.591245D-02  0.868520D+00
  292.6570  0.543814D-02  0.553135D-02 -0.524093D+01
  292.9796  0.594869D-02  0.603043D-02 -0.459600D+01
  293.3019  0.707544D-02  0.697472D-02  0.506727D+01
  293.6240  0.664964D-02  0.661998D-02  0.157514D+01
  293.9457  0.602820D-02  0.608122D-02 -0.281559D+01
  294.2671  0.666115D-02  0.664931D-02  0.628719D+00
   31 287.786 297.464 292.625  3.461D-01  0.000D+00  1.905D-03  0.000D+00  7.439D-03  3.090D+00 10300  7.029D-03
  287.7856  0.269595D-02  0.272975D-02 -0.250410D+01
  288.1122  0.218687D-02  0.210857D-02  0.613494D+01
  288.4386  0.260399D-02  0.255383D-02  0.368832D+01
  288.7647  0.343258D-02  0.343720D-02 -0.294500D+00
  289.0905  0.369413D-02  0.367972D-02  0.918415D+00
  289.4161  0.405088D-02  0.405830D-02 -0.443238D+00
  289.7414  0.483448D-02  0.487563D-02 -0.245804D+01
  290.0665  0.558984D-02  0.567049D-02 -0.453434D+01
  290.3912  0.605958D-02  0.611910D-02 -0.316021D+01
  290.7157  0.598321D-02  0.608881D-02 -0.560757D+01
  291.0399  0.592567D-02  0.594038D-02 -0.781370D+00
  291.3639  0.620082D-02  0.612713D-02  0.391336D+01
  291.6876  0.610352D-02  0.598686D-02  0.619532D+01
  292.0110  0.612968D-02  0.603075D-02  0.525333D+01
  292.3342  0.592881D-02  0.589668D-02  0.170606D+01
  292.6570  0.543814D-02  0.545902D-02 -0.117362D+01
  292.9796  0.594869D-02  0.598793D-02 -0.220661D+01
  293.3019  0.707544D-02  0.702622D-02  0.247605D+01
  293.6240  0.664964D-02  0.660159D-02  0.255180D+01
  293.9457  0.602820D-02  0.601094D-02  0.916230D+00
  294.2671  0.666115D-02  0.668069D-02 -0.103787D+01
  294.5883  0.701058D-02  0.702027D-02 -0.487793D+00
  294.9091  0.650840D-02  0.658193D-02 -0.390438D+01
  295.2296  0.746672D-02  0.749793D-02 -0.157024D+01
  295.5498  0.808398D-02  0.804886D-02  0.167847D+01
  295.8698  0.852861D-02  0.861727D-02 -0.403543D+01
  296.1893  0.922015D-02  0.921502D-02  0.233767D+00
  296.5085  0.815826D-02  0.815608D-02  0.104079D+00
  296.8275  0.665801D-02  0.671744D-02 -0.298982D+01
  297.1460  0.726690D-02  0.725872D-02  0.411177D+00
  297.4642  0.922747D-02  0.913541D-02  0.419036D+01
   31 291.040 300.625 295.832  3.341D-01  0.000D+00  4.699D-03  0.000D+00  9.529D-03  5.781D+00 10000  8.284D-03
  291.0399  0.592567D-02  0.585541D-02  0.373082D+01
  291.3639  0.620082D-02  0.616423D-02  0.194293D+01
  291.6876  0.610352D-02  0.606584D-02  0.200136D+01
  292.0110  0.612968D-02  0.615349D-02 -0.126417D+01
  292.3342  0.592881D-02  0.603526D-02 -0.565275D+01
  292.6570  0.543814D-02  0.554687D-02 -0.611358D+01
  292.9796  0.594869D-02  0.605695D-02 -0.608706D+01
  293.3019  0.707544D-02  0.713718D-02 -0.310566D+01
  293.6240  0.664964D-02  0.664502D-02  0.245197D+00
  293.9457  0.602820D-02  0.596440D-02  0.338786D+01
  294.2671  0.666115D-02  0.663362D-02  0.146210D+01
  294.5883  0.701058D-02  0.695948D-02  0.257046D+01
  294.9091  0.650840D-02  0.642529D-02  0.441360D+01
  295.2296  0.746672D-02  0.737214D-02  0.475822D+01
  295.5498  0.808398D-02  0.789140D-02  0.920361D+01
  295.8698  0.852861D-02  0.846839D-02  0.274096D+01
  296.1893  0.922015D-02  0.914799D-02  0.328471D+01
  296.5085  0.815826D-02  0.815283D-02  0.259430D+00
  296.8275  0.665801D-02  0.671249D-02 -0.274092D+01
  297.1460  0.726690D-02  0.736697D-02 -0.503446D+01
  297.4642  0.922747D-02  0.942326D-02 -0.891146D+01
  297.7821  0.116630D-01  0.118989D-01 -0.980218D+01
  298.0995  0.103051D-01  0.104563D-01 -0.657300D+01
  298.4167  0.779209D-02  0.785806D-02 -0.315290D+01
  298.7334  0.884456D-02  0.883236D-02  0.555670D+00
  299.0497  0.122688D-01  0.121050D-01  0.652225D+01
  299.3656  0.128526D-01  0.125274D-01  0.124332D+02
  299.6811  0.135221D-01  0.133256D-01  0.751256D+01
  299.9962  0.126297D-01  0.130232D-01 -0.522335D+01
  300.3108  0.113973D-01  0.120147D-01 -0.831255D+01
  300.6250  0.145924D-01  0.154151D-01 -0.109225D+02
   31 294.267 303.740 299.003  3.242D-01  0.000D+00  6.066D-03  0.000D+00  1.497D-02  1.893D+01 10000  2.440D-02
  294.2671  0.666115D-02  0.624696D-02  0.219941D+02
  294.5883  0.701058D-02  0.694119D-02  0.349095D+01
  294.9091  0.650840D-02  0.655453D-02 -0.244943D+01
  295.2296  0.746672D-02  0.772069D-02 -0.127764D+02
  295.5498  0.808398D-02  0.828189D-02 -0.945867D+01
  295.8698  0.852861D-02  0.885071D-02 -0.146606D+02
  296.1893  0.922015D-02  0.949987D-02 -0.127318D+02
  296.5085  0.815826D-02  0.833678D-02 -0.853203D+01
  296.8275  0.665801D-02  0.669204D-02 -0.171215D+01
  297.1460  0.726690D-02  0.725043D-02  0.828432D+00
  297.4642  0.922747D-02  0.913932D-02  0.401223D+01
  297.7821  0.116630D-01  0.115262D-01  0.568630D+01
  298.0995  0.103051D-01  0.100251D-01  0.121619D+02
  298.4167  0.779209D-02  0.744821D-02  0.164349D+02
  298.7334  0.884456D-02  0.842819D-02  0.189516D+02
  299.0497  0.122688D-01  0.118204D-01  0.178590D+02
  299.3656  0.128526D-01  0.123593D-01  0.188572D+02
  299.6811  0.135221D-01  0.134824D-01  0.151702D+01
  299.9962  0.126297D-01  0.135564D-01 -0.123030D+02
  300.3108  0.113973D-01  0.127328D-01 -0.179800D+02
  300.6250  0.145924D-01  0.171325D-01 -0.337209D+02
  300.9388  0.170635D-01  0.198827D-01 -0.364155D+02
  301.2520  0.223458D-01  0.248663D-01 -0.317005D+02
  301.5648  0.247897D-01  0.275735D-01 -0.350112D+02
  301.8771  0.213634D-01  0.236563D-01 -0.292226D+02
  302.1889  0.219304D-01  0.233741D-01 -0.181575D+02
  302.5002  0.327523D-01  0.345645D-01 -0.219264D+02
  302.8109  0.460641D-01  0.461266D-01 -0.745873D+00
  303.1212  0.579594D-01  0.554807D-01  0.296154D+02
  303.4308  0.671137D-01  0.649394D-01  0.259775D+02
  303.7399  0.649480D-01  0.645962D-01  0.420305D+01
   31 297.464 306.796 302.130  3.322D-01  0.000D+00  9.844D-03  0.000D+00  3.882D-02  3.642D+01 10000  2.441D-02
  297.4642  0.922747D-02  0.939930D-02 -0.782094D+01
  297.7821  0.116630D-01  0.118784D-01 -0.895155D+01
  298.0995  0.103051D-01  0.104107D-01 -0.459003D+01
  298.4167  0.779209D-02  0.772910D-02  0.301018D+01
  298.7334  0.884456D-02  0.857739D-02  0.121608D+02
  299.0497  0.122688D-01  0.117942D-01  0.189007D+02
  299.3656  0.128526D-01  0.122912D-01  0.214640D+02
  299.6811  0.135221D-01  0.131895D-01  0.127160D+02
  299.9962  0.126297D-01  0.131938D-01 -0.748810D+01
  300.3108  0.113973D-01  0.123724D-01 -0.131279D+02
  300.6250  0.145924D-01  0.164029D-01 -0.240353D+02
  300.9388  0.170635D-01  0.191672D-01 -0.271724D+02
  301.2520  0.223458D-01  0.239262D-01 -0.198769D+02
  301.5648  0.247897D-01  0.266807D-01 -0.237829D+02
  301.8771  0.213634D-01  0.232588D-01 -0.241565D+02
  302.1889  0.219304D-01  0.231477D-01 -0.153099D+02
  302.5002  0.327523D-01  0.342382D-01 -0.179777D+02
  302.8109  0.460641D-01  0.462433D-01 -0.214010D+01
  303.1212  0.579594D-01  0.564271D-01  0.183086D+02
  303.4308  0.671137D-01  0.666369D-01  0.569649D+01
  303.7399  0.649480D-01  0.674620D-01 -0.300368D+02
  304.0483  0.642052D-01  0.680696D-01 -0.461717D+02
  304.3562  0.774501D-01  0.809799D-01 -0.374877D+02
  304.6635  0.933523D-01  0.936830D-01 -0.351162D+01
  304.9701  0.112236D+00  0.102709D+00  0.910635D+02
  305.2761  0.137125D+00  0.126195D+00  0.104477D+03
  305.5814  0.127176D+00  0.122753D+00  0.422730D+02
  305.8860  0.111629D+00  0.109076D+00  0.244091D+02
  306.1900  0.132292D+00  0.136670D+00 -0.380479D+02
  306.4932  0.144815D+00  0.155995D+00 -0.890561D+02
  306.7957  0.160456D+00  0.162895D+00 -0.194338D+02
   31 300.625 309.776 305.201  3.184D-01  0.000D+00 -1.391D-02  0.000D+00  1.167D-01  5.180D+01 10000  2.831D-02
  300.6250  0.145924D-01  0.150758D-01 -0.641771D+01
  300.9388  0.170635D-01  0.172817D-01 -0.281818D+01
  301.2520  0.223458D-01  0.218633D-01  0.606791D+01
  301.5648  0.247897D-01  0.243235D-01  0.586273D+01
  301.8771  0.213634D-01  0.209262D-01  0.557204D+01
  302.1889  0.219304D-01  0.219208D-01  0.120791D+00
  302.5002  0.327523D-01  0.334401D-01 -0.832241D+01
  302.8109  0.460641D-01  0.455394D-01  0.626927D+01
  303.1212  0.579594D-01  0.556480D-01  0.276169D+02
  303.4308  0.671137D-01  0.666300D-01  0.577841D+01
  303.7399  0.649480D-01  0.666324D-01 -0.201246D+02
  304.0483  0.642052D-01  0.684319D-01 -0.505007D+02
  304.3562  0.774501D-01  0.829042D-01 -0.579252D+02
  304.6635  0.933523D-01  0.951214D-01 -0.187879D+02
  304.9701  0.112236D+00  0.105105D+00  0.681628D+02
  305.2761  0.137125D+00  0.129919D+00  0.688824D+02
  305.5814  0.127176D+00  0.122988D+00  0.400331D+02
  305.8860  0.111629D+00  0.109310D+00  0.221684D+02
  306.1900  0.132292D+00  0.141722D+00 -0.819409D+02
  306.4932  0.144815D+00  0.157275D+00 -0.992488D+02
  306.7957  0.160456D+00  0.164299D+00 -0.306177D+02
  307.0974  0.209637D+00  0.205150D+00  0.306364D+02
  307.3983  0.242132D+00  0.225851D+00  0.103746D+03
  307.6985  0.257208D+00  0.241686D+00  0.927296D+02
  307.9979  0.265975D+00  0.265010D+00  0.542685D+01
  308.2964  0.269637D+00  0.278488D+00 -0.470008D+02
  308.5941  0.302038D+00  0.317516D+00 -0.739767D+02
  308.8909  0.294254D+00  0.308755D+00 -0.660029D+02
  309.1869  0.262753D+00  0.272764D+00 -0.455691D+02
  309.4819  0.286774D+00  0.281038D+00  0.228427D+02
  309.7760  0.329176D+00  0.298858D+00  0.107329D+03
   21 303.740 309.776 306.758  3.222D-01  0.000D+00 -1.187D-02  0.000D+00  1.856D-01  6.061D+01 10000  3.690D-02
  303.7399  0.649480D-01  0.622020D-01  0.328098D+02
  304.0483  0.642052D-01  0.663923D-01 -0.261318D+02
  304.3562  0.774501D-01  0.821903D-01 -0.503430D+02
  304.6635  0.933523D-01  0.956530D-01 -0.244340D+02
  304.9701  0.112236D+00  0.106434D+00  0.554625D+02
  305.2761  0.137125D+00  0.131408D+00  0.546497D+02
  305.5814  0.127176D+00  0.124753D+00  0.231580D+02
  305.8860  0.111629D+00  0.110874D+00  0.722129D+01
  306.1900  0.132292D+00  0.142268D+00 -0.866865D+02
  306.4932  0.144815D+00  0.157796D+00 -0.103403D+03
  306.7957  0.160456D+00  0.164496D+00 -0.321874D+02
  307.0974  0.209637D+00  0.204116D+00  0.376981D+02
  307.3983  0.242132D+00  0.224714D+00  0.110995D+03
  307.6985  0.257208D+00  0.240217D+00  0.101502D+03
  307.9979  0.265975D+00  0.263148D+00  0.158931D+02
  308.2964  0.269637D+00  0.277163D+00 -0.399633D+02
  308.5941  0.302038D+00  0.315782D+00 -0.656863D+02
  308.8909  0.294254D+00  0.308646D+00 -0.655092D+02
  309.1869  0.262753D+00  0.274157D+00 -0.519071D+02
  309.4819  0.286774D+00  0.282939D+00  0.152724D+02
  309.7760  0.329176D+00  0.302486D+00  0.944863D+02
   31 310.004 314.749 312.376  2.844D-01  0.000D+00  4.059D-03  0.000D+00  6.217D-01  4.795D+01 10000  2.282D-02
  310.0038  0.365526D+00  0.347298D+00  0.229208D+02
  310.1631  0.351523D+00  0.350050D+00  0.198060D+01
  310.3223  0.416806D+00  0.423743D+00 -0.987057D+01
  310.4814  0.539525D+00  0.534804D+00  0.671694D+01
  310.6405  0.634572D+00  0.621724D+00  0.182821D+02
  310.7995  0.689654D+00  0.679357D+00  0.154655D+02
  310.9584  0.719471D+00  0.709773D+00  0.154232D+02
  311.1172  0.723865D+00  0.717367D+00  0.103345D+02
  311.2760  0.710003D+00  0.722067D+00 -0.203840D+02
  311.4346  0.695095D+00  0.721661D+00 -0.448894D+02
  311.5932  0.661982D+00  0.700057D+00 -0.643353D+02
  311.7518  0.622593D+00  0.656830D+00 -0.578502D+02
  311.9102  0.592096D+00  0.612266D+00 -0.363530D+02
  312.0685  0.587022D+00  0.594466D+00 -0.134164D+02
  312.2268  0.626464D+00  0.617062D+00  0.158872D+02
  312.3850  0.693944D+00  0.664006D+00  0.505862D+02
  312.5432  0.732444D+00  0.696029D+00  0.615309D+02
  312.7012  0.753577D+00  0.709938D+00  0.737364D+02
  312.8592  0.772827D+00  0.730291D+00  0.718732D+02
  313.0171  0.800708D+00  0.750057D+00  0.855854D+02
  313.1749  0.791920D+00  0.756078D+00  0.605626D+02
  313.3326  0.759593D+00  0.758969D+00  0.105306D+01
  313.4903  0.743847D+00  0.780525D+00 -0.619739D+02
  313.6479  0.775756D+00  0.839087D+00 -0.107009D+03
  313.8054  0.872478D+00  0.924589D+00 -0.880535D+02
  313.9628  0.958841D+00  0.992977D+00 -0.576798D+02
  314.1201  0.100639D+01  0.997065D+00  0.157576D+02
  314.2774  0.919086D+00  0.910629D+00  0.142900D+02
  314.4346  0.791502D+00  0.784502D+00  0.118277D+02
  314.5917  0.757605D+00  0.750104D+00  0.126750D+02
  314.7488  0.884143D+00  0.852068D+00  0.541966D+02
   31 311.593 316.315 313.954  2.722D-01  0.000D+00 -3.130D-02  0.000D+00  7.702D-01  6.122D+01 10300  2.375D-02
  311.5932  0.661982D+00  0.681659D+00 -0.332474D+02
  311.7518  0.622593D+00  0.635965D+00 -0.225954D+02
  311.9102  0.592096D+00  0.595505D+00 -0.614284D+01
  312.0685  0.587022D+00  0.587880D+00 -0.154519D+01
  312.2268  0.626464D+00  0.622137D+00  0.731052D+01
  312.3850  0.693944D+00  0.674583D+00  0.327136D+02
  312.5432  0.732444D+00  0.702166D+00  0.511609D+02
  312.7012  0.753577D+00  0.716394D+00  0.628287D+02
  312.8592  0.772827D+00  0.742283D+00  0.516107D+02
  313.0171  0.800708D+00  0.761844D+00  0.656699D+02
  313.1749  0.791920D+00  0.765940D+00  0.438987D+02
  313.3326  0.759593D+00  0.769539D+00 -0.168058D+02
  313.4903  0.743847D+00  0.797527D+00 -0.907021D+02
  313.6479  0.775756D+00  0.865281D+00 -0.151270D+03
  313.8054  0.872478D+00  0.954063D+00 -0.137856D+03
  313.9628  0.958841D+00  0.101174D+01 -0.893913D+02
  314.1201  0.100639D+01  0.993100D+00  0.224581D+02
  314.2774  0.919086D+00  0.877792D+00  0.697745D+02
  314.4346  0.791502D+00  0.744741D+00  0.790117D+02
  314.5917  0.757605D+00  0.737451D+00  0.340539D+02
  314.7488  0.884143D+00  0.856828D+00  0.461543D+02
  314.9058  0.104123D+01  0.988501D+00  0.838550D+02
  315.0627  0.110756D+01  0.106379D+01  0.696116D+02
  315.2195  0.111300D+01  0.108761D+01  0.403726D+02
  315.3762  0.106801D+01  0.108020D+01 -0.193754D+02
  315.5329  0.994255D+00  0.102383D+01 -0.470302D+02
  315.6895  0.866043D+00  0.903884D+00 -0.639392D+02
  315.8460  0.753054D+00  0.776336D+00 -0.393395D+02
  316.0025  0.714554D+00  0.734715D+00 -0.340666D+02
  316.1588  0.799087D+00  0.801677D+00 -0.437694D+01
  316.3151  0.950838D+00  0.924556D+00  0.417955D+02
   31 313.175 317.874 315.524  2.774D-01  0.000D+00 -3.373D-02  0.000D+00  9.287D-01  5.886D+01 10300  2.194D-02
  313.1749  0.791920D+00  0.729037D+00  0.106254D+03
  313.3326  0.759593D+00  0.739748D+00  0.335312D+02
  313.4903  0.743847D+00  0.773559D+00 -0.502044D+02
  313.6479  0.775756D+00  0.844934D+00 -0.116889D+03
  313.8054  0.872478D+00  0.935473D+00 -0.106444D+03
  313.9628  0.958841D+00  0.995035D+00 -0.611570D+02
  314.1201  0.100639D+01  0.979145D+00  0.460382D+02
  314.2774  0.919086D+00  0.869574D+00  0.836605D+02
  314.4346  0.791502D+00  0.745635D+00  0.775020D+02
  314.5917  0.757605D+00  0.742671D+00  0.252332D+02
  314.7488  0.884143D+00  0.862070D+00  0.372971D+02
  314.9058  0.104123D+01  0.993781D+00  0.754569D+02
  315.0627  0.110756D+01  0.107169D+01  0.570420D+02
  315.2195  0.111300D+01  0.109817D+01  0.235882D+02
  315.3762  0.106801D+01  0.109147D+01 -0.372996D+02
  315.5329  0.994255D+00  0.103476D+01 -0.644139D+02
  315.6895  0.866043D+00  0.915742D+00 -0.839758D+02
  315.8460  0.753054D+00  0.791208D+00 -0.644690D+02
  316.0025  0.714554D+00  0.752760D+00 -0.645571D+02
  316.1588  0.799087D+00  0.822228D+00 -0.391028D+02
  316.3151  0.950838D+00  0.947100D+00  0.594433D+01
  316.4713  0.107811D+01  0.105212D+01  0.390301D+02
  316.6275  0.117206D+01  0.111894D+01  0.797828D+02
  316.7836  0.121893D+01  0.118190D+01  0.556163D+02
  316.9396  0.128981D+01  0.127777D+01  0.180805D+02
  317.0955  0.139108D+01  0.141018D+01 -0.271753D+02
  317.2513  0.149863D+01  0.150832D+01 -0.130971D+02
  317.4071  0.151516D+01  0.152359D+01 -0.113947D+02
  317.5628  0.147430D+01  0.149469D+01 -0.275577D+02
  317.7184  0.139866D+01  0.140812D+01 -0.134558D+02
  317.8740  0.125256D+01  0.122723D+01  0.360405D+02
   31 314.749 319.425 317.087  2.444D-01  0.000D+00 -4.478D-02  0.000D+00  1.033D+00  5.728D+01   300  1.716D-02
  314.7488  0.884143D+00  0.892291D+00 -0.137683D+02
  314.9058  0.104123D+01  0.102783D+01  0.213063D+02
  315.0627  0.110756D+01  0.109008D+01  0.278034D+02
  315.2195  0.111300D+01  0.110173D+01  0.179181D+02
  315.3762  0.106801D+01  0.109191D+01 -0.379982D+02
  315.5329  0.994255D+00  0.102949D+01 -0.560363D+02
  315.6895  0.866043D+00  0.892648D+00 -0.449540D+02
  315.8460  0.753054D+00  0.751126D+00  0.325746D+01
  316.0025  0.714554D+00  0.718620D+00 -0.687089D+01
  316.1588  0.799087D+00  0.803546D+00 -0.753420D+01
  316.3151  0.950838D+00  0.942450D+00  0.133387D+02
  316.4713  0.107811D+01  0.104368D+01  0.517042D+02
  316.6275  0.117206D+01  0.110092D+01  0.106843D+03
  316.7836  0.121893D+01  0.116113D+01  0.868096D+02
  316.9396  0.128981D+01  0.126003D+01  0.447156D+02
  317.0955  0.139108D+01  0.141899D+01 -0.397142D+02
  317.2513  0.149863D+01  0.153006D+01 -0.424957D+02
  317.4071  0.151516D+01  0.153834D+01 -0.313417D+02
  317.5628  0.147430D+01  0.152438D+01 -0.676887D+02
  317.7184  0.139866D+01  0.146045D+01 -0.879208D+02
  317.8740  0.125256D+01  0.125830D+01 -0.816833D+01
  318.0294  0.107921D+01  0.106171D+01  0.262789D+02
  318.1848  0.101246D+01  0.102169D+01 -0.138684D+02
  318.3401  0.110102D+01  0.110772D+01 -0.100661D+02
  318.4954  0.125005D+01  0.124538D+01  0.702199D+01
  318.6506  0.139814D+01  0.139073D+01  0.100226D+02
  318.8057  0.155993D+01  0.154176D+01  0.245691D+02
  318.9607  0.167852D+01  0.162782D+01  0.652688D+02
  319.1157  0.159451D+01  0.150790D+01  0.111504D+03
  319.2706  0.136634D+01  0.132878D+01  0.534390D+02
  319.4254  0.122667D+01  0.135124D+01 -0.177251D+03
   31 316.315 320.969 318.642  2.461D-01  0.000D+00  7.845D-03  0.000D+00  1.163D+00  1.001D+02 10304  3.207D-02
  316.3151  0.950838D+00  0.943591D+00  0.115240D+02
  316.4713  0.107811D+01  0.106472D+01  0.201144D+02
  316.6275  0.117206D+01  0.112850D+01  0.654178D+02
  316.7836  0.121893D+01  0.118117D+01  0.567050D+02
  316.9396  0.128981D+01  0.125813D+01  0.475762D+02
  317.0955  0.139108D+01  0.140075D+01 -0.137568D+02
  317.2513  0.149863D+01  0.153773D+01 -0.528616D+02
  317.4071  0.151516D+01  0.156886D+01 -0.725972D+02
  317.5628  0.147430D+01  0.154870D+01 -0.100573D+03
  317.7184  0.139866D+01  0.150742D+01 -0.154746D+03
  317.8740  0.125256D+01  0.134145D+01 -0.126486D+03
  318.0294  0.107921D+01  0.111240D+01 -0.498483D+02
  318.1848  0.101246D+01  0.100992D+01  0.381295D+01
  318.3401  0.110102D+01  0.105300D+01  0.721193D+02
  318.4954  0.125005D+01  0.116955D+01  0.120911D+03
  318.6506  0.139814D+01  0.130145D+01  0.130708D+03
  318.8057  0.155993D+01  0.143454D+01  0.169508D+03
  318.9607  0.167852D+01  0.154027D+01  0.177988D+03
  319.1157  0.159451D+01  0.148185D+01  0.145040D+03
  319.2706  0.136634D+01  0.128564D+01  0.114828D+03
  319.4254  0.122667D+01  0.121929D+01  0.105026D+02
  319.5801  0.127851D+01  0.132462D+01 -0.656104D+02
  319.7348  0.142890D+01  0.147039D+01 -0.560921D+02
  319.8894  0.153116D+01  0.161953D+01 -0.119443D+03
  320.0439  0.158023D+01  0.169667D+01 -0.157396D+03
  320.1983  0.161036D+01  0.172818D+01 -0.151681D+03
  320.3527  0.172544D+01  0.180981D+01 -0.103672D+03
  320.5070  0.187787D+01  0.190513D+01 -0.334921D+02
  320.6613  0.197067D+01  0.194002D+01  0.376692D+02
  320.8154  0.192328D+01  0.185999D+01  0.777757D+02
  320.9695  0.177153D+01  0.166426D+01  0.138095D+03
   31 317.874 322.506 320.190  2.657D-01  0.000D+00  4.634D-03  0.000D+00  1.293D+00  1.117D+02   304  3.536D-02
  317.8740  0.125256D+01  0.135097D+01 -0.140023D+03
  318.0294  0.107921D+01  0.113811D+01 -0.884668D+02
  318.1848  0.101246D+01  0.103674D+01 -0.364703D+02
  318.3401  0.110102D+01  0.107372D+01  0.409957D+02
  318.4954  0.125005D+01  0.118512D+01  0.975304D+02
  318.6506  0.139814D+01  0.131627D+01  0.110669D+03
  318.8057  0.155993D+01  0.144747D+01  0.152029D+03
  318.9607  0.167852D+01  0.153752D+01  0.181523D+03
  319.1157  0.159451D+01  0.147866D+01  0.149142D+03
  319.2706  0.136634D+01  0.131169D+01  0.777626D+02
  319.4254  0.122667D+01  0.125383D+01 -0.386427D+02
  319.5801  0.127851D+01  0.134799D+01 -0.988645D+02
  319.7348  0.142890D+01  0.149442D+01 -0.885737D+02
  319.8894  0.153116D+01  0.163740D+01 -0.143609D+03
  320.0439  0.158023D+01  0.171924D+01 -0.187910D+03
  320.1983  0.161036D+01  0.176410D+01 -0.197926D+03
  320.3527  0.172544D+01  0.184417D+01 -0.145904D+03
  320.5070  0.187787D+01  0.193396D+01 -0.689205D+02
  320.6613  0.197067D+01  0.196200D+01  0.106622D+02
  320.8154  0.192328D+01  0.187759D+01  0.561499D+02
  320.9695  0.177153D+01  0.168662D+01  0.109314D+03
  321.1235  0.157422D+01  0.147962D+01  0.121779D+03
  321.2774  0.144778D+01  0.135478D+01  0.125722D+03
  321.4313  0.144093D+01  0.134571D+01  0.128709D+03
  321.5851  0.153273D+01  0.144004D+01  0.125295D+03
  321.7388  0.167564D+01  0.159195D+01  0.107744D+03
  321.8925  0.177995D+01  0.174508D+01  0.428553D+02
  322.0461  0.178246D+01  0.181859D+01 -0.465127D+02
  322.1996  0.167094D+01  0.175665D+01 -0.110341D+03
  322.3530  0.160215D+01  0.164579D+01 -0.561834D+02
  322.5064  0.153195D+01  0.155619D+01 -0.312121D+02
   31 319.425 324.036 321.731  3.360D-01  0.000D+00 -3.255D-03  0.000D+00  1.347D+00  8.806D+01 10300  3.868D-02
  319.4254  0.122667D+01  0.114162D+01  0.121023D+03
  319.5801  0.127851D+01  0.124646D+01  0.456001D+02
  319.7348  0.142890D+01  0.139897D+01  0.404558D+02
  319.8894  0.153116D+01  0.154898D+01 -0.240888D+02
  320.0439  0.158023D+01  0.166531D+01 -0.115001D+03
  320.1983  0.161036D+01  0.175626D+01 -0.187832D+03
  320.3527  0.172544D+01  0.184458D+01 -0.146408D+03
  320.5070  0.187787D+01  0.191674D+01 -0.477585D+02
  320.6613  0.197067D+01  0.192751D+01  0.530457D+02
  320.8154  0.192328D+01  0.184442D+01  0.969070D+02
  320.9695  0.177153D+01  0.168551D+01  0.110743D+03
  321.1235  0.157422D+01  0.151641D+01  0.744200D+02
  321.2774  0.144778D+01  0.140813D+01  0.535998D+02
  321.4313  0.144093D+01  0.139661D+01  0.599088D+02
  321.5851  0.153273D+01  0.147354D+01  0.800180D+02
  321.7388  0.167564D+01  0.159991D+01  0.975002D+02
  321.8925  0.177995D+01  0.172017D+01  0.734657D+02
  322.0461  0.178246D+01  0.177497D+01  0.964234D+01
  322.1996  0.167094D+01  0.174686D+01 -0.977435D+02
  322.3530  0.160215D+01  0.167182D+01 -0.896987D+02
  322.5064  0.153195D+01  0.158455D+01 -0.677123D+02
  322.6597  0.145484D+01  0.149281D+01 -0.488832D+02
  322.8129  0.131115D+01  0.141745D+01 -0.143691D+03
  322.9661  0.131015D+01  0.140362D+01 -0.126341D+03
  323.1191  0.147190D+01  0.146477D+01  0.917963D+01
  323.2722  0.164060D+01  0.154812D+01  0.113646D+03
  323.4251  0.169484D+01  0.160140D+01  0.114826D+03
  323.5780  0.167324D+01  0.164044D+01  0.403064D+02
  323.7308  0.174161D+01  0.172047D+01  0.259706D+02
  323.8835  0.185700D+01  0.185582D+01  0.138711D+01
  324.0362  0.198893D+01  0.202362D+01 -0.407784D+02
   31 320.969 325.559 323.264  2.438D-01  0.000D+00 -7.715D-02  0.000D+00  1.424D+00  6.030D+01   300  2.340D-02
  320.9695  0.177153D+01  0.179959D+01 -0.361325D+02
  321.1235  0.157422D+01  0.153042D+01  0.563809D+02
  321.2774  0.144778D+01  0.140845D+01  0.531689D+02
  321.4313  0.144093D+01  0.142705D+01  0.187582D+02
  321.5851  0.153273D+01  0.153802D+01 -0.714946D+01
  321.7388  0.167564D+01  0.168355D+01 -0.101774D+02
  321.8925  0.177995D+01  0.180706D+01 -0.333171D+02
  322.0461  0.178246D+01  0.180357D+01 -0.271800D+02
  322.1996  0.167094D+01  0.168873D+01 -0.229059D+02
  322.3530  0.160215D+01  0.161278D+01 -0.136844D+02
  322.5064  0.153195D+01  0.154404D+01 -0.155691D+02
  322.6597  0.145484D+01  0.142429D+01  0.393369D+02
  322.8129  0.131115D+01  0.133819D+01 -0.365577D+02
  322.9661  0.131015D+01  0.137663D+01 -0.898529D+02
  323.1191  0.147190D+01  0.153356D+01 -0.793829D+02
  323.2722  0.164060D+01  0.162142D+01  0.235652D+02
  323.4251  0.169484D+01  0.158844D+01  0.130750D+03
  323.5780  0.167324D+01  0.159347D+01  0.980241D+02
  323.7308  0.174161D+01  0.169187D+01  0.611267D+02
  323.8835  0.185700D+01  0.182474D+01  0.379247D+02
  324.0362  0.198893D+01  0.195556D+01  0.392262D+02
  324.1888  0.204176D+01  0.203143D+01  0.121489D+02
  324.3413  0.206535D+01  0.205592D+01  0.110835D+02
  324.4937  0.207895D+01  0.209590D+01 -0.190837D+02
  324.6461  0.204903D+01  0.205889D+01 -0.115870D+02
  324.7984  0.191664D+01  0.193174D+01 -0.177527D+02
  324.9507  0.177629D+01  0.187120D+01 -0.111564D+03
  325.1028  0.178387D+01  0.189592D+01 -0.131703D+03
  325.2549  0.190701D+01  0.194834D+01 -0.485740D+02
  325.4070  0.205552D+01  0.204146D+01  0.158403D+02
  325.5589  0.226282D+01  0.214574D+01  0.131888D+03
   31 322.506 327.075 324.791  2.277D-01  0.000D+00 -7.198D-03  0.000D+00  1.511D+00  7.977D+01   300  2.760D-02
  322.5064  0.153195D+01  0.152004D+01  0.153338D+02
  322.6597  0.145484D+01  0.146127D+01 -0.827517D+01
  322.8129  0.131115D+01  0.136847D+01 -0.774795D+02
  322.9661  0.131015D+01  0.135164D+01 -0.560757D+02
  323.1191  0.147190D+01  0.149286D+01 -0.269849D+02
  323.2722  0.164060D+01  0.166329D+01 -0.278882D+02
  323.4251  0.169484D+01  0.165843D+01  0.447500D+02
  323.5780  0.167324D+01  0.160614D+01  0.824538D+02
  323.7308  0.174161D+01  0.166448D+01  0.947749D+02
  323.8835  0.185700D+01  0.178418D+01  0.855950D+02
  324.0362  0.198893D+01  0.190879D+01  0.942010D+02
  324.1888  0.204176D+01  0.201130D+01  0.358081D+02
  324.3413  0.206535D+01  0.203050D+01  0.409714D+02
  324.4937  0.207895D+01  0.205821D+01  0.233722D+02
  324.6461  0.204903D+01  0.208577D+01 -0.431784D+02
  324.7984  0.191664D+01  0.197926D+01 -0.736098D+02
  324.9507  0.177629D+01  0.187720D+01 -0.118618D+03
  325.1028  0.178387D+01  0.190247D+01 -0.139400D+03
  325.2549  0.190701D+01  0.198568D+01 -0.924709D+02
  325.4070  0.205552D+01  0.211086D+01 -0.623414D+02
  325.5589  0.226282D+01  0.232230D+01 -0.669989D+02
  325.7108  0.244852D+01  0.251027D+01 -0.667679D+02
  325.8626  0.262638D+01  0.260440D+01  0.237692D+02
  326.0144  0.272990D+01  0.267860D+01  0.533376D+02
  326.1661  0.279476D+01  0.267751D+01  0.117404D+03
  326.3177  0.273963D+01  0.261793D+01  0.121857D+03
  326.4692  0.265389D+01  0.253608D+01  0.122502D+03
  326.6207  0.268972D+01  0.258472D+01  0.105137D+03
  326.7721  0.279905D+01  0.279462D+01  0.443851D+01
  326.9235  0.285842D+01  0.291384D+01 -0.554869D+02
  327.0747  0.271530D+01  0.287456D+01 -0.159465D+03
   31 324.036 328.584 326.310  2.142D-01  0.000D+00  2.882D-02  0.000D+00  1.577D+00  7.872D+01   300  2.911D-02
  324.0362  0.198893D+01  0.193340D+01  0.652717D+02
  324.1888  0.204176D+01  0.202595D+01  0.185897D+02
  324.3413  0.206535D+01  0.203178D+01  0.394677D+02
  324.4937  0.207895D+01  0.202528D+01  0.604641D+02
  324.6461  0.204903D+01  0.207270D+01 -0.278150D+02
  324.7984  0.191664D+01  0.199020D+01 -0.864700D+02
  324.9507  0.177629D+01  0.185460D+01 -0.920462D+02
  325.1028  0.178387D+01  0.186629D+01 -0.968742D+02
  325.2549  0.190701D+01  0.195290D+01 -0.539398D+02
  325.4070  0.205552D+01  0.206868D+01 -0.148242D+02
  325.5589  0.226282D+01  0.227750D+01 -0.165366D+02
  325.7108  0.244852D+01  0.251088D+01 -0.674363D+02
  325.8626  0.262638D+01  0.262024D+01  0.663772D+01
  326.0144  0.272990D+01  0.271173D+01  0.188946D+02
  326.1661  0.279476D+01  0.273138D+01  0.634689D+02
  326.3177  0.273963D+01  0.267123D+01  0.684886D+02
  326.4692  0.265389D+01  0.256179D+01  0.957749D+02
  326.6207  0.268972D+01  0.252528D+01  0.164657D+03
  326.7721  0.279905D+01  0.269837D+01  0.100816D+03
  326.9235  0.285842D+01  0.281042D+01  0.480710D+02
  327.0747  0.271530D+01  0.272616D+01 -0.108646D+02
  327.2259  0.259771D+01  0.259683D+01  0.880292D+00
  327.3770  0.259923D+01  0.263594D+01 -0.367568D+02
  327.5281  0.267000D+01  0.272774D+01 -0.578126D+02
  327.6791  0.261597D+01  0.269629D+01 -0.804298D+02
  327.8300  0.248791D+01  0.259423D+01 -0.106452D+03
  327.9809  0.238544D+01  0.252228D+01 -0.137023D+03
  328.1317  0.237696D+01  0.248714D+01 -0.110322D+03
  328.2824  0.242927D+01  0.245149D+01 -0.222450D+02
  328.4330  0.249571D+01  0.239894D+01  0.968894D+02
  328.5836  0.244648D+01  0.228267D+01  0.164025D+03
   31 325.559 330.086 327.822  3.048D-01  0.000D+00 -6.714D-02  0.000D+00  1.616D+00  8.287D+01 10304  4.400D-02
  325.5589  0.226282D+01  0.233074D+01 -0.765095D+02
  325.7108  0.244852D+01  0.251986D+01 -0.771434D+02
  325.8626  0.262638D+01  0.264658D+01 -0.218433D+02
  326.0144  0.272990D+01  0.270596D+01  0.248886D+02
  326.1661  0.279476D+01  0.269565D+01  0.992459D+02
  326.3177  0.273963D+01  0.264161D+01  0.981471D+02
  326.4692  0.265389D+01  0.261627D+01  0.391179D+02
  326.6207  0.268972D+01  0.266628D+01  0.234711D+02
  326.7721  0.279905D+01  0.273653D+01  0.626007D+02
  326.9235  0.285842D+01  0.273481D+01  0.123779D+03
  327.0747  0.271530D+01  0.267625D+01  0.391054D+02
  327.2259  0.259771D+01  0.265147D+01 -0.538303D+02
  327.3770  0.259923D+01  0.267273D+01 -0.736016D+02
  327.5281  0.267000D+01  0.267875D+01 -0.875539D+01
  327.6791  0.261597D+01  0.263727D+01 -0.213283D+02
  327.8300  0.248791D+01  0.258526D+01 -0.974731D+02
  327.9809  0.238544D+01  0.255454D+01 -0.169319D+03
  328.1317  0.237696D+01  0.254119D+01 -0.164442D+03
  328.2824  0.242927D+01  0.252175D+01 -0.925951D+02
  328.4330  0.249571D+01  0.246914D+01  0.266017D+02
  328.5836  0.244648D+01  0.239105D+01  0.555060D+02
  328.7342  0.238633D+01  0.238923D+01 -0.290283D+01
  328.8846  0.251093D+01  0.253962D+01 -0.287262D+02
  329.0350  0.281192D+01  0.276306D+01  0.471737D+02
  329.1853  0.307007D+01  0.294430D+01  0.117248D+03
  329.3356  0.319818D+01  0.306354D+01  0.145596D+03
  329.4857  0.324201D+01  0.314641D+01  0.103388D+03
  329.6359  0.328151D+01  0.321535D+01  0.715427D+02
  329.7859  0.326681D+01  0.330459D+01 -0.408547D+02
  329.9359  0.334250D+01  0.341294D+01 -0.761696D+02
  330.0858  0.336285D+01  0.345514D+01 -0.998003D+02
   31 327.075 331.581 329.328  2.615D-01  0.000D+00 -4.117D-02  0.000D+00  1.677D+00  6.522D+01 10300  2.317D-02
  327.0747  0.271530D+01  0.264764D+01  0.677580D+02
  327.2259  0.259771D+01  0.257843D+01  0.193034D+02
  327.3770  0.259923D+01  0.260972D+01 -0.105010D+02
  327.5281  0.267000D+01  0.263175D+01  0.383076D+02
  327.6791  0.261597D+01  0.258725D+01  0.287571D+02
  327.8300  0.248791D+01  0.252965D+01 -0.417890D+02
  327.9809  0.238544D+01  0.250728D+01 -0.122002D+03
  328.1317  0.237696D+01  0.251475D+01 -0.137969D+03
  328.2824  0.242927D+01  0.252357D+01 -0.944212D+02
  328.4330  0.249571D+01  0.250070D+01 -0.499547D+01
  328.5836  0.244648D+01  0.240906D+01  0.374683D+02
  328.7342  0.238633D+01  0.235521D+01  0.311573D+02
  328.8846  0.251093D+01  0.251688D+01 -0.595701D+01
  329.0350  0.281192D+01  0.279870D+01  0.127638D+02
  329.1853  0.307007D+01  0.299923D+01  0.660389D+02
  329.3356  0.319818D+01  0.311516D+01  0.897756D+02
  329.4857  0.324201D+01  0.318304D+01  0.637710D+02
  329.6359  0.328151D+01  0.321372D+01  0.733008D+02
  329.7859  0.326681D+01  0.325310D+01  0.148261D+02
  329.9359  0.334250D+01  0.333282D+01  0.104646D+02
  330.0858  0.336285D+01  0.335885D+01  0.432424D+01
  330.2357  0.321507D+01  0.320485D+01  0.115124D+02
  330.3854  0.295562D+01  0.296203D+01 -0.598013D+01
  330.5352  0.266080D+01  0.274401D+01 -0.803464D+02
  330.6848  0.255497D+01  0.262986D+01 -0.749882D+02
  330.8344  0.259217D+01  0.271190D+01 -0.115609D+03
  330.9839  0.274350D+01  0.285096D+01 -0.100176D+03
  331.1333  0.281945D+01  0.286099D+01 -0.387248D+02
  331.2827  0.274486D+01  0.273760D+01  0.677078D+01
  331.4320  0.264971D+01  0.259030D+01  0.553854D+02
  331.5812  0.267707D+01  0.254632D+01  0.121884D+03
   31 328.584 333.070 330.827  2.394D-01  0.000D+00 -1.225D-02  0.000D+00  1.673D+00  5.221D+01 10300  1.401D-02
  328.5836  0.244648D+01  0.250912D+01 -0.627195D+02
  328.7342  0.238633D+01  0.239595D+01 -0.963847D+01
  328.8846  0.251093D+01  0.252015D+01 -0.923590D+01
  329.0350  0.281192D+01  0.283645D+01 -0.236804D+02
  329.1853  0.307007D+01  0.305282D+01  0.160826D+02
  329.3356  0.319818D+01  0.315742D+01  0.440755D+02
  329.4857  0.324201D+01  0.322074D+01  0.230038D+02
  329.6359  0.328151D+01  0.322817D+01  0.576767D+02
  329.7859  0.326681D+01  0.323733D+01  0.318738D+02
  329.9359  0.334250D+01  0.329798D+01  0.481488D+02
  330.0858  0.336285D+01  0.335815D+01  0.508301D+01
  330.2357  0.321507D+01  0.321737D+01 -0.258146D+01
  330.3854  0.295562D+01  0.295561D+01  0.331428D-02
  330.5352  0.266080D+01  0.272871D+01 -0.655730D+02
  330.6848  0.255497D+01  0.256671D+01 -0.117539D+02
  330.8344  0.259217D+01  0.263813D+01 -0.443838D+02
  330.9839  0.274350D+01  0.283465D+01 -0.849789D+02
  331.1333  0.281945D+01  0.290772D+01 -0.822896D+02
  331.2827  0.274486D+01  0.283002D+01 -0.793874D+02
  331.4320  0.264971D+01  0.270104D+01 -0.478519D+02
  331.5812  0.267707D+01  0.268783D+01 -0.100344D+02
  331.7304  0.282924D+01  0.282444D+01  0.447140D+01
  331.8795  0.298909D+01  0.293940D+01  0.447857D+02
  332.0286  0.301316D+01  0.291478D+01  0.857925D+02
  332.1776  0.286852D+01  0.277164D+01  0.903211D+02
  332.3265  0.272226D+01  0.262873D+01  0.871978D+02
  332.4753  0.277368D+01  0.270681D+01  0.623388D+02
  332.6241  0.293014D+01  0.292293D+01  0.649561D+01
  332.7728  0.298245D+01  0.296804D+01  0.125723D+02
  332.9215  0.283818D+01  0.288056D+01 -0.395067D+02
  333.0701  0.280062D+01  0.291071D+01 -0.102633D+03
   31 330.086 334.552 332.319  2.379D-01  0.000D+00  2.003D-03  0.000D+00  1.701D+00  4.975D+01 10300  1.309D-02
  330.0858  0.336285D+01  0.333027D+01  0.352294D+02
  330.2357  0.321507D+01  0.319967D+01  0.173468D+02
  330.3854  0.295562D+01  0.293494D+01  0.192729D+02
  330.5352  0.266080D+01  0.270760D+01 -0.451904D+02
  330.6848  0.255497D+01  0.253574D+01  0.192579D+02
  330.8344  0.259217D+01  0.258802D+01  0.400329D+01
  330.9839  0.274350D+01  0.279336D+01 -0.464851D+02
  331.1333  0.281945D+01  0.289175D+01 -0.674004D+02
  331.2827  0.274486D+01  0.283543D+01 -0.844314D+02
  331.4320  0.264971D+01  0.271203D+01 -0.580981D+02
  331.5812  0.267707D+01  0.269035D+01 -0.123868D+02
  331.7304  0.282924D+01  0.282766D+01  0.146759D+01
  331.8795  0.298909D+01  0.295908D+01  0.270508D+02
  332.0286  0.301316D+01  0.294970D+01  0.553389D+02
  332.1776  0.286852D+01  0.280989D+01  0.546623D+02
  332.3265  0.272226D+01  0.264734D+01  0.698428D+02
  332.4753  0.277368D+01  0.268904D+01  0.789050D+02
  332.6241  0.293014D+01  0.289169D+01  0.346490D+02
  332.7728  0.298245D+01  0.293236D+01  0.436872D+02
  332.9215  0.283818D+01  0.281263D+01  0.238170D+02
  333.0701  0.280062D+01  0.278494D+01  0.146220D+02
  333.2186  0.287417D+01  0.289439D+01 -0.182227D+02
  333.3671  0.291042D+01  0.292718D+01 -0.146117D+02
  333.5154  0.269872D+01  0.275019D+01 -0.479780D+02
  333.6638  0.246887D+01  0.252182D+01 -0.493579D+02
  333.8120  0.244329D+01  0.253132D+01 -0.849914D+02
  333.9602  0.260629D+01  0.270401D+01 -0.911020D+02
  334.1083  0.273717D+01  0.278612D+01 -0.441095D+02
  334.2564  0.280413D+01  0.280236D+01  0.158914D+01
  334.4044  0.294369D+01  0.289096D+01  0.459823D+02
  334.5524  0.309701D+01  0.299202D+01  0.915595D+02
   23 331.581 334.848 333.215  2.411D-01  0.000D+00  2.352D-03  0.000D+00  1.717D+00  1.742D+01 10300  5.695D-03
  331.5812  0.267707D+01  0.265731D+01  0.184164D+02
  331.7304  0.282924D+01  0.283776D+01 -0.794647D+01
  331.8795  0.298909D+01  0.300283D+01 -0.123784D+02
  332.0286  0.301316D+01  0.301566D+01 -0.218190D+01
  332.1776  0.286852D+01  0.288421D+01 -0.146310D+02
  332.3265  0.272226D+01  0.272208D+01  0.168703D+00
  332.4753  0.277368D+01  0.275713D+01  0.154347D+02
  332.6241  0.293014D+01  0.294465D+01 -0.130790D+02
  332.7728  0.298245D+01  0.296953D+01  0.112685D+02
  332.9215  0.283818D+01  0.283396D+01  0.393821D+01
  333.0701  0.280062D+01  0.278643D+01  0.132287D+02
  333.2186  0.287417D+01  0.287113D+01  0.273563D+01
  333.3671  0.291042D+01  0.288328D+01  0.236737D+02
  333.5154  0.269872D+01  0.269832D+01  0.376549D+00
  333.6638  0.246887D+01  0.247177D+01 -0.270358D+01
  333.8120  0.244329D+01  0.247702D+01 -0.325669D+02
  333.9602  0.260629D+01  0.264684D+01 -0.378054D+02
  334.1083  0.273717D+01  0.274478D+01 -0.685783D+01
  334.2564  0.280413D+01  0.279199D+01  0.109334D+02
  334.4044  0.294369D+01  0.292241D+01  0.185563D+02
  334.5524  0.309701D+01  0.308373D+01  0.115833D+02
  334.7002  0.313535D+01  0.311255D+01  0.246598D+02
  334.8480  0.290822D+01  0.294726D+01 -0.340474D+02
