 rad_fit_vary
           0
 T T
nwave fwave lwave wave    hwe     asym  shift    squeeze      sin      rms   exval 
   31 263.734 274.322 269.028  4.114D-01  0.000D+00 -1.067D-02  0.000D+00  4.437D-03  2.926D+00 10300  3.733D-02
  263.7339  0.991458D-03  0.114158D-02 -0.831731D+01
  264.0988  0.164212D-02  0.146836D-02  0.694548D+01
  264.4628  0.155492D-02  0.151395D-02  0.167337D+01
  264.8257  0.129955D-02  0.132305D-02 -0.109589D+01
  265.1878  0.147950D-02  0.137122D-02  0.540986D+01
  265.5489  0.168609D-02  0.160934D-02  0.397662D+01
  265.9091  0.158815D-02  0.164192D-02 -0.289265D+01
  266.2684  0.150077D-02  0.152486D-02 -0.139004D+01
  266.6268  0.149594D-02  0.147477D-02  0.123419D+01
  266.9844  0.149201D-02  0.151214D-02 -0.114955D+01
  267.3412  0.159405D-02  0.159511D-02 -0.629500D-01
  267.6971  0.153365D-02  0.161011D-02 -0.465057D+01
  268.0522  0.148879D-02  0.151497D-02 -0.159206D+01
  268.4065  0.154955D-02  0.153065D-02  0.113760D+01
  268.7600  0.150095D-02  0.151288D-02 -0.710518D+00
  269.1128  0.146664D-02  0.146531D-02  0.798314D-01
  269.4648  0.146038D-02  0.146267D-02 -0.139050D+00
  269.8161  0.150148D-02  0.151896D-02 -0.107473D+01
  270.1667  0.173434D-02  0.169839D-02  0.211730D+01
  270.5165  0.173934D-02  0.174269D-02 -0.199651D+00
  270.8656  0.171539D-02  0.164917D-02  0.386031D+01
  271.2141  0.160781D-02  0.158809D-02  0.118662D+01
  271.5619  0.146806D-02  0.143070D-02  0.224828D+01
  271.9091  0.113943D-02  0.116914D-02 -0.191094D+01
  272.2556  0.110190D-02  0.110836D-02 -0.411043D+00
  272.6014  0.128042D-02  0.130636D-02 -0.157777D+01
  272.9467  0.155474D-02  0.156055D-02 -0.346177D+00
  273.2913  0.149290D-02  0.152999D-02 -0.220768D+01
  273.6354  0.122610D-02  0.124056D-02 -0.889612D+00
  273.9789  0.988956D-03  0.101011D-02 -0.134540D+01
  274.3217  0.985203D-03  0.913960D-03  0.433329D+01
   31 267.341 277.722 272.531  4.003D-01  0.000D+00 -3.491D-03  0.000D+00  4.584D-03  1.867D+00 10300  2.317D-02
  267.3412  0.159405D-02  0.156175D-02  0.192283D+01
  267.6971  0.153365D-02  0.158725D-02 -0.326007D+01
  268.0522  0.148879D-02  0.149134D-02 -0.154673D+00
  268.4065  0.154955D-02  0.151567D-02  0.203906D+01
  268.7600  0.150095D-02  0.150602D-02 -0.302044D+00
  269.1128  0.146664D-02  0.146120D-02  0.326969D+00
  269.4648  0.146038D-02  0.146458D-02 -0.255125D+00
  269.8161  0.150148D-02  0.151949D-02 -0.110760D+01
  270.1667  0.173434D-02  0.171137D-02  0.135282D+01
  270.5165  0.173934D-02  0.176424D-02 -0.148252D+01
  270.8656  0.171539D-02  0.166795D-02  0.276538D+01
  271.2141  0.160781D-02  0.161071D-02 -0.174494D+00
  271.5619  0.146806D-02  0.145508D-02  0.781399D+00
  271.9091  0.113943D-02  0.118015D-02 -0.261913D+01
  272.2556  0.110190D-02  0.110807D-02 -0.392270D+00
  272.6014  0.128042D-02  0.130177D-02 -0.129805D+01
  272.9467  0.155474D-02  0.155708D-02 -0.139410D+00
  273.2913  0.149290D-02  0.152273D-02 -0.177550D+01
  273.6354  0.122610D-02  0.121935D-02  0.414776D+00
  273.9789  0.988956D-03  0.979434D-03  0.605452D+00
  274.3217  0.985203D-03  0.873686D-03  0.678287D+01
  274.6641  0.877265D-03  0.867285D-03  0.627462D+00
  275.0059  0.972693D-03  0.958846D-03  0.833192D+00
  275.3471  0.115336D-02  0.115479D-02 -0.849186D-01
  275.6878  0.129293D-02  0.132520D-02 -0.184237D+01
  276.0280  0.165910D-02  0.164720D-02  0.653041D+00
  276.3677  0.180367D-02  0.180795D-02 -0.227971D+00
  276.7069  0.182851D-02  0.188388D-02 -0.289524D+01
  277.0456  0.190375D-02  0.191152D-02 -0.398895D+00
  277.3839  0.198846D-02  0.194860D-02  0.193923D+01
  277.7216  0.172969D-02  0.172322D-02  0.323248D+00
   31 270.866 281.075 275.970  3.964D-01  0.000D+00 -6.861D-03  0.000D+00  4.983D-03  1.837D+00   304  2.246D-02
  270.8656  0.171539D-02  0.168240D-02  0.192308D+01
  271.2141  0.160781D-02  0.162141D-02 -0.818394D+00
  271.5619  0.146806D-02  0.145988D-02  0.492634D+00
  271.9091  0.113943D-02  0.117930D-02 -0.256455D+01
  272.2556  0.110190D-02  0.110883D-02 -0.440790D+00
  272.6014  0.128042D-02  0.130417D-02 -0.144450D+01
  272.9467  0.155474D-02  0.156071D-02 -0.355782D+00
  273.2913  0.149290D-02  0.152160D-02 -0.170845D+01
  273.6354  0.122610D-02  0.121508D-02  0.677649D+00
  273.9789  0.988956D-03  0.976485D-03  0.792981D+00
  274.3217  0.985203D-03  0.872233D-03  0.687126D+01
  274.6641  0.877265D-03  0.866657D-03  0.666977D+00
  275.0059  0.972693D-03  0.959196D-03  0.812142D+00
  275.3471  0.115336D-02  0.115618D-02 -0.167687D+00
  275.6878  0.129293D-02  0.132445D-02 -0.179936D+01
  276.0280  0.165910D-02  0.164833D-02  0.590947D+00
  276.3677  0.180367D-02  0.180385D-02 -0.947761D-02
  276.7069  0.182851D-02  0.187631D-02 -0.249951D+01
  277.0456  0.190375D-02  0.189984D-02  0.200542D+00
  277.3839  0.198846D-02  0.193375D-02  0.266167D+01
  277.7216  0.172969D-02  0.170116D-02  0.142527D+01
  278.0589  0.137174D-02  0.141202D-02 -0.206787D+01
  278.3958  0.131063D-02  0.132831D-02 -0.916517D+00
  278.7321  0.118875D-02  0.121726D-02 -0.150517D+01
  279.0681  0.903892D-03  0.941831D-03 -0.202189D+01
  279.4037  0.737160D-03  0.705940D-03  0.171275D+01
  279.7388  0.620644D-03  0.620192D-03  0.258246D-01
  280.0735  0.659423D-03  0.620818D-03  0.218208D+01
  280.4078  0.732335D-03  0.721691D-03  0.607757D+00
  280.7417  0.101022D-02  0.100514D-02  0.281796D+00
  281.0752  0.138711D-02  0.138961D-02 -0.134692D+00
   31 274.322 284.390 279.356  3.948D-01  0.000D+00  4.472D-03  0.000D+00  5.645D-03  1.741D+00 10300  2.519D-02
  274.3217  0.985203D-03  0.917054D-03  0.414510D+01
  274.6641  0.877265D-03  0.898956D-03 -0.136381D+01
  275.0059  0.972693D-03  0.979878D-03 -0.432265D+00
  275.3471  0.115336D-02  0.117473D-02 -0.127204D+01
  275.6878  0.129293D-02  0.133136D-02 -0.219399D+01
  276.0280  0.165910D-02  0.165238D-02  0.368845D+00
  276.3677  0.180367D-02  0.180476D-02 -0.578238D-01
  276.7069  0.182851D-02  0.187419D-02 -0.238884D+01
  277.0456  0.190375D-02  0.189029D-02  0.691067D+00
  277.3839  0.198846D-02  0.192549D-02  0.306377D+01
  277.7216  0.172969D-02  0.170015D-02  0.147562D+01
  278.0589  0.137174D-02  0.140560D-02 -0.173806D+01
  278.3958  0.131063D-02  0.131792D-02 -0.378052D+00
  278.7321  0.118875D-02  0.121360D-02 -0.131172D+01
  279.0681  0.903892D-03  0.942973D-03 -0.208274D+01
  279.4037  0.737160D-03  0.704222D-03  0.180701D+01
  279.7388  0.620644D-03  0.615490D-03  0.294277D+00
  280.0735  0.659423D-03  0.613556D-03  0.259255D+01
  280.4078  0.732335D-03  0.708395D-03  0.136696D+01
  280.7417  0.101022D-02  0.982676D-03  0.152613D+01
  281.0752  0.138711D-02  0.136212D-02  0.134488D+01
  281.4083  0.180349D-02  0.177460D-02  0.147016D+01
  281.7411  0.223936D-02  0.220873D-02  0.150344D+01
  282.0735  0.252296D-02  0.254553D-02 -0.107042D+01
  282.4055  0.271829D-02  0.275442D-02 -0.168496D+01
  282.7372  0.293220D-02  0.291405D-02  0.825596D+00
  283.0685  0.311680D-02  0.317334D-02 -0.259317D+01
  283.3994  0.319221D-02  0.322672D-02 -0.153236D+01
  283.7300  0.312502D-02  0.313705D-02 -0.542805D+00
  284.0603  0.310518D-02  0.309273D-02  0.548957D+00
  284.3903  0.284142D-02  0.278757D-02  0.251093D+01
   31 277.722 287.672 282.697  4.325D-01  0.000D+00  8.532D-04  0.000D+00  6.529D-03  1.513D+00 10300  1.096D-02
  277.7216  0.172969D-02  0.168237D-02  0.236406D+01
  278.0589  0.137174D-02  0.141938D-02 -0.244572D+01
  278.3958  0.131063D-02  0.131877D-02 -0.422178D+00
  278.7321  0.118875D-02  0.120445D-02 -0.828863D+00
  279.0681  0.903892D-03  0.948311D-03 -0.236723D+01
  279.4037  0.737160D-03  0.718082D-03  0.104662D+01
  279.7388  0.620644D-03  0.623585D-03 -0.167963D+00
  280.0735  0.659423D-03  0.622669D-03  0.207745D+01
  280.4078  0.732335D-03  0.725390D-03  0.396529D+00
  280.7417  0.101022D-02  0.995041D-03  0.841043D+00
  281.0752  0.138711D-02  0.136812D-02  0.102193D+01
  281.4083  0.180349D-02  0.178008D-02  0.119131D+01
  281.7411  0.223936D-02  0.220182D-02  0.184246D+01
  282.0735  0.252296D-02  0.253402D-02 -0.524352D+00
  282.4055  0.271829D-02  0.274622D-02 -0.130252D+01
  282.7372  0.293220D-02  0.292209D-02  0.459927D+00
  283.0685  0.311680D-02  0.315922D-02 -0.194555D+01
  283.3994  0.319221D-02  0.322311D-02 -0.137200D+01
  283.7300  0.312502D-02  0.316004D-02 -0.158016D+01
  284.0603  0.310518D-02  0.309840D-02  0.298763D+00
  284.3903  0.284142D-02  0.280052D-02  0.190685D+01
  284.7199  0.222435D-02  0.219527D-02  0.142725D+01
  285.0492  0.149416D-02  0.144625D-02  0.252900D+01
  285.3781  0.124415D-02  0.125927D-02 -0.837613D+00
  285.7068  0.202777D-02  0.197432D-02  0.269442D+01
  286.0352  0.305908D-02  0.303859D-02  0.955556D+00
  286.3632  0.374477D-02  0.376820D-02 -0.104036D+01
  286.6909  0.399603D-02  0.403934D-02 -0.186435D+01
  287.0184  0.425855D-02  0.429656D-02 -0.164868D+01
  287.3455  0.453626D-02  0.452848D-02  0.327413D+00
  287.6724  0.421244D-02  0.417977D-02  0.142826D+01
   31 281.075 290.925 286.000  4.265D-01  0.000D+00  3.837D-04  0.000D+00  7.598D-03  1.539D+00 10300  7.417D-03
  281.0752  0.138711D-02  0.139659D-02 -0.510223D+00
  281.4083  0.180349D-02  0.180292D-02  0.289964D-01
  281.7411  0.223936D-02  0.221741D-02  0.107733D+01
  282.0735  0.252296D-02  0.253943D-02 -0.781036D+00
  282.4055  0.271829D-02  0.274121D-02 -0.106901D+01
  282.7372  0.293220D-02  0.290761D-02  0.111871D+01
  283.0685  0.311680D-02  0.314281D-02 -0.119275D+01
  283.3994  0.319221D-02  0.320262D-02 -0.462018D+00
  283.7300  0.312502D-02  0.313808D-02 -0.589310D+00
  284.0603  0.310518D-02  0.308263D-02  0.993994D+00
  284.3903  0.284142D-02  0.278939D-02  0.242596D+01
  284.7199  0.222435D-02  0.218879D-02  0.174515D+01
  285.0492  0.149416D-02  0.143568D-02  0.308702D+01
  285.3781  0.124415D-02  0.124758D-02 -0.190389D+00
  285.7068  0.202777D-02  0.197515D-02  0.265272D+01
  286.0352  0.305908D-02  0.305439D-02  0.218673D+00
  286.3632  0.374477D-02  0.379190D-02 -0.209296D+01
  286.6909  0.399603D-02  0.406235D-02 -0.285480D+01
  287.0184  0.425855D-02  0.432456D-02 -0.286322D+01
  287.3455  0.453626D-02  0.456881D-02 -0.136948D+01
  287.6724  0.421244D-02  0.421375D-02 -0.572294D-01
  287.9989  0.349441D-02  0.349412D-02  0.130200D-01
  288.3252  0.354212D-02  0.354498D-02 -0.131215D+00
  288.6511  0.469084D-02  0.463198D-02  0.251402D+01
  288.9768  0.540906D-02  0.535606D-02  0.213365D+01
  289.3022  0.587583D-02  0.587349D-02  0.935009D-01
  289.6273  0.685335D-02  0.684359D-02  0.341504D+00
  289.9521  0.801494D-02  0.803007D-02 -0.529237D+00
  290.2766  0.892097D-02  0.886338D-02  0.189579D+01
  290.6009  0.906751D-02  0.908104D-02 -0.445452D+00
  290.9248  0.885485D-02  0.890487D-02 -0.164638D+01
   31 284.390 294.149 289.270  4.087D-01  0.000D+00  2.239D-03  0.000D+00  9.059D-03  2.538D+00 10300  9.268D-03
  284.3903  0.284142D-02  0.283160D-02  0.457532D+00
  284.7199  0.222435D-02  0.222352D-02  0.404770D-01
  285.0492  0.149416D-02  0.143254D-02  0.325257D+01
  285.3781  0.124415D-02  0.122116D-02  0.127337D+01
  285.7068  0.202777D-02  0.197263D-02  0.277957D+01
  286.0352  0.305908D-02  0.307929D-02 -0.942287D+00
  286.3632  0.374477D-02  0.381920D-02 -0.330532D+01
  286.6909  0.399603D-02  0.406397D-02 -0.292439D+01
  287.0184  0.425855D-02  0.431443D-02 -0.242390D+01
  287.3455  0.453626D-02  0.458270D-02 -0.195410D+01
  287.6724  0.421244D-02  0.421635D-02 -0.170671D+00
  287.9989  0.349441D-02  0.344956D-02  0.205705D+01
  288.3252  0.354212D-02  0.347433D-02  0.310930D+01
  288.6511  0.469084D-02  0.462386D-02  0.286120D+01
  288.9768  0.540906D-02  0.533349D-02  0.304199D+01
  289.3022  0.587583D-02  0.582304D-02  0.211016D+01
  289.6273  0.685335D-02  0.681404D-02  0.137506D+01
  289.9521  0.801494D-02  0.804026D-02 -0.885533D+00
  290.2766  0.892097D-02  0.891639D-02  0.150923D+00
  290.6009  0.906751D-02  0.916985D-02 -0.336846D+01
  290.9248  0.885485D-02  0.900694D-02 -0.500608D+01
  291.2485  0.914972D-02  0.911739D-02  0.106402D+01
  291.5719  0.924086D-02  0.913249D-02  0.356695D+01
  291.8950  0.913006D-02  0.906621D-02  0.210187D+01
  292.2179  0.903535D-02  0.901675D-02  0.611976D+00
  292.5404  0.850102D-02  0.853317D-02 -0.105833D+01
  292.8627  0.853854D-02  0.874265D-02 -0.671859D+01
  293.1847  0.100611D-01  0.100450D-01  0.499812D+00
  293.5063  0.104078D-01  0.103116D-01  0.299082D+01
  293.8277  0.942135D-02  0.942664D-02 -0.164485D+00
  294.1488  0.972694D-02  0.970456D-02  0.695613D+00
   31 287.672 297.343 292.508  3.719D-01  0.000D+00  1.900D-03  0.000D+00  1.112D-02  3.026D+00 10300  8.119D-03
  287.6724  0.421244D-02  0.430135D-02 -0.388679D+01
  287.9989  0.349441D-02  0.342956D-02  0.297436D+01
  288.3252  0.354212D-02  0.340738D-02  0.618019D+01
  288.6511  0.469084D-02  0.473220D-02 -0.176676D+01
  288.9768  0.540906D-02  0.539261D-02  0.662184D+00
  289.3022  0.587583D-02  0.581408D-02  0.246846D+01
  289.6273  0.685335D-02  0.683352D-02  0.693565D+00
  289.9521  0.801494D-02  0.809514D-02 -0.280497D+01
  290.2766  0.892097D-02  0.897546D-02 -0.179332D+01
  290.6009  0.906751D-02  0.920857D-02 -0.464319D+01
  290.9248  0.885485D-02  0.895453D-02 -0.328106D+01
  291.2485  0.914972D-02  0.911233D-02  0.123062D+01
  291.5719  0.924086D-02  0.910957D-02  0.432162D+01
  291.8950  0.913006D-02  0.901871D-02  0.366527D+01
  292.2179  0.903535D-02  0.902645D-02  0.292641D+00
  292.5404  0.850102D-02  0.843976D-02  0.201623D+01
  292.8627  0.853854D-02  0.859538D-02 -0.187074D+01
  293.1847  0.100611D-01  0.101136D-01 -0.163151D+01
  293.5063  0.104078D-01  0.103944D-01  0.415152D+00
  293.8277  0.942135D-02  0.928258D-02  0.431416D+01
  294.1488  0.972694D-02  0.967358D-02  0.165854D+01
  294.4697  0.105669D-01  0.105713D-01 -0.139312D+00
  294.7902  0.100415D-01  0.101907D-01 -0.464086D+01
  295.1104  0.106294D-01  0.107468D-01 -0.365036D+01
  295.4303  0.120805D-01  0.120303D-01  0.147781D+01
  295.7499  0.126631D-01  0.127368D-01 -0.217124D+01
  296.0692  0.138157D-01  0.137680D-01  0.133445D+01
  296.3882  0.135119D-01  0.133199D-01  0.537373D+01
  296.7069  0.107330D-01  0.108854D-01 -0.473626D+01
  297.0253  0.105829D-01  0.106333D-01 -0.156522D+01
  297.3434  0.127935D-01  0.127152D-01  0.230770D+01
   31 290.925 300.505 295.715  3.323D-01  0.000D+00  5.718D-03  0.000D+00  1.446D-02  7.655D+00 10000  9.415D-03
  290.9248  0.885485D-02  0.883593D-02  0.623032D+00
  291.2485  0.914972D-02  0.915842D-02 -0.286325D+00
  291.5719  0.924086D-02  0.919992D-02  0.134754D+01
  291.8950  0.913006D-02  0.909847D-02  0.103973D+01
  292.2179  0.903535D-02  0.921898D-02 -0.604470D+01
  292.5404  0.850102D-02  0.847471D-02  0.865958D+00
  292.8627  0.853854D-02  0.850930D-02  0.962524D+00
  293.1847  0.100611D-01  0.102503D-01 -0.588065D+01
  293.5063  0.104078D-01  0.105428D-01 -0.419569D+01
  293.8277  0.942135D-02  0.907322D-02  0.108227D+02
  294.1488  0.972694D-02  0.955195D-02  0.543987D+01
  294.4697  0.105669D-01  0.105888D-01 -0.680893D+00
  294.7902  0.100415D-01  0.997280D-02  0.213449D+01
  295.1104  0.106294D-01  0.105275D-01  0.316771D+01
  295.4303  0.120805D-01  0.119533D-01  0.374482D+01
  295.7499  0.126631D-01  0.125591D-01  0.306203D+01
  296.0692  0.138157D-01  0.138139D-01  0.502611D-01
  296.3882  0.135119D-01  0.136280D-01 -0.324853D+01
  296.7069  0.107330D-01  0.108053D-01 -0.224718D+01
  297.0253  0.105829D-01  0.107701D-01 -0.581975D+01
  297.3434  0.127935D-01  0.130327D-01 -0.704454D+01
  297.6611  0.169198D-01  0.173505D-01 -0.109539D+02
  297.9785  0.174309D-01  0.177801D-01 -0.888169D+01
  298.2955  0.131938D-01  0.132275D-01 -0.941015D+00
  298.6122  0.123253D-01  0.122141D-01  0.327423D+01
  298.9286  0.171307D-01  0.167897D-01  0.867266D+01
  299.2446  0.202277D-01  0.194863D-01  0.172864D+02
  299.5603  0.201669D-01  0.192968D-01  0.202877D+02
  299.8756  0.210926D-01  0.208631D-01  0.535185D+01
  300.1905  0.170914D-01  0.177168D-01 -0.159067D+02
  300.5051  0.206601D-01  0.212042D-01 -0.126843D+02
   31 294.149 303.629 298.889  3.201D-01  0.000D+00  8.169D-03  0.000D+00  2.223D-02  1.894D+01 10000  2.106D-02
  294.1488  0.972694D-02  0.890023D-02  0.257004D+02
  294.4697  0.105669D-01  0.104821D-01  0.263623D+01
  294.7902  0.100415D-01  0.101528D-01 -0.346120D+01
  295.1104  0.106294D-01  0.109110D-01 -0.875515D+01
  295.4303  0.120805D-01  0.125261D-01 -0.131245D+02
  295.7499  0.126631D-01  0.130787D-01 -0.122400D+02
  296.0692  0.138157D-01  0.143044D-01 -0.136740D+02
  296.3882  0.135119D-01  0.140123D-01 -0.140014D+02
  296.7069  0.107330D-01  0.107826D-01 -0.154071D+01
  297.0253  0.105829D-01  0.106135D-01 -0.949998D+00
  297.3434  0.127935D-01  0.126174D-01  0.518769D+01
  297.6611  0.169198D-01  0.167583D-01  0.410971D+01
  297.9785  0.174309D-01  0.171147D-01  0.804434D+01
  298.2955  0.131938D-01  0.125228D-01  0.187759D+02
  298.6122  0.123253D-01  0.115039D-01  0.241923D+02
  298.9286  0.171307D-01  0.161431D-01  0.251209D+02
  299.2446  0.202277D-01  0.190513D-01  0.274289D+02
  299.5603  0.201669D-01  0.190046D-01  0.271003D+02
  299.8756  0.210926D-01  0.213579D-01 -0.618529D+01
  300.1905  0.170914D-01  0.182479D-01 -0.294175D+02
  300.5051  0.206601D-01  0.227766D-01 -0.493461D+02
  300.8193  0.244576D-01  0.275985D-01 -0.247548D+02
  301.1331  0.306587D-01  0.333053D-01 -0.205690D+02
  301.4465  0.371403D-01  0.395402D-01 -0.181474D+02
  301.7595  0.346831D-01  0.373078D-01 -0.198473D+02
  302.0721  0.293970D-01  0.310191D-01 -0.124336D+02
  302.3842  0.417492D-01  0.429210D-01 -0.874301D+01
  302.6960  0.593302D-01  0.592389D-01  0.638388D+00
  303.0073  0.769863D-01  0.742691D-01  0.190058D+02
  303.3182  0.906751D-01  0.867601D-01  0.273843D+02
  303.6286  0.942492D-01  0.932379D-01  0.707386D+01
   31 297.343 306.706 302.025  3.128D-01  0.000D+00  1.157D-02  0.000D+00  5.434D-02  3.051D+01 10000  2.043D-02
  297.3434  0.127935D-01  0.131098D-01 -0.931405D+01
  297.6611  0.169198D-01  0.174345D-01 -0.130910D+02
  297.9785  0.174309D-01  0.177906D-01 -0.914886D+01
  298.2955  0.131938D-01  0.128265D-01  0.102761D+02
  298.6122  0.123253D-01  0.115999D-01  0.213659D+02
  298.9286  0.171307D-01  0.162612D-01  0.221169D+02
  299.2446  0.202277D-01  0.191475D-01  0.251840D+02
  299.5603  0.201669D-01  0.188186D-01  0.314365D+02
  299.8756  0.210926D-01  0.213029D-01 -0.490265D+01
  300.1905  0.170914D-01  0.178900D-01 -0.203119D+02
  300.5051  0.206601D-01  0.224128D-01 -0.408639D+02
  300.8193  0.244576D-01  0.271546D-01 -0.212557D+02
  301.1331  0.306587D-01  0.327799D-01 -0.164858D+02
  301.4465  0.371403D-01  0.391588D-01 -0.152630D+02
  301.7595  0.346831D-01  0.371451D-01 -0.186169D+02
  302.0721  0.293970D-01  0.305609D-01 -0.892142D+01
  302.3842  0.417492D-01  0.427671D-01 -0.759489D+01
  302.6960  0.593302D-01  0.592967D-01  0.234083D+00
  303.0073  0.769863D-01  0.748914D-01  0.146533D+02
  303.3182  0.906751D-01  0.878842D-01  0.195215D+02
  303.6286  0.942492D-01  0.953335D-01 -0.758409D+01
  303.9386  0.857965D-01  0.899261D-01 -0.288857D+02
  304.2481  0.966081D-01  0.101330D+00 -0.330269D+02
  304.5572  0.118660D+00  0.122848D+00 -0.292915D+02
  304.8657  0.133725D+00  0.128103D+00  0.349563D+02
  305.1738  0.172629D+00  0.158074D+00  0.904963D+02
  305.4813  0.176257D+00  0.167878D+00  0.520973D+02
  305.7884  0.145448D+00  0.141629D+00  0.237484D+02
  306.0949  0.160245D+00  0.159202D+00  0.648804D+01
  306.4009  0.188141D+00  0.199222D+00 -0.620073D+02
  306.7063  0.189481D+00  0.198017D+00 -0.477626D+02
   31 300.505 309.728 305.117  2.936D-01  0.000D+00 -1.294D-02  0.000D+00  1.502D-01  4.082D+01 10000  2.511D-02
  300.5051  0.206601D-01  0.209390D-01 -0.650237D+01
  300.8193  0.244576D-01  0.243856D-01  0.567541D+00
  301.1331  0.306587D-01  0.300213D-01  0.495397D+01
  301.4465  0.371403D-01  0.359367D-01  0.910179D+01
  301.7595  0.346831D-01  0.336929D-01  0.748802D+01
  302.0721  0.293970D-01  0.278897D-01  0.115547D+02
  302.3842  0.417492D-01  0.422057D-01 -0.340658D+01
  302.6960  0.593302D-01  0.584111D-01  0.642854D+01
  303.0073  0.769863D-01  0.742449D-01  0.191752D+02
  303.3182  0.906751D-01  0.883943D-01  0.159540D+02
  303.6286  0.942492D-01  0.952528D-01 -0.701943D+01
  303.9386  0.857965D-01  0.900074D-01 -0.294547D+02
  304.2481  0.966081D-01  0.103615D+00 -0.490113D+02
  304.5572  0.118660D+00  0.126854D+00 -0.573101D+02
  304.8657  0.133725D+00  0.129677D+00  0.251710D+02
  305.1738  0.172629D+00  0.164727D+00  0.491310D+02
  305.4813  0.176257D+00  0.169950D+00  0.392147D+02
  305.7884  0.145448D+00  0.139757D+00  0.353884D+02
  306.0949  0.160245D+00  0.164596D+00 -0.270531D+02
  306.4009  0.188141D+00  0.202144D+00 -0.783564D+02
  306.7063  0.189481D+00  0.196158D+00 -0.373620D+02
  307.0112  0.243986D+00  0.242231D+00  0.892995D+01
  307.3155  0.292165D+00  0.276036D+00  0.752139D+02
  307.6193  0.307713D+00  0.287663D+00  0.863021D+02
  307.9224  0.324869D+00  0.317722D+00  0.285631D+02
  308.2250  0.316880D+00  0.326129D+00 -0.369662D+02
  308.5269  0.357018D+00  0.372573D+00 -0.544021D+02
  308.8282  0.359448D+00  0.374399D+00 -0.492141D+02
  309.1289  0.309965D+00  0.325367D+00 -0.506991D+02
  309.4289  0.319543D+00  0.317434D+00  0.621295D+01
  309.7283  0.379445D+00  0.349032D+00  0.810421D+02
   21 303.629 309.728 306.678  2.935D-01  0.000D+00 -9.762D-03  0.000D+00  2.297D-01  4.796D+01 10300  3.229D-02
  303.6286  0.942492D-01  0.900391D-01  0.294490D+02
  303.9386  0.857965D-01  0.870163D-01 -0.853251D+01
  304.2481  0.966081D-01  0.101652D+00 -0.352816D+02
  304.5572  0.118660D+00  0.125967D+00 -0.511106D+02
  304.8657  0.133725D+00  0.129633D+00  0.254420D+02
  305.1738  0.172629D+00  0.165177D+00  0.463385D+02
  305.4813  0.176257D+00  0.171378D+00  0.303365D+02
  305.7884  0.145448D+00  0.141019D+00  0.275412D+02
  306.0949  0.160245D+00  0.165123D+00 -0.303310D+02
  306.4009  0.188141D+00  0.203414D+00 -0.854646D+02
  306.7063  0.189481D+00  0.196948D+00 -0.417837D+02
  307.0112  0.243986D+00  0.242528D+00  0.742012D+01
  307.3155  0.292165D+00  0.276575D+00  0.727027D+02
  307.6193  0.307713D+00  0.287687D+00  0.861997D+02
  307.9224  0.324869D+00  0.317417D+00  0.297857D+02
  308.2250  0.316880D+00  0.325685D+00 -0.351917D+02
  308.5269  0.357018D+00  0.371439D+00 -0.504353D+02
  308.8282  0.359448D+00  0.374116D+00 -0.482814D+02
  309.1289  0.309965D+00  0.325319D+00 -0.505430D+02
  309.4289  0.319543D+00  0.316535D+00  0.885890D+01
  309.7283  0.379445D+00  0.348812D+00  0.816281D+02
   31 310.146 314.895 312.521  2.731D-01  0.000D+00 -1.082D-02  0.000D+00  7.030D-01  3.629D+01 10300  2.267D-02
  310.1461  0.358715D+00  0.325524D+00  0.262666D+02
  310.3055  0.421521D+00  0.408355D+00  0.109102D+02
  310.4649  0.553004D+00  0.533500D+00  0.165074D+02
  310.6242  0.653972D+00  0.632839D+00  0.196756D+02
  310.7834  0.711248D+00  0.703589D+00  0.757633D+01
  310.9426  0.745738D+00  0.746468D+00 -0.722688D+00
  311.1016  0.751635D+00  0.762104D+00 -0.103565D+02
  311.2606  0.737517D+00  0.775600D+00 -0.376716D+02
  311.4195  0.741449D+00  0.783571D+00 -0.476201D+02
  311.5783  0.727778D+00  0.765649D+00 -0.428145D+02
  311.7370  0.698113D+00  0.720913D+00 -0.257761D+02
  311.8957  0.664337D+00  0.672857D+00 -0.963145D+01
  312.0543  0.658172D+00  0.654677D+00  0.395166D+01
  312.2128  0.697487D+00  0.682500D+00  0.169438D+02
  312.3712  0.777190D+00  0.739558D+00  0.425437D+02
  312.5295  0.815433D+00  0.775657D+00  0.449670D+02
  312.6878  0.838575D+00  0.788443D+00  0.566751D+02
  312.8459  0.855016D+00  0.811728D+00  0.489379D+02
  313.0040  0.888702D+00  0.833981D+00  0.618627D+02
  313.1621  0.878516D+00  0.838863D+00  0.448287D+02
  313.3200  0.840183D+00  0.839027D+00  0.130692D+01
  313.4779  0.823206D+00  0.860421D+00 -0.420723D+02
  313.6357  0.850995D+00  0.924863D+00 -0.835091D+02
  313.7934  0.962597D+00  0.102082D+01 -0.658225D+02
  313.9510  0.105123D+01  0.109709D+01 -0.518407D+02
  314.1086  0.111182D+01  0.109972D+01  0.119688D+02
  314.2660  0.100799D+01  0.997339D+00  0.120382D+02
  314.4234  0.858054D+00  0.846670D+00  0.128704D+02
  314.5807  0.810608D+00  0.809335D+00  0.143897D+01
  314.7380  0.950266D+00  0.931147D+00  0.216147D+02
  314.8951  0.112272D+01  0.109707D+01  0.253667D+02
   31 311.737 316.463 314.100  2.604D-01  0.000D+00 -3.169D-02  0.000D+00  8.546D-01  4.216D+01 10300  2.215D-02
  311.7370  0.698113D+00  0.725493D+00 -0.309544D+02
  311.8957  0.664337D+00  0.674840D+00 -0.118730D+02
  312.0543  0.658172D+00  0.661072D+00 -0.327806D+01
  312.2128  0.697487D+00  0.696141D+00  0.152228D+01
  312.3712  0.777190D+00  0.758576D+00  0.210435D+02
  312.5295  0.815433D+00  0.789723D+00  0.290652D+02
  312.6878  0.838575D+00  0.800323D+00  0.432449D+02
  312.8459  0.855016D+00  0.827393D+00  0.312286D+02
  313.0040  0.888702D+00  0.848904D+00  0.449925D+02
  313.1621  0.878516D+00  0.851010D+00  0.310964D+02
  313.3200  0.840183D+00  0.848876D+00 -0.982763D+01
  313.4779  0.823206D+00  0.872788D+00 -0.560536D+02
  313.6357  0.850995D+00  0.942119D+00 -0.103017D+03
  313.7934  0.962597D+00  0.104020D+01 -0.877337D+02
  313.9510  0.105123D+01  0.110834D+01 -0.645614D+02
  314.1086  0.111182D+01  0.109353D+01  0.180905D+02
  314.2660  0.100799D+01  0.967423D+00  0.458599D+02
  314.4234  0.858054D+00  0.803728D+00  0.614163D+02
  314.5807  0.810608D+00  0.782209D+00  0.321050D+02
  314.7380  0.950266D+00  0.914043D+00  0.409505D+02
  314.8951  0.112272D+01  0.106275D+01  0.593166D+02
  315.0522  0.118812D+01  0.114687D+01  0.408122D+02
  315.2092  0.119992D+01  0.117207D+01  0.275457D+02
  315.3661  0.114970D+01  0.116779D+01 -0.178943D+02
  315.5230  0.107849D+01  0.111290D+01 -0.340449D+02
  315.6797  0.937131D+00  0.983924D+00 -0.493738D+02
  315.8365  0.813020D+00  0.836882D+00 -0.269760D+02
  315.9931  0.761553D+00  0.784655D+00 -0.261172D+02
  316.1497  0.847600D+00  0.857750D+00 -0.114745D+02
  316.3061  0.101085D+01  0.998543D+00  0.121714D+02
  316.4625  0.114354D+01  0.111684D+01  0.264110D+02
   31 313.320 318.022 315.671  2.773D-01  0.000D+00 -4.029D-02  0.000D+00  1.011D+00  3.617D+01 10300  1.708D-02
  313.3200  0.840183D+00  0.782136D+00  0.656244D+02
  313.4779  0.823206D+00  0.825961D+00 -0.311462D+01
  313.6357  0.850995D+00  0.908950D+00 -0.655195D+02
  313.7934  0.962597D+00  0.101329D+01 -0.573043D+02
  313.9510  0.105123D+01  0.108493D+01 -0.380966D+02
  314.1086  0.111182D+01  0.107372D+01  0.376817D+02
  314.2660  0.100799D+01  0.957520D+00  0.570549D+02
  314.4234  0.858054D+00  0.819630D+00  0.434387D+02
  314.5807  0.810608D+00  0.810880D+00 -0.308199D+00
  314.7380  0.950266D+00  0.938028D+00  0.138356D+02
  314.8951  0.112272D+01  0.108076D+01  0.414992D+02
  315.0522  0.118812D+01  0.116415D+01  0.237167D+02
  315.2092  0.119992D+01  0.119030D+01  0.951393D+01
  315.3661  0.114970D+01  0.117986D+01 -0.298319D+02
  315.5230  0.107849D+01  0.111614D+01 -0.372482D+02
  315.6797  0.937131D+00  0.985353D+00 -0.508816D+02
  315.8365  0.813020D+00  0.847621D+00 -0.391166D+02
  315.9931  0.761553D+00  0.801540D+00 -0.452063D+02
  316.1497  0.847600D+00  0.871279D+00 -0.267695D+02
  316.3061  0.101085D+01  0.100100D+01  0.974323D+01
  316.4625  0.114354D+01  0.111037D+01  0.328055D+02
  316.6188  0.124343D+01  0.117916D+01  0.635764D+02
  316.7751  0.128418D+01  0.124373D+01  0.400083D+02
  316.9312  0.135816D+01  0.134333D+01  0.146707D+02
  317.0873  0.146199D+01  0.148297D+01 -0.207542D+02
  317.2433  0.159334D+01  0.158860D+01  0.468611D+01
  317.3993  0.159941D+01  0.160820D+01 -0.869671D+01
  317.5551  0.155590D+01  0.158227D+01 -0.260916D+02
  317.7109  0.147959D+01  0.149686D+01 -0.170788D+02
  317.8666  0.132814D+01  0.131130D+01  0.166598D+02
  318.0223  0.113255D+01  0.112172D+01  0.107111D+02
   31 314.895 319.575 317.235  2.503D-01  0.000D+00 -4.077D-02  0.000D+00  1.111D+00  4.968D+01   304  2.166D-02
  314.8951  0.112272D+01  0.112550D+01 -0.275656D+01
  315.0522  0.118812D+01  0.118720D+01  0.911038D+00
  315.2092  0.119992D+01  0.119114D+01  0.868299D+01
  315.3661  0.114970D+01  0.117216D+01 -0.222153D+02
  315.5230  0.107849D+01  0.110334D+01 -0.245854D+02
  315.6797  0.937131D+00  0.960917D+00 -0.250980D+02
  315.8365  0.813020D+00  0.807156D+00  0.662982D+01
  315.9931  0.761553D+00  0.759201D+00  0.265935D+01
  316.1497  0.847600D+00  0.837735D+00  0.111528D+02
  316.3061  0.101085D+01  0.980438D+00  0.300807D+02
  316.4625  0.114354D+01  0.109309D+01  0.498973D+02
  316.6188  0.124343D+01  0.115859D+01  0.839294D+02
  316.7751  0.128418D+01  0.122367D+01  0.598571D+02
  316.9312  0.135816D+01  0.132679D+01  0.310296D+02
  317.0873  0.146199D+01  0.149156D+01 -0.292546D+02
  317.2433  0.159334D+01  0.161799D+01 -0.243882D+02
  317.3993  0.159941D+01  0.163733D+01 -0.375059D+02
  317.5551  0.155590D+01  0.162265D+01 -0.660287D+02
  317.7109  0.147959D+01  0.155856D+01 -0.781197D+02
  317.8666  0.132814D+01  0.135532D+01 -0.268912D+02
  318.0223  0.113255D+01  0.114106D+01 -0.842311D+01
  318.1778  0.105722D+01  0.108140D+01 -0.239183D+02
  318.3333  0.115095D+01  0.115769D+01 -0.666049D+01
  318.4887  0.130643D+01  0.129182D+01  0.144475D+02
  318.6441  0.144680D+01  0.143408D+01  0.125833D+02
  318.7993  0.161594D+01  0.157587D+01  0.373135D+02
  318.9545  0.174363D+01  0.165240D+01  0.802141D+02
  319.1096  0.166062D+01  0.152964D+01  0.115173D+03
  319.2646  0.140856D+01  0.133394D+01  0.738107D+02
  319.4196  0.126041D+01  0.131963D+01 -0.585788D+02
  319.5745  0.132153D+01  0.144308D+01 -0.120238D+03
   31 316.463 321.119 318.791  2.497D-01  0.000D+00  3.400D-03  0.000D+00  1.219D+00  7.063D+01 10300  3.109D-02
  316.4625  0.114354D+01  0.111404D+01  0.291763D+02
  316.6188  0.124343D+01  0.118652D+01  0.562990D+02
  316.7751  0.128418D+01  0.124472D+01  0.390292D+02
  316.9312  0.135816D+01  0.132751D+01  0.303207D+02
  317.0873  0.146199D+01  0.147579D+01 -0.136557D+02
  317.2433  0.159334D+01  0.162017D+01 -0.265454D+02
  317.3993  0.159941D+01  0.165587D+01 -0.558508D+02
  317.5551  0.155590D+01  0.163411D+01 -0.773705D+02
  317.7109  0.147959D+01  0.158697D+01 -0.106220D+03
  317.8666  0.132814D+01  0.141372D+01 -0.846541D+02
  318.0223  0.113255D+01  0.117414D+01 -0.411414D+02
  318.1778  0.105722D+01  0.106108D+01 -0.381239D+01
  318.3333  0.115095D+01  0.110058D+01  0.498254D+02
  318.4887  0.130643D+01  0.121784D+01  0.876347D+02
  318.6441  0.144680D+01  0.135227D+01  0.935084D+02
  318.7993  0.161594D+01  0.148749D+01  0.119589D+03
  318.9545  0.174363D+01  0.159210D+01  0.133240D+03
  319.1096  0.166062D+01  0.153135D+01  0.113664D+03
  319.2646  0.140856D+01  0.133202D+01  0.757057D+02
  319.4196  0.126041D+01  0.126079D+01 -0.372889D+00
  319.5745  0.132153D+01  0.136394D+01 -0.419536D+02
  319.7293  0.148308D+01  0.151267D+01 -0.292772D+02
  319.8841  0.158547D+01  0.166404D+01 -0.690792D+02
  320.0388  0.163507D+01  0.174487D+01 -0.965553D+02
  320.1934  0.164757D+01  0.178017D+01 -0.116592D+03
  320.3479  0.177633D+01  0.186526D+01 -0.781898D+02
  320.5023  0.191831D+01  0.196524D+01 -0.412621D+02
  320.6567  0.202312D+01  0.200464D+01  0.162510D+02
  320.8110  0.196093D+01  0.192707D+01  0.297740D+02
  320.9653  0.180823D+01  0.173148D+01  0.674902D+02
  321.1194  0.159325D+01  0.151620D+01  0.677495D+02
   31 318.022 322.657 320.340  2.334D-01  0.000D+00  7.679D-03  0.000D+00  1.329D+00  7.021D+01 10300  3.025D-02
  318.0223  0.113255D+01  0.125763D+01 -0.123739D+03
  318.1778  0.105722D+01  0.111358D+01 -0.557467D+02
  318.3333  0.115095D+01  0.114584D+01  0.505330D+01
  318.4887  0.130643D+01  0.125965D+01  0.462724D+02
  318.6441  0.144680D+01  0.138889D+01  0.572882D+02
  318.7993  0.161594D+01  0.151732D+01  0.918212D+02
  318.9545  0.174363D+01  0.163376D+01  0.966074D+02
  319.1096  0.166062D+01  0.157214D+01  0.778025D+02
  319.2646  0.140856D+01  0.133814D+01  0.696605D+02
  319.4196  0.126041D+01  0.125410D+01  0.623948D+01
  319.5745  0.132153D+01  0.136918D+01 -0.471343D+02
  319.7293  0.148308D+01  0.151813D+01 -0.346725D+02
  319.8841  0.158547D+01  0.167966D+01 -0.828159D+02
  320.0388  0.163507D+01  0.176071D+01 -0.110480D+03
  320.1934  0.164757D+01  0.178540D+01 -0.121193D+03
  320.3479  0.177633D+01  0.187239D+01 -0.844596D+02
  320.5023  0.191831D+01  0.197981D+01 -0.540773D+02
  320.6567  0.202312D+01  0.202350D+01 -0.332650D+00
  320.8110  0.196093D+01  0.194562D+01  0.134677D+02
  320.9653  0.180823D+01  0.173749D+01  0.621990D+02
  321.1194  0.159325D+01  0.150435D+01  0.781703D+02
  321.2735  0.146815D+01  0.136833D+01  0.929391D+02
  321.4275  0.145484D+01  0.135415D+01  0.937494D+02
  321.5815  0.155089D+01  0.145730D+01  0.823004D+02
  321.7354  0.170271D+01  0.161853D+01  0.740182D+02
  321.8892  0.180912D+01  0.178899D+01  0.177000D+02
  322.0428  0.182646D+01  0.188419D+01 -0.507644D+02
  322.1965  0.169600D+01  0.180060D+01 -0.919737D+02
  322.3501  0.163730D+01  0.166343D+01 -0.229766D+02
  322.5036  0.155599D+01  0.158478D+01 -0.253204D+02
  322.6570  0.148549D+01  0.145661D+01  0.253914D+02
   31 319.575 324.188 321.881  2.979D-01  0.000D+00 -1.765D-02  0.000D+00  1.380D+00  5.956D+01 10300  3.561D-02
  319.5745  0.132153D+01  0.125933D+01  0.615299D+02
  319.7293  0.148308D+01  0.142904D+01  0.534547D+02
  319.8841  0.158547D+01  0.158912D+01 -0.320264D+01
  320.0388  0.163507D+01  0.170010D+01 -0.571888D+02
  320.1934  0.164757D+01  0.178318D+01 -0.119240D+03
  320.3479  0.177633D+01  0.188066D+01 -0.917321D+02
  320.5023  0.191831D+01  0.196867D+01 -0.442790D+02
  320.6567  0.202312D+01  0.198522D+01  0.333247D+02
  320.8110  0.196093D+01  0.189331D+01  0.594589D+02
  320.9653  0.180823D+01  0.170874D+01  0.874823D+02
  321.1194  0.159325D+01  0.151999D+01  0.644127D+02
  321.2735  0.146815D+01  0.140839D+01  0.556408D+02
  321.4275  0.145484D+01  0.140821D+01  0.434185D+02
  321.5815  0.155089D+01  0.150618D+01  0.393220D+02
  321.7354  0.170271D+01  0.165317D+01  0.435582D+02
  321.8892  0.180912D+01  0.179160D+01  0.154129D+02
  322.0428  0.182646D+01  0.184614D+01 -0.173015D+02
  322.1965  0.169600D+01  0.179671D+01 -0.885539D+02
  322.3501  0.163730D+01  0.170518D+01 -0.596878D+02
  322.5036  0.155599D+01  0.161606D+01 -0.528243D+02
  322.6570  0.148549D+01  0.151104D+01 -0.224669D+02
  322.8104  0.132349D+01  0.141669D+01 -0.819476D+02
  322.9637  0.132001D+01  0.140027D+01 -0.705703D+02
  323.1169  0.148245D+01  0.148005D+01  0.211507D+01
  323.2701  0.165901D+01  0.157411D+01  0.746573D+02
  323.4232  0.170405D+01  0.160457D+01  0.874703D+02
  323.5762  0.166205D+01  0.161720D+01  0.394385D+02
  323.7291  0.173764D+01  0.168853D+01  0.431833D+02
  323.8820  0.184612D+01  0.182110D+01  0.208418D+02
  324.0348  0.199257D+01  0.198091D+01  0.922607D+01
  324.1875  0.202714D+01  0.212882D+01 -0.804585D+02
   31 321.119 325.711 323.415  2.387D-01  0.000D+00 -6.104D-02  0.000D+00  1.443D+00  4.766D+01   304  2.606D-02
  321.1194  0.159325D+01  0.156517D+01  0.246874D+02
  321.2735  0.146815D+01  0.143129D+01  0.343249D+02
  321.4275  0.145484D+01  0.144025D+01  0.135821D+02
  321.5815  0.155089D+01  0.155193D+01 -0.913756D+00
  321.7354  0.170271D+01  0.170315D+01 -0.387234D+00
  321.8892  0.180912D+01  0.184362D+01 -0.303332D+02
  322.0428  0.182646D+01  0.186141D+01 -0.307321D+02
  322.1965  0.169600D+01  0.174271D+01 -0.410720D+02
  322.3501  0.163730D+01  0.165391D+01 -0.146091D+02
  322.5036  0.155599D+01  0.158862D+01 -0.286972D+02
  322.6570  0.148549D+01  0.146296D+01  0.198103D+02
  322.8104  0.132349D+01  0.135893D+01 -0.311583D+02
  322.9637  0.132001D+01  0.137391D+01 -0.473957D+02
  323.1169  0.148245D+01  0.152635D+01 -0.385985D+02
  323.2701  0.165901D+01  0.162964D+01  0.258243D+02
  323.4232  0.170405D+01  0.159399D+01  0.967709D+02
  323.5762  0.166205D+01  0.158090D+01  0.713572D+02
  323.7291  0.173764D+01  0.166933D+01  0.600701D+02
  323.8820  0.184612D+01  0.179807D+01  0.400253D+02
  324.0348  0.199257D+01  0.192941D+01  0.499781D+02
  324.1875  0.202714D+01  0.201244D+01  0.116347D+02
  324.3401  0.205056D+01  0.203561D+01  0.118272D+02
  324.4927  0.206753D+01  0.207975D+01 -0.966586D+01
  324.6453  0.204126D+01  0.206291D+01 -0.171293D+02
  324.7977  0.191045D+01  0.194001D+01 -0.233915D+02
  324.9501  0.176150D+01  0.187438D+01 -0.940310D+02
  325.1024  0.177892D+01  0.190629D+01 -0.100792D+03
  325.2546  0.190393D+01  0.197041D+01 -0.526111D+02
  325.4068  0.204904D+01  0.207858D+01 -0.233799D+02
  325.5589  0.224552D+01  0.221972D+01  0.204215D+02
  325.7109  0.242780D+01  0.227557D+01  0.109521D+03
   31 322.657 327.227 324.942  2.129D-01  0.000D+00 -8.136D-03  0.000D+00  1.505D+00  5.628D+01   300  2.525D-02
  322.6570  0.148549D+01  0.150266D+01 -0.150976D+02
  322.8104  0.132349D+01  0.138819D+01 -0.568891D+02
  322.9637  0.132001D+01  0.135193D+01 -0.280671D+02
  323.1169  0.148245D+01  0.149722D+01 -0.129887D+02
  323.2701  0.165901D+01  0.168359D+01 -0.216090D+02
  323.4232  0.170405D+01  0.165989D+01  0.388268D+02
  323.5762  0.166205D+01  0.159168D+01  0.618795D+02
  323.7291  0.173764D+01  0.165163D+01  0.756273D+02
  323.8820  0.184612D+01  0.177444D+01  0.597090D+02
  324.0348  0.199257D+01  0.189839D+01  0.745300D+02
  324.1875  0.202714D+01  0.200931D+01  0.141167D+02
  324.3401  0.205056D+01  0.201855D+01  0.253306D+02
  324.4927  0.206753D+01  0.204662D+01  0.165505D+02
  324.6453  0.204126D+01  0.209168D+01 -0.399011D+02
  324.7977  0.191045D+01  0.197226D+01 -0.489176D+02
  324.9501  0.176150D+01  0.186120D+01 -0.830544D+02
  325.1024  0.177892D+01  0.189645D+01 -0.930049D+02
  325.2546  0.190393D+01  0.198111D+01 -0.610772D+02
  325.4068  0.204904D+01  0.210006D+01 -0.403821D+02
  325.5589  0.224552D+01  0.231977D+01 -0.587607D+02
  325.7109  0.242780D+01  0.250980D+01 -0.589879D+02
  325.8629  0.260097D+01  0.258940D+01  0.831970D+01
  326.0148  0.269068D+01  0.266327D+01  0.197161D+02
  326.1666  0.275162D+01  0.265104D+01  0.723600D+02
  326.3184  0.268666D+01  0.257940D+01  0.771603D+02
  326.4700  0.258917D+01  0.247196D+01  0.843242D+02
  326.6216  0.263045D+01  0.250262D+01  0.919661D+02
  326.7732  0.274742D+01  0.271385D+01  0.241484D+02
  326.9247  0.281765D+01  0.280753D+01  0.727704D+01
  327.0760  0.265646D+01  0.272959D+01 -0.526110D+02
  327.2274  0.254619D+01  0.268223D+01 -0.978697D+02
   31 324.188 328.737 326.462  2.267D-01  0.000D+00  3.796D-02  0.000D+00  1.562D+00  5.924D+01 10300  3.288D-02
  324.1875  0.202714D+01  0.195649D+01  0.559135D+02
  324.3401  0.205056D+01  0.199265D+01  0.458259D+02
  324.4927  0.206753D+01  0.200271D+01  0.512967D+02
  324.6453  0.204126D+01  0.205163D+01 -0.820623D+01
  324.7977  0.191045D+01  0.199233D+01 -0.647941D+02
  324.9501  0.176150D+01  0.187226D+01 -0.922663D+02
  325.1024  0.177892D+01  0.187280D+01 -0.742923D+02
  325.2546  0.190393D+01  0.195500D+01 -0.404193D+02
  325.4068  0.204904D+01  0.207159D+01 -0.178443D+02
  325.5589  0.224552D+01  0.226721D+01 -0.171649D+02
  325.7109  0.242780D+01  0.248939D+01 -0.443050D+02
  325.8629  0.260097D+01  0.260454D+01 -0.256997D+01
  326.0148  0.269068D+01  0.268317D+01  0.540164D+01
  326.1666  0.275162D+01  0.269949D+01  0.375011D+02
  326.3184  0.268666D+01  0.263513D+01  0.370727D+02
  326.4700  0.258917D+01  0.252619D+01  0.453127D+02
  326.6216  0.263045D+01  0.248347D+01  0.105744D+03
  326.7732  0.274742D+01  0.262081D+01  0.910866D+02
  326.9247  0.281765D+01  0.272422D+01  0.672165D+02
  327.0760  0.265646D+01  0.265407D+01  0.171617D+01
  327.2274  0.254619D+01  0.253728D+01  0.641381D+01
  327.3787  0.254923D+01  0.255741D+01 -0.588400D+01
  327.5298  0.262965D+01  0.263967D+01 -0.720850D+01
  327.6810  0.255549D+01  0.262328D+01 -0.487682D+02
  327.8320  0.242637D+01  0.253925D+01 -0.812057D+02
  327.9830  0.233121D+01  0.247813D+01 -0.105694D+03
  328.1340  0.232076D+01  0.245612D+01 -0.973860D+02
  328.2849  0.237991D+01  0.244079D+01 -0.437964D+02
  328.4356  0.243584D+01  0.241109D+01  0.178097D+02
  328.5863  0.238107D+01  0.232128D+01  0.430157D+02
  328.7370  0.230807D+01  0.213385D+01  0.125340D+03
   31 325.711 330.240 327.975  2.707D-01  0.000D+00 -5.840D-02  0.000D+00  1.575D+00  5.490D+01   300  3.504D-02
  325.7109  0.242780D+01  0.254239D+01 -0.824405D+02
  325.8629  0.260097D+01  0.265222D+01 -0.368712D+02
  326.0148  0.269068D+01  0.270155D+01 -0.781965D+01
  326.1666  0.275162D+01  0.267655D+01  0.540020D+02
  326.3184  0.268666D+01  0.259827D+01  0.635871D+02
  326.4700  0.258917D+01  0.254414D+01  0.323954D+02
  326.6216  0.263045D+01  0.259908D+01  0.225692D+02
  326.7732  0.274742D+01  0.269397D+01  0.384515D+02
  326.9247  0.281765D+01  0.268804D+01  0.932456D+02
  327.0760  0.265646D+01  0.260390D+01  0.378066D+02
  327.2274  0.254619D+01  0.256984D+01 -0.170105D+02
  327.3787  0.254923D+01  0.261106D+01 -0.444831D+02
  327.5298  0.262965D+01  0.262700D+01  0.190690D+01
  327.6810  0.255549D+01  0.257874D+01 -0.167300D+02
  327.8320  0.242637D+01  0.251943D+01 -0.669457D+02
  327.9830  0.233121D+01  0.249042D+01 -0.114538D+03
  328.1340  0.232076D+01  0.248438D+01 -0.117711D+03
  328.2849  0.237991D+01  0.247485D+01 -0.683060D+02
  328.4356  0.243584D+01  0.242645D+01  0.676178D+01
  328.5863  0.238107D+01  0.232364D+01  0.413189D+02
  328.7370  0.230807D+01  0.228795D+01  0.144747D+02
  328.8876  0.242852D+01  0.245133D+01 -0.164155D+02
  329.0381  0.273991D+01  0.269762D+01  0.278895D+02
  329.1885  0.298170D+01  0.287023D+01  0.735133D+02
  329.3389  0.309187D+01  0.297448D+01  0.774173D+02
  329.4893  0.312761D+01  0.303953D+01  0.580905D+02
  329.6395  0.317238D+01  0.308354D+01  0.585884D+02
  329.7897  0.313137D+01  0.315091D+01 -0.128887D+02
  329.9398  0.323332D+01  0.325757D+01 -0.159922D+02
  330.0898  0.324797D+01  0.330041D+01 -0.345804D+02
  330.2399  0.309822D+01  0.318896D+01 -0.598432D+02
   31 327.227 331.736 329.482  2.455D-01  0.000D+00 -4.139D-02  0.000D+00  1.625D+00  4.554D+01 10300  2.188D-02
  327.2274  0.254619D+01  0.247658D+01  0.500799D+02
  327.3787  0.254923D+01  0.253420D+01  0.108132D+02
  327.5298  0.262965D+01  0.257056D+01  0.425124D+02
  327.6810  0.255549D+01  0.252667D+01  0.207334D+02
  327.8320  0.242637D+01  0.247093D+01 -0.320534D+02
  327.9830  0.233121D+01  0.245279D+01 -0.874689D+02
  328.1340  0.232076D+01  0.246274D+01 -0.102145D+03
  328.2849  0.237991D+01  0.247216D+01 -0.663684D+02
  328.4356  0.243584D+01  0.245296D+01 -0.123171D+02
  328.5863  0.238107D+01  0.234807D+01  0.237450D+02
  328.7370  0.230807D+01  0.227201D+01  0.259432D+02
  328.8876  0.242852D+01  0.244103D+01 -0.900080D+01
  329.0381  0.273991D+01  0.273062D+01  0.612565D+01
  329.1885  0.298170D+01  0.291116D+01  0.465162D+02
  329.3389  0.309187D+01  0.301080D+01  0.534628D+02
  329.4893  0.312761D+01  0.306918D+01  0.385360D+02
  329.6395  0.317238D+01  0.308551D+01  0.572840D+02
  329.7897  0.313137D+01  0.311555D+01  0.104315D+02
  329.9398  0.323332D+01  0.319569D+01  0.248165D+02
  330.0898  0.324797D+01  0.323024D+01  0.116909D+02
  330.2399  0.309822D+01  0.306203D+01  0.238649D+02
  330.3898  0.283659D+01  0.282117D+01  0.101698D+02
  330.5396  0.254870D+01  0.261105D+01 -0.429098D+02
  330.6894  0.246077D+01  0.249649D+01 -0.256961D+02
  330.8391  0.248955D+01  0.260371D+01 -0.821295D+02
  330.9888  0.265512D+01  0.276293D+01 -0.711013D+02
  331.1384  0.271757D+01  0.277928D+01 -0.406926D+02
  331.2878  0.263045D+01  0.266159D+01 -0.205342D+02
  331.4373  0.253154D+01  0.252603D+01  0.379194D+01
  331.5867  0.256496D+01  0.251281D+01  0.343914D+02
  331.7360  0.270971D+01  0.259731D+01  0.741261D+02
   31 328.737 333.226 330.981  2.294D-01  0.000D+00 -1.464D-03  0.000D+00  1.602D+00  3.478D+01   300  1.331D-02
  328.7370  0.230807D+01  0.236788D+01 -0.430281D+02
  328.8876  0.242852D+01  0.245664D+01 -0.202326D+02
  329.0381  0.273991D+01  0.276607D+01 -0.172529D+02
  329.1885  0.298170D+01  0.296770D+01  0.922948D+01
  329.3389  0.309187D+01  0.305132D+01  0.267439D+02
  329.4893  0.312761D+01  0.310662D+01  0.138457D+02
  329.6395  0.317238D+01  0.310304D+01  0.457281D+02
  329.7897  0.313137D+01  0.310132D+01  0.198149D+02
  329.9398  0.323332D+01  0.315319D+01  0.528424D+02
  330.0898  0.324797D+01  0.322791D+01  0.132307D+02
  330.2399  0.309822D+01  0.309650D+01  0.113356D+01
  330.3898  0.283659D+01  0.283625D+01  0.222389D+00
  330.5396  0.254870D+01  0.262144D+01 -0.500562D+02
  330.6894  0.246077D+01  0.244910D+01  0.839850D+01
  330.8391  0.248955D+01  0.251631D+01 -0.192554D+02
  330.9888  0.265512D+01  0.272322D+01 -0.449154D+02
  331.1384  0.271757D+01  0.280342D+01 -0.566121D+02
  331.2878  0.263045D+01  0.272969D+01 -0.654441D+02
  331.4373  0.253154D+01  0.259568D+01 -0.441386D+02
  331.5867  0.256496D+01  0.257370D+01 -0.576176D+01
  331.7360  0.270971D+01  0.271290D+01 -0.210125D+01
  331.8853  0.286429D+01  0.283129D+01  0.217611D+02
  332.0345  0.286965D+01  0.280624D+01  0.418207D+02
  332.1836  0.271302D+01  0.265942D+01  0.353460D+02
  332.3326  0.257372D+01  0.249785D+01  0.500294D+02
  332.4816  0.263805D+01  0.255754D+01  0.530964D+02
  332.6306  0.279683D+01  0.277228D+01  0.161914D+02
  332.7794  0.284401D+01  0.280154D+01  0.280033D+02
  332.9282  0.267263D+01  0.268386D+01 -0.740491D+01
  333.0770  0.265422D+01  0.268427D+01 -0.198135D+02
  333.2256  0.273357D+01  0.282663D+01 -0.613738D+02
   31 330.240 334.709 332.474  2.318D-01  0.000D+00  9.885D-03  0.000D+00  1.624D+00  3.295D+01 10000  1.242D-02
  330.2399  0.309822D+01  0.304563D+01  0.346819D+02
  330.3898  0.283659D+01  0.279980D+01  0.242606D+02
  330.5396  0.254870D+01  0.259360D+01 -0.309004D+02
  330.6894  0.246077D+01  0.242516D+01  0.256220D+02
  330.8391  0.248955D+01  0.247712D+01  0.893601D+01
  330.9888  0.265512D+01  0.268744D+01 -0.213191D+02
  331.1384  0.271757D+01  0.278822D+01 -0.465866D+02
  331.2878  0.263045D+01  0.273243D+01 -0.672503D+02
  331.4373  0.253154D+01  0.260631D+01 -0.514521D+02
  331.5867  0.256496D+01  0.257711D+01 -0.801269D+01
  331.7360  0.270971D+01  0.271058D+01 -0.571130D+00
  331.8853  0.286429D+01  0.283932D+01  0.164704D+02
  332.0345  0.286965D+01  0.282592D+01  0.288385D+02
  332.1836  0.271302D+01  0.268507D+01  0.184283D+02
  332.3326  0.257372D+01  0.251595D+01  0.380941D+02
  332.4816  0.263805D+01  0.254795D+01  0.594164D+02
  332.6306  0.279683D+01  0.274905D+01  0.315064D+02
  332.7794  0.284401D+01  0.278517D+01  0.388012D+02
  332.9282  0.267263D+01  0.265869D+01  0.919295D+01
  333.0770  0.265422D+01  0.262628D+01  0.184277D+02
  333.2256  0.273357D+01  0.273623D+01 -0.175458D+01
  333.3742  0.276681D+01  0.277304D+01 -0.411371D+01
  333.5228  0.254432D+01  0.260165D+01 -0.378109D+02
  333.6712  0.232773D+01  0.237604D+01 -0.318601D+02
  333.8196  0.232451D+01  0.239271D+01 -0.449762D+02
  333.9680  0.249839D+01  0.257241D+01 -0.488132D+02
  334.1162  0.260821D+01  0.265629D+01 -0.317130D+02
  334.2645  0.265753D+01  0.267868D+01 -0.139496D+02
  334.4126  0.279200D+01  0.277973D+01  0.809493D+01
  334.5607  0.294006D+01  0.290160D+01  0.234153D+02
  334.7087  0.295489D+01  0.287653D+01  0.477057D+02
   22 331.736 334.857 333.296  2.312D-01  0.000D+00 -2.353D-03  0.000D+00  1.628D+00  1.169D+01 10300  5.515D-03
  331.7360  0.270971D+01  0.271030D+01 -0.388719D+00
  331.8853  0.286429D+01  0.286577D+01 -0.973061D+00
  332.0345  0.286965D+01  0.286509D+01  0.300922D+01
  332.1836  0.271302D+01  0.272759D+01 -0.960864D+01
  332.3326  0.257372D+01  0.256665D+01  0.465894D+01
  332.4816  0.263805D+01  0.262139D+01  0.109883D+02
  332.6306  0.279683D+01  0.281992D+01 -0.152259D+02
  332.7794  0.284401D+01  0.282410D+01  0.131258D+02
  332.9282  0.267263D+01  0.267826D+01 -0.371127D+01
  333.0770  0.265422D+01  0.264510D+01  0.601265D+01
  333.2256  0.273357D+01  0.274205D+01 -0.559599D+01
  333.3742  0.276681D+01  0.274680D+01  0.131929D+02
  333.5228  0.254432D+01  0.254769D+01 -0.222586D+01
  333.6712  0.232773D+01  0.232433D+01  0.224147D+01
  333.8196  0.232451D+01  0.235724D+01 -0.215851D+02
  333.9680  0.249839D+01  0.253127D+01 -0.216809D+02
  334.1162  0.260821D+01  0.260798D+01  0.149938D+00
  334.2645  0.265753D+01  0.264371D+01  0.911574D+01
  334.4126  0.279200D+01  0.277338D+01  0.122817D+02
  334.5607  0.294006D+01  0.292340D+01  0.101426D+02
  334.7087  0.295489D+01  0.292891D+01  0.158151D+02
  334.8567  0.270372D+01  0.274141D+01 -0.238578D+02
