 rad_fit_vary
           0
 T T
nwave fwave lwave wave    hwe     asym  shift    squeeze      sin      rms   exval 
   31 264.186 274.731 269.459  3.815D-01  0.000D+00 -4.111D-02  0.000D+00  3.858D-03  1.776D+00   304  2.360D-02
  264.1862  0.142244D-02  0.139973D-02  0.971959D+00
  264.5489  0.132810D-02  0.132004D-02  0.352709D+00
  264.9107  0.111240D-02  0.113415D-02 -0.113188D+01
  265.2717  0.133295D-02  0.127362D-02  0.314430D+01
  265.6317  0.142521D-02  0.145141D-02 -0.144117D+01
  265.9909  0.133225D-02  0.140151D-02 -0.412440D+01
  266.3492  0.125054D-02  0.128757D-02 -0.230007D+01
  266.7067  0.130196D-02  0.127561D-02  0.161895D+01
  267.0634  0.134870D-02  0.131705D-02  0.194463D+01
  267.4193  0.146295D-02  0.140115D-02  0.368014D+01
  267.7744  0.133520D-02  0.135958D-02 -0.156489D+01
  268.1287  0.132100D-02  0.129870D-02  0.141539D+01
  268.4822  0.132931D-02  0.133156D-02 -0.146289D+00
  268.8351  0.128811D-02  0.129293D-02 -0.316364D+00
  269.1871  0.126370D-02  0.127216D-02 -0.555513D+00
  269.5385  0.126162D-02  0.126887D-02 -0.464772D+00
  269.8891  0.133658D-02  0.136798D-02 -0.206138D+01
  270.2391  0.155539D-02  0.152698D-02  0.174574D+01
  270.5884  0.151367D-02  0.151346D-02  0.131875D-01
  270.9370  0.144183D-02  0.142662D-02  0.934566D+00
  271.2849  0.138955D-02  0.138003D-02  0.597884D+00
  271.6323  0.117455D-02  0.119726D-02 -0.145739D+01
  271.9789  0.978590D-03  0.965068D-03  0.887617D+00
  272.3250  0.960586D-03  0.100089D-02 -0.264601D+01
  272.6704  0.121108D-02  0.120843D-02  0.162546D+00
  273.0153  0.137865D-02  0.140912D-02 -0.189317D+01
  273.3596  0.128569D-02  0.126554D-02  0.125145D+01
  273.7033  0.102429D-02  0.992718D-03  0.200420D+01
  274.0464  0.853431D-03  0.819724D-03  0.218780D+01
  274.3890  0.760991D-03  0.762267D-03 -0.847592D-01
  274.7310  0.746276D-03  0.775105D-03 -0.191423D+01
   31 267.774 278.124 272.949  3.898D-01  0.000D+00 -1.453D-03  0.000D+00  4.015D-03  1.380D+00 10000  1.844D-02
  267.7744  0.133520D-02  0.135887D-02 -0.151972D+01
  268.1287  0.132100D-02  0.128848D-02  0.206469D+01
  268.4822  0.132931D-02  0.132134D-02  0.517052D+00
  268.8351  0.128811D-02  0.129538D-02 -0.477224D+00
  269.1871  0.126370D-02  0.126763D-02 -0.257918D+00
  269.5385  0.126162D-02  0.126907D-02 -0.477816D+00
  269.8891  0.133658D-02  0.134845D-02 -0.779269D+00
  270.2391  0.155539D-02  0.151456D-02  0.250923D+01
  270.5884  0.151367D-02  0.152320D-02 -0.585440D+00
  270.9370  0.144183D-02  0.143485D-02  0.429220D+00
  271.2849  0.138955D-02  0.138874D-02  0.509259D-01
  271.6323  0.117455D-02  0.122368D-02 -0.315325D+01
  271.9789  0.978590D-03  0.985718D-03 -0.467943D+00
  272.3250  0.960586D-03  0.982762D-03 -0.145572D+01
  272.6704  0.121108D-02  0.117571D-02  0.217367D+01
  273.0153  0.137865D-02  0.138521D-02 -0.407802D+00
  273.3596  0.128569D-02  0.128275D-02  0.182079D+00
  273.7033  0.102429D-02  0.100964D-02  0.930216D+00
  274.0464  0.853431D-03  0.822678D-03  0.199610D+01
  274.3890  0.760991D-03  0.750456D-03  0.699507D+00
  274.7310  0.746276D-03  0.754581D-03 -0.551432D+00
  275.0726  0.859663D-03  0.860225D-03 -0.360666D-01
  275.4135  0.102516D-02  0.101970D-02  0.339006D+00
  275.7540  0.117663D-02  0.118698D-02 -0.636384D+00
  276.0940  0.148649D-02  0.145667D-02  0.172294D+01
  276.4335  0.155089D-02  0.156807D-02 -0.992287D+00
  276.7725  0.159919D-02  0.161127D-02 -0.684315D+00
  277.1110  0.159763D-02  0.163964D-02 -0.235593D+01
  277.4491  0.163554D-02  0.164223D-02 -0.364616D+00
  277.7867  0.146105D-02  0.140227D-02  0.323354D+01
  278.1238  0.117022D-02  0.118039D-02 -0.570109D+00
   31 271.285 281.472 276.379  3.975D-01  0.000D+00  8.282D-03  0.000D+00  4.347D-03  1.241D+00 10300  1.703D-02
  271.2849  0.138955D-02  0.136299D-02  0.166791D+01
  271.6323  0.117455D-02  0.121353D-02 -0.250218D+01
  271.9789  0.978590D-03  0.986543D-03 -0.522102D+00
  272.3250  0.960586D-03  0.978031D-03 -0.114518D+01
  272.6704  0.121108D-02  0.116983D-02  0.253494D+01
  273.0153  0.137865D-02  0.138072D-02 -0.128665D+00
  273.3596  0.128569D-02  0.129311D-02 -0.461110D+00
  273.7033  0.102429D-02  0.102303D-02  0.802091D-01
  274.0464  0.853431D-03  0.832611D-03  0.135136D+01
  274.3890  0.760991D-03  0.756581D-03  0.292781D+00
  274.7310  0.746276D-03  0.759206D-03 -0.858501D+00
  275.0726  0.859663D-03  0.860318D-03 -0.420373D-01
  275.4135  0.102516D-02  0.101998D-02  0.321684D+00
  275.7540  0.117663D-02  0.118499D-02 -0.514231D+00
  276.0940  0.148649D-02  0.145134D-02  0.203046D+01
  276.4335  0.155089D-02  0.156598D-02 -0.871558D+00
  276.7725  0.159919D-02  0.161113D-02 -0.676239D+00
  277.1110  0.159763D-02  0.163600D-02 -0.215198D+01
  277.4491  0.163554D-02  0.163899D-02 -0.188049D+00
  277.7867  0.146105D-02  0.140841D-02  0.289582D+01
  278.1238  0.117022D-02  0.118415D-02 -0.781116D+00
  278.4605  0.110998D-02  0.112644D-02 -0.923410D+00
  278.7968  0.100871D-02  0.101038D-02 -0.963878D-01
  279.1326  0.787649D-03  0.767390D-03  0.118214D+01
  279.4680  0.583726D-03  0.586080D-03 -0.144639D+00
  279.8031  0.527950D-03  0.528349D-03 -0.246053D-01
  280.1377  0.554626D-03  0.540340D-03  0.869649D+00
  280.4719  0.676513D-03  0.649436D-03  0.168187D+01
  280.8057  0.903460D-03  0.921508D-03 -0.107481D+01
  281.1392  0.128119D-02  0.126644D-02  0.860438D+00
  281.4722  0.164039D-02  0.165515D-02 -0.828101D+00
   31 274.731 284.783 279.757  3.905D-01  0.000D+00  1.236D-03  0.000D+00  4.968D-03  1.495D+00 10300  2.502D-02
  274.7310  0.746276D-03  0.748550D-03 -0.150973D+00
  275.0726  0.859663D-03  0.853041D-03  0.425068D+00
  275.4135  0.102516D-02  0.101342D-02  0.728847D+00
  275.7540  0.117663D-02  0.118039D-02 -0.231472D+00
  276.0940  0.148649D-02  0.145180D-02  0.200407D+01
  276.4335  0.155089D-02  0.156629D-02 -0.889775D+00
  276.7725  0.159919D-02  0.161270D-02 -0.765398D+00
  277.1110  0.159763D-02  0.164280D-02 -0.253318D+01
  277.4491  0.163554D-02  0.164849D-02 -0.705655D+00
  277.7867  0.146105D-02  0.141088D-02  0.276019D+01
  278.1238  0.117022D-02  0.118746D-02 -0.966699D+00
  278.4605  0.110998D-02  0.113446D-02 -0.137318D+01
  278.7968  0.100871D-02  0.101406D-02 -0.309264D+00
  279.1326  0.787649D-03  0.764534D-03  0.134882D+01
  279.4680  0.583726D-03  0.583181D-03  0.334854D-01
  279.8031  0.527950D-03  0.526207D-03  0.107454D+00
  280.1377  0.554626D-03  0.536816D-03  0.108417D+01
  280.4719  0.676513D-03  0.642897D-03  0.208807D+01
  280.8057  0.903460D-03  0.910335D-03 -0.409422D+00
  281.1392  0.128119D-02  0.123926D-02  0.244664D+01
  281.4722  0.164039D-02  0.160456D-02  0.200936D+01
  281.8049  0.195424D-02  0.196529D-02 -0.607884D+00
  282.1372  0.225856D-02  0.223382D-02  0.132369D+01
  282.4692  0.238995D-02  0.239066D-02 -0.373057D-01
  282.8008  0.253588D-02  0.254365D-02 -0.396988D+00
  283.1321  0.273410D-02  0.276538D-02 -0.157127D+01
  283.4630  0.267056D-02  0.275749D-02 -0.432896D+01
  283.7936  0.270709D-02  0.270239D-02  0.235907D+00
  284.1238  0.266987D-02  0.264004D-02  0.151154D+01
  284.4537  0.234460D-02  0.233159D-02  0.683303D+00
  284.7833  0.177334D-02  0.174890D-02  0.134453D+01
   31 278.124 288.062 283.093  4.331D-01  0.000D+00 -5.362D-04  0.000D+00  5.714D-03  1.295D+00 10300  8.129D-03
  278.1238  0.117022D-02  0.118208D-02 -0.664803D+00
  278.4605  0.110998D-02  0.111762D-02 -0.428287D+00
  278.7968  0.100871D-02  0.998547D-03  0.587091D+00
  279.1326  0.787649D-03  0.770533D-03  0.998730D+00
  279.4680  0.583726D-03  0.595496D-03 -0.723282D+00
  279.8031  0.527950D-03  0.533657D-03 -0.351834D+00
  280.1377  0.554626D-03  0.547467D-03  0.435784D+00
  280.4719  0.676513D-03  0.661649D-03  0.923295D+00
  280.8057  0.903460D-03  0.921421D-03 -0.106967D+01
  281.1392  0.128119D-02  0.125014D-02  0.181158D+01
  281.4722  0.164039D-02  0.161275D-02  0.154979D+01
  281.8049  0.195424D-02  0.196578D-02 -0.634916D+00
  282.1372  0.225856D-02  0.223149D-02  0.144823D+01
  282.4692  0.238995D-02  0.239543D-02 -0.287856D+00
  282.8008  0.253588D-02  0.255570D-02 -0.101307D+01
  283.1321  0.273410D-02  0.274863D-02 -0.730048D+00
  283.4630  0.267056D-02  0.276054D-02 -0.448048D+01
  283.7936  0.270709D-02  0.271181D-02 -0.236877D+00
  284.1238  0.266987D-02  0.263172D-02  0.193305D+01
  284.4537  0.234460D-02  0.232471D-02  0.104461D+01
  284.7833  0.177334D-02  0.175479D-02  0.102062D+01
  285.1126  0.116849D-02  0.115318D-02  0.902448D+00
  285.4415  0.117282D-02  0.115007D-02  0.135486D+01
  285.7701  0.190230D-02  0.187983D-02  0.120185D+01
  286.0984  0.278361D-02  0.277768D-02  0.292596D+00
  286.4265  0.332319D-02  0.332563D-02 -0.115503D+00
  286.7542  0.351569D-02  0.352989D-02 -0.656308D+00
  287.0815  0.376947D-02  0.379167D-02 -0.100213D+01
  287.4086  0.391834D-02  0.393134D-02 -0.591550D+00
  287.7354  0.358701D-02  0.354142D-02  0.207349D+01
  288.0619  0.295827D-02  0.298006D-02 -0.105758D+01
   31 281.472 291.311 286.392  4.141D-01  0.000D+00  1.947D-03  0.000D+00  6.702D-03  2.256D+00 10300  1.162D-02
  281.4722  0.164039D-02  0.161682D-02  0.132176D+01
  281.8049  0.195424D-02  0.196803D-02 -0.759090D+00
  282.1372  0.225856D-02  0.222997D-02  0.152954D+01
  282.4692  0.238995D-02  0.238649D-02  0.182016D+00
  282.8008  0.253588D-02  0.254233D-02 -0.329344D+00
  283.1321  0.273410D-02  0.274717D-02 -0.656787D+00
  283.4630  0.267056D-02  0.275450D-02 -0.418011D+01
  283.7936  0.270709D-02  0.270639D-02  0.349759D-01
  284.1238  0.266987D-02  0.263983D-02  0.152238D+01
  284.4537  0.234460D-02  0.233957D-02  0.263878D+00
  284.7833  0.177334D-02  0.176686D-02  0.356564D+00
  285.1126  0.116849D-02  0.113450D-02  0.200390D+01
  285.4415  0.117282D-02  0.112110D-02  0.308029D+01
  285.7701  0.190230D-02  0.187530D-02  0.144435D+01
  286.0984  0.278361D-02  0.280140D-02 -0.878582D+00
  286.4265  0.332319D-02  0.335232D-02 -0.137943D+01
  286.7542  0.351569D-02  0.353312D-02 -0.805517D+00
  287.0815  0.376947D-02  0.379761D-02 -0.127041D+01
  287.4086  0.391834D-02  0.395051D-02 -0.146332D+01
  287.7354  0.358701D-02  0.353991D-02  0.214226D+01
  288.0619  0.295827D-02  0.291851D-02  0.193045D+01
  288.3881  0.318366D-02  0.319612D-02 -0.599658D+00
  288.7141  0.437431D-02  0.419740D-02  0.768407D+01
  289.0397  0.474580D-02  0.472615D-02  0.841048D+00
  289.3650  0.516871D-02  0.522259D-02 -0.225527D+01
  289.6900  0.611424D-02  0.616408D-02 -0.191967D+01
  290.0148  0.713732D-02  0.719800D-02 -0.219114D+01
  290.3393  0.784014D-02  0.785843D-02 -0.660386D+00
  290.6635  0.792150D-02  0.796059D-02 -0.141127D+01
  290.9873  0.776397D-02  0.781980D-02 -0.201543D+01
  291.3109  0.805653D-02  0.792059D-02  0.461922D+01
   31 284.783 294.531 289.657  3.882D-01  0.000D+00  3.177D-03  0.000D+00  8.064D-03  2.675D+00 10300  9.512D-03
  284.7833  0.177334D-02  0.177918D-02 -0.321258D+00
  285.1126  0.116849D-02  0.110711D-02  0.361803D+01
  285.4415  0.117282D-02  0.108493D-02  0.523388D+01
  285.7701  0.190230D-02  0.187951D-02  0.121917D+01
  286.0984  0.278361D-02  0.284052D-02 -0.281010D+01
  286.4265  0.332319D-02  0.339291D-02 -0.330132D+01
  286.7542  0.351569D-02  0.354180D-02 -0.120673D+01
  287.0815  0.376947D-02  0.381417D-02 -0.201761D+01
  287.4086  0.391834D-02  0.399211D-02 -0.335543D+01
  287.7354  0.358701D-02  0.356053D-02  0.120419D+01
  288.0619  0.295827D-02  0.286421D-02  0.456631D+01
  288.3881  0.318366D-02  0.314280D-02  0.196699D+01
  288.7141  0.437431D-02  0.422301D-02  0.657175D+01
  289.0397  0.474580D-02  0.470815D-02  0.161129D+01
  289.3650  0.516871D-02  0.517167D-02 -0.123935D+00
  289.6900  0.611424D-02  0.613379D-02 -0.752995D+00
  290.0148  0.713732D-02  0.719544D-02 -0.209852D+01
  290.3393  0.784014D-02  0.787576D-02 -0.128617D+01
  290.6635  0.792150D-02  0.798340D-02 -0.223488D+01
  290.9873  0.776397D-02  0.782559D-02 -0.222481D+01
  291.3109  0.805653D-02  0.799482D-02  0.209691D+01
  291.6343  0.803056D-02  0.794772D-02  0.299090D+01
  291.9573  0.796824D-02  0.793929D-02  0.104545D+01
  292.2801  0.788688D-02  0.785220D-02  0.125211D+01
  292.6025  0.727061D-02  0.738567D-02 -0.415429D+01
  292.9247  0.774839D-02  0.781827D-02 -0.252270D+01
  293.2466  0.915751D-02  0.908086D-02  0.260444D+01
  293.5682  0.903979D-02  0.899130D-02  0.164777D+01
  293.8895  0.814308D-02  0.820934D-02 -0.239215D+01
  294.2104  0.876108D-02  0.875607D-02  0.170330D+00
  294.5312  0.937736D-02  0.935281D-02  0.834234D+00
   31 288.062 298.672 293.367  3.648D-01  0.000D+00  7.146D-03  0.000D+00  1.034D-02  4.819D+00 10300  9.085D-03
  288.0619  0.295827D-02  0.281629D-02  0.689224D+01
  288.3881  0.318366D-02  0.310194D-02  0.393378D+01
  288.7141  0.437431D-02  0.429567D-02  0.341575D+01
  289.0397  0.474580D-02  0.476335D-02 -0.750861D+00
  289.3650  0.516871D-02  0.520632D-02 -0.157435D+01
  289.6900  0.611424D-02  0.620592D-02 -0.353074D+01
  290.0148  0.713732D-02  0.729681D-02 -0.575848D+01
  290.3393  0.784014D-02  0.798309D-02 -0.516108D+01
  290.6635  0.792150D-02  0.806936D-02 -0.533814D+01
  290.9873  0.776397D-02  0.784246D-02 -0.283374D+01
  291.3109  0.805653D-02  0.803189D-02  0.837400D+00
  291.6343  0.803056D-02  0.793661D-02  0.339222D+01
  291.9573  0.796824D-02  0.790548D-02  0.226609D+01
  292.2801  0.788688D-02  0.782897D-02  0.209070D+01
  292.6025  0.727061D-02  0.727318D-02 -0.928886D-01
  292.9247  0.774839D-02  0.766374D-02  0.305640D+01
  293.2466  0.915751D-02  0.902926D-02  0.435778D+01
  293.5682  0.903979D-02  0.891705D-02  0.417085D+01
  293.8895  0.814308D-02  0.800640D-02  0.493500D+01
  294.2104  0.876108D-02  0.863502D-02  0.428380D+01
  294.5312  0.937736D-02  0.930955D-02  0.230395D+01
  294.8516  0.884764D-02  0.887857D-02 -0.105119D+01
  296.1301  0.123877D-01  0.124692D-01 -0.247632D+01
  296.4490  0.115897D-01  0.117031D-01 -0.344793D+01
  296.7675  0.933927D-02  0.961351D-02 -0.931872D+01
  297.0858  0.970107D-02  0.993152D-02 -0.783071D+01
  297.4037  0.119982D-01  0.122733D-01 -0.836284D+01
  297.7213  0.156007D-01  0.155347D-01  0.181487D+01
  298.0385  0.148701D-01  0.147419D-01  0.352736D+01
  298.3554  0.111535D-01  0.111607D-01 -0.219751D+00
  298.6720  0.115966D-01  0.111743D-01  0.128396D+02
   31 291.311 301.818 296.564  3.309D-01  0.000D+00  1.510D-02  0.000D+00  1.402D-02  1.083D+01 10000  1.354D-02
  291.3109  0.805653D-02  0.788934D-02  0.568107D+01
  291.6343  0.803056D-02  0.792437D-02  0.383415D+01
  291.9573  0.796824D-02  0.800496D-02 -0.132553D+01
  292.2801  0.788688D-02  0.806936D-02 -0.658820D+01
  292.6025  0.727061D-02  0.740941D-02 -0.501137D+01
  292.9247  0.774839D-02  0.774258D-02  0.209754D+00
  293.2466  0.915751D-02  0.933996D-02 -0.619968D+01
  293.5682  0.903979D-02  0.918156D-02 -0.481732D+01
  293.8895  0.814308D-02  0.797469D-02  0.607961D+01
  294.2104  0.876108D-02  0.865730D-02  0.352676D+01
  294.5312  0.937736D-02  0.940495D-02 -0.937745D+00
  294.8516  0.884764D-02  0.867588D-02  0.583664D+01
  296.1301  0.123877D-01  0.122486D-01  0.423019D+01
  296.4490  0.115897D-01  0.116119D-01 -0.675142D+00
  296.7675  0.933927D-02  0.923155D-02  0.366039D+01
  297.0858  0.970107D-02  0.966152D-02  0.134384D+01
  297.4037  0.119982D-01  0.119893D-01  0.272382D+00
  297.7213  0.156007D-01  0.158260D-01 -0.619914D+01
  298.0385  0.148701D-01  0.152366D-01 -0.100819D+02
  298.3554  0.111535D-01  0.112627D-01 -0.332110D+01
  298.6720  0.115966D-01  0.113316D-01  0.805811D+01
  298.9882  0.162481D-01  0.158767D-01  0.102159D+02
  299.3041  0.181731D-01  0.175754D-01  0.150104D+02
  299.6196  0.185781D-01  0.179617D-01  0.154817D+02
  299.9348  0.185037D-01  0.189018D-01 -0.999791D+01
  300.2495  0.155193D-01  0.163606D-01 -0.231417D+02
  300.5639  0.196151D-01  0.206570D-01 -0.250788D+02
  300.8780  0.229353D-01  0.238010D-01 -0.704377D+01
  301.1916  0.296485D-01  0.283550D-01  0.102359D+02
  301.5049  0.348418D-01  0.316905D-01  0.246002D+02
  301.8177  0.307772D-01  0.278225D-01  0.230655D+02
   31 294.531 304.923 299.727  3.378D-01  0.000D+00  8.780D-04  0.000D+00  2.417D-02  2.178D+01 10000  2.420D-02
  294.5312  0.937736D-02  0.888222D-02  0.168250D+02
  294.8516  0.884764D-02  0.877648D-02  0.241798D+01
  296.1301  0.123877D-01  0.132000D-01 -0.246962D+02
  296.4490  0.115897D-01  0.122062D-01 -0.187429D+02
  296.7675  0.933927D-02  0.964368D-02 -0.103440D+02
  297.0858  0.970107D-02  0.996799D-02 -0.907016D+01
  297.4037  0.119982D-01  0.121956D-01 -0.600197D+01
  297.7213  0.156007D-01  0.155896D-01  0.305159D+00
  298.0385  0.148701D-01  0.145189D-01  0.966023D+01
  298.3554  0.111535D-01  0.106889D-01  0.141235D+02
  298.6720  0.115966D-01  0.109286D-01  0.203113D+02
  298.9882  0.162481D-01  0.151837D-01  0.292804D+02
  299.3041  0.181731D-01  0.167144D-01  0.366366D+02
  299.6196  0.185781D-01  0.174743D-01  0.277243D+02
  299.9348  0.185037D-01  0.184149D-01  0.222944D+01
  300.2495  0.155193D-01  0.166393D-01 -0.308093D+02
  300.5639  0.196151D-01  0.215583D-01 -0.467719D+02
  300.8780  0.229353D-01  0.255920D-01 -0.216151D+02
  301.1916  0.296485D-01  0.315597D-01 -0.151240D+02
  301.5049  0.348418D-01  0.361541D-01 -0.102444D+02
  301.8177  0.307772D-01  0.326454D-01 -0.145839D+02
  302.1301  0.282377D-01  0.300677D-01 -0.142858D+02
  302.4422  0.420207D-01  0.431542D-01 -0.850404D+01
  302.7538  0.593247D-01  0.587045D-01  0.447822D+01
  303.0649  0.751470D-01  0.722747D-01  0.207402D+02
  303.3757  0.880609D-01  0.848180D-01  0.234168D+02
  303.6860  0.872646D-01  0.876868D-01 -0.304817D+01
  303.9958  0.819675D-01  0.860708D-01 -0.296295D+02
  304.3052  0.958855D-01  0.996881D-01 -0.274579D+02
  304.6141  0.115707D+00  0.116451D+00 -0.537758D+01
  304.9225  0.133035D+00  0.125318D+00  0.495309D+02
   31 298.672 307.978 303.325  3.122D-01  0.000D+00  1.084D-02  0.000D+00  7.864D-02  3.134D+01 10300  2.065D-02
  298.6720  0.115966D-01  0.121493D-01 -0.168022D+02
  298.9882  0.162481D-01  0.165129D-01 -0.728326D+01
  299.3041  0.181731D-01  0.174381D-01  0.184591D+02
  299.6196  0.185781D-01  0.173768D-01  0.301724D+02
  299.9348  0.185037D-01  0.184245D-01  0.198920D+01
  300.2495  0.155193D-01  0.156192D-01 -0.274703D+01
  300.5639  0.196151D-01  0.207718D-01 -0.278416D+02
  300.8780  0.229353D-01  0.242800D-01 -0.109405D+02
  301.1916  0.296485D-01  0.302223D-01 -0.454092D+01
  301.5049  0.348418D-01  0.352551D-01 -0.322643D+01
  301.8177  0.307772D-01  0.319429D-01 -0.910005D+01
  302.1301  0.282377D-01  0.282619D-01 -0.188862D+00
  302.4422  0.420207D-01  0.422346D-01 -0.160503D+01
  302.7538  0.593247D-01  0.578476D-01  0.106660D+02
  303.0649  0.751470D-01  0.718451D-01  0.238420D+02
  303.3757  0.880609D-01  0.853878D-01  0.193024D+02
  303.6860  0.872646D-01  0.891047D-01 -0.132866D+02
  303.9958  0.819675D-01  0.863588D-01 -0.317092D+02
  304.3052  0.958855D-01  0.100707D+00 -0.348169D+02
  304.6141  0.115707D+00  0.120004D+00 -0.310322D+02
  304.9225  0.133035D+00  0.126351D+00  0.429032D+02
  305.2305  0.170461D+00  0.158578D+00  0.762744D+02
  305.5379  0.163537D+00  0.159061D+00  0.287289D+02
  305.8449  0.136341D+00  0.134726D+00  0.103692D+02
  306.1513  0.160836D+00  0.164751D+00 -0.251276D+02
  306.4572  0.179826D+00  0.194514D+00 -0.848448D+02
  306.7626  0.187391D+00  0.195470D+00 -0.466664D+02
  307.0674  0.245833D+00  0.242721D+00  0.149839D+02
  307.3716  0.283225D+00  0.273850D+00  0.451282D+02
  307.6753  0.298978D+00  0.290162D+00  0.391753D+02
  307.9785  0.312532D+00  0.320314D+00 -0.321079D+02
   27 301.818 309.784 305.801  2.966D-01  0.000D+00 -1.004D-02  0.000D+00  1.740D-01  4.448D+01 10000  2.701D-02
  301.8177  0.307772D-01  0.310626D-01 -0.222840D+01
  302.1301  0.282377D-01  0.277294D-01  0.396737D+01
  302.4422  0.420207D-01  0.429923D-01 -0.728910D+01
  302.7538  0.593247D-01  0.584441D-01  0.635915D+01
  303.0649  0.751470D-01  0.719846D-01  0.228348D+02
  303.3757  0.880609D-01  0.863613D-01  0.122725D+02
  303.6860  0.872646D-01  0.885648D-01 -0.938850D+01
  303.9958  0.819675D-01  0.864230D-01 -0.321728D+02
  304.3052  0.958855D-01  0.102188D+00 -0.455071D+02
  304.6141  0.115707D+00  0.121401D+00 -0.411157D+02
  304.9225  0.133035D+00  0.126892D+00  0.394267D+02
  305.2305  0.170461D+00  0.161780D+00  0.557237D+02
  305.5379  0.163537D+00  0.157680D+00  0.375896D+02
  305.8449  0.136341D+00  0.131647D+00  0.301297D+02
  306.1513  0.160836D+00  0.167899D+00 -0.453315D+02
  306.4572  0.179826D+00  0.192861D+00 -0.752994D+02
  306.7626  0.187391D+00  0.192005D+00 -0.266540D+02
  307.0674  0.245833D+00  0.242163D+00  0.176680D+02
  307.3716  0.283225D+00  0.267620D+00  0.751219D+02
  307.6753  0.298978D+00  0.281776D+00  0.764371D+02
  307.9785  0.312532D+00  0.310287D+00  0.926658D+01
  308.2810  0.307287D+00  0.319098D+00 -0.454836D+02
  308.5829  0.352728D+00  0.368101D+00 -0.555023D+02
  308.8842  0.338880D+00  0.355618D+00 -0.568762D+02
  309.1849  0.294616D+00  0.307821D+00 -0.448731D+02
  309.4850  0.322659D+00  0.316566D+00  0.185247D+02
  309.7844  0.374108D+00  0.336576D+00  0.985499D+02
   17 304.923 309.784 307.353  2.946D-01  0.000D+00 -1.179D-02  0.000D+00  2.564D-01  5.024D+01 10300  3.458D-02
  304.9225  0.133035D+00  0.133533D+00 -0.319486D+01
  305.2305  0.170461D+00  0.168036D+00  0.155647D+02
  305.5379  0.163537D+00  0.161323D+00  0.142091D+02
  305.8449  0.136341D+00  0.133108D+00  0.207556D+02
  306.1513  0.160836D+00  0.169270D+00 -0.541343D+02
  306.4572  0.179826D+00  0.192837D+00 -0.751555D+02
  306.7626  0.187391D+00  0.191043D+00 -0.210939D+02
  307.0674  0.245833D+00  0.240869D+00  0.238959D+02
  307.3716  0.283225D+00  0.265402D+00  0.857971D+02
  307.6753  0.298978D+00  0.279399D+00  0.870004D+02
  307.9785  0.312532D+00  0.308113D+00  0.182335D+02
  308.2810  0.307287D+00  0.317103D+00 -0.378012D+02
  308.5829  0.352728D+00  0.367445D+00 -0.531314D+02
  308.8842  0.338880D+00  0.355502D+00 -0.564841D+02
  309.1849  0.294616D+00  0.308677D+00 -0.477822D+02
  309.4850  0.322659D+00  0.319646D+00  0.916021D+01
  309.7844  0.374108D+00  0.341440D+00  0.857760D+02
   31 310.054 314.805 312.429  2.743D-01  0.000D+00 -8.270D-03  0.000D+00  6.741D-01  3.785D+01 10300  2.373D-02
  310.0537  0.348202D+00  0.309732D+00  0.322331D+02
  310.2133  0.352097D+00  0.342486D+00  0.835213D+01
  310.3727  0.454604D+00  0.446749D+00  0.705170D+01
  310.5321  0.578187D+00  0.560192D+00  0.183753D+02
  310.6914  0.651758D+00  0.641901D+00  0.100657D+02
  310.8506  0.702566D+00  0.699087D+00  0.355287D+01
  311.0097  0.719531D+00  0.726589D+00 -0.720774D+01
  311.1688  0.721175D+00  0.738159D+00 -0.173440D+02
  311.3277  0.705769D+00  0.751411D+00 -0.532679D+02
  311.4866  0.717367D+00  0.750593D+00 -0.387773D+02
  311.6454  0.686380D+00  0.722423D+00 -0.420645D+02
  311.8041  0.665953D+00  0.674723D+00 -0.102348D+02
  311.9628  0.636092D+00  0.637896D+00 -0.226723D+01
  312.1213  0.646305D+00  0.638735D+00  0.951448D+01
  312.2798  0.713472D+00  0.682062D+00  0.366572D+02
  312.4382  0.771983D+00  0.734863D+00  0.433215D+02
  312.5966  0.806951D+00  0.757925D+00  0.572164D+02
  312.7548  0.811712D+00  0.773766D+00  0.442857D+02
  312.9130  0.852998D+00  0.800377D+00  0.614125D+02
  313.0710  0.863645D+00  0.816046D+00  0.555504D+02
  313.2290  0.842958D+00  0.817255D+00  0.299974D+02
  313.3870  0.805220D+00  0.822911D+00 -0.206466D+02
  313.5448  0.803402D+00  0.860193D+00 -0.662783D+02
  313.7026  0.871694D+00  0.939165D+00 -0.787426D+02
  313.8603  0.972531D+00  0.103175D+01 -0.691187D+02
  314.0179  0.105883D+01  0.108120D+01 -0.261161D+02
  314.1754  0.106073D+01  0.104237D+01  0.214222D+02
  314.3329  0.911596D+00  0.907789D+00  0.444323D+01
  314.4903  0.798382D+00  0.787998D+00  0.121193D+02
  314.6476  0.818550D+00  0.819705D+00 -0.134836D+01
  314.8048  0.101659D+01  0.967891D+00  0.530431D+02
   31 311.645 316.373 314.009  2.607D-01  0.000D+00 -3.064D-02  0.000D+00  8.256D-01  4.323D+01 10300  2.235D-02
  311.6454  0.686380D+00  0.720219D+00 -0.394922D+02
  311.8041  0.665953D+00  0.669764D+00 -0.444765D+01
  311.9628  0.636092D+00  0.636214D+00 -0.153300D+00
  312.1213  0.646305D+00  0.644411D+00  0.238032D+01
  312.2798  0.713472D+00  0.697354D+00  0.188108D+02
  312.4382  0.771983D+00  0.751842D+00  0.235064D+02
  312.5966  0.806951D+00  0.769434D+00  0.437850D+02
  312.7548  0.811712D+00  0.786919D+00  0.289350D+02
  312.9130  0.852998D+00  0.816507D+00  0.425877D+02
  313.0710  0.863645D+00  0.829417D+00  0.399453D+02
  313.2290  0.842958D+00  0.827672D+00  0.178396D+02
  313.3870  0.805220D+00  0.832916D+00 -0.323233D+02
  313.5448  0.803402D+00  0.874633D+00 -0.831313D+02
  313.7026  0.871694D+00  0.959165D+00 -0.102084D+03
  313.8603  0.972531D+00  0.105041D+01 -0.908907D+02
  314.0179  0.105883D+01  0.108707D+01 -0.329685D+02
  314.1754  0.106073D+01  0.102824D+01  0.379170D+02
  314.3329  0.911596D+00  0.870844D+00  0.475599D+02
  314.4903  0.798382D+00  0.751375D+00  0.548604D+02
  314.6476  0.818550D+00  0.805182D+00  0.156011D+02
  314.8048  0.101659D+01  0.954848D+00  0.672495D+02
  314.9619  0.112305D+01  0.107659D+01  0.474412D+02
  315.1190  0.117299D+01  0.112978D+01  0.441240D+02
  315.2760  0.114815D+01  0.114025D+01  0.807056D+01
  315.4329  0.109457D+01  0.111965D+01 -0.256050D+02
  315.5897  0.999016D+00  0.103539D+01 -0.371421D+02
  315.7465  0.852479D+00  0.890083D+00 -0.438864D+02
  315.9031  0.757701D+00  0.775053D+00 -0.202503D+02
  316.0598  0.757961D+00  0.777475D+00 -0.227737D+02
  316.2162  0.897228D+00  0.885073D+00  0.132394D+02
  316.3727  0.104247D+01  0.102212D+01  0.207733D+02
   31 313.229 317.933 315.581  2.719D-01  0.000D+00 -3.479D-02  0.000D+00  9.769D-01  4.002D+01 10300  1.962D-02
  313.2290  0.842958D+00  0.778469D+00  0.752628D+02
  313.3870  0.805220D+00  0.795807D+00  0.109856D+02
  313.5448  0.803402D+00  0.846407D+00 -0.501888D+02
  313.7026  0.871694D+00  0.935653D+00 -0.746436D+02
  313.8603  0.972531D+00  0.102869D+01 -0.655462D+02
  314.0179  0.105883D+01  0.106854D+01 -0.113371D+02
  314.1754  0.106073D+01  0.101354D+01  0.550687D+02
  314.3329  0.911596D+00  0.869234D+00  0.494390D+02
  314.4903  0.798382D+00  0.765235D+00  0.386847D+02
  314.6476  0.818550D+00  0.820937D+00 -0.278597D+01
  314.8048  0.101659D+01  0.966812D+00  0.542181D+02
  314.9619  0.112305D+01  0.108838D+01  0.354067D+02
  315.1190  0.117299D+01  0.114449D+01  0.291036D+02
  315.2760  0.114815D+01  0.115589D+01 -0.790733D+01
  315.4329  0.109457D+01  0.113184D+01 -0.380596D+02
  315.5897  0.999016D+00  0.104404D+01 -0.459768D+02
  315.7465  0.852479D+00  0.900923D+00 -0.565374D+02
  315.9031  0.757701D+00  0.791566D+00 -0.395218D+02
  316.0598  0.757961D+00  0.794482D+00 -0.426223D+02
  316.2162  0.897228D+00  0.898620D+00 -0.151638D+01
  316.3727  0.104247D+01  0.102850D+01  0.142632D+02
  316.5291  0.116373D+01  0.111772D+01  0.469864D+02
  316.6854  0.123393D+01  0.117752D+01  0.576055D+02
  316.8416  0.127071D+01  0.124878D+01  0.224001D+02
  316.9977  0.137293D+01  0.136560D+01  0.748442D+01
  317.1538  0.148139D+01  0.150263D+01 -0.216957D+02
  317.3098  0.157564D+01  0.157039D+01  0.504887D+01
  317.4657  0.153479D+01  0.156134D+01 -0.271146D+02
  317.6216  0.149740D+01  0.151792D+01 -0.209591D+02
  317.7773  0.138514D+01  0.139137D+01 -0.636056D+01
  317.9330  0.121488D+01  0.118196D+01  0.336265D+02
   31 314.805 319.486 317.145  2.426D-01  0.000D+00 -4.286D-02  0.000D+00  1.072D+00  4.626D+01   300  1.939D-02
  314.8048  0.101659D+01  0.101243D+01  0.453030D+01
  314.9619  0.112305D+01  0.112448D+01 -0.145876D+01
  315.1190  0.117299D+01  0.115699D+01  0.163413D+02
  315.2760  0.114815D+01  0.115528D+01 -0.727739D+01
  315.4329  0.109457D+01  0.112644D+01 -0.325453D+02
  315.5897  0.999016D+00  0.103003D+01 -0.316690D+02
  315.7465  0.852479D+00  0.867701D+00 -0.177648D+02
  315.9031  0.757701D+00  0.749203D+00  0.991810D+01
  316.0598  0.757961D+00  0.762113D+00 -0.484533D+01
  316.2162  0.897228D+00  0.879307D+00  0.195206D+02
  316.3727  0.104247D+01  0.101911D+01  0.238541D+02
  316.5291  0.116373D+01  0.110138D+01  0.636735D+02
  316.6854  0.123393D+01  0.115764D+01  0.779043D+02
  316.8416  0.127071D+01  0.122793D+01  0.436838D+02
  316.9977  0.137293D+01  0.135682D+01  0.164587D+02
  317.1538  0.148139D+01  0.152062D+01 -0.400671D+02
  317.3098  0.157564D+01  0.159263D+01 -0.163246D+02
  317.4657  0.153479D+01  0.158191D+01 -0.481155D+02
  317.6216  0.149740D+01  0.156320D+01 -0.671947D+02
  317.7773  0.138514D+01  0.144425D+01 -0.603614D+02
  317.9330  0.121488D+01  0.120666D+01  0.840057D+01
  318.0886  0.104498D+01  0.105336D+01 -0.855757D+01
  318.2441  0.105813D+01  0.106710D+01 -0.915982D+01
  318.3996  0.118243D+01  0.117933D+01  0.316635D+01
  318.5550  0.133935D+01  0.132111D+01  0.186284D+02
  318.7103  0.147135D+01  0.146370D+01  0.780908D+01
  318.8655  0.165251D+01  0.160168D+01  0.461339D+02
  319.0208  0.169570D+01  0.161100D+01  0.768828D+02
  319.1758  0.152414D+01  0.141851D+01  0.101530D+03
  319.3308  0.128170D+01  0.128895D+01 -0.739418D+01
  319.4858  0.123886D+01  0.137331D+01 -0.137302D+03
   31 316.373 321.031 318.702  2.447D-01  0.000D+00  3.466D-03  0.000D+00  1.185D+00  7.088D+01 10300  3.093D-02
  316.3727  0.104247D+01  0.102937D+01  0.133776D+02
  316.5291  0.116373D+01  0.112921D+01  0.352468D+02
  316.6854  0.123393D+01  0.118395D+01  0.510300D+02
  316.8416  0.127071D+01  0.124334D+01  0.279563D+02
  316.9977  0.137293D+01  0.134648D+01  0.270136D+02
  317.1538  0.148139D+01  0.150838D+01 -0.275665D+02
  317.3098  0.157564D+01  0.160926D+01 -0.323075D+02
  317.4657  0.153479D+01  0.160414D+01 -0.708179D+02
  317.6216  0.149740D+01  0.157985D+01 -0.841977D+02
  317.7773  0.138514D+01  0.149478D+01 -0.111961D+03
  317.9330  0.121488D+01  0.127118D+01 -0.574866D+02
  318.0886  0.104498D+01  0.107042D+01 -0.259853D+02
  318.2441  0.105813D+01  0.103277D+01  0.258973D+02
  318.3996  0.118243D+01  0.111648D+01  0.673445D+02
  318.5550  0.133935D+01  0.124470D+01  0.966556D+02
  318.7103  0.147135D+01  0.137600D+01  0.973642D+02
  318.8655  0.165251D+01  0.150830D+01  0.130894D+03
  319.0208  0.169570D+01  0.156301D+01  0.120441D+03
  319.1758  0.152414D+01  0.141788D+01  0.102130D+03
  319.3308  0.128170D+01  0.124170D+01  0.408484D+02
  319.4858  0.123886D+01  0.126285D+01 -0.244939D+02
  319.6406  0.135458D+01  0.139502D+01 -0.412875D+02
  319.7954  0.151151D+01  0.154799D+01 -0.350632D+02
  319.9501  0.156509D+01  0.167716D+01 -0.107715D+03
  320.1048  0.161762D+01  0.172031D+01 -0.932135D+02
  320.2594  0.163970D+01  0.176885D+01 -0.117237D+03
  320.4139  0.181497D+01  0.186816D+01 -0.482805D+02
  320.5683  0.193476D+01  0.194853D+01 -0.124960D+02
  320.7227  0.197890D+01  0.194196D+01  0.335316D+02
  320.8769  0.187088D+01  0.180754D+01  0.574961D+02
  321.0311  0.168142D+01  0.158584D+01  0.867532D+02
   31 317.933 322.569 320.251  2.444D-01  0.000D+00  1.056D-03  0.000D+00  1.300D+00  7.479D+01 10300  3.238D-02
  317.9330  0.121488D+01  0.132429D+01 -0.111726D+03
  318.0886  0.104498D+01  0.110708D+01 -0.634145D+02
  318.2441  0.105813D+01  0.106346D+01 -0.543913D+01
  318.3996  0.118243D+01  0.114471D+01  0.385184D+02
  318.5550  0.133935D+01  0.127075D+01  0.700562D+02
  318.7103  0.147135D+01  0.139983D+01  0.730339D+02
  318.8655  0.165251D+01  0.153033D+01  0.110903D+03
  319.0208  0.169570D+01  0.158083D+01  0.104270D+03
  319.1758  0.152414D+01  0.142933D+01  0.911292D+02
  319.3308  0.128170D+01  0.125218D+01  0.301468D+02
  319.4858  0.123886D+01  0.127674D+01 -0.386824D+02
  319.6406  0.135458D+01  0.141113D+01 -0.577399D+02
  319.7954  0.151151D+01  0.156628D+01 -0.526376D+02
  319.9501  0.156509D+01  0.169632D+01 -0.126135D+03
  320.1048  0.161762D+01  0.173920D+01 -0.110358D+03
  320.2594  0.163970D+01  0.178932D+01 -0.135818D+03
  320.4139  0.181497D+01  0.188996D+01 -0.680731D+02
  320.5683  0.193476D+01  0.196963D+01 -0.316526D+02
  320.7227  0.197890D+01  0.195940D+01  0.177042D+02
  320.8769  0.187088D+01  0.181906D+01  0.470452D+02
  321.0311  0.168142D+01  0.159155D+01  0.815705D+02
  321.1852  0.150259D+01  0.140312D+01  0.902894D+02
  321.3393  0.141266D+01  0.132514D+01  0.893789D+02
  321.4933  0.147264D+01  0.136813D+01  0.948677D+02
  321.6472  0.157487D+01  0.150020D+01  0.677740D+02
  321.8011  0.174304D+01  0.166598D+01  0.699514D+02
  321.9548  0.179246D+01  0.180940D+01 -0.153747D+02
  322.1085  0.175308D+01  0.182466D+01 -0.649756D+02
  322.2621  0.163338D+01  0.170485D+01 -0.648807D+02
  322.4157  0.157893D+01  0.160385D+01 -0.226129D+02
  322.5692  0.151056D+01  0.151456D+01 -0.363665D+01
   31 319.486 324.100 321.793  3.018D-01  0.000D+00 -1.041D-02  0.000D+00  1.351D+00  5.980D+01   300  3.491D-02
  319.4858  0.123886D+01  0.116896D+01  0.713834D+02
  319.6406  0.135458D+01  0.131253D+01  0.429448D+02
  319.7954  0.151151D+01  0.147831D+01  0.319036D+02
  319.9501  0.156509D+01  0.161765D+01 -0.505226D+02
  320.1048  0.161762D+01  0.170855D+01 -0.825356D+02
  320.2594  0.163970D+01  0.179200D+01 -0.138251D+03
  320.4139  0.181497D+01  0.188643D+01 -0.648646D+02
  320.5683  0.193476D+01  0.195008D+01 -0.139036D+02
  320.7227  0.197890D+01  0.192535D+01  0.486124D+02
  320.8769  0.187088D+01  0.179292D+01  0.707668D+02
  321.0311  0.168142D+01  0.160060D+01  0.733593D+02
  321.1852  0.150259D+01  0.143688D+01  0.596518D+02
  321.3393  0.141266D+01  0.136903D+01  0.445546D+02
  321.4933  0.147264D+01  0.140684D+01  0.597365D+02
  321.6472  0.157487D+01  0.152570D+01  0.446318D+02
  321.8011  0.174304D+01  0.167274D+01  0.638111D+02
  321.9548  0.179246D+01  0.178418D+01  0.752446D+01
  322.1085  0.175308D+01  0.179664D+01 -0.395344D+02
  322.2621  0.163338D+01  0.172562D+01 -0.837299D+02
  322.4157  0.157893D+01  0.163857D+01 -0.541363D+02
  322.5692  0.151056D+01  0.154819D+01 -0.341633D+02
  322.7226  0.138973D+01  0.144635D+01 -0.513953D+02
  322.8759  0.127487D+01  0.137799D+01 -0.936046D+02
  323.0292  0.135346D+01  0.140414D+01 -0.460040D+02
  323.1824  0.154457D+01  0.149994D+01  0.405170D+02
  323.3355  0.166731D+01  0.157573D+01  0.831274D+02
  323.4886  0.166436D+01  0.159285D+01  0.649176D+02
  323.6415  0.164688D+01  0.162664D+01  0.183737D+02
  323.7945  0.175810D+01  0.172828D+01  0.243614D+02
  323.9473  0.187911D+01  0.187900D+01  0.904239D-01
  324.1001  0.198600D+01  0.204258D+01 -0.462210D+02
   31 321.031 325.624 323.328  2.342D-01  0.000D+00 -6.650D-02  0.000D+00  1.415D+00  4.183D+01   300  2.190D-02
  321.0311  0.168142D+01  0.168144D+01 -0.217374D-01
  321.1852  0.150259D+01  0.146437D+01  0.346985D+02
  321.3393  0.141266D+01  0.139404D+01  0.190119D+02
  321.4933  0.147264D+01  0.145668D+01  0.144892D+02
  321.6472  0.157487D+01  0.158887D+01 -0.127082D+02
  321.8011  0.174304D+01  0.174079D+01  0.204646D+01
  321.9548  0.179246D+01  0.183915D+01 -0.423746D+02
  322.1085  0.175308D+01  0.177756D+01 -0.222218D+02
  322.2621  0.163338D+01  0.165476D+01 -0.194073D+02
  322.4157  0.157893D+01  0.159822D+01 -0.175022D+02
  322.5692  0.151056D+01  0.150702D+01  0.320894D+01
  322.7226  0.138973D+01  0.137895D+01  0.978016D+01
  322.8759  0.127487D+01  0.131990D+01 -0.408732D+02
  323.0292  0.135346D+01  0.140996D+01 -0.512907D+02
  323.1824  0.154457D+01  0.157414D+01 -0.268373D+02
  323.3355  0.166731D+01  0.160352D+01  0.579038D+02
  323.4886  0.166436D+01  0.155298D+01  0.101107D+03
  323.6415  0.164688D+01  0.159242D+01  0.494298D+02
  323.7945  0.175810D+01  0.170920D+01  0.399522D+02
  323.9473  0.187911D+01  0.184048D+01  0.315572D+02
  324.1001  0.198600D+01  0.196022D+01  0.210589D+02
  324.2528  0.201474D+01  0.200493D+01  0.801643D+01
  324.4054  0.202114D+01  0.202975D+01 -0.702816D+01
  324.5580  0.204711D+01  0.206737D+01 -0.165548D+02
  324.7104  0.196384D+01  0.198433D+01 -0.167332D+02
  324.8629  0.182025D+01  0.186151D+01 -0.337084D+02
  325.0152  0.171673D+01  0.184452D+01 -0.104398D+03
  325.1675  0.181367D+01  0.188914D+01 -0.616563D+02
  325.3197  0.192706D+01  0.195633D+01 -0.239120D+02
  325.4718  0.211185D+01  0.207613D+01  0.277934D+02
  325.6239  0.228816D+01  0.217310D+01  0.854595D+02
   31 322.569 327.141 324.855  2.172D-01  0.000D+00 -1.058D-02  0.000D+00  1.484D+00  5.326D+01 10300  2.412D-02
  322.5692  0.151056D+01  0.151664D+01 -0.552016D+01
  322.7226  0.138973D+01  0.141264D+01 -0.207983D+02
  322.8759  0.127487D+01  0.133031D+01 -0.503300D+02
  323.0292  0.135346D+01  0.137096D+01 -0.158907D+02
  323.1824  0.154457D+01  0.156698D+01 -0.203443D+02
  323.3355  0.166731D+01  0.166809D+01 -0.708915D+00
  323.4886  0.166436D+01  0.159789D+01  0.603373D+02
  323.6415  0.164688D+01  0.158408D+01  0.570041D+02
  323.7945  0.175810D+01  0.168439D+01  0.602161D+02
  323.9473  0.187911D+01  0.180400D+01  0.613584D+02
  324.1001  0.198600D+01  0.193028D+01  0.455191D+02
  324.2528  0.201474D+01  0.199586D+01  0.154189D+02
  324.4054  0.202114D+01  0.199416D+01  0.220449D+02
  324.5580  0.204711D+01  0.204818D+01 -0.873873D+00
  324.7104  0.196384D+01  0.202539D+01 -0.502766D+02
  324.8629  0.182025D+01  0.187917D+01 -0.481393D+02
  325.0152  0.171673D+01  0.183914D+01 -0.100002D+03
  325.1675  0.181367D+01  0.190273D+01 -0.727553D+02
  325.3197  0.192706D+01  0.199571D+01 -0.560877D+02
  325.4718  0.211185D+01  0.215225D+01 -0.314294D+02
  325.6239  0.228816D+01  0.238055D+01 -0.686154D+02
  325.7759  0.248136D+01  0.250791D+01 -0.197202D+02
  325.9278  0.260807D+01  0.258466D+01  0.173866D+02
  326.0797  0.268588D+01  0.262854D+01  0.425855D+02
  326.2315  0.270380D+01  0.258659D+01  0.870510D+02
  326.3832  0.259569D+01  0.250131D+01  0.700990D+02
  326.5349  0.256211D+01  0.243389D+01  0.952289D+02
  326.6864  0.263213D+01  0.257235D+01  0.443977D+02
  326.8379  0.276647D+01  0.276097D+01  0.374386D+01
  326.9894  0.272362D+01  0.277913D+01 -0.394334D+02
  327.1407  0.255614D+01  0.269489D+01 -0.103050D+03
   31 324.100 328.651 326.375  2.123D-01  0.000D+00  3.080D-02  0.000D+00  1.536D+00  5.573D+01   300  2.959D-02
  324.1001  0.198600D+01  0.191699D+01  0.563807D+02
  324.2528  0.201474D+01  0.199379D+01  0.171098D+02
  324.4054  0.202114D+01  0.197777D+01  0.354343D+02
  324.5580  0.204711D+01  0.201130D+01  0.292539D+02
  324.7104  0.196384D+01  0.203157D+01 -0.553280D+02
  324.8629  0.182025D+01  0.189414D+01 -0.603620D+02
  325.0152  0.171673D+01  0.181641D+01 -0.814331D+02
  325.1675  0.181367D+01  0.187102D+01 -0.468476D+02
  325.3197  0.192706D+01  0.196525D+01 -0.312015D+02
  325.4718  0.211185D+01  0.210371D+01  0.633176D+01
  325.6239  0.228816D+01  0.234283D+01 -0.405988D+02
  325.7759  0.248136D+01  0.251652D+01 -0.261126D+02
  325.9278  0.260807D+01  0.259838D+01  0.719826D+01
  326.0797  0.268588D+01  0.266819D+01  0.131385D+02
  326.2315  0.270380D+01  0.263867D+01  0.483697D+02
  326.3832  0.259569D+01  0.255473D+01  0.304207D+02
  326.5349  0.256211D+01  0.243999D+01  0.906933D+02
  326.6864  0.263213D+01  0.249415D+01  0.102474D+03
  326.8379  0.276647D+01  0.267405D+01  0.629169D+02
  326.9894  0.272362D+01  0.269450D+01  0.206853D+02
  327.1407  0.255614D+01  0.256042D+01 -0.318219D+01
  327.2921  0.249728D+01  0.249142D+01  0.435691D+01
  327.4433  0.256246D+01  0.258122D+01 -0.139344D+02
  327.5945  0.258124D+01  0.263000D+01 -0.362141D+02
  327.7456  0.248430D+01  0.255678D+01 -0.538302D+02
  327.8966  0.233361D+01  0.247030D+01 -0.101521D+03
  328.0475  0.230158D+01  0.242440D+01 -0.912154D+02
  328.1985  0.230331D+01  0.240681D+01 -0.768660D+02
  328.3493  0.239662D+01  0.237347D+01  0.171936D+02
  328.5001  0.239497D+01  0.232926D+01  0.488010D+02
  328.6508  0.232028D+01  0.216331D+01  0.116575D+03
   31 325.624 330.154 327.889  2.776D-01  0.000D+00 -4.998D-02  0.000D+00  1.557D+00  5.521D+01   300  3.646D-02
  325.6239  0.228816D+01  0.238046D+01 -0.685483D+02
  325.7759  0.248136D+01  0.253475D+01 -0.396539D+02
  325.9278  0.260807D+01  0.262664D+01 -0.137933D+02
  326.0797  0.268588D+01  0.265335D+01  0.241651D+02
  326.2315  0.270380D+01  0.260803D+01  0.711244D+02
  326.3832  0.259569D+01  0.253479D+01  0.452294D+02
  326.5349  0.256211D+01  0.252185D+01  0.298985D+02
  326.6864  0.263213D+01  0.260318D+01  0.215070D+02
  326.8379  0.276647D+01  0.266763D+01  0.672881D+02
  326.9894  0.272362D+01  0.262467D+01  0.702977D+02
  327.1407  0.255614D+01  0.255201D+01  0.306272D+01
  327.2921  0.249728D+01  0.255109D+01 -0.399601D+02
  327.4433  0.256246D+01  0.258996D+01 -0.204243D+02
  327.5945  0.258124D+01  0.258038D+01  0.641159D+00
  327.7456  0.248430D+01  0.252281D+01 -0.286032D+02
  327.8966  0.233361D+01  0.247511D+01 -0.105094D+03
  328.0475  0.230158D+01  0.245661D+01 -0.115138D+03
  328.1985  0.230331D+01  0.245013D+01 -0.109036D+03
  328.3493  0.239662D+01  0.243040D+01 -0.250883D+02
  328.5001  0.239497D+01  0.236099D+01  0.252392D+02
  328.6508  0.232028D+01  0.227080D+01  0.367461D+02
  328.8014  0.230175D+01  0.230767D+01 -0.439089D+01
  328.9519  0.253009D+01  0.251752D+01  0.933027D+01
  329.1024  0.282792D+01  0.274114D+01  0.590804D+02
  329.2528  0.301895D+01  0.288630D+01  0.903081D+02
  329.4032  0.307564D+01  0.297827D+01  0.662901D+02
  329.5535  0.312879D+01  0.303835D+01  0.615699D+02
  329.7037  0.312731D+01  0.309185D+01  0.241435D+02
  329.8538  0.313277D+01  0.318305D+01 -0.342337D+02
  330.0039  0.324538D+01  0.328533D+01 -0.272026D+02
  330.1539  0.317042D+01  0.327857D+01 -0.736294D+02
   31 327.141 331.650 329.396  2.539D-01  0.000D+00 -4.099D-02  0.000D+00  1.608D+00  4.466D+01 10300  2.231D-02
  327.1407  0.255614D+01  0.250011D+01  0.416078D+02
  327.2921  0.249728D+01  0.248759D+01  0.719897D+01
  327.4433  0.256246D+01  0.253876D+01  0.175964D+02
  327.5945  0.258124D+01  0.253206D+01  0.365231D+02
  327.7456  0.248430D+01  0.247267D+01  0.863901D+01
  327.8966  0.233361D+01  0.242786D+01 -0.700008D+02
  328.0475  0.230158D+01  0.242228D+01 -0.896432D+02
  328.1985  0.230331D+01  0.243213D+01 -0.956683D+02
  328.3493  0.239662D+01  0.243420D+01 -0.279147D+02
  328.5001  0.239497D+01  0.238116D+01  0.102568D+02
  328.6508  0.232028D+01  0.227207D+01  0.358053D+02
  328.8014  0.230175D+01  0.229484D+01  0.513744D+01
  328.9519  0.253009D+01  0.253745D+01 -0.547035D+01
  329.1024  0.282792D+01  0.278833D+01  0.269519D+02
  329.2528  0.301895D+01  0.292851D+01  0.615688D+02
  329.4032  0.307564D+01  0.301519D+01  0.411567D+02
  329.5535  0.312879D+01  0.305676D+01  0.490334D+02
  329.7037  0.312731D+01  0.307808D+01  0.335200D+02
  329.8538  0.313277D+01  0.313083D+01  0.131778D+01
  330.0039  0.324538D+01  0.320908D+01  0.247082D+02
  330.1539  0.317042D+01  0.316136D+01  0.616600D+01
  330.3039  0.298528D+01  0.294830D+01  0.251736D+02
  330.4538  0.267281D+01  0.272032D+01 -0.323424D+02
  330.6036  0.247357D+01  0.253789D+01 -0.437908D+02
  330.7534  0.244275D+01  0.251536D+01 -0.515806D+02
  330.9030  0.253337D+01  0.266214D+01 -0.876598D+02
  331.0527  0.269082D+01  0.275972D+01 -0.469101D+02
  331.2022  0.267091D+01  0.270665D+01 -0.243335D+02
  331.3517  0.257025D+01  0.256195D+01  0.564585D+01
  331.5011  0.251113D+01  0.246288D+01  0.328472D+02
  331.6505  0.259959D+01  0.248791D+01  0.760306D+02
   31 328.651 333.140 330.896  2.312D-01  0.000D+00 -7.311D-03  0.000D+00  1.594D+00  3.477D+01 10300  1.323D-02
  328.6508  0.232028D+01  0.237708D+01 -0.421842D+02
  328.8014  0.230175D+01  0.231526D+01 -0.100277D+02
  328.9519  0.253009D+01  0.254768D+01 -0.130684D+02
  329.1024  0.282792D+01  0.283921D+01 -0.768430D+01
  329.2528  0.301895D+01  0.297422D+01  0.304487D+02
  329.4032  0.307564D+01  0.305214D+01  0.159998D+02
  329.5535  0.312879D+01  0.308493D+01  0.298568D+02
  329.7037  0.312731D+01  0.307908D+01  0.328358D+02
  329.8538  0.313277D+01  0.309982D+01  0.224309D+02
  330.0039  0.324538D+01  0.318186D+01  0.432397D+02
  330.1539  0.317042D+01  0.318395D+01 -0.921303D+01
  330.3039  0.298528D+01  0.295974D+01  0.173834D+02
  330.4538  0.267281D+01  0.272211D+01 -0.335599D+02
  330.6036  0.247357D+01  0.251509D+01 -0.282704D+02
  330.7534  0.244275D+01  0.243438D+01  0.594465D+01
  330.9030  0.253337D+01  0.260043D+01 -0.456526D+02
  331.0527  0.269082D+01  0.276348D+01 -0.494705D+02
  331.2022  0.267091D+01  0.276442D+01 -0.636628D+02
  331.3517  0.257025D+01  0.264558D+01 -0.512865D+02
  331.5011  0.251113D+01  0.254464D+01 -0.228152D+02
  331.6505  0.259959D+01  0.260734D+01 -0.527995D+01
  331.7998  0.277694D+01  0.276008D+01  0.114766D+02
  331.9490  0.286929D+01  0.281448D+01  0.373204D+02
  332.0981  0.280862D+01  0.272937D+01  0.539529D+02
  332.2473  0.261474D+01  0.255767D+01  0.388484D+02
  332.3963  0.256696D+01  0.247918D+01  0.597558D+02
  332.5452  0.269065D+01  0.265371D+01  0.251452D+02
  332.6941  0.283528D+01  0.281217D+01  0.157321D+02
  332.8430  0.276638D+01  0.275096D+01  0.104965D+02
  332.9917  0.263698D+01  0.267329D+01 -0.247220D+02
  333.1404  0.266883D+01  0.276860D+01 -0.679208D+02
   31 330.154 334.624 332.389  2.309D-01  0.000D+00  5.972D-03  0.000D+00  1.615D+00  3.278D+01 10300  1.179D-02
  330.1539  0.317042D+01  0.314177D+01  0.195012D+02
  330.3039  0.298528D+01  0.293365D+01  0.351474D+02
  330.4538  0.267281D+01  0.269617D+01 -0.158991D+02
  330.6036  0.247357D+01  0.249450D+01 -0.142529D+02
  330.7534  0.244275D+01  0.239863D+01  0.313436D+02
  330.9030  0.253337D+01  0.255504D+01 -0.147513D+02
  331.0527  0.269082D+01  0.273550D+01 -0.304201D+02
  331.2022  0.267091D+01  0.275833D+01 -0.595129D+02
  331.3517  0.257025D+01  0.265497D+01 -0.576805D+02
  331.5011  0.251113D+01  0.255207D+01 -0.278681D+02
  331.6505  0.259959D+01  0.260511D+01 -0.376061D+01
  331.7998  0.277694D+01  0.276354D+01  0.912490D+01
  331.9490  0.286929D+01  0.283434D+01  0.237966D+02
  332.0981  0.280862D+01  0.276039D+01  0.328350D+02
  332.2473  0.261474D+01  0.258725D+01  0.187138D+02
  332.3963  0.256696D+01  0.248244D+01  0.575363D+02
  332.5452  0.269065D+01  0.263147D+01  0.402824D+02
  332.6941  0.283528D+01  0.279183D+01  0.295802D+02
  332.8430  0.276638D+01  0.272608D+01  0.274352D+02
  332.9917  0.263698D+01  0.261631D+01  0.140724D+02
  333.1404  0.266883D+01  0.266623D+01  0.176901D+01
  333.2891  0.277417D+01  0.277470D+01 -0.358350D+00
  333.4376  0.268623D+01  0.271882D+01 -0.221860D+02
  333.5861  0.242882D+01  0.248410D+01 -0.376341D+02
  333.7346  0.229414D+01  0.234197D+01 -0.325628D+02
  333.8829  0.238138D+01  0.246838D+01 -0.592283D+02
  334.0312  0.256575D+01  0.262275D+01 -0.388051D+02
  334.1795  0.261422D+01  0.265356D+01 -0.267863D+02
  334.3277  0.270796D+01  0.269669D+01  0.766783D+01
  334.4758  0.285069D+01  0.282499D+01  0.167927D+02
  334.6238  0.298268D+01  0.288767D+01  0.597091D+02
   23 331.650 334.920 333.285  2.305D-01  0.000D+00 -1.366D-03  0.000D+00  1.624D+00  1.173D+01 10300  4.922D-03
  331.6505  0.259959D+01  0.258900D+01  0.720586D+01
  331.7998  0.277694D+01  0.278438D+01 -0.506622D+01
  331.9490  0.286929D+01  0.287473D+01 -0.370143D+01
  332.0981  0.280862D+01  0.280886D+01 -0.165888D+00
  332.2473  0.261474D+01  0.263697D+01 -0.151364D+02
  332.3963  0.256696D+01  0.253988D+01  0.184343D+02
  332.5452  0.269065D+01  0.269681D+01 -0.419991D+01
  332.6941  0.283528D+01  0.284115D+01 -0.399968D+01
  332.8430  0.276638D+01  0.275146D+01  0.101565D+02
  332.9917  0.263698D+01  0.262958D+01  0.503513D+01
  333.1404  0.266883D+01  0.267176D+01 -0.199162D+01
  333.2891  0.277417D+01  0.276064D+01  0.921196D+01
  333.4376  0.268623D+01  0.267981D+01  0.437041D+01
  333.5861  0.242882D+01  0.243266D+01 -0.261844D+01
  333.7346  0.229414D+01  0.229828D+01 -0.282344D+01
  333.8829  0.238138D+01  0.242941D+01 -0.326934D+02
  334.0312  0.256575D+01  0.257937D+01 -0.927255D+01
  334.1795  0.261422D+01  0.261697D+01 -0.187143D+01
  334.3277  0.270796D+01  0.268408D+01  0.162554D+02
  334.4758  0.285069D+01  0.284581D+01  0.318777D+01
  334.6238  0.298268D+01  0.294736D+01  0.221984D+02
  334.7719  0.286687D+01  0.286512D+01  0.110077D+01
  334.9197  0.260989D+01  0.263509D+01 -0.171580D+02
