 rad_fit_vary
           0
 T T
nwave fwave lwave wave    hwe     asym  shift    squeeze      sin      rms   exval 
   31 264.336 274.939 269.638  4.415D-01  0.000D+00 -3.115D-02  0.000D+00  1.909D-03  2.206D+00 10300  3.245D-02
  264.3357  0.949863D-03  0.903924D-03  0.325668D+01
  264.7031  0.734843D-03  0.770380D-03 -0.300689D+01
  265.0693  0.734462D-03  0.705144D-03  0.272209D+01
  265.4344  0.797652D-03  0.777220D-03  0.202246D+01
  265.7983  0.762578D-03  0.791878D-03 -0.304375D+01
  266.1611  0.693955D-03  0.722426D-03 -0.314442D+01
  266.5229  0.675655D-03  0.667883D-03  0.886394D+00
  266.8836  0.666791D-03  0.662706D-03  0.476185D+00
  267.2433  0.669460D-03  0.682480D-03 -0.155236D+01
  267.6021  0.660977D-03  0.691679D-03 -0.366048D+01
  267.9598  0.658118D-03  0.652789D-03  0.642666D+00
  268.3165  0.681850D-03  0.647059D-03  0.419572D+01
  268.6724  0.655735D-03  0.645333D-03  0.124018D+01
  269.0273  0.636292D-03  0.627770D-03  0.101606D+01
  269.3813  0.634481D-03  0.627731D-03  0.814041D+00
  269.7344  0.632956D-03  0.650232D-03 -0.210767D+01
  270.0867  0.751617D-03  0.725329D-03  0.309909D+01
  270.4382  0.774873D-03  0.764042D-03  0.126272D+01
  270.7888  0.722834D-03  0.737881D-03 -0.177393D+01
  271.1386  0.711682D-03  0.711198D-03  0.576961D-01
  271.4877  0.671366D-03  0.653914D-03  0.208080D+01
  271.8360  0.532308D-03  0.546174D-03 -0.171147D+01
  272.1836  0.489323D-03  0.501321D-03 -0.148099D+01
  272.5304  0.558805D-03  0.573102D-03 -0.168546D+01
  272.8766  0.650398D-03  0.679083D-03 -0.342007D+01
  273.2220  0.680516D-03  0.682982D-03 -0.284361D+00
  273.5668  0.560901D-03  0.561710D-03 -0.964358D-01
  273.9109  0.466830D-03  0.447513D-03  0.230318D+01
  274.2544  0.417936D-03  0.388013D-03  0.360861D+01
  274.5972  0.379621D-03  0.375055D-03  0.563606D+00
  274.9395  0.393441D-03  0.401805D-03 -0.986021D+00
   31 267.960 278.332 273.146  3.962D-01  0.000D+00  8.418D-03  0.000D+00  2.031D-03  1.513D+00 10300  2.088D-02
  267.9598  0.658118D-03  0.663044D-03 -0.594053D+00
  268.3165  0.681850D-03  0.659439D-03  0.270274D+01
  268.6724  0.655735D-03  0.665359D-03 -0.114743D+01
  269.0273  0.636292D-03  0.640834D-03 -0.541526D+00
  269.3813  0.634481D-03  0.641143D-03 -0.803483D+00
  269.7344  0.632956D-03  0.648242D-03 -0.186489D+01
  270.0867  0.751617D-03  0.727818D-03  0.280571D+01
  270.4382  0.774873D-03  0.774645D-03  0.265881D-01
  270.7888  0.722834D-03  0.739990D-03 -0.202248D+01
  271.1386  0.711682D-03  0.711250D-03  0.515997D-01
  271.4877  0.671366D-03  0.661479D-03  0.117881D+01
  271.8360  0.532308D-03  0.545079D-03 -0.157639D+01
  272.1836  0.489323D-03  0.477701D-03  0.143465D+01
  272.5304  0.558805D-03  0.545296D-03  0.159251D+01
  272.8766  0.650398D-03  0.661307D-03 -0.130072D+01
  273.2220  0.680516D-03  0.689588D-03 -0.104599D+01
  273.5668  0.560901D-03  0.566345D-03 -0.649076D+00
  273.9109  0.466830D-03  0.448090D-03  0.223437D+01
  274.2544  0.417936D-03  0.387759D-03  0.363924D+01
  274.5972  0.379621D-03  0.376976D-03  0.326478D+00
  274.9395  0.393441D-03  0.401558D-03 -0.956871D+00
  275.2811  0.497615D-03  0.486245D-03  0.128274D+01
  275.6222  0.544794D-03  0.549497D-03 -0.530586D+00
  275.9627  0.684138D-03  0.683734D-03  0.432043D-01
  276.3026  0.756288D-03  0.765696D-03 -0.977304D+00
  276.6420  0.803276D-03  0.803275D-03  0.855238D-04
  276.9809  0.777065D-03  0.807406D-03 -0.303181D+01
  277.3193  0.829105D-03  0.827841D-03  0.122795D+00
  277.6572  0.766867D-03  0.754673D-03  0.117376D+01
  277.9946  0.627428D-03  0.617574D-03  0.966232D+00
  278.3315  0.567382D-03  0.562435D-03  0.494334D+00
   31 271.488 281.677 276.582  4.179D-01  0.000D+00  1.152D-02  0.000D+00  2.182D-03  1.393D+00 10000  2.077D-02
  271.4877  0.671366D-03  0.660809D-03  0.125872D+01
  271.8360  0.532308D-03  0.549800D-03 -0.215911D+01
  272.1836  0.489323D-03  0.485958D-03  0.415416D+00
  272.5304  0.558805D-03  0.549071D-03  0.114747D+01
  272.8766  0.650398D-03  0.660552D-03 -0.121067D+01
  273.2220  0.680516D-03  0.686966D-03 -0.743690D+00
  273.5668  0.560901D-03  0.570386D-03 -0.113087D+01
  273.9109  0.466830D-03  0.452509D-03  0.170742D+01
  274.2544  0.417936D-03  0.390426D-03  0.331764D+01
  274.5972  0.379621D-03  0.377866D-03  0.216669D+00
  274.9395  0.393441D-03  0.403397D-03 -0.117368D+01
  275.2811  0.497615D-03  0.482325D-03  0.172505D+01
  275.6222  0.544794D-03  0.550984D-03 -0.698343D+00
  275.9627  0.684138D-03  0.677055D-03  0.758333D+00
  276.3026  0.756288D-03  0.761937D-03 -0.586838D+00
  276.6420  0.803276D-03  0.799601D-03  0.367173D+00
  276.9809  0.777065D-03  0.808246D-03 -0.311566D+01
  277.3193  0.829105D-03  0.824989D-03  0.399809D+00
  277.6572  0.766867D-03  0.756123D-03  0.103423D+01
  277.9946  0.627428D-03  0.627741D-03 -0.307121D-01
  278.3315  0.567382D-03  0.570747D-03 -0.336162D+00
  278.6680  0.535644D-03  0.534522D-03  0.108031D+00
  279.0040  0.438809D-03  0.433410D-03  0.560860D+00
  279.3395  0.341783D-03  0.323392D-03  0.194907D+01
  279.6747  0.262656D-03  0.272385D-03 -0.104055D+01
  280.0094  0.251352D-03  0.265765D-03 -0.159347D+01
  280.3437  0.289581D-03  0.298570D-03 -0.998987D+00
  280.6776  0.408405D-03  0.402644D-03  0.629643D+00
  281.0111  0.573101D-03  0.568004D-03  0.545723D+00
  281.3442  0.776398D-03  0.753421D-03  0.234054D+01
  281.6769  0.940141D-03  0.958356D-03 -0.182012D+01
   31 274.939 284.985 279.962  4.035D-01  0.000D+00  3.063D-03  0.000D+00  2.532D-03  1.743D+00 10300  2.543D-02
  274.9395  0.393441D-03  0.398166D-03 -0.557040D+00
  275.2811  0.497615D-03  0.479948D-03  0.199316D+01
  275.6222  0.544794D-03  0.545298D-03 -0.569034D-01
  275.9627  0.684138D-03  0.677131D-03  0.750171D+00
  276.3026  0.756288D-03  0.760122D-03 -0.398339D+00
  276.6420  0.803276D-03  0.799434D-03  0.383875D+00
  276.9809  0.777065D-03  0.808478D-03 -0.313885D+01
  277.3193  0.829105D-03  0.830670D-03 -0.152034D+00
  277.6572  0.766867D-03  0.759701D-03  0.689834D+00
  277.9946  0.627428D-03  0.627695D-03 -0.262229D-01
  278.3315  0.567382D-03  0.575266D-03 -0.787746D+00
  278.6680  0.535644D-03  0.540808D-03 -0.497053D+00
  279.0040  0.438809D-03  0.434774D-03  0.419161D+00
  279.3395  0.341783D-03  0.322328D-03  0.206187D+01
  279.6747  0.262656D-03  0.272578D-03 -0.106117D+01
  280.0094  0.251352D-03  0.265942D-03 -0.161304D+01
  280.3437  0.289581D-03  0.297648D-03 -0.896584D+00
  280.6776  0.408405D-03  0.401415D-03  0.763907D+00
  281.0111  0.573101D-03  0.563341D-03  0.104495D+01
  281.3442  0.776398D-03  0.739127D-03  0.379663D+01
  281.6769  0.940141D-03  0.930549D-03  0.958463D+00
  282.0093  0.108940D-02  0.108673D-02  0.254305D+00
  282.3414  0.120406D-02  0.118913D-02  0.142353D+01
  282.6730  0.127792D-02  0.125618D-02  0.200131D+01
  283.0044  0.134597D-02  0.136350D-02 -0.165632D+01
  283.3354  0.137113D-02  0.141266D-02 -0.382222D+01
  283.6660  0.132624D-02  0.137179D-02 -0.430513D+01
  283.9964  0.136561D-02  0.135621D-02  0.896570D+00
  284.3264  0.126563D-02  0.124723D-02  0.177031D+01
  284.6561  0.101372D-02  0.100790D-02  0.587716D+00
  284.9855  0.681946D-03  0.659718D-03  0.235568D+01
   31 278.332 288.263 283.297  3.968D-01  0.000D+00 -6.080D-03  0.000D+00  2.911D-03  1.655D+00 10300  1.027D-02
  278.3315  0.567382D-03  0.574618D-03 -0.723043D+00
  278.6680  0.535644D-03  0.542020D-03 -0.613707D+00
  279.0040  0.438809D-03  0.433968D-03  0.502834D+00
  279.3395  0.341783D-03  0.321524D-03  0.214705D+01
  279.6747  0.262656D-03  0.273617D-03 -0.117232D+01
  280.0094  0.251352D-03  0.267691D-03 -0.180636D+01
  280.3437  0.289581D-03  0.300177D-03 -0.117768D+01
  280.6776  0.408405D-03  0.406457D-03  0.212885D+00
  281.0111  0.573101D-03  0.569429D-03  0.393110D+00
  281.3442  0.776398D-03  0.744649D-03  0.323415D+01
  281.6769  0.940141D-03  0.935307D-03  0.483103D+00
  282.0093  0.108940D-02  0.108868D-02  0.681315D-01
  282.3414  0.120406D-02  0.118809D-02  0.152270D+01
  282.6730  0.127792D-02  0.125343D-02  0.225410D+01
  283.0044  0.134597D-02  0.136342D-02 -0.164894D+01
  283.3354  0.137113D-02  0.141084D-02 -0.365444D+01
  283.6660  0.132624D-02  0.137071D-02 -0.420317D+01
  283.9964  0.136561D-02  0.136133D-02  0.408057D+00
  284.3264  0.126563D-02  0.125350D-02  0.116762D+01
  284.6561  0.101372D-02  0.101429D-02 -0.570953D-01
  284.9855  0.681946D-03  0.661587D-03  0.215755D+01
  285.3146  0.511531D-03  0.497838D-03  0.154475D+01
  285.6434  0.769345D-03  0.766677D-03  0.288598D+00
  285.9719  0.127087D-02  0.125042D-02  0.195028D+01
  286.3000  0.162180D-02  0.161002D-02  0.107483D+01
  286.6280  0.173398D-02  0.173919D-02 -0.463504D+00
  286.9556  0.181967D-02  0.182957D-02 -0.851732D+00
  287.2830  0.197369D-02  0.198292D-02 -0.775394D+00
  287.6100  0.188343D-02  0.187658D-02  0.584445D+00
  287.9368  0.156271D-02  0.154553D-02  0.154028D+01
  288.2633  0.143023D-02  0.144977D-02 -0.179821D+01
   31 281.677 291.513 286.595  3.893D-01  0.000D+00 -9.882D-03  0.000D+00  3.391D-03  2.226D+00 10300  1.167D-02
  281.6769  0.940141D-03  0.936155D-03  0.398312D+00
  282.0093  0.108940D-02  0.108774D-02  0.157716D+00
  282.3414  0.120406D-02  0.118519D-02  0.179909D+01
  282.6730  0.127792D-02  0.124901D-02  0.266128D+01
  283.0044  0.134597D-02  0.136133D-02 -0.145146D+01
  283.3354  0.137113D-02  0.140817D-02 -0.340828D+01
  283.6660  0.132624D-02  0.136663D-02 -0.381704D+01
  283.9964  0.136561D-02  0.136107D-02  0.432543D+00
  284.3264  0.126563D-02  0.125280D-02  0.123425D+01
  284.6561  0.101372D-02  0.101321D-02  0.514751D-01
  284.9855  0.681946D-03  0.655968D-03  0.275313D+01
  285.3146  0.511531D-03  0.493096D-03  0.207979D+01
  285.6434  0.769345D-03  0.770804D-03 -0.157819D+00
  285.9719  0.127087D-02  0.126158D-02  0.885814D+00
  286.3000  0.162180D-02  0.162044D-02  0.123954D+00
  286.6280  0.173398D-02  0.174438D-02 -0.924823D+00
  286.9556  0.181967D-02  0.183220D-02 -0.107820D+01
  287.2830  0.197369D-02  0.198859D-02 -0.125122D+01
  287.6100  0.188343D-02  0.187446D-02  0.764543D+00
  287.9368  0.156271D-02  0.153292D-02  0.267136D+01
  288.2633  0.143023D-02  0.143348D-02 -0.299314D+00
  288.5896  0.200018D-02  0.194205D-02  0.442001D+01
  288.9155  0.232510D-02  0.229540D-02  0.219447D+01
  289.2412  0.248169D-02  0.247972D-02  0.143856D+00
  289.5666  0.284911D-02  0.288150D-02 -0.225028D+01
  289.8918  0.344356D-02  0.343085D-02  0.833681D+00
  290.2166  0.384005D-02  0.385061D-02 -0.692222D+00
  290.5412  0.394680D-02  0.400184D-02 -0.360899D+01
  290.8655  0.384291D-02  0.391751D-02 -0.489166D+01
  291.1896  0.398016D-02  0.395096D-02  0.191461D+01
  291.5134  0.404021D-02  0.397608D-02  0.420496D+01
   31 284.985 294.735 289.860  3.640D-01  0.000D+00 -1.899D-03  0.000D+00  4.078D-03  2.557D+00 10300  9.300D-03
  284.9855  0.681946D-03  0.669116D-03  0.135965D+01
  285.3146  0.511531D-03  0.477294D-03  0.386248D+01
  285.6434  0.769345D-03  0.762001D-03  0.794401D+00
  285.9719  0.127087D-02  0.127284D-02 -0.187824D+00
  286.3000  0.162180D-02  0.164239D-02 -0.187842D+01
  286.6280  0.173398D-02  0.175941D-02 -0.226085D+01
  286.9556  0.181967D-02  0.182995D-02 -0.884640D+00
  287.2830  0.197369D-02  0.201101D-02 -0.313293D+01
  287.6100  0.188343D-02  0.189586D-02 -0.106023D+01
  287.9368  0.156271D-02  0.153577D-02  0.241562D+01
  288.2633  0.143023D-02  0.138923D-02  0.377318D+01
  288.5896  0.200018D-02  0.194288D-02  0.435653D+01
  288.9155  0.232510D-02  0.229786D-02  0.201246D+01
  289.2412  0.248169D-02  0.245728D-02  0.177867D+01
  289.5666  0.284911D-02  0.285778D-02 -0.602533D+00
  289.8918  0.344356D-02  0.342129D-02  0.146067D+01
  290.2166  0.384005D-02  0.385092D-02 -0.712851D+00
  290.5412  0.394680D-02  0.401367D-02 -0.438505D+01
  290.8655  0.384291D-02  0.391028D-02 -0.441744D+01
  291.1896  0.398016D-02  0.395245D-02  0.181706D+01
  291.5134  0.404021D-02  0.399319D-02  0.308286D+01
  291.8368  0.391058D-02  0.392802D-02 -0.114319D+01
  292.1600  0.402019D-02  0.396692D-02  0.349326D+01
  292.4829  0.372949D-02  0.372462D-02  0.319493D+00
  292.8056  0.358462D-02  0.366993D-02 -0.559440D+01
  293.1279  0.427753D-02  0.430050D-02 -0.141788D+01
  293.4499  0.462732D-02  0.458236D-02  0.277466D+01
  293.7716  0.408786D-02  0.406546D-02  0.146915D+01
  294.0931  0.408786D-02  0.409879D-02 -0.716624D+00
  294.4142  0.455869D-02  0.452748D-02  0.192647D+01
  294.7350  0.437760D-02  0.440412D-02 -0.173897D+01
   31 288.263 297.924 293.094  3.352D-01  0.000D+00  8.636D-03  0.000D+00  5.010D-03  3.180D+00 10300  7.824D-03
  288.2633  0.143023D-02  0.135455D-02  0.696540D+01
  288.5896  0.200018D-02  0.198020D-02  0.151901D+01
  288.9155  0.232510D-02  0.234376D-02 -0.137902D+01
  289.2412  0.248169D-02  0.247598D-02  0.415923D+00
  289.5666  0.284911D-02  0.287296D-02 -0.165694D+01
  289.8918  0.344356D-02  0.345124D-02 -0.503409D+00
  290.2166  0.384005D-02  0.388681D-02 -0.306611D+01
  290.5412  0.394680D-02  0.405600D-02 -0.716091D+01
  290.8655  0.384291D-02  0.391199D-02 -0.452958D+01
  291.1896  0.398016D-02  0.394440D-02  0.234492D+01
  291.5134  0.404021D-02  0.399434D-02  0.300750D+01
  291.8368  0.391058D-02  0.389173D-02  0.123652D+01
  292.1600  0.402019D-02  0.396047D-02  0.391620D+01
  292.4829  0.372949D-02  0.369418D-02  0.231557D+01
  292.8056  0.358462D-02  0.357964D-02  0.326584D+00
  293.1279  0.427753D-02  0.425531D-02  0.137138D+01
  293.4499  0.462732D-02  0.460796D-02  0.119447D+01
  293.7716  0.408786D-02  0.401033D-02  0.508397D+01
  294.0931  0.408786D-02  0.404446D-02  0.284605D+01
  294.4142  0.455869D-02  0.454945D-02  0.570668D+00
  294.7350  0.437760D-02  0.442715D-02 -0.324907D+01
  295.0555  0.442335D-02  0.444451D-02 -0.130554D+01
  295.3756  0.514962D-02  0.515030D-02 -0.396735D-01
  295.6954  0.538885D-02  0.537889D-02  0.580436D+00
  296.0149  0.580154D-02  0.588397D-02 -0.480489D+01
  296.3340  0.592544D-02  0.598615D-02 -0.335220D+01
  296.6528  0.477791D-02  0.480478D-02 -0.165859D+01
  296.9712  0.440810D-02  0.447436D-02 -0.408944D+01
  297.2893  0.520204D-02  0.521995D-02 -0.104377D+01
  297.6069  0.690523D-02  0.685793D-02  0.248165D+01
  297.9242  0.754858D-02  0.744219D-02  0.531526D+01
   31 291.513 301.074 296.294  3.434D-01  0.000D+00  3.125D-03  0.000D+00  6.513D-03  5.125D+00 10000  9.317D-03
  291.5134  0.404021D-02  0.392253D-02  0.771687D+01
  291.8368  0.391058D-02  0.391454D-02 -0.259268D+00
  292.1600  0.402019D-02  0.402636D-02 -0.404468D+00
  292.4829  0.372949D-02  0.378621D-02 -0.371930D+01
  292.8056  0.358462D-02  0.369787D-02 -0.742636D+01
  293.1279  0.427753D-02  0.437483D-02 -0.600524D+01
  293.4499  0.462732D-02  0.468491D-02 -0.355445D+01
  293.7716  0.408786D-02  0.407265D-02  0.997603D+00
  294.0931  0.408786D-02  0.408410D-02  0.246913D+00
  294.4142  0.455869D-02  0.453487D-02  0.147057D+01
  294.7350  0.437760D-02  0.437509D-02  0.164662D+00
  295.0555  0.442335D-02  0.439596D-02  0.169039D+01
  295.3756  0.514962D-02  0.503396D-02  0.674173D+01
  295.6954  0.538885D-02  0.526027D-02  0.749451D+01
  296.0149  0.580154D-02  0.574244D-02  0.344469D+01
  296.3340  0.592544D-02  0.582215D-02  0.570426D+01
  296.6528  0.477791D-02  0.472818D-02  0.306924D+01
  296.9712  0.440810D-02  0.446303D-02 -0.338993D+01
  297.2893  0.520204D-02  0.528756D-02 -0.498518D+01
  297.6069  0.690523D-02  0.702988D-02 -0.653900D+01
  297.9242  0.754858D-02  0.770219D-02 -0.767483D+01
  298.2411  0.586921D-02  0.599298D-02 -0.683439D+01
  298.5576  0.517916D-02  0.520482D-02 -0.149547D+01
  298.8737  0.691191D-02  0.691632D-02 -0.231479D+00
  299.1893  0.863798D-02  0.853073D-02  0.511491D+01
  299.5045  0.871041D-02  0.852936D-02  0.863455D+01
  299.8193  0.939093D-02  0.939228D-02 -0.196650D-01
  300.1336  0.791457D-02  0.831576D-02 -0.584624D+01
  300.4474  0.898300D-02  0.933577D-02 -0.507024D+01
  300.7608  0.109807D-01  0.114590D-01 -0.678117D+01
  301.0737  0.139401D-01  0.132939D-01  0.903915D+01
   31 294.735 304.173 299.454  3.360D-01  0.000D+00 -2.802D-03  0.000D+00  1.133D-02  1.578D+01 10300  2.336D-02
  294.7350  0.437760D-02  0.407668D-02  0.197335D+02
  295.0555  0.442335D-02  0.438198D-02  0.255363D+01
  295.3756  0.514962D-02  0.522520D-02 -0.440558D+01
  295.6954  0.538885D-02  0.554235D-02 -0.894765D+01
  296.0149  0.580154D-02  0.608028D-02 -0.162476D+02
  296.3340  0.592544D-02  0.611026D-02 -0.102056D+02
  296.6528  0.477791D-02  0.483994D-02 -0.382843D+01
  296.9712  0.440810D-02  0.451505D-02 -0.660080D+01
  297.2893  0.520204D-02  0.525491D-02 -0.308204D+01
  297.6069  0.690523D-02  0.688873D-02  0.866065D+00
  297.9242  0.754858D-02  0.740583D-02  0.713217D+01
  298.2411  0.586921D-02  0.564776D-02  0.122290D+02
  298.5576  0.517916D-02  0.491831D-02  0.152048D+02
  298.8737  0.691191D-02  0.665994D-02  0.132181D+02
  299.1893  0.863798D-02  0.831093D-02  0.155970D+02
  299.5045  0.871041D-02  0.843322D-02  0.132195D+02
  299.8193  0.939093D-02  0.962338D-02 -0.338734D+01
  300.1336  0.791457D-02  0.869776D-02 -0.114128D+02
  300.4474  0.898300D-02  0.102653D-01 -0.184296D+02
  300.7608  0.109807D-01  0.131024D-01 -0.300828D+02
  301.0737  0.139401D-01  0.158585D-01 -0.268373D+02
  301.3860  0.174609D-01  0.194951D-01 -0.280835D+02
  301.6979  0.173798D-01  0.196067D-01 -0.307426D+02
  302.0092  0.149466D-01  0.165911D-01 -0.230064D+02
  302.3200  0.200828D-01  0.212953D-01 -0.165207D+02
  302.6302  0.296148D-01  0.304680D-01 -0.111893D+02
  302.9399  0.403163D-01  0.394289D-01  0.116378D+02
  303.2490  0.489133D-01  0.468091D-01  0.275969D+02
  303.5575  0.530974D-01  0.525560D-01  0.710097D+01
  303.8653  0.504001D-01  0.505909D-01 -0.250236D+01
  304.1725  0.556231D-01  0.551352D-01  0.639847D+01
   31 297.924 307.207 302.565  3.359D-01  0.000D+00 -1.477D-02  0.000D+00  3.464D-02  3.695D+01 10300  2.685D-02
  297.9242  0.754858D-02  0.778229D-02 -0.116765D+02
  298.2411  0.586921D-02  0.587283D-02 -0.200084D+00
  298.5576  0.517916D-02  0.513736D-02  0.243658D+01
  298.8737  0.691191D-02  0.689379D-02  0.950538D+00
  299.1893  0.863798D-02  0.833185D-02  0.145997D+02
  299.5045  0.871041D-02  0.830294D-02  0.194331D+02
  299.8193  0.939093D-02  0.928698D-02  0.151475D+01
  300.1336  0.791457D-02  0.824384D-02 -0.479818D+01
  300.4474  0.898300D-02  0.979940D-02 -0.117339D+02
  300.7608  0.109807D-01  0.123654D-01 -0.196331D+02
  301.0737  0.139401D-01  0.150270D-01 -0.152052D+02
  301.3860  0.174609D-01  0.184640D-01 -0.138482D+02
  301.6979  0.173798D-01  0.185212D-01 -0.157570D+02
  302.0092  0.149466D-01  0.158879D-01 -0.131684D+02
  302.3200  0.200828D-01  0.210008D-01 -0.125076D+02
  302.6302  0.296148D-01  0.303101D-01 -0.911908D+01
  302.9399  0.403163D-01  0.396230D-01  0.909193D+01
  303.2490  0.489133D-01  0.476875D-01  0.160755D+02
  303.5575  0.530974D-01  0.539871D-01 -0.116684D+02
  303.8653  0.504001D-01  0.527009D-01 -0.301752D+02
  304.1725  0.556231D-01  0.586837D-01 -0.401403D+02
  304.4791  0.693097D-01  0.719757D-01 -0.310799D+02
  304.7851  0.827961D-01  0.786694D-01  0.481086D+02
  305.0903  0.104460D+00  0.946094D-01  0.103355D+03
  305.3948  0.112981D+00  0.107254D+00  0.600843D+02
  305.6987  0.978551D-01  0.957467D-01  0.221221D+02
  306.0018  0.989131D-01  0.991274D-01 -0.224887D+01
  306.3042  0.117727D+00  0.128054D+00 -0.984975D+02
  306.6057  0.124542D+00  0.133786D+00 -0.808213D+02
  306.9066  0.153126D+00  0.153493D+00 -0.296182D+01
  307.2066  0.193604D+00  0.186739D+00  0.514466D+02
   30 301.074 309.867 305.470  3.335D-01  0.000D+00 -3.744D-02  0.000D+00  1.060D-01  5.217D+01 10000  3.487D-02
  301.0737  0.139401D-01  0.139764D-01 -0.508203D+00
  301.3860  0.174609D-01  0.171079D-01  0.487285D+01
  301.6979  0.173798D-01  0.170180D-01  0.499484D+01
  302.0092  0.149466D-01  0.149049D-01  0.583458D+00
  302.3200  0.200828D-01  0.206616D-01 -0.788652D+01
  302.6302  0.296148D-01  0.299543D-01 -0.445177D+01
  302.9399  0.403163D-01  0.393203D-01  0.130625D+02
  303.2490  0.489133D-01  0.477109D-01  0.157685D+02
  303.5575  0.530974D-01  0.537585D-01 -0.867001D+01
  303.8653  0.504001D-01  0.527042D-01 -0.302184D+02
  304.1725  0.556231D-01  0.596897D-01 -0.533331D+02
  304.4791  0.693097D-01  0.732840D-01 -0.463323D+02
  304.7851  0.827961D-01  0.795807D-01  0.374845D+02
  305.0903  0.104460D+00  0.968146D-01  0.802178D+02
  305.3948  0.112981D+00  0.107533D+00  0.571598D+02
  305.6987  0.978551D-01  0.947541D-01  0.325362D+02
  306.0018  0.989131D-01  0.100735D+00 -0.191140D+02
  306.3042  0.117727D+00  0.128699D+00 -0.104648D+03
  306.6057  0.124542D+00  0.132509D+00 -0.696558D+02
  306.9066  0.153126D+00  0.153643D+00 -0.417182D+01
  307.2066  0.193604D+00  0.184470D+00  0.684491D+02
  307.5058  0.212599D+00  0.197413D+00  0.995849D+02
  307.8041  0.224799D+00  0.216304D+00  0.557052D+02
  308.1016  0.227258D+00  0.231570D+00 -0.266120D+02
  308.3982  0.242775D+00  0.254101D+00 -0.625481D+02
  308.6939  0.262780D+00  0.276383D+00 -0.679621D+02
  308.9887  0.241535D+00  0.254861D+00 -0.665753D+02
  309.2825  0.227820D+00  0.234424D+00 -0.301241D+02
  309.5754  0.265840D+00  0.254994D+00  0.437653D+02
  309.8672  0.286446D+00  0.255471D+00  0.112063D+03
   20 304.173 309.867 307.020  3.386D-01  0.000D+00 -5.115D-02  0.000D+00  1.688D-01  5.954D+01 10000  4.491D-02
  304.1725  0.556231D-01  0.559816D-01 -0.470176D+01
  304.4791  0.693097D-01  0.721667D-01 -0.333066D+02
  304.7851  0.827961D-01  0.807735D-01  0.235792D+02
  305.0903  0.104460D+00  0.997682D-01  0.492277D+02
  305.3948  0.112981D+00  0.109656D+00  0.348825D+02
  305.6987  0.978551D-01  0.964263D-01  0.149916D+02
  306.0018  0.989131D-01  0.103730D+00 -0.505352D+02
  306.3042  0.117727D+00  0.129837D+00 -0.115507D+03
  306.6057  0.124542D+00  0.132770D+00 -0.719396D+02
  306.9066  0.153126D+00  0.153958D+00 -0.672015D+01
  307.2066  0.193604D+00  0.182496D+00  0.832451D+02
  307.5058  0.212599D+00  0.194694D+00  0.117413D+03
  307.8041  0.224799D+00  0.213163D+00  0.763012D+02
  308.1016  0.227258D+00  0.228035D+00 -0.479464D+01
  308.3982  0.242775D+00  0.252158D+00 -0.518150D+02
  308.6939  0.262780D+00  0.273343D+00 -0.527722D+02
  308.9887  0.241535D+00  0.253377D+00 -0.591620D+02
  309.2825  0.227820D+00  0.237542D+00 -0.443491D+02
  309.5754  0.265840D+00  0.261272D+00  0.184337D+02
  309.8672  0.286446D+00  0.264363D+00  0.798939D+02
   31 310.219 314.958 312.588  2.755D-01  0.000D+00 -1.335D-02  0.000D+00  6.051D-01  5.315D+01 10000  2.182D-02
  310.2186  0.349169D+00  0.347925D+00  0.194299D+01
  310.3777  0.444384D+00  0.447220D+00 -0.467462D+01
  310.5367  0.559138D+00  0.548912D+00  0.168598D+02
  310.6957  0.632622D+00  0.617949D+00  0.241908D+02
  310.8546  0.679325D+00  0.663175D+00  0.266245D+02
  311.0134  0.696004D+00  0.680118D+00  0.277310D+02
  311.1721  0.688665D+00  0.683930D+00  0.878217D+01
  311.3307  0.665647D+00  0.689520D+00 -0.442768D+02
  311.4893  0.646347D+00  0.682039D+00 -0.661990D+02
  311.6478  0.606412D+00  0.650387D+00 -0.815625D+02
  311.8062  0.575293D+00  0.603436D+00 -0.556778D+02
  311.9645  0.554039D+00  0.568481D+00 -0.306129D+02
  312.1228  0.564666D+00  0.568256D+00 -0.710118D+01
  312.2809  0.622472D+00  0.605295D+00  0.339824D+02
  312.4391  0.676418D+00  0.649019D+00  0.508174D+02
  312.5971  0.709204D+00  0.667114D+00  0.780676D+02
  312.7550  0.722738D+00  0.680590D+00  0.781740D+02
  312.9129  0.751427D+00  0.703327D+00  0.892132D+02
  313.0707  0.765294D+00  0.717039D+00  0.895022D+02
  313.2284  0.745994D+00  0.718963D+00  0.501361D+02
  313.3860  0.713970D+00  0.726079D+00 -0.224603D+02
  313.5436  0.713875D+00  0.761993D+00 -0.892480D+02
  313.7010  0.775683D+00  0.835162D+00 -0.110319D+03
  313.8584  0.871565D+00  0.920503D+00 -0.907668D+02
  314.0157  0.949577D+00  0.967896D+00 -0.339769D+02
  314.1730  0.949434D+00  0.936937D+00  0.231792D+02
  314.3302  0.830534D+00  0.820890D+00  0.178883D+02
  314.4873  0.733365D+00  0.719753D+00  0.252483D+02
  314.6443  0.761244D+00  0.755850D+00  0.100050D+02
  314.8012  0.923843D+00  0.898339D+00  0.445222D+02
  314.9581  0.103783D+01  0.103830D+01 -0.813573D+00
   31 311.806 316.523 314.164  2.617D-01  0.000D+00 -3.993D-02  0.000D+00  7.564D-01  6.725D+01 10300  2.359D-02
  311.8062  0.575293D+00  0.593248D+00 -0.355215D+02
  311.9645  0.554039D+00  0.562938D+00 -0.188622D+02
  312.1228  0.564666D+00  0.571026D+00 -0.125831D+02
  312.2809  0.622472D+00  0.617764D+00  0.931312D+01
  312.4391  0.676418D+00  0.662706D+00  0.254320D+02
  312.5971  0.709204D+00  0.676553D+00  0.605593D+02
  312.7550  0.722738D+00  0.693132D+00  0.549129D+02
  312.9129  0.751427D+00  0.719273D+00  0.596377D+02
  313.0707  0.765294D+00  0.730904D+00  0.637860D+02
  313.2284  0.745994D+00  0.730704D+00  0.283589D+02
  313.3860  0.713970D+00  0.738553D+00 -0.455959D+02
  313.5436  0.713875D+00  0.779777D+00 -0.122232D+03
  313.7010  0.775683D+00  0.858539D+00 -0.153676D+03
  313.8584  0.871565D+00  0.941372D+00 -0.129474D+03
  314.0157  0.949577D+00  0.974302D+00 -0.458587D+02
  314.1730  0.949434D+00  0.920674D+00  0.533427D+02
  314.3302  0.830534D+00  0.780747D+00  0.923436D+02
  314.4873  0.733365D+00  0.681529D+00  0.961427D+02
  314.6443  0.761244D+00  0.738527D+00  0.421338D+02
  314.8012  0.923843D+00  0.877795D+00  0.803838D+02
  314.9581  0.103783D+01  0.990326D+00  0.829332D+02
  315.1149  0.108325D+01  0.104110D+01  0.694861D+02
  315.2716  0.106524D+01  0.105369D+01  0.190377D+02
  315.4282  0.101000D+01  0.103665D+01 -0.465199D+02
  315.5848  0.917124D+00  0.959876D+00 -0.746306D+02
  315.7412  0.784547D+00  0.826948D+00 -0.786428D+02
  315.8976  0.699387D+00  0.724479D+00 -0.465389D+02
  316.0540  0.706536D+00  0.731372D+00 -0.460650D+02
  316.2103  0.828342D+00  0.834938D+00 -0.115131D+02
  316.3664  0.972023D+00  0.964267D+00  0.135393D+02
  316.5225  0.108792D+01  0.105143D+01  0.601623D+02
   31 313.386 318.079 315.733  2.805D-01  0.000D+00 -5.541D-02  0.000D+00  9.190D-01  5.471D+01 10300  1.704D-02
  313.3860  0.713970D+00  0.669153D+00  0.831242D+02
  313.5436  0.713875D+00  0.732693D+00 -0.349029D+02
  313.7010  0.775683D+00  0.825708D+00 -0.927830D+02
  313.8584  0.871565D+00  0.915238D+00 -0.810021D+02
  314.0157  0.949577D+00  0.952420D+00 -0.527236D+01
  314.1730  0.949434D+00  0.901435D+00  0.890265D+02
  314.3302  0.830534D+00  0.780050D+00  0.936350D+02
  314.4873  0.733365D+00  0.707984D+00  0.470754D+02
  314.6443  0.761244D+00  0.772580D+00 -0.210254D+02
  314.8012  0.923843D+00  0.906638D+00  0.300348D+02
  314.9581  0.103783D+01  0.101331D+01  0.428173D+02
  315.1149  0.108325D+01  0.106262D+01  0.340146D+02
  315.2716  0.106524D+01  0.107097D+01 -0.944902D+01
  315.4282  0.101000D+01  0.104263D+01 -0.569485D+02
  315.5848  0.917124D+00  0.954878D+00 -0.659060D+02
  315.7412  0.784547D+00  0.825116D+00 -0.752454D+02
  315.8976  0.699387D+00  0.735028D+00 -0.661051D+02
  316.0540  0.706536D+00  0.747029D+00 -0.751046D+02
  316.2103  0.828342D+00  0.845478D+00 -0.299123D+02
  316.3664  0.972023D+00  0.961063D+00  0.191310D+02
  316.5225  0.108792D+01  0.104170D+01  0.762015D+02
  316.6786  0.116012D+01  0.109986D+01  0.993510D+02
  316.8345  0.120625D+01  0.117278D+01  0.522809D+02
  316.9904  0.129045D+01  0.128675D+01  0.578464D+01
  317.1462  0.139916D+01  0.141315D+01 -0.207693D+02
  317.3019  0.148298D+01  0.147618D+01  0.100888D+02
  317.4576  0.146163D+01  0.147455D+01 -0.191716D+02
  317.6132  0.141360D+01  0.143663D+01 -0.341842D+02
  317.7687  0.130942D+01  0.131866D+01 -0.137060D+02
  317.9241  0.115163D+01  0.113467D+01  0.279777D+02
  318.0795  0.100319D+01  0.101023D+01 -0.116001D+02
   31 314.958 319.629 317.294  2.523D-01  0.000D+00 -4.613D-02  0.000D+00  1.034D+00  8.113D+01   300  2.374D-02
  314.9581  0.103783D+01  0.104431D+01 -0.113101D+02
  315.1149  0.108325D+01  0.107092D+01  0.203300D+02
  315.2716  0.106524D+01  0.106446D+01  0.127959D+01
  315.4282  0.101000D+01  0.103297D+01 -0.400921D+02
  315.5848  0.917124D+00  0.943530D+00 -0.460952D+02
  315.7412  0.784547D+00  0.800582D+00 -0.297406D+02
  315.8976  0.699387D+00  0.695460D+00  0.728438D+01
  316.0540  0.706536D+00  0.705650D+00  0.164252D+01
  316.2103  0.828342D+00  0.810970D+00  0.303261D+02
  316.3664  0.972023D+00  0.939752D+00  0.563331D+02
  316.5225  0.108792D+01  0.102310D+01  0.106860D+03
  316.6786  0.116012D+01  0.108193D+01  0.128909D+03
  316.8345  0.120625D+01  0.115415D+01  0.813751D+02
  316.9904  0.129045D+01  0.127853D+01  0.186232D+02
  317.1462  0.139916D+01  0.143328D+01 -0.506277D+02
  317.3019  0.148298D+01  0.151171D+01 -0.426204D+02
  317.4576  0.146163D+01  0.151269D+01 -0.757576D+02
  317.6132  0.141360D+01  0.149577D+01 -0.121931D+03
  317.7687  0.130942D+01  0.138888D+01 -0.117896D+03
  317.9241  0.115163D+01  0.117507D+01 -0.386338D+02
  318.0795  0.100319D+01  0.102732D+01 -0.397808D+02
  318.2347  0.100371D+01  0.103186D+01 -0.464012D+02
  318.3900  0.112576D+01  0.113311D+01 -0.121185D+02
  318.5451  0.128059D+01  0.126684D+01  0.214798D+02
  318.7001  0.142432D+01  0.140037D+01  0.355327D+02
  318.8551  0.159035D+01  0.152321D+01  0.948767D+02
  319.0101  0.163910D+01  0.152829D+01  0.156584D+03
  319.1649  0.148622D+01  0.135668D+01  0.192219D+03
  319.3196  0.126286D+01  0.122348D+01  0.584326D+02
  319.4744  0.119962D+01  0.127527D+01 -0.118151D+03
  319.6290  0.129875D+01  0.140182D+01 -0.160986D+03
   31 316.523 321.171 318.847  2.544D-01  0.000D+00 -2.932D-03  0.000D+00  1.147D+00  1.126D+02 10300  3.382D-02
  316.5225  0.108792D+01  0.104577D+01  0.694863D+02
  316.6786  0.116012D+01  0.110681D+01  0.878855D+02
  316.8345  0.120625D+01  0.117069D+01  0.555328D+02
  316.9904  0.129045D+01  0.127455D+01  0.248371D+02
  317.1462  0.139916D+01  0.142577D+01 -0.394967D+02
  317.3019  0.148298D+01  0.152463D+01 -0.617917D+02
  317.4576  0.146163D+01  0.152949D+01 -0.100694D+03
  317.6132  0.141360D+01  0.150695D+01 -0.138520D+03
  317.7687  0.130942D+01  0.142442D+01 -0.170632D+03
  317.9241  0.115163D+01  0.122264D+01 -0.117065D+03
  318.0795  0.100319D+01  0.103602D+01 -0.541256D+02
  318.2347  0.100371D+01  0.995205D+00  0.140278D+02
  318.3900  0.112576D+01  0.106965D+01  0.925054D+02
  318.5451  0.128059D+01  0.119052D+01  0.140682D+03
  318.7001  0.142432D+01  0.131723D+01  0.158903D+03
  318.8551  0.159035D+01  0.144116D+01  0.210825D+03
  319.0101  0.163910D+01  0.149114D+01  0.209088D+03
  319.1649  0.148622D+01  0.136567D+01  0.178872D+03
  319.3196  0.126286D+01  0.120697D+01  0.829309D+02
  319.4744  0.119962D+01  0.121734D+01 -0.276716D+02
  319.6290  0.129875D+01  0.133999D+01 -0.644214D+02
  319.7835  0.144514D+01  0.148870D+01 -0.615580D+02
  319.9380  0.151453D+01  0.161524D+01 -0.142323D+03
  320.0924  0.155608D+01  0.166923D+01 -0.159896D+03
  320.2467  0.160093D+01  0.172254D+01 -0.171862D+03
  320.4010  0.175223D+01  0.182211D+01 -0.942597D+02
  320.5551  0.188943D+01  0.190852D+01 -0.246281D+02
  320.7092  0.193804D+01  0.191545D+01  0.291471D+02
  320.8633  0.184478D+01  0.180084D+01  0.592674D+02
  321.0173  0.166955D+01  0.160004D+01  0.937627D+02
  321.1711  0.149327D+01  0.142599D+01  0.950814D+02
   31 318.079 322.706 320.393  2.331D-01  0.000D+00  1.017D-02  0.000D+00  1.274D+00  1.111D+02 10300  3.174D-02
  318.0795  0.100319D+01  0.112772D+01 -0.205318D+03
  318.2347  0.100371D+01  0.105364D+01 -0.823124D+02
  318.3900  0.112576D+01  0.111764D+01  0.133885D+02
  318.5451  0.128059D+01  0.123148D+01  0.767058D+02
  318.7001  0.142432D+01  0.134809D+01  0.113110D+03
  318.8551  0.159035D+01  0.147115D+01  0.168450D+03
  319.0101  0.163910D+01  0.154422D+01  0.134077D+03
  319.1649  0.148622D+01  0.140875D+01  0.114960D+03
  319.3196  0.126286D+01  0.120480D+01  0.861588D+02
  319.4744  0.119962D+01  0.120805D+01 -0.131575D+02
  319.6290  0.129875D+01  0.134008D+01 -0.645605D+02
  319.7835  0.144514D+01  0.148902D+01 -0.620031D+02
  319.9380  0.151453D+01  0.163343D+01 -0.168018D+03
  320.0924  0.155608D+01  0.168198D+01 -0.177915D+03
  320.2467  0.160093D+01  0.172370D+01 -0.173492D+03
  320.4010  0.175223D+01  0.182724D+01 -0.101182D+03
  320.5551  0.188943D+01  0.192239D+01 -0.425279D+02
  320.7092  0.193804D+01  0.193672D+01  0.170170D+01
  320.8633  0.184478D+01  0.182250D+01  0.300478D+02
  321.0173  0.166955D+01  0.160111D+01  0.923154D+02
  321.1711  0.149327D+01  0.140170D+01  0.129403D+03
  321.3250  0.140692D+01  0.130854D+01  0.145975D+03
  321.4787  0.144996D+01  0.133541D+01  0.161871D+03
  321.6324  0.155737D+01  0.146130D+01  0.135763D+03
  321.7860  0.170172D+01  0.162429D+01  0.104444D+03
  321.9395  0.176767D+01  0.178034D+01 -0.170856D+02
  322.0930  0.172059D+01  0.182056D+01 -0.134849D+03
  322.2463  0.161327D+01  0.169836D+01 -0.114773D+03
  322.3997  0.155394D+01  0.157998D+01 -0.351218D+02
  322.5529  0.148660D+01  0.149694D+01 -0.146076D+02
  322.7061  0.137361D+01  0.134774D+01  0.383882D+02
   31 319.629 324.234 321.931  3.089D-01  0.000D+00 -2.915D-02  0.000D+00  1.339D+00  9.685D+01   300  3.976D-02
  319.6290  0.129875D+01  0.122668D+01  0.112561D+03
  319.7835  0.144514D+01  0.139543D+01  0.702460D+02
  319.9380  0.151453D+01  0.153903D+01 -0.346260D+02
  320.0924  0.155608D+01  0.164070D+01 -0.119577D+03
  320.2467  0.160093D+01  0.173396D+01 -0.187994D+03
  320.4010  0.175223D+01  0.183416D+01 -0.110514D+03
  320.5551  0.188943D+01  0.190035D+01 -0.140852D+02
  320.7092  0.193804D+01  0.187982D+01  0.751139D+02
  320.8633  0.184478D+01  0.175515D+01  0.120906D+03
  321.0173  0.166955D+01  0.157428D+01  0.128511D+03
  321.1711  0.149327D+01  0.142132D+01  0.101683D+03
  321.3250  0.140692D+01  0.136005D+01  0.695497D+02
  321.4787  0.144996D+01  0.140064D+01  0.696844D+02
  321.6324  0.155737D+01  0.151831D+01  0.551967D+02
  321.7860  0.170172D+01  0.166136D+01  0.544453D+02
  321.9395  0.176767D+01  0.176716D+01  0.693378D+00
  322.0930  0.172059D+01  0.177728D+01 -0.764699D+02
  322.2463  0.161327D+01  0.170877D+01 -0.128825D+03
  322.3997  0.155394D+01  0.162137D+01 -0.909554D+02
  322.5529  0.148660D+01  0.153004D+01 -0.613892D+02
  322.7061  0.137361D+01  0.142980D+01 -0.833659D+02
  322.8592  0.126410D+01  0.136471D+01 -0.149280D+03
  323.0122  0.133420D+01  0.138933D+01 -0.779056D+02
  323.1652  0.151925D+01  0.147828D+01  0.578923D+02
  323.3181  0.165321D+01  0.154847D+01  0.141275D+03
  323.4709  0.166917D+01  0.156808D+01  0.136364D+03
  323.6237  0.166336D+01  0.160266D+01  0.783190D+02
  323.7763  0.176138D+01  0.170089D+01  0.780559D+02
  323.9289  0.188529D+01  0.184670D+01  0.497822D+02
  324.0815  0.199709D+01  0.200615D+01 -0.112098D+02
  324.2339  0.203025D+01  0.214630D+01 -0.143496D+03
   31 321.171 325.755 323.463  2.377D-01  0.000D+00 -6.955D-02  0.000D+00  1.418D+00  8.671D+01   300  3.061D-02
  321.1711  0.149327D+01  0.144638D+01  0.662705D+02
  321.3250  0.140692D+01  0.137224D+01  0.514597D+02
  321.4787  0.144996D+01  0.142844D+01  0.303991D+02
  321.6324  0.155737D+01  0.155853D+01 -0.163951D+01
  321.7860  0.170172D+01  0.171011D+01 -0.113193D+02
  321.9395  0.176767D+01  0.181587D+01 -0.650061D+02
  322.0930  0.172059D+01  0.177120D+01 -0.682626D+02
  322.2463  0.161327D+01  0.165057D+01 -0.503070D+02
  322.3997  0.155394D+01  0.158921D+01 -0.475745D+02
  322.5529  0.148660D+01  0.150533D+01 -0.264666D+02
  322.7061  0.137361D+01  0.137844D+01 -0.715611D+01
  322.8592  0.126410D+01  0.131164D+01 -0.705415D+02
  323.0122  0.133420D+01  0.138505D+01 -0.718609D+02
  323.1652  0.151925D+01  0.154636D+01 -0.383191D+02
  323.3181  0.165321D+01  0.159060D+01  0.844442D+02
  323.4709  0.166917D+01  0.154332D+01  0.169759D+03
  323.6237  0.166336D+01  0.157163D+01  0.118354D+03
  323.7763  0.176138D+01  0.168333D+01  0.100715D+03
  323.9289  0.188529D+01  0.181426D+01  0.916404D+02
  324.0815  0.199709D+01  0.193883D+01  0.720303D+02
  324.2339  0.203025D+01  0.199614D+01  0.421755D+02
  324.3863  0.204460D+01  0.202373D+01  0.258013D+02
  324.5386  0.205623D+01  0.206980D+01 -0.167846D+02
  324.6909  0.198469D+01  0.200990D+01 -0.311680D+02
  324.8431  0.183820D+01  0.189238D+01 -0.669926D+02
  324.9952  0.173026D+01  0.187376D+01 -0.177432D+03
  325.1472  0.179784D+01  0.192790D+01 -0.167809D+03
  325.2992  0.192632D+01  0.200960D+01 -0.102973D+03
  325.4511  0.210998D+01  0.214715D+01 -0.441173D+02
  325.6030  0.230279D+01  0.228271D+01  0.238368D+02
  325.7547  0.249808D+01  0.231367D+01  0.210485D+03
   31 322.706 327.269 324.987  2.109D-01  0.000D+00 -7.609D-03  0.000D+00  1.504D+00  1.009D+02 10300  2.943D-02
  322.7061  0.137361D+01  0.142015D+01 -0.690453D+02
  322.8592  0.126410D+01  0.132591D+01 -0.917121D+02
  323.0122  0.133420D+01  0.134077D+01 -0.928836D+01
  323.1652  0.151925D+01  0.153262D+01 -0.188984D+02
  323.3181  0.165321D+01  0.166580D+01 -0.169859D+02
  323.4709  0.166917D+01  0.159909D+01  0.945319D+02
  323.6237  0.166336D+01  0.156812D+01  0.122874D+03
  323.7763  0.176138D+01  0.166344D+01  0.126378D+03
  323.9289  0.188529D+01  0.178690D+01  0.126938D+03
  324.0815  0.199709D+01  0.191738D+01  0.985519D+02
  324.2339  0.203025D+01  0.200447D+01  0.318757D+02
  324.3863  0.204460D+01  0.200115D+01  0.537212D+02
  324.5386  0.205623D+01  0.205778D+01 -0.192337D+01
  324.6909  0.198469D+01  0.206783D+01 -0.102795D+03
  324.8431  0.183820D+01  0.191914D+01 -0.100076D+03
  324.9952  0.173026D+01  0.185918D+01 -0.159405D+03
  325.1472  0.179784D+01  0.192117D+01 -0.159127D+03
  325.2992  0.192632D+01  0.201425D+01 -0.108724D+03
  325.4511  0.210998D+01  0.215906D+01 -0.582629D+02
  325.6030  0.230279D+01  0.240133D+01 -0.116969D+03
  325.7547  0.249808D+01  0.255310D+01 -0.627923D+02
  325.9064  0.264620D+01  0.262946D+01  0.183951D+02
  326.0580  0.274246D+01  0.269051D+01  0.570949D+02
  326.2096  0.277577D+01  0.265398D+01  0.133865D+03
  326.3611  0.268637D+01  0.257164D+01  0.126103D+03
  326.5125  0.263805D+01  0.247267D+01  0.181772D+03
  326.6638  0.269971D+01  0.257325D+01  0.138994D+03
  326.8151  0.282066D+01  0.278164D+01  0.399320D+02
  326.9663  0.279888D+01  0.281914D+01 -0.207300D+02
  327.1175  0.264081D+01  0.271680D+01 -0.805367D+02
  327.2686  0.256104D+01  0.271693D+01 -0.171342D+03
   31 324.234 328.776 326.505  2.468D-01  0.000D+00  3.687D-02  0.000D+00  1.575D+00  1.034D+02 10300  4.100D-02
  324.2339  0.203025D+01  0.193258D+01  0.120773D+03
  324.3863  0.204460D+01  0.196514D+01  0.982528D+02
  324.5386  0.205623D+01  0.199823D+01  0.717139D+02
  324.6909  0.198469D+01  0.202060D+01 -0.443961D+02
  324.8431  0.183820D+01  0.194318D+01 -0.129802D+03
  324.9952  0.173026D+01  0.186872D+01 -0.171197D+03
  325.1472  0.179784D+01  0.189851D+01 -0.129889D+03
  325.2992  0.192632D+01  0.199246D+01 -0.817839D+02
  325.4511  0.210998D+01  0.213497D+01 -0.296639D+02
  325.6030  0.230279D+01  0.234556D+01 -0.507658D+02
  325.7547  0.249808D+01  0.253505D+01 -0.421937D+02
  325.9064  0.264620D+01  0.264160D+01  0.504719D+01
  326.0580  0.274246D+01  0.270584D+01  0.402511D+02
  326.2096  0.277577D+01  0.269631D+01  0.873376D+02
  326.3611  0.268637D+01  0.262098D+01  0.718675D+02
  326.5125  0.263805D+01  0.252887D+01  0.119994D+03
  326.6638  0.269971D+01  0.254415D+01  0.170979D+03
  326.8151  0.282066D+01  0.267407D+01  0.150012D+03
  326.9663  0.279888D+01  0.272571D+01  0.748833D+02
  327.1175  0.264081D+01  0.264055D+01  0.274998D+00
  327.2686  0.256104D+01  0.256764D+01 -0.725815D+01
  327.4196  0.260478D+01  0.261099D+01 -0.681959D+01
  327.5705  0.264353D+01  0.266580D+01 -0.236075D+02
  327.7214  0.255579D+01  0.263178D+01 -0.805386D+02
  327.8721  0.241659D+01  0.255969D+01 -0.157275D+03
  328.0229  0.235412D+01  0.251390D+01 -0.175618D+03
  328.1735  0.235960D+01  0.249918D+01 -0.153421D+03
  328.3241  0.244438D+01  0.248539D+01 -0.450755D+02
  328.4747  0.247016D+01  0.244897D+01  0.224537D+02
  328.6251  0.240373D+01  0.233495D+01  0.728977D+02
  328.7755  0.238767D+01  0.219515D+01  0.211600D+03
   31 325.755 330.276 328.015  2.995D-01  0.000D+00 -9.531D-02  0.000D+00  1.600D+00  9.279D+01   300  4.238D-02
  325.7547  0.249808D+01  0.263855D+01 -0.160331D+03
  325.9064  0.264620D+01  0.271050D+01 -0.706728D+02
  326.0580  0.274246D+01  0.271641D+01  0.286348D+02
  326.2096  0.277577D+01  0.266113D+01  0.125998D+03
  326.3611  0.268637D+01  0.259630D+01  0.989984D+02
  326.5125  0.263805D+01  0.259765D+01  0.443987D+02
  326.6638  0.269971D+01  0.266757D+01  0.353242D+02
  326.8151  0.282066D+01  0.270806D+01  0.115222D+03
  326.9663  0.279888D+01  0.266601D+01  0.135966D+03
  327.1175  0.264081D+01  0.261226D+01  0.302584D+02
  327.2686  0.256104D+01  0.261793D+01 -0.625340D+02
  327.4196  0.260478D+01  0.264562D+01 -0.448838D+02
  327.5705  0.264353D+01  0.263250D+01  0.116866D+02
  327.7214  0.255579D+01  0.258300D+01 -0.288379D+02
  327.8721  0.241659D+01  0.254497D+01 -0.141094D+03
  328.0229  0.235412D+01  0.253029D+01 -0.193630D+03
  328.1735  0.235960D+01  0.252392D+01 -0.180608D+03
  328.3241  0.244438D+01  0.249754D+01 -0.584274D+02
  328.4747  0.247016D+01  0.242801D+01  0.446671D+02
  328.6251  0.240373D+01  0.236806D+01  0.378025D+02
  328.7755  0.238767D+01  0.243767D+01 -0.549613D+02
  328.9258  0.259163D+01  0.264499D+01 -0.546005D+02
  329.0761  0.289987D+01  0.285858D+01  0.510511D+02
  329.2263  0.311870D+01  0.300496D+01  0.135006D+03
  329.3764  0.320634D+01  0.309781D+01  0.128824D+03
  329.5264  0.325571D+01  0.315947D+01  0.114241D+03
  329.6764  0.326714D+01  0.321823D+01  0.580646D+02
  329.8264  0.327401D+01  0.330615D+01 -0.381613D+02
  329.9762  0.336303D+01  0.337954D+01 -0.245035D+02
  330.1260  0.331871D+01  0.334385D+01 -0.373107D+02
  330.2757  0.313147D+01  0.320062D+01 -0.820827D+02
   31 327.269 331.769 329.519  2.443D-01  0.000D+00 -5.557D-02  0.000D+00  1.683D+00  8.077D+01 10300  2.294D-02
  327.2686  0.256104D+01  0.248002D+01  0.890474D+02
  327.4196  0.260478D+01  0.256137D+01  0.477179D+02
  327.5705  0.264353D+01  0.257865D+01  0.687663D+02
  327.7214  0.255579D+01  0.253093D+01  0.263491D+02
  327.8721  0.241659D+01  0.249415D+01 -0.852466D+02
  328.0229  0.235412D+01  0.249929D+01 -0.159562D+03
  328.1735  0.235960D+01  0.251897D+01 -0.175171D+03
  328.3241  0.244438D+01  0.253081D+01 -0.949991D+02
  328.4747  0.247016D+01  0.248941D+01 -0.204061D+02
  328.6251  0.240373D+01  0.236611D+01  0.398683D+02
  328.7755  0.238767D+01  0.236598D+01  0.238355D+02
  328.9258  0.259163D+01  0.262217D+01 -0.312512D+02
  329.0761  0.289987D+01  0.289990D+01 -0.441582D-01
  329.2263  0.311870D+01  0.304650D+01  0.857058D+02
  329.3764  0.320634D+01  0.313887D+01  0.800894D+02
  329.5264  0.325571D+01  0.318334D+01  0.859037D+02
  329.6764  0.326714D+01  0.320008D+01  0.796037D+02
  329.8264  0.327401D+01  0.324838D+01  0.304156D+02
  329.9762  0.336303D+01  0.334027D+01  0.337656D+02
  330.1260  0.331871D+01  0.331424D+01  0.662246D+01
  330.2757  0.313147D+01  0.309039D+01  0.487612D+02
  330.4253  0.283515D+01  0.285156D+01 -0.162346D+02
  330.5749  0.259482D+01  0.264977D+01 -0.582310D+02
  330.7244  0.254188D+01  0.260587D+01 -0.678217D+02
  330.8739  0.262132D+01  0.277125D+01 -0.153424D+03
  331.0233  0.277472D+01  0.290281D+01 -0.131075D+03
  331.1726  0.278950D+01  0.286971D+01 -0.793505D+02
  331.3218  0.269233D+01  0.272622D+01 -0.346820D+02
  331.4710  0.263466D+01  0.261838D+01  0.166586D+02
  331.6201  0.270810D+01  0.265821D+01  0.510538D+02
  331.7692  0.288442D+01  0.274864D+01  0.138946D+03
   31 328.776 333.256 331.016  2.379D-01  0.000D+00 -7.774D-03  0.000D+00  1.665D+00  6.292D+01   300  1.458D-02
  328.7755  0.238767D+01  0.245516D+01 -0.741776D+02
  328.9258  0.259163D+01  0.263558D+01 -0.449697D+02
  329.0761  0.289987D+01  0.293758D+01 -0.466292D+02
  329.2263  0.311870D+01  0.309953D+01  0.227512D+02
  329.3764  0.320634D+01  0.317974D+01  0.315735D+02
  329.5264  0.325571D+01  0.321872D+01  0.439092D+02
  329.6764  0.326714D+01  0.321252D+01  0.648343D+02
  329.8264  0.327401D+01  0.322443D+01  0.588437D+02
  329.9762  0.336303D+01  0.329619D+01  0.991756D+02
  330.1260  0.331871D+01  0.332539D+01 -0.992399D+01
  330.2757  0.313147D+01  0.313401D+01 -0.302164D+01
  330.4253  0.283515D+01  0.288061D+01 -0.449668D+02
  330.5749  0.259482D+01  0.266525D+01 -0.746397D+02
  330.7244  0.254188D+01  0.254657D+01 -0.497528D+01
  330.8739  0.262132D+01  0.267697D+01 -0.569488D+02
  331.0233  0.277472D+01  0.286516D+01 -0.925495D+02
  331.1726  0.278950D+01  0.290305D+01 -0.112327D+03
  331.3218  0.269233D+01  0.280438D+01 -0.114668D+03
  331.4710  0.263466D+01  0.268928D+01 -0.558909D+02
  331.6201  0.270810D+01  0.271932D+01 -0.114824D+02
  331.7692  0.288442D+01  0.287313D+01  0.115575D+02
  331.9182  0.300733D+01  0.296074D+01  0.553064D+02
  332.0671  0.297364D+01  0.290169D+01  0.711649D+02
  332.2159  0.280317D+01  0.273683D+01  0.656229D+02
  332.3647  0.271654D+01  0.261929D+01  0.995143D+02
  332.5134  0.281814D+01  0.274678D+01  0.730159D+02
  332.6620  0.296625D+01  0.293589D+01  0.360369D+02
  332.8106  0.294552D+01  0.291560D+01  0.286450D+02
  332.9592  0.281318D+01  0.281818D+01 -0.494581D+01
  333.1076  0.281618D+01  0.286933D+01 -0.508801D+02
  333.2560  0.290215D+01  0.301161D+01 -0.104787D+03
   31 330.276 334.736 332.506  2.368D-01  0.000D+00  8.760D-03  0.000D+00  1.705D+00  6.006D+01 10300  1.436D-02
  330.2757  0.313147D+01  0.306468D+01  0.792771D+02
  330.4253  0.283515D+01  0.282848D+01  0.660218D+01
  330.5749  0.259482D+01  0.262884D+01 -0.360552D+02
  330.7244  0.254188D+01  0.250260D+01  0.416318D+02
  330.8739  0.262132D+01  0.262071D+01  0.619612D+00
  331.0233  0.277472D+01  0.282841D+01 -0.549399D+02
  331.1726  0.278950D+01  0.289510D+01 -0.104461D+03
  331.3218  0.269233D+01  0.281684D+01 -0.127418D+03
  331.4710  0.263466D+01  0.270133D+01 -0.682249D+02
  331.6201  0.270810D+01  0.271727D+01 -0.938270D+01
  331.7692  0.288442D+01  0.287214D+01  0.125683D+02
  331.9182  0.300733D+01  0.297796D+01  0.348549D+02
  332.0671  0.297364D+01  0.293333D+01  0.398688D+02
  332.2159  0.280317D+01  0.277087D+01  0.319538D+02
  332.3647  0.271654D+01  0.262788D+01  0.907189D+02
  332.5134  0.281814D+01  0.272111D+01  0.992834D+02
  332.6620  0.296625D+01  0.291161D+01  0.648620D+02
  332.8106  0.294552D+01  0.289864D+01  0.448724D+02
  332.9592  0.281318D+01  0.277580D+01  0.369796D+02
  333.1076  0.281618D+01  0.278455D+01  0.302841D+02
  333.2560  0.290215D+01  0.289890D+01  0.311748D+01
  333.4043  0.285793D+01  0.289402D+01 -0.345460D+02
  333.5526  0.261169D+01  0.268659D+01 -0.740909D+02
  333.7008  0.243299D+01  0.249258D+01 -0.609845D+02
  333.8489  0.247435D+01  0.256610D+01 -0.938872D+02
  333.9969  0.265234D+01  0.274619D+01 -0.898387D+02
  334.1450  0.275371D+01  0.281654D+01 -0.601476D+02
  334.2929  0.284220D+01  0.285586D+01 -0.130755D+02
  334.4407  0.299694D+01  0.298375D+01  0.156588D+02
  334.5886  0.313990D+01  0.309484D+01  0.514360D+02
  334.7363  0.307991D+01  0.303182D+01  0.548798D+02
   23 331.769 335.032 333.400  2.378D-01  0.000D+00 -6.987D-03  0.000D+00  1.705D+00  1.998D+01 10300  5.101D-03
  331.7692  0.288442D+01  0.288282D+01  0.164530D+01
  331.9182  0.300733D+01  0.301142D+01 -0.486147D+01
  332.0671  0.297364D+01  0.297618D+01 -0.251562D+01
  332.2159  0.280317D+01  0.281713D+01 -0.138067D+02
  332.3647  0.271654D+01  0.269326D+01  0.238156D+02
  332.5134  0.281814D+01  0.281096D+01  0.734841D+01
  332.6620  0.296625D+01  0.298264D+01 -0.194567D+02
  332.8106  0.294552D+01  0.293225D+01  0.127025D+02
  332.9592  0.281318D+01  0.279760D+01  0.154149D+02
  333.1076  0.281618D+01  0.280551D+01  0.102195D+02
  333.2560  0.290215D+01  0.289695D+01  0.497907D+01
  333.4043  0.285793D+01  0.285103D+01  0.660641D+01
  333.5526  0.261169D+01  0.261717D+01 -0.541614D+01
  333.7008  0.243299D+01  0.243826D+01 -0.539350D+01
  333.8489  0.247435D+01  0.252585D+01 -0.527035D+02
  333.9969  0.265234D+01  0.269305D+01 -0.389668D+02
  334.1450  0.275371D+01  0.275655D+01 -0.272630D+01
  334.2929  0.284220D+01  0.281731D+01  0.238283D+02
  334.4407  0.299694D+01  0.297540D+01  0.255718D+02
  334.5886  0.313990D+01  0.311173D+01  0.321522D+02
  334.7363  0.307991D+01  0.307776D+01  0.245372D+01
  334.8840  0.284663D+01  0.287063D+01 -0.222572D+02
  335.0316  0.276405D+01  0.278126D+01 -0.164805D+02
