 rad_fit_vary
           0
 T T
nwave fwave lwave wave    hwe     asym  shift    squeeze      sin      rms   exval 
   31 263.642 274.309 268.975  4.100D-01  0.000D+00 -4.757D-02  0.000D+00  2.556D-03  2.383D+00 10300  2.653D-02
  263.6418  0.921976D-03  0.909068D-03  0.945326D+00
  264.0118  0.117342D-02  0.113853D-02  0.240731D+01
  264.3807  0.110923D-02  0.113737D-02 -0.203308D+01
  264.7484  0.882036D-03  0.946011D-03 -0.538096D+01
  265.1150  0.972691D-03  0.909117D-03  0.575156D+01
  265.4804  0.104997D-02  0.103203D-02  0.170956D+01
  265.8447  0.100204D-02  0.103153D-02 -0.296682D+01
  266.2079  0.942782D-03  0.932899D-03  0.100382D+01
  266.5700  0.866338D-03  0.878122D-03 -0.129461D+01
  266.9311  0.873862D-03  0.884464D-03 -0.117679D+01
  267.2912  0.926713D-03  0.921892D-03  0.535127D+00
  267.6502  0.922255D-03  0.927290D-03 -0.570603D+00
  268.0083  0.854820D-03  0.868016D-03 -0.154414D+01
  268.3655  0.889838D-03  0.876494D-03  0.152826D+01
  268.7217  0.882314D-03  0.868946D-03  0.153108D+01
  269.0770  0.851198D-03  0.845365D-03  0.675239D+00
  269.4313  0.844696D-03  0.849239D-03 -0.525938D+00
  269.7849  0.871911D-03  0.889851D-03 -0.207675D+01
  270.1375  0.102322D-02  0.100387D-02  0.212594D+01
  270.4893  0.103576D-02  0.103558D-02  0.189308D-01
  270.8403  0.981051D-03  0.986378D-03 -0.591269D+00
  271.1905  0.978636D-03  0.956132D-03  0.244721D+01
  271.5399  0.893739D-03  0.861327D-03  0.371221D+01
  271.8885  0.707690D-03  0.704230D-03  0.414002D+00
  272.2364  0.665614D-03  0.677444D-03 -0.138437D+01
  272.5836  0.768066D-03  0.802088D-03 -0.393858D+01
  272.9300  0.918818D-03  0.949628D-03 -0.341966D+01
  273.2758  0.893367D-03  0.908968D-03 -0.173155D+01
  273.6208  0.724781D-03  0.723380D-03  0.165773D+00
  273.9652  0.604681D-03  0.582135D-03  0.266741D+01
  274.3090  0.548207D-03  0.520441D-03  0.324920D+01
   31 267.291 277.714 272.503  3.882D-01  0.000D+00 -3.768D-03  0.000D+00  2.732D-03  1.587D+00 10300  1.647D-02
  267.2912  0.926713D-03  0.901943D-03  0.274920D+01
  267.6502  0.922255D-03  0.933925D-03 -0.132255D+01
  268.0083  0.854820D-03  0.871098D-03 -0.190485D+01
  268.3655  0.889838D-03  0.882521D-03  0.837969D+00
  268.7217  0.882314D-03  0.884647D-03 -0.267155D+00
  269.0770  0.851198D-03  0.854661D-03 -0.400899D+00
  269.4313  0.844696D-03  0.859758D-03 -0.174371D+01
  269.7849  0.871911D-03  0.882367D-03 -0.121043D+01
  270.1375  0.102322D-02  0.100141D-02  0.239632D+01
  270.4893  0.103576D-02  0.104508D-02 -0.993094D+00
  270.8403  0.981051D-03  0.988920D-03 -0.873402D+00
  271.1905  0.978636D-03  0.958245D-03  0.221740D+01
  271.5399  0.893739D-03  0.874653D-03  0.218590D+01
  271.8885  0.707690D-03  0.707968D-03 -0.331526D-01
  272.2364  0.665614D-03  0.653376D-03  0.143201D+01
  272.5836  0.768066D-03  0.767829D-03  0.273694D-01
  272.9300  0.918818D-03  0.928258D-03 -0.104780D+01
  273.2758  0.893367D-03  0.919688D-03 -0.292131D+01
  273.6208  0.724781D-03  0.735007D-03 -0.120984D+01
  273.9652  0.604681D-03  0.587591D-03  0.202191D+01
  274.3090  0.548207D-03  0.521334D-03  0.314471D+01
  274.6521  0.516069D-03  0.515784D-03  0.344338D-01
  274.9946  0.552480D-03  0.565118D-03 -0.151179D+01
  275.3365  0.701932D-03  0.684380D-03  0.194809D+01
  275.6778  0.778376D-03  0.775494D-03  0.310302D+00
  276.0185  0.969069D-03  0.970112D-03 -0.108005D+00
  276.3587  0.104319D-02  0.105929D-02 -0.165027D+01
  276.6983  0.109604D-02  0.110076D-02 -0.461256D+00
  277.0374  0.108963D-02  0.110749D-02 -0.168606D+01
  277.3760  0.113710D-02  0.112838D-02  0.830212D+00
  277.7140  0.100882D-02  0.991427D-03  0.164294D+01
   31 270.840 281.069 275.955  4.117D-01  0.000D+00  3.686D-03  0.000D+00  2.934D-03  1.627D+00 10000  1.839D-02
  270.8403  0.981051D-03  0.997733D-03 -0.185160D+01
  271.1905  0.978636D-03  0.961836D-03  0.182689D+01
  271.5399  0.893739D-03  0.877701D-03  0.183690D+01
  271.8885  0.707690D-03  0.718812D-03 -0.133040D+01
  272.2364  0.665614D-03  0.661442D-03  0.488121D+00
  272.5836  0.768066D-03  0.767794D-03  0.314070D-01
  272.9300  0.918818D-03  0.918444D-03  0.414946D-01
  273.2758  0.893367D-03  0.913752D-03 -0.226246D+01
  273.6208  0.724781D-03  0.739331D-03 -0.172140D+01
  273.9652  0.604681D-03  0.591157D-03  0.159997D+01
  274.3090  0.548207D-03  0.522011D-03  0.306548D+01
  274.6521  0.516069D-03  0.514590D-03  0.178826D+00
  274.9946  0.552480D-03  0.564149D-03 -0.139594D+01
  275.3365  0.701932D-03  0.676313D-03  0.284345D+01
  275.6778  0.778376D-03  0.776240D-03  0.229939D+00
  276.0185  0.969069D-03  0.957972D-03  0.114869D+01
  276.3587  0.104319D-02  0.105656D-02 -0.137066D+01
  276.6983  0.109604D-02  0.110018D-02 -0.405351D+00
  277.0374  0.108963D-02  0.111401D-02 -0.230194D+01
  277.3760  0.113710D-02  0.113107D-02  0.573985D+00
  277.7140  0.100882D-02  0.100665D-02  0.205634D+00
  278.0516  0.831970D-03  0.838416D-03 -0.648555D+00
  278.3886  0.770016D-03  0.780800D-03 -0.108507D+01
  278.7253  0.726825D-03  0.718569D-03  0.830656D+00
  279.0614  0.578209D-03  0.564635D-03  0.141883D+01
  279.3971  0.457366D-03  0.424598D-03  0.335973D+01
  279.7323  0.349062D-03  0.369873D-03 -0.230988D+01
  280.0671  0.374141D-03  0.369711D-03  0.496774D+00
  280.4015  0.447891D-03  0.429253D-03  0.198669D+01
  280.7354  0.606353D-03  0.594890D-03  0.120985D+01
  281.0690  0.808935D-03  0.828850D-03 -0.204197D+01
   31 274.309 284.384 279.347  4.001D-01  0.000D+00 -2.054D-03  0.000D+00  3.345D-03  2.507D+00 10300  3.325D-02
  274.3090  0.548207D-03  0.527380D-03  0.243716D+01
  274.6521  0.516069D-03  0.518746D-03 -0.323816D+00
  274.9946  0.552480D-03  0.567371D-03 -0.178132D+01
  275.3365  0.701932D-03  0.681989D-03  0.221337D+01
  275.6778  0.778376D-03  0.777844D-03  0.572485D-01
  276.0185  0.969069D-03  0.965741D-03  0.344469D+00
  276.3587  0.104319D-02  0.106028D-02 -0.175268D+01
  276.6983  0.109604D-02  0.110371D-02 -0.750886D+00
  277.0374  0.108963D-02  0.111618D-02 -0.250703D+01
  277.3760  0.113710D-02  0.113688D-02  0.211245D-01
  277.7140  0.100882D-02  0.100667D-02  0.203086D+00
  278.0516  0.831970D-03  0.834448D-03 -0.249274D+00
  278.3886  0.770016D-03  0.781097D-03 -0.111488D+01
  278.7253  0.726825D-03  0.718397D-03  0.847954D+00
  279.0614  0.578209D-03  0.559360D-03  0.197019D+01
  279.3971  0.457366D-03  0.418291D-03  0.400649D+01
  279.7323  0.349062D-03  0.364898D-03 -0.175764D+01
  280.0671  0.374141D-03  0.363594D-03  0.118279D+01
  280.4015  0.447891D-03  0.420016D-03  0.297136D+01
  280.7354  0.606353D-03  0.581228D-03  0.265193D+01
  281.0690  0.808935D-03  0.803985D-03  0.507536D+00
  281.4022  0.108434D-02  0.104623D-02  0.366286D+01
  281.7350  0.131386D-02  0.129950D-02  0.134439D+01
  282.0674  0.149294D-02  0.149527D-02 -0.210369D+00
  282.3994  0.161109D-02  0.161581D-02 -0.420356D+00
  282.7311  0.171261D-02  0.170823D-02  0.374218D+00
  283.0624  0.183949D-02  0.185461D-02 -0.131222D+01
  283.3934  0.179101D-02  0.188309D-02 -0.799476D+01
  283.7241  0.179528D-02  0.182935D-02 -0.295794D+01
  284.0544  0.183021D-02  0.179787D-02  0.285360D+01
  284.3844  0.167936D-02  0.161727D-02  0.547884D+01
   31 277.714 287.667 282.691  4.176D-01  0.000D+00 -1.197D-02  0.000D+00  3.824D-03  2.533D+00 10300  1.586D-02
  277.7140  0.100882D-02  0.100631D-02  0.237469D+00
  278.0516  0.831970D-03  0.844562D-03 -0.126692D+01
  278.3886  0.770016D-03  0.789010D-03 -0.191106D+01
  278.7253  0.726825D-03  0.720407D-03  0.645732D+00
  279.0614  0.578209D-03  0.562131D-03  0.168049D+01
  279.3971  0.457366D-03  0.423368D-03  0.348590D+01
  279.7323  0.349062D-03  0.369224D-03 -0.223782D+01
  280.0671  0.374141D-03  0.368794D-03  0.599642D+00
  280.4015  0.447891D-03  0.429101D-03  0.200294D+01
  280.7354  0.606353D-03  0.591275D-03  0.159145D+01
  281.0690  0.808935D-03  0.812274D-03 -0.342366D+00
  281.4022  0.108434D-02  0.105429D-02  0.288813D+01
  281.7350  0.131386D-02  0.130204D-02  0.110628D+01
  282.0674  0.149294D-02  0.149372D-02 -0.704001D-01
  282.3994  0.161109D-02  0.161320D-02 -0.188080D+00
  282.7311  0.171261D-02  0.171151D-02  0.939964D-01
  283.0624  0.183949D-02  0.185312D-02 -0.118340D+01
  283.3934  0.179101D-02  0.188288D-02 -0.797645D+01
  283.7241  0.179528D-02  0.184136D-02 -0.400040D+01
  284.0544  0.183021D-02  0.180808D-02  0.195240D+01
  284.3844  0.167936D-02  0.163011D-02  0.434578D+01
  284.7140  0.130475D-02  0.127164D-02  0.321161D+01
  285.0434  0.850269D-03  0.823779D-03  0.279602D+01
  285.3724  0.717072D-03  0.719585D-03 -0.276111D+00
  285.7011  0.119506D-02  0.115721D-02  0.360551D+01
  286.0296  0.181841D-02  0.178918D-02  0.262242D+01
  286.3577  0.221233D-02  0.221043D-02  0.161246D+00
  286.6855  0.232101D-02  0.235779D-02 -0.306925D+01
  287.0131  0.249090D-02  0.251329D-02 -0.181299D+01
  287.3404  0.265447D-02  0.266143D-02 -0.559518D+00
  287.6674  0.246433D-02  0.244865D-02  0.129836D+01
   31 281.069 290.922 285.996  3.962D-01  0.000D+00 -9.364D-03  0.000D+00  4.427D-03  2.643D+00 10300  1.091D-02
  281.0690  0.808935D-03  0.821608D-03 -0.129944D+01
  281.4022  0.108434D-02  0.105931D-02  0.240571D+01
  281.7350  0.131386D-02  0.130567D-02  0.766863D+00
  282.0674  0.149294D-02  0.149335D-02 -0.372133D-01
  282.3994  0.161109D-02  0.160722D-02  0.344134D+00
  282.7311  0.171261D-02  0.169763D-02  0.128013D+01
  283.0624  0.183949D-02  0.184650D-02 -0.608293D+00
  283.3934  0.179101D-02  0.187521D-02 -0.731043D+01
  283.7241  0.179528D-02  0.182941D-02 -0.296288D+01
  284.0544  0.183021D-02  0.180826D-02  0.193627D+01
  284.3844  0.167936D-02  0.163470D-02  0.394082D+01
  284.7140  0.130475D-02  0.127908D-02  0.249049D+01
  285.0434  0.850269D-03  0.812079D-03  0.403095D+01
  285.3724  0.717072D-03  0.694575D-03  0.247139D+01
  285.7011  0.119506D-02  0.114901D-02  0.438753D+01
  286.0296  0.181841D-02  0.180181D-02  0.148953D+01
  286.3577  0.221233D-02  0.222971D-02 -0.147282D+01
  286.6855  0.232101D-02  0.236363D-02 -0.355683D+01
  287.0131  0.249090D-02  0.251501D-02 -0.195240D+01
  287.3404  0.265447D-02  0.268231D-02 -0.223714D+01
  287.6674  0.246433D-02  0.245901D-02  0.440784D+00
  287.9940  0.200687D-02  0.199423D-02  0.111546D+01
  288.3205  0.200789D-02  0.201982D-02 -0.102678D+01
  288.6466  0.278534D-02  0.272320D-02  0.491947D+01
  288.9725  0.315530D-02  0.311666D-02  0.277350D+01
  289.2981  0.334200D-02  0.338723D-02 -0.324610D+01
  289.6234  0.395133D-02  0.396679D-02 -0.104051D+01
  289.9485  0.465261D-02  0.466892D-02 -0.103325D+01
  290.2733  0.513561D-02  0.514775D-02 -0.769200D+00
  290.5978  0.528330D-02  0.525378D-02  0.186896D+01
  290.9220  0.511053D-02  0.511393D-02 -0.215359D+00
   31 284.384 294.149 289.267  3.748D-01  0.000D+00 -7.411D-03  0.000D+00  5.245D-03  2.978D+00 10300  9.087D-03
  284.3844  0.167936D-02  0.168716D-02 -0.688202D+00
  284.7140  0.130475D-02  0.131919D-02 -0.139965D+01
  285.0434  0.850269D-03  0.815230D-03  0.369832D+01
  285.3724  0.717072D-03  0.678787D-03  0.420587D+01
  285.7011  0.119506D-02  0.115142D-02  0.415747D+01
  286.0296  0.181841D-02  0.182407D-02 -0.508089D+00
  286.3577  0.221233D-02  0.225146D-02 -0.331722D+01
  286.6855  0.232101D-02  0.236429D-02 -0.361212D+01
  287.0131  0.249090D-02  0.250562D-02 -0.119167D+01
  287.3404  0.265447D-02  0.269009D-02 -0.286202D+01
  287.6674  0.246433D-02  0.245871D-02  0.465622D+00
  287.9940  0.200687D-02  0.196196D-02  0.396374D+01
  288.3205  0.200789D-02  0.196665D-02  0.355255D+01
  288.6466  0.278534D-02  0.272180D-02  0.503005D+01
  288.9725  0.315530D-02  0.309959D-02  0.399865D+01
  289.2981  0.334200D-02  0.335204D-02 -0.720680D+00
  289.6234  0.395133D-02  0.394846D-02  0.192500D+00
  289.9485  0.465261D-02  0.467846D-02 -0.163699D+01
  290.2733  0.513561D-02  0.518676D-02 -0.323914D+01
  290.5978  0.528330D-02  0.532167D-02 -0.243001D+01
  290.9220  0.511053D-02  0.518448D-02 -0.468307D+01
  291.2460  0.529537D-02  0.528245D-02  0.818539D+00
  291.5697  0.531952D-02  0.527977D-02  0.251769D+01
  291.8932  0.526843D-02  0.523394D-02  0.218475D+01
  292.2163  0.527772D-02  0.522880D-02  0.292641D+01
  292.5392  0.488110D-02  0.488928D-02 -0.518038D+00
  292.8618  0.495077D-02  0.500334D-02 -0.332963D+01
  293.1841  0.587126D-02  0.587064D-02  0.371645D-01
  293.5062  0.609325D-02  0.598784D-02  0.597307D+01
  293.8279  0.530002D-02  0.535148D-02 -0.307816D+01
  294.1494  0.556567D-02  0.558763D-02 -0.131366D+01
   31 287.667 297.347 292.507  3.520D-01  0.000D+00 -1.501D-03  0.000D+00  6.418D-03  2.993D+00 10300  7.019D-03
  287.6674  0.246433D-02  0.250405D-02 -0.328925D+01
  287.9940  0.200687D-02  0.197363D-02  0.293329D+01
  288.3205  0.200789D-02  0.193560D-02  0.622648D+01
  288.6466  0.278534D-02  0.276628D-02  0.150873D+01
  288.9725  0.315530D-02  0.313111D-02  0.173649D+01
  289.2981  0.334200D-02  0.335576D-02 -0.987424D+00
  289.6234  0.395133D-02  0.395748D-02 -0.414058D+00
  289.9485  0.465261D-02  0.470219D-02 -0.314019D+01
  290.2733  0.513561D-02  0.521250D-02 -0.486962D+01
  290.5978  0.528330D-02  0.534559D-02 -0.394504D+01
  290.9220  0.511053D-02  0.516701D-02 -0.357699D+01
  291.2460  0.529537D-02  0.527630D-02  0.120796D+01
  291.5697  0.531952D-02  0.526483D-02  0.346368D+01
  291.8932  0.526843D-02  0.520314D-02  0.413480D+01
  292.2163  0.527772D-02  0.523062D-02  0.281702D+01
  292.5392  0.488110D-02  0.484641D-02  0.219686D+01
  292.8618  0.495077D-02  0.492012D-02  0.194090D+01
  293.1841  0.587126D-02  0.586554D-02  0.341777D+00
  293.5062  0.609325D-02  0.601584D-02  0.438644D+01
  293.8279  0.530002D-02  0.528714D-02  0.769892D+00
  294.1494  0.556567D-02  0.556048D-02  0.310286D+00
  294.4706  0.607653D-02  0.611395D-02 -0.212024D+01
  294.7914  0.572078D-02  0.581723D-02 -0.576829D+01
  295.1120  0.610347D-02  0.616412D-02 -0.343686D+01
  295.4323  0.692457D-02  0.692588D-02 -0.706200D-01
  295.7522  0.725710D-02  0.729463D-02 -0.202029D+01
  296.0719  0.790451D-02  0.792891D-02 -0.125096D+01
  296.3912  0.774103D-02  0.766391D-02  0.395386D+01
  296.7102  0.609697D-02  0.614140D-02 -0.251765D+01
  297.0288  0.609232D-02  0.606439D-02  0.158268D+01
  297.3471  0.732026D-02  0.728158D-02  0.208210D+01
   31 290.922 300.510 295.716  3.364D-01  0.000D+00  1.782D-03  0.000D+00  8.170D-03  6.717D+00 10000  9.111D-03
  290.9220  0.511053D-02  0.499872D-02  0.708059D+01
  291.2460  0.529537D-02  0.525770D-02  0.238552D+01
  291.5697  0.531952D-02  0.533616D-02 -0.105367D+01
  291.8932  0.526843D-02  0.531604D-02 -0.301501D+01
  292.2163  0.527772D-02  0.539478D-02 -0.700163D+01
  292.5392  0.488110D-02  0.496802D-02 -0.550429D+01
  292.8618  0.495077D-02  0.499662D-02 -0.290348D+01
  293.1841  0.587126D-02  0.598568D-02 -0.684355D+01
  293.5062  0.609325D-02  0.611083D-02 -0.995691D+00
  293.8279  0.530002D-02  0.525390D-02  0.275794D+01
  294.1494  0.556567D-02  0.550783D-02  0.345911D+01
  294.4706  0.607653D-02  0.605582D-02  0.117387D+01
  294.7914  0.572078D-02  0.567910D-02  0.249307D+01
  295.1120  0.610347D-02  0.599475D-02  0.616014D+01
  295.4323  0.692457D-02  0.676231D-02  0.873465D+01
  295.7522  0.725710D-02  0.710757D-02  0.804948D+01
  296.0719  0.790451D-02  0.780385D-02  0.516071D+01
  296.3912  0.774103D-02  0.766071D-02  0.411781D+01
  296.7102  0.609697D-02  0.611543D-02 -0.104584D+01
  297.0288  0.609232D-02  0.615485D-02 -0.354296D+01
  297.3471  0.732026D-02  0.752339D-02 -0.109346D+02
  297.6651  0.980308D-02  0.100505D-01 -0.115822D+02
  297.9827  0.101133D-01  0.102811D-01 -0.785267D+01
  298.3000  0.758498D-02  0.774065D-02 -0.798024D+01
  298.6169  0.722831D-02  0.732796D-02 -0.510906D+01
  298.9334  0.102359D-01  0.101812D-01  0.245346D+01
  299.2495  0.121178D-01  0.118516D-01  0.114607D+02
  299.5652  0.123546D-01  0.119694D-01  0.159500D+02
  299.8806  0.129528D-01  0.129891D-01 -0.150369D+01
  300.1955  0.106613D-01  0.112603D-01 -0.895595D+01
  300.5099  0.132185D-01  0.137170D-01 -0.735199D+01
   31 294.149 303.629 298.889  3.243D-01  0.000D+00 -5.594D-03  0.000D+00  1.333D-02  2.215D+01 10300  2.664D-02
  294.1494  0.556567D-02  0.506394D-02  0.300085D+02
  294.4706  0.607653D-02  0.600585D-02  0.400496D+01
  294.7914  0.572078D-02  0.582538D-02 -0.625631D+01
  295.1120  0.610347D-02  0.636026D-02 -0.145504D+02
  295.4323  0.692457D-02  0.722301D-02 -0.160647D+02
  295.7522  0.725710D-02  0.754646D-02 -0.155760D+02
  296.0719  0.790451D-02  0.820834D-02 -0.155764D+02
  296.3912  0.774103D-02  0.789747D-02 -0.802030D+01
  296.7102  0.609697D-02  0.608161D-02  0.870407D+00
  297.0288  0.609232D-02  0.606877D-02  0.133490D+01
  297.3471  0.732026D-02  0.728730D-02  0.177425D+01
  297.6651  0.980308D-02  0.966864D-02  0.629293D+01
  297.9827  0.101133D-01  0.970679D-02  0.190288D+02
  298.3000  0.758498D-02  0.717291D-02  0.211257D+02
  298.6169  0.722831D-02  0.688953D-02  0.173680D+02
  298.9334  0.102359D-01  0.984937D-02  0.173402D+02
  299.2495  0.121178D-01  0.115899D-01  0.227338D+02
  299.5652  0.123546D-01  0.119407D-01  0.171387D+02
  299.8806  0.129528D-01  0.134604D-01 -0.210195D+02
  300.1955  0.106613D-01  0.118398D-01 -0.176210D+02
  300.5099  0.132185D-01  0.153049D-01 -0.307701D+02
  300.8240  0.158174D-01  0.186930D-01 -0.418362D+02
  301.1376  0.206892D-01  0.230973D-01 -0.341122D+02
  301.4507  0.251644D-01  0.275692D-01 -0.336235D+02
  301.7634  0.233085D-01  0.260108D-01 -0.382792D+02
  302.0757  0.204440D-01  0.223982D-01 -0.276828D+02
  302.3874  0.297901D-01  0.317773D-01 -0.270814D+02
  302.6986  0.434423D-01  0.440677D-01 -0.841653D+01
  303.0093  0.572914D-01  0.554154D-01  0.252467D+02
  303.3195  0.681868D-01  0.653558D-01  0.380984D+02
  303.6292  0.707876D-01  0.700335D-01  0.101481D+02
   31 297.347 306.693 302.020  3.243D-01  0.000D+00 -1.801D-03  0.000D+00  3.854D-02  4.227D+01 10000  2.428D-02
  297.3471  0.732026D-02  0.752802D-02 -0.111838D+02
  297.6651  0.980308D-02  0.100512D-01 -0.116122D+02
  297.9827  0.101133D-01  0.101230D-01 -0.452035D+00
  298.3000  0.758498D-02  0.743293D-02  0.779521D+01
  298.6169  0.722831D-02  0.701887D-02  0.107372D+02
  298.9334  0.102359D-01  0.989841D-02  0.151404D+02
  299.2495  0.121178D-01  0.115549D-01  0.242408D+02
  299.5652  0.123546D-01  0.117525D-01  0.249330D+02
  299.8806  0.129528D-01  0.131692D-01 -0.896172D+01
  300.1955  0.106613D-01  0.115072D-01 -0.126480D+02
  300.5099  0.132185D-01  0.147698D-01 -0.228787D+02
  300.8240  0.158174D-01  0.180732D-01 -0.328197D+02
  301.1376  0.206892D-01  0.223462D-01 -0.234730D+02
  301.4507  0.251644D-01  0.268332D-01 -0.233330D+02
  301.7634  0.233085D-01  0.255459D-01 -0.316935D+02
  302.0757  0.204440D-01  0.220743D-01 -0.230950D+02
  302.3874  0.297901D-01  0.314426D-01 -0.225210D+02
  302.6986  0.434423D-01  0.440391D-01 -0.803100D+01
  303.0093  0.572914D-01  0.559652D-01  0.178480D+02
  303.3195  0.681868D-01  0.666069D-01  0.212623D+02
  303.6292  0.707876D-01  0.722379D-01 -0.195175D+02
  303.9383  0.661062D-01  0.697453D-01 -0.489730D+02
  304.2468  0.758406D-01  0.797423D-01 -0.466731D+02
  304.5548  0.940460D-01  0.965795D-01 -0.303058D+02
  304.8622  0.109614D+00  0.102721D+00  0.742063D+02
  305.1689  0.140451D+00  0.126902D+00  0.132612D+03
  305.4751  0.142225D+00  0.134712D+00  0.735365D+02
  305.7806  0.118633D+00  0.115898D+00  0.294417D+02
  306.0854  0.131367D+00  0.131419D+00 -0.511353D+00
  306.3896  0.152786D+00  0.163470D+00 -0.958485D+02
  306.6931  0.158954D+00  0.165330D+00 -0.572034D+02
   31 300.510 309.687 305.098  3.080D-01  0.000D+00 -1.820D-02  0.000D+00  1.198D-01  6.451D+01 10300  3.025D-02
  300.5099  0.132185D-01  0.136380D-01 -0.618791D+01
  300.8240  0.158174D-01  0.161758D-01 -0.521528D+01
  301.1376  0.206892D-01  0.202622D-01  0.604869D+01
  301.4507  0.251644D-01  0.244781D-01  0.959507D+01
  301.7634  0.233085D-01  0.232217D-01  0.123000D+01
  302.0757  0.204440D-01  0.202414D-01  0.286940D+01
  302.3874  0.297901D-01  0.305801D-01 -0.107672D+02
  302.6986  0.434423D-01  0.430713D-01  0.499244D+01
  303.0093  0.572914D-01  0.551877D-01  0.283111D+02
  303.3195  0.681868D-01  0.665870D-01  0.215293D+02
  303.6292  0.707876D-01  0.721306D-01 -0.180733D+02
  303.9383  0.661062D-01  0.698216D-01 -0.500001D+02
  304.2468  0.758406D-01  0.811987D-01 -0.640958D+02
  304.5548  0.940460D-01  0.992007D-01 -0.616610D+02
  304.8622  0.109614D+00  0.104128D+00  0.590557D+02
  305.1689  0.140451D+00  0.131383D+00  0.887535D+02
  305.4751  0.142225D+00  0.137010D+00  0.510446D+02
  305.7806  0.118633D+00  0.115567D+00  0.330095D+02
  306.0854  0.131367D+00  0.135113D+00 -0.366615D+02
  306.3896  0.152786D+00  0.166697D+00 -0.124800D+03
  306.6931  0.158954D+00  0.165371D+00 -0.575709D+02
  306.9959  0.206140D+00  0.202091D+00  0.311314D+02
  307.2981  0.249331D+00  0.233705D+00  0.112150D+03
  307.5994  0.266951D+00  0.246021D+00  0.140835D+03
  307.9000  0.281581D+00  0.271939D+00  0.610589D+02
  308.1999  0.278581D+00  0.283700D+00 -0.306181D+02
  308.4989  0.310979D+00  0.320813D+00 -0.105875D+03
  308.7972  0.317852D+00  0.331294D+00 -0.723565D+02
  309.0946  0.279621D+00  0.293161D+00 -0.694167D+02
  309.3912  0.283949D+00  0.280925D+00  0.141561D+02
  309.6870  0.338751D+00  0.311287D+00  0.147840D+03
   22 303.629 309.982 306.805  3.222D-01  0.000D+00 -1.881D-02  0.000D+00  1.972D-01  7.634D+01 10000  3.782D-02
  303.6292  0.707876D-01  0.664187D-01  0.587948D+02
  303.9383  0.661062D-01  0.680974D-01 -0.267961D+02
  304.2468  0.758406D-01  0.812225D-01 -0.643804D+02
  304.5548  0.940460D-01  0.997136D-01 -0.677973D+02
  304.8622  0.109614D+00  0.106774D+00  0.305750D+02
  305.1689  0.140451D+00  0.132877D+00  0.741275D+02
  305.4751  0.142225D+00  0.138229D+00  0.391169D+02
  305.7806  0.118633D+00  0.117881D+00  0.809108D+01
  306.0854  0.131367D+00  0.135990D+00 -0.452490D+02
  306.3896  0.152786D+00  0.165509D+00 -0.114145D+03
  306.6931  0.158954D+00  0.165873D+00 -0.620780D+02
  306.9959  0.206140D+00  0.200241D+00  0.453583D+02
  307.2981  0.249331D+00  0.231156D+00  0.130446D+03
  307.5994  0.266951D+00  0.244344D+00  0.152116D+03
  307.9000  0.281581D+00  0.269317D+00  0.776670D+02
  308.1999  0.278581D+00  0.283415D+00 -0.289162D+02
  308.4989  0.310979D+00  0.320102D+00 -0.982204D+02
  308.7972  0.317852D+00  0.332390D+00 -0.782552D+02
  309.0946  0.279621D+00  0.297970D+00 -0.940720D+02
  309.3912  0.283949D+00  0.289256D+00 -0.248379D+02
  309.6870  0.338751D+00  0.320251D+00  0.995903D+02
  309.9818  0.322868D+00  0.310948D+00  0.641648D+02
   31 310.036 314.783 312.410  2.686D-01  0.000D+00 -1.451D-02  0.000D+00  6.432D-01  5.245D+01 10000  2.100D-02
  310.0364  0.353056D+00  0.330879D+00  0.337646D+02
  310.1958  0.355842D+00  0.353939D+00  0.289835D+01
  310.3551  0.455554D+00  0.456557D+00 -0.152746D+01
  310.5143  0.578627D+00  0.571188D+00  0.113259D+02
  310.6735  0.660133D+00  0.649965D+00  0.162959D+02
  310.8325  0.712613D+00  0.703528D+00  0.153702D+02
  310.9915  0.730587D+00  0.726621D+00  0.670853D+01
  311.1504  0.730215D+00  0.731888D+00 -0.299574D+01
  311.3092  0.718001D+00  0.740439D+00 -0.427043D+02
  311.4679  0.713960D+00  0.737125D+00 -0.440876D+02
  311.6266  0.669375D+00  0.707482D+00 -0.725232D+02
  311.7852  0.631711D+00  0.657372D+00 -0.488383D+02
  311.9437  0.602684D+00  0.615939D+00 -0.252264D+02
  312.1021  0.608582D+00  0.610929D+00 -0.446611D+01
  312.2604  0.666310D+00  0.648553D+00  0.337955D+02
  312.4187  0.730261D+00  0.700084D+00  0.574322D+02
  312.5769  0.760403D+00  0.721886D+00  0.733031D+02
  312.7350  0.775543D+00  0.734308D+00  0.784778D+02
  312.8931  0.804802D+00  0.759455D+00  0.863033D+02
  313.0510  0.821056D+00  0.775425D+00  0.868451D+02
  313.2089  0.802898D+00  0.776566D+00  0.501133D+02
  313.3667  0.767090D+00  0.779869D+00 -0.243203D+02
  313.5244  0.764397D+00  0.812028D+00 -0.906517D+02
  313.6821  0.821057D+00  0.885738D+00 -0.115860D+03
  313.8396  0.926063D+00  0.978243D+00 -0.934661D+02
  313.9971  0.100831D+01  0.103460D+01 -0.470898D+02
  314.1545  0.102545D+01  0.100945D+01  0.286558D+02
  314.3119  0.889606D+00  0.886260D+00  0.599260D+01
  314.4691  0.770434D+00  0.759896D+00  0.200561D+02
  314.6263  0.786132D+00  0.778678D+00  0.133513D+02
  314.7834  0.956111D+00  0.924125D+00  0.572949D+02
   31 311.627 316.350 313.988  2.572D-01  0.000D+00 -4.289D-02  0.000D+00  7.912D-01  6.639D+01 10300  2.179D-02
  311.6266  0.669375D+00  0.692236D+00 -0.435079D+02
  311.7852  0.631711D+00  0.640731D+00 -0.171676D+02
  311.9437  0.602684D+00  0.605019D+00 -0.444414D+01
  312.1021  0.608582D+00  0.609526D+00 -0.179689D+01
  312.2604  0.666310D+00  0.657956D+00  0.159003D+02
  312.4187  0.730261D+00  0.711278D+00  0.361289D+02
  312.5769  0.760403D+00  0.727985D+00  0.616958D+02
  312.7350  0.775543D+00  0.743871D+00  0.602777D+02
  312.8931  0.804802D+00  0.773266D+00  0.600182D+02
  313.0510  0.821056D+00  0.787400D+00  0.640537D+02
  313.2089  0.802898D+00  0.786774D+00  0.306853D+02
  313.3667  0.767090D+00  0.791454D+00 -0.463693D+02
  313.5244  0.764397D+00  0.830242D+00 -0.125315D+03
  313.6821  0.821057D+00  0.911408D+00 -0.161840D+03
  313.8396  0.926063D+00  0.100270D+01 -0.137267D+03
  313.9971  0.100831D+01  0.104451D+01 -0.648397D+02
  314.1545  0.102545D+01  0.996076D+00  0.526160D+02
  314.3119  0.889606D+00  0.847393D+00  0.756122D+02
  314.4691  0.770434D+00  0.723615D+00  0.891048D+02
  314.6263  0.786132D+00  0.769228D+00  0.302783D+02
  314.7834  0.956111D+00  0.915950D+00  0.719371D+02
  314.9405  0.108583D+01  0.103903D+01  0.838125D+02
  315.0974  0.113594D+01  0.109408D+01  0.670832D+02
  315.2543  0.112428D+01  0.110618D+01  0.306219D+02
  315.4111  0.106883D+01  0.108975D+01 -0.353989D+02
  315.5678  0.977800D+00  0.101287D+01 -0.628130D+02
  315.7245  0.833457D+00  0.871831D+00 -0.687373D+02
  315.8811  0.734163D+00  0.752738D+00 -0.353517D+02
  316.0376  0.726175D+00  0.746645D+00 -0.389593D+02
  316.1940  0.848922D+00  0.846203D+00  0.487121D+01
  316.3503  0.100390D+01  0.978868D+00  0.448392D+02
   31 313.209 318.065 315.637  2.688D-01  0.000D+00 -4.797D-02  0.000D+00  9.519D-01  6.259D+01 10300  1.819D-02
  313.2089  0.802898D+00  0.740502D+00  0.118749D+03
  313.3667  0.767090D+00  0.757231D+00  0.187643D+02
  313.5244  0.764397D+00  0.804974D+00 -0.772256D+02
  313.6821  0.821057D+00  0.890687D+00 -0.124725D+03
  313.8396  0.926063D+00  0.983144D+00 -0.102246D+03
  313.9971  0.100831D+01  0.102670D+01 -0.329298D+02
  314.1545  0.102545D+01  0.980148D+00  0.811459D+02
  314.3119  0.889606D+00  0.842434D+00  0.844942D+02
  314.4691  0.770434D+00  0.735183D+00  0.670897D+02
  314.6263  0.786132D+00  0.783227D+00  0.520308D+01
  314.7834  0.956111D+00  0.925437D+00  0.549444D+02
  314.9405  0.108583D+01  0.104693D+01  0.696683D+02
  315.0974  0.113594D+01  0.110473D+01  0.500159D+02
  315.2543  0.112428D+01  0.111817D+01  0.103278D+02
  315.4111  0.106883D+01  0.109893D+01 -0.509204D+02
  315.5678  0.977800D+00  0.101883D+01 -0.735004D+02
  315.7245  0.833457D+00  0.880845D+00 -0.848840D+02
  315.8811  0.734163D+00  0.769474D+00 -0.672041D+02
  316.0376  0.726175D+00  0.766567D+00 -0.768743D+02
  316.1940  0.848922D+00  0.865568D+00 -0.298159D+02
  316.3503  0.100390D+01  0.995274D+00  0.154521D+02
  316.5066  0.112251D+01  0.108565D+01  0.623696D+02
  316.6628  0.120449D+01  0.114528D+01  0.948798D+02
  316.8190  0.124322D+01  0.121393D+01  0.469417D+02
  316.9750  0.133211D+01  0.132676D+01  0.857791D+01
  317.1310  0.144705D+01  0.146581D+01 -0.285573D+02
  317.2869  0.154370D+01  0.154040D+01  0.479200D+01
  317.4427  0.151839D+01  0.153606D+01 -0.256168D+02
  317.5984  0.147901D+01  0.149975D+01 -0.300851D+02
  317.7542  0.137999D+01  0.138526D+01 -0.802180D+01
  318.0652  0.103883D+01  0.102217D+01  0.281693D+02
   31 314.783 319.616 317.200  2.442D-01  0.000D+00 -4.239D-02  0.000D+00  1.066D+00  7.995D+01   300  2.181D-02
  314.7834  0.956111D+00  0.969842D+00 -0.245955D+02
  314.9405  0.108583D+01  0.108240D+01  0.612742D+01
  315.0974  0.113594D+01  0.111800D+01  0.287482D+02
  315.2543  0.112428D+01  0.111516D+01  0.154319D+02
  315.4111  0.106883D+01  0.109062D+01 -0.368711D+02
  315.5678  0.977800D+00  0.100802D+01 -0.541388D+02
  315.7245  0.833457D+00  0.857955D+00 -0.438824D+02
  315.8811  0.734163D+00  0.731750D+00  0.459086D+01
  316.0376  0.726175D+00  0.727016D+00 -0.160165D+01
  316.1940  0.848922D+00  0.831004D+00  0.320952D+02
  316.3503  0.100390D+01  0.972142D+00  0.568876D+02
  316.5066  0.112251D+01  0.106399D+01  0.990107D+02
  316.6628  0.120449D+01  0.112357D+01  0.129675D+03
  316.8190  0.124322D+01  0.119279D+01  0.808267D+02
  316.9750  0.133211D+01  0.131314D+01  0.304001D+02
  317.1310  0.144705D+01  0.148151D+01 -0.524628D+02
  317.2869  0.154370D+01  0.157506D+01 -0.454698D+02
  317.4427  0.151839D+01  0.157513D+01 -0.822705D+02
  317.5984  0.147901D+01  0.156141D+01 -0.119485D+03
  317.7542  0.137999D+01  0.146805D+01 -0.134074D+03
  318.0652  0.103883D+01  0.106496D+01 -0.442086D+02
  318.2207  0.102800D+01  0.105489D+01 -0.454802D+02
  318.3761  0.114894D+01  0.115444D+01 -0.880895D+01
  318.5314  0.130550D+01  0.129079D+01  0.235662D+02
  318.6866  0.144808D+01  0.142689D+01  0.307275D+02
  318.8418  0.162349D+01  0.156030D+01  0.916265D+02
  318.9969  0.169390D+01  0.159052D+01  0.149904D+03
  319.1519  0.153539D+01  0.141463D+01  0.175109D+03
  319.3068  0.129268D+01  0.125089D+01  0.636209D+02
  319.4617  0.122534D+01  0.129235D+01 -0.107391D+03
  319.6165  0.132180D+01  0.142106D+01 -0.159075D+03
   31 316.350 321.160 318.755  2.442D-01  0.000D+00  4.716D-03  0.000D+00  1.180D+00  1.073D+02 10300  2.937D-02
  316.3503  0.100390D+01  0.984990D+00  0.338727D+02
  316.5066  0.112251D+01  0.109695D+01  0.432493D+02
  316.6628  0.120449D+01  0.115748D+01  0.753283D+02
  316.8190  0.124322D+01  0.121681D+01  0.423206D+02
  316.9750  0.133211D+01  0.131139D+01  0.331998D+02
  317.1310  0.144705D+01  0.147052D+01 -0.357254D+02
  317.2869  0.154370D+01  0.159019D+01 -0.674138D+02
  317.4427  0.151839D+01  0.159755D+01 -0.114786D+03
  317.5984  0.147901D+01  0.157460D+01 -0.138607D+03
  317.7542  0.137999D+01  0.150975D+01 -0.197561D+03
  318.0652  0.103883D+01  0.108550D+01 -0.789637D+02
  318.2207  0.102800D+01  0.102230D+01  0.964770D+01
  318.3761  0.114894D+01  0.109128D+01  0.924069D+02
  318.5314  0.130550D+01  0.121514D+01  0.144817D+03
  318.6866  0.144808D+01  0.134529D+01  0.149049D+03
  318.8418  0.162349D+01  0.147779D+01  0.211273D+03
  318.9969  0.169390D+01  0.155638D+01  0.199408D+03
  319.1519  0.153539D+01  0.144153D+01  0.136098D+03
  319.3068  0.129268D+01  0.124929D+01  0.660556D+02
  319.4617  0.122534D+01  0.123699D+01 -0.186766D+02
  319.6165  0.132180D+01  0.136177D+01 -0.640635D+02
  319.7712  0.148305D+01  0.151290D+01 -0.432829D+02
  319.9258  0.155921D+01  0.165362D+01 -0.136895D+03
  320.0804  0.160129D+01  0.171032D+01 -0.158094D+03
  320.2349  0.163761D+01  0.175248D+01 -0.166568D+03
  320.3893  0.179677D+01  0.185076D+01 -0.714819D+02
  320.5437  0.192407D+01  0.194468D+01 -0.272870D+02
  320.6980  0.198579D+01  0.196264D+01  0.306501D+02
  320.8522  0.188821D+01  0.185517D+01  0.437419D+02
  321.0063  0.170458D+01  0.164477D+01  0.827880D+02
  321.1604  0.151723D+01  0.144955D+01  0.981426D+02
   31 318.065 322.697 320.381  2.253D-01  0.000D+00  4.091D-03  0.000D+00  1.301D+00  1.080D+02 10300  2.897D-02
  318.0652  0.103883D+01  0.115653D+01 -0.199121D+03
  318.2207  0.102800D+01  0.107466D+01 -0.789330D+02
  318.3761  0.114894D+01  0.113997D+01  0.143813D+02
  318.5314  0.130550D+01  0.125897D+01  0.745683D+02
  318.6866  0.144808D+01  0.137927D+01  0.997746D+02
  318.8418  0.162349D+01  0.150653D+01  0.169597D+03
  318.9969  0.169390D+01  0.159702D+01  0.140471D+03
  319.1519  0.153539D+01  0.146184D+01  0.106653D+03
  319.3068  0.129268D+01  0.123303D+01  0.908206D+02
  319.4617  0.122534D+01  0.123001D+01 -0.748567D+01
  319.6165  0.132180D+01  0.136919D+01 -0.759467D+02
  319.7712  0.148305D+01  0.151837D+01 -0.512182D+02
  319.9258  0.155921D+01  0.167413D+01 -0.166628D+03
  320.0804  0.160129D+01  0.172016D+01 -0.172360D+03
  320.2349  0.163761D+01  0.175604D+01 -0.171728D+03
  320.3893  0.179677D+01  0.186211D+01 -0.865113D+02
  320.5437  0.192407D+01  0.196327D+01 -0.519066D+02
  320.6980  0.198579D+01  0.198147D+01  0.571554D+01
  320.8522  0.188821D+01  0.186843D+01  0.261868D+02
  321.0063  0.170458D+01  0.163741D+01  0.929695D+02
  321.1604  0.151723D+01  0.142682D+01  0.131095D+03
  321.3144  0.141617D+01  0.132819D+01  0.127574D+03
  321.4683  0.145764D+01  0.135160D+01  0.153770D+03
  321.6221  0.156906D+01  0.148139D+01  0.127123D+03
  321.7759  0.173021D+01  0.164734D+01  0.109716D+03
  321.9296  0.180587D+01  0.181336D+01 -0.991585D+01
  322.0833  0.177011D+01  0.186206D+01 -0.121743D+03
  322.2368  0.164597D+01  0.173209D+01 -0.119206D+03
  322.3903  0.159302D+01  0.161007D+01 -0.236013D+02
  322.5437  0.151598D+01  0.153425D+01 -0.265002D+02
  322.6971  0.140772D+01  0.138061D+01  0.393045D+02
   31 319.616 324.227 321.922  2.879D-01  0.000D+00 -3.140D-02  0.000D+00  1.362D+00  9.329D+01   300  3.603D-02
  319.6165  0.132180D+01  0.125575D+01  0.105854D+03
  319.7712  0.148305D+01  0.143320D+01  0.722844D+02
  319.9258  0.155921D+01  0.158219D+01 -0.333149D+02
  320.0804  0.160129D+01  0.167727D+01 -0.110179D+03
  320.2349  0.163761D+01  0.176544D+01 -0.185357D+03
  320.3893  0.179677D+01  0.187171D+01 -0.992270D+02
  320.5437  0.192407D+01  0.194857D+01 -0.324429D+02
  320.6980  0.198579D+01  0.193509D+01  0.671236D+02
  320.8522  0.188821D+01  0.180627D+01  0.108482D+03
  321.0063  0.170458D+01  0.160865D+01  0.132777D+03
  321.1604  0.151723D+01  0.143934D+01  0.112941D+03
  321.3144  0.141617D+01  0.136866D+01  0.688932D+02
  321.4683  0.145764D+01  0.140886D+01  0.707405D+02
  321.6221  0.156906D+01  0.153336D+01  0.517633D+02
  321.7759  0.173021D+01  0.168737D+01  0.567201D+02
  321.9296  0.180587D+01  0.180791D+01 -0.270222D+01
  322.0833  0.177011D+01  0.182191D+01 -0.685879D+02
  322.2368  0.164597D+01  0.174312D+01 -0.134471D+03
  322.3903  0.159302D+01  0.165343D+01 -0.836155D+02
  322.5437  0.151598D+01  0.156283D+01 -0.679361D+02
  322.6971  0.140772D+01  0.145365D+01 -0.666035D+02
  322.8503  0.128288D+01  0.137476D+01 -0.133233D+03
  323.0035  0.133977D+01  0.139649D+01 -0.822483D+02
  323.1566  0.153715D+01  0.149980D+01  0.517039D+02
  323.3097  0.167142D+01  0.157866D+01  0.122813D+03
  323.4627  0.168094D+01  0.158534D+01  0.126574D+03
  323.6156  0.166770D+01  0.160965D+01  0.768628D+02
  323.7685  0.177317D+01  0.170674D+01  0.879557D+02
  323.9213  0.189114D+01  0.185594D+01  0.465989D+02
  324.0740  0.201166D+01  0.201774D+01 -0.772485D+01
  324.2266  0.204547D+01  0.215558D+01 -0.139714D+03
   31 321.160 325.749 323.455  2.264D-01  0.000D+00 -6.867D-02  0.000D+00  1.435D+00  8.364D+01   300  2.729D-02
  321.1604  0.151723D+01  0.146950D+01  0.692107D+02
  321.3144  0.141617D+01  0.138625D+01  0.433916D+02
  321.4683  0.145764D+01  0.144003D+01  0.255406D+02
  321.6221  0.156906D+01  0.157274D+01 -0.534348D+01
  321.7759  0.173021D+01  0.173056D+01 -0.452795D+00
  321.9296  0.180587D+01  0.185544D+01 -0.656307D+02
  322.0833  0.177011D+01  0.181758D+01 -0.628507D+02
  322.2368  0.164597D+01  0.168118D+01 -0.487424D+02
  322.3903  0.159302D+01  0.162212D+01 -0.402760D+02
  322.5437  0.151598D+01  0.154239D+01 -0.383044D+02
  322.6971  0.140772D+01  0.140576D+01  0.283717D+01
  322.8503  0.128288D+01  0.132398D+01 -0.595970D+02
  323.0035  0.133977D+01  0.139001D+01 -0.728439D+02
  323.1566  0.153715D+01  0.156831D+01 -0.431262D+02
  323.3097  0.167142D+01  0.162141D+01  0.662067D+02
  323.4627  0.168094D+01  0.155963D+01  0.160607D+03
  323.6156  0.166770D+01  0.157951D+01  0.116768D+03
  323.7685  0.177317D+01  0.169301D+01  0.106127D+03
  323.9213  0.189114D+01  0.182480D+01  0.878327D+02
  324.0740  0.201166D+01  0.195558D+01  0.711469D+02
  324.2266  0.204547D+01  0.201412D+01  0.397753D+02
  324.3792  0.205773D+01  0.203468D+01  0.292473D+02
  324.5317  0.208048D+01  0.209090D+01 -0.132171D+02
  324.6841  0.201398D+01  0.203553D+01 -0.273505D+02
  324.8364  0.185849D+01  0.190190D+01 -0.550752D+02
  324.9887  0.174647D+01  0.188033D+01 -0.177221D+03
  325.1409  0.181544D+01  0.193663D+01 -0.160449D+03
  325.2931  0.193804D+01  0.201502D+01 -0.976653D+02
  325.4452  0.211875D+01  0.215336D+01 -0.421557D+02
  325.5972  0.231980D+01  0.230439D+01  0.187685D+02
  325.7491  0.251138D+01  0.233634D+01  0.204996D+03
   31 322.697 327.265 324.981  2.040D-01  0.000D+00 -1.353D-02  0.000D+00  1.514D+00  1.001D+02 10300  2.627D-02
  322.6971  0.140772D+01  0.145115D+01 -0.629843D+02
  322.8503  0.128288D+01  0.134747D+01 -0.936646D+02
  323.0035  0.133977D+01  0.135200D+01 -0.177262D+02
  323.1566  0.153715D+01  0.155028D+01 -0.181653D+02
  323.3097  0.167142D+01  0.169315D+01 -0.287724D+02
  323.4627  0.168094D+01  0.161374D+01  0.889646D+02
  323.6156  0.166770D+01  0.157682D+01  0.120322D+03
  323.7685  0.177317D+01  0.167458D+01  0.130529D+03
  323.9213  0.189114D+01  0.179878D+01  0.122277D+03
  324.0740  0.201166D+01  0.192999D+01  0.103622D+03
  324.2266  0.204547D+01  0.202200D+01  0.297704D+02
  324.3792  0.205773D+01  0.201161D+01  0.585169D+02
  324.5317  0.208048D+01  0.207138D+01  0.115451D+02
  324.6841  0.201398D+01  0.208971D+01 -0.960919D+02
  324.8364  0.185849D+01  0.192896D+01 -0.894132D+02
  324.9887  0.174647D+01  0.186746D+01 -0.160181D+03
  325.1409  0.181544D+01  0.193407D+01 -0.157060D+03
  325.2931  0.193804D+01  0.202812D+01 -0.114293D+03
  325.4452  0.211875D+01  0.217041D+01 -0.629258D+02
  325.5972  0.231980D+01  0.242439D+01 -0.127390D+03
  325.7491  0.251138D+01  0.257469D+01 -0.741508D+02
  325.9010  0.266506D+01  0.264934D+01  0.177227D+02
  326.0528  0.275241D+01  0.271441D+01  0.503139D+02
  326.2045  0.278214D+01  0.267370D+01  0.143561D+03
  326.3561  0.268660D+01  0.258965D+01  0.109340D+03
  326.5078  0.263171D+01  0.247931D+01  0.171874D+03
  326.6593  0.270657D+01  0.258504D+01  0.137068D+03
  326.8107  0.283694D+01  0.280199D+01  0.462674D+02
  326.9621  0.281488D+01  0.283250D+01 -0.233274D+02
  327.1134  0.264086D+01  0.271665D+01 -0.854829D+02
  327.2646  0.256720D+01  0.271237D+01 -0.163726D+03
   31 324.227 328.773 326.500  2.317D-01  0.000D+00  2.484D-02  0.000D+00  1.586D+00  1.044D+02   300  3.491D-02
  324.2266  0.204547D+01  0.195884D+01  0.109909D+03
  324.3792  0.205773D+01  0.198060D+01  0.978610D+02
  324.5317  0.208048D+01  0.201610D+01  0.816857D+02
  324.6841  0.201398D+01  0.204536D+01 -0.398139D+02
  324.8364  0.185849D+01  0.195176D+01 -0.118343D+03
  324.9887  0.174647D+01  0.186945D+01 -0.162827D+03
  325.1409  0.181544D+01  0.190879D+01 -0.123594D+03
  325.2931  0.193804D+01  0.200524D+01 -0.852582D+02
  325.4452  0.211875D+01  0.214767D+01 -0.352192D+02
  325.5972  0.231980D+01  0.237194D+01 -0.635071D+02
  325.7491  0.251138D+01  0.256436D+01 -0.620483D+02
  325.9010  0.266506D+01  0.266334D+01  0.193926D+01
  326.0528  0.275241D+01  0.273168D+01  0.274511D+02
  326.2045  0.278214D+01  0.271650D+01  0.868940D+02
  326.3561  0.268660D+01  0.263626D+01  0.567784D+02
  326.5078  0.263171D+01  0.253262D+01  0.111754D+03
  326.6593  0.270657D+01  0.255536D+01  0.170544D+03
  326.8107  0.283694D+01  0.270943D+01  0.168815D+03
  326.9621  0.281488D+01  0.275646D+01  0.773491D+02
  327.1134  0.264086D+01  0.265128D+01 -0.117533D+02
  327.2646  0.256720D+01  0.257249D+01 -0.596269D+01
  327.4158  0.262066D+01  0.263412D+01 -0.151843D+02
  327.5670  0.266101D+01  0.269441D+01 -0.376666D+02
  327.7180  0.256980D+01  0.264809D+01 -0.882955D+02
  327.8690  0.242309D+01  0.256918D+01 -0.164768D+03
  328.0198  0.236931D+01  0.252454D+01 -0.175073D+03
  328.1707  0.237386D+01  0.251199D+01 -0.155779D+03
  328.3215  0.245695D+01  0.249678D+01 -0.449212D+02
  328.4722  0.248026D+01  0.246245D+01  0.200823D+02
  328.6228  0.239913D+01  0.233545D+01  0.718088D+02
  328.7734  0.236982D+01  0.217401D+01  0.220835D+03
   31 325.749 330.275 328.012  2.604D-01  0.000D+00 -7.497D-02  0.000D+00  1.610D+00  9.506D+01   300  3.313D-02
  325.7491  0.251138D+01  0.264712D+01 -0.158983D+03
  325.9010  0.266506D+01  0.273327D+01 -0.769282D+02
  326.0528  0.275241D+01  0.275227D+01  0.187809D+00
  326.2045  0.278214D+01  0.269618D+01  0.113800D+03
  326.3561  0.268660D+01  0.260467D+01  0.924013D+02
  326.5078  0.263171D+01  0.257902D+01  0.594225D+02
  326.6593  0.270657D+01  0.267594D+01  0.345471D+02
  326.8107  0.283694D+01  0.275465D+01  0.108946D+03
  326.9621  0.281488D+01  0.270215D+01  0.149240D+03
  327.1134  0.264086D+01  0.261454D+01  0.296854D+02
  327.2646  0.256720D+01  0.261926D+01 -0.587140D+02
  327.4158  0.262066D+01  0.267599D+01 -0.624084D+02
  327.5670  0.266101D+01  0.266901D+01 -0.901255D+01
  327.7180  0.256980D+01  0.260734D+01 -0.423336D+02
  327.8690  0.242309D+01  0.255790D+01 -0.152042D+03
  328.0198  0.236931D+01  0.254488D+01 -0.198012D+03
  328.1707  0.237386D+01  0.254484D+01 -0.192830D+03
  328.3215  0.245695D+01  0.253370D+01 -0.865583D+02
  328.4722  0.248026D+01  0.246472D+01  0.175231D+02
  328.6228  0.239913D+01  0.235188D+01  0.532838D+02
  328.7734  0.236982D+01  0.237995D+01 -0.114232D+02
  328.9239  0.258383D+01  0.261933D+01 -0.386108D+02
  329.0743  0.290126D+01  0.286498D+01  0.460323D+02
  329.2246  0.311471D+01  0.300865D+01  0.129182D+03
  329.3749  0.320421D+01  0.310105D+01  0.125647D+03
  329.5251  0.324526D+01  0.315443D+01  0.110638D+03
  329.6753  0.326054D+01  0.319734D+01  0.769781D+02
  329.8254  0.326008D+01  0.328072D+01 -0.251413D+02
  329.9754  0.337316D+01  0.339070D+01 -0.213637D+02
  330.1254  0.332774D+01  0.337718D+01 -0.602142D+02
  330.2753  0.312674D+01  0.320572D+01 -0.961981D+02
   31 327.265 331.770 329.518  2.398D-01  0.000D+00 -5.359D-02  0.000D+00  1.679D+00  8.272D+01 10300  2.262D-02
  327.2646  0.256720D+01  0.248759D+01  0.897808D+02
  327.4158  0.262066D+01  0.257448D+01  0.520816D+02
  327.5670  0.266101D+01  0.259574D+01  0.736129D+02
  327.7180  0.256980D+01  0.254598D+01  0.268675D+02
  327.8690  0.242309D+01  0.250707D+01 -0.947149D+02
  328.0198  0.236931D+01  0.251073D+01 -0.159493D+03
  328.1707  0.237386D+01  0.252996D+01 -0.176049D+03
  328.3215  0.245695D+01  0.254177D+01 -0.956702D+02
  328.4722  0.248026D+01  0.250295D+01 -0.255920D+02
  328.6228  0.239913D+01  0.237238D+01  0.301652D+02
  328.7734  0.236982D+01  0.235925D+01  0.119212D+02
  328.9239  0.258383D+01  0.261595D+01 -0.349324D+02
  329.0743  0.290126D+01  0.289914D+01  0.268614D+01
  329.2246  0.311471D+01  0.304334D+01  0.869376D+02
  329.3749  0.320421D+01  0.313464D+01  0.847329D+02
  329.5251  0.324526D+01  0.317740D+01  0.826601D+02
  329.6753  0.326054D+01  0.319078D+01  0.849729D+02
  329.8254  0.326008D+01  0.323534D+01  0.301303D+02
  329.9754  0.337316D+01  0.332999D+01  0.525846D+02
  330.1254  0.332774D+01  0.330997D+01  0.216416D+02
  330.2753  0.312674D+01  0.308223D+01  0.542201D+02
  330.4251  0.283503D+01  0.284309D+01 -0.981050D+01
  330.5748  0.258647D+01  0.263827D+01 -0.543817D+02
  330.7245  0.253395D+01  0.258985D+01 -0.586980D+02
  330.8741  0.262052D+01  0.276252D+01 -0.149107D+03
  331.0237  0.278255D+01  0.290072D+01 -0.149929D+03
  331.1732  0.280150D+01  0.287125D+01 -0.849593D+02
  331.3226  0.269575D+01  0.272785D+01 -0.337074D+02
  331.4720  0.262330D+01  0.261969D+01  0.379308D+01
  331.6213  0.270602D+01  0.266702D+01  0.494816D+02
  331.7705  0.288538D+01  0.276974D+01  0.140851D+03
   31 328.773 333.259 331.016  2.307D-01  0.000D+00 -6.058D-03  0.000D+00  1.662D+00  6.653D+01   300  1.421D-02
  328.7734  0.236982D+01  0.245034D+01 -0.908104D+02
  328.9239  0.258383D+01  0.262572D+01 -0.455569D+02
  329.0743  0.290126D+01  0.293787D+01 -0.464463D+02
  329.2246  0.311471D+01  0.309466D+01  0.244170D+02
  329.3749  0.320421D+01  0.317065D+01  0.408769D+02
  329.5251  0.324526D+01  0.320968D+01  0.433368D+02
  329.6753  0.326054D+01  0.319882D+01  0.751790D+02
  329.8254  0.326008D+01  0.320693D+01  0.647363D+02
  329.9754  0.337316D+01  0.328041D+01  0.112972D+03
  330.1254  0.332774D+01  0.332188D+01  0.713850D+01
  330.2753  0.312674D+01  0.312687D+01 -0.154192D+00
  330.4251  0.283503D+01  0.287114D+01 -0.439823D+02
  330.5748  0.258647D+01  0.265584D+01 -0.728394D+02
  330.7245  0.253395D+01  0.252778D+01  0.648175D+01
  330.8741  0.262052D+01  0.266663D+01 -0.484160D+02
  331.0237  0.278255D+01  0.286633D+01 -0.106295D+03
  331.1732  0.280150D+01  0.290520D+01 -0.126302D+03
  331.3226  0.269575D+01  0.280437D+01 -0.114050D+03
  331.4720  0.262330D+01  0.268254D+01 -0.621996D+02
  331.6213  0.270602D+01  0.271365D+01 -0.968749D+01
  331.7705  0.288538D+01  0.287590D+01  0.115482D+02
  331.9196  0.301035D+01  0.296759D+01  0.520937D+02
  332.0687  0.297102D+01  0.290662D+01  0.784405D+02
  332.2178  0.278395D+01  0.273442D+01  0.603302D+02
  332.3667  0.269394D+01  0.260624D+01  0.861507D+02
  332.5156  0.281841D+01  0.274160D+01  0.935589D+02
  332.6644  0.297506D+01  0.293971D+01  0.430587D+02
  332.8132  0.293707D+01  0.290707D+01  0.365420D+02
  332.9619  0.278543D+01  0.279494D+01 -0.115774D+02
  333.1105  0.280531D+01  0.284518D+01 -0.485630D+02
  333.2591  0.291022D+01  0.299066D+01 -0.979689D+02
   31 330.275 334.741 332.508  2.311D-01  0.000D+00  5.393D-03  0.000D+00  1.704D+00  6.218D+01 10300  1.334D-02
  330.2753  0.312674D+01  0.306017D+01  0.810829D+02
  330.4251  0.283503D+01  0.282027D+01  0.179788D+02
  330.5748  0.258647D+01  0.261993D+01 -0.351336D+02
  330.7245  0.253395D+01  0.249001D+01  0.461369D+02
  330.8741  0.262052D+01  0.261918D+01  0.140466D+01
  331.0237  0.278255D+01  0.283268D+01 -0.636000D+02
  331.1732  0.280150D+01  0.289438D+01 -0.113129D+03
  331.3226  0.269575D+01  0.281041D+01 -0.120389D+03
  331.4720  0.262330D+01  0.269041D+01 -0.704621D+02
  331.6213  0.270602D+01  0.271243D+01 -0.814138D+01
  331.7705  0.288538D+01  0.287562D+01  0.118859D+02
  331.9196  0.301035D+01  0.298060D+01  0.362457D+02
  332.0687  0.297102D+01  0.293061D+01  0.492154D+02
  332.2178  0.278395D+01  0.276121D+01  0.276950D+02
  332.3667  0.269394D+01  0.261577D+01  0.767910D+02
  332.5156  0.281841D+01  0.272435D+01  0.114566D+03
  332.6644  0.297506D+01  0.292246D+01  0.640642D+02
  332.8132  0.293707D+01  0.289610D+01  0.498957D+02
  332.9619  0.278543D+01  0.276591D+01  0.237830D+02
  333.1105  0.280531D+01  0.278328D+01  0.268322D+02
  333.2591  0.291022D+01  0.290548D+01  0.577411D+01
  333.4076  0.286183D+01  0.289320D+01 -0.382129D+02
  333.5560  0.259005D+01  0.267122D+01 -0.797310D+02
  333.7043  0.240962D+01  0.247529D+01 -0.666530D+02
  333.8527  0.247761D+01  0.256625D+01 -0.899682D+02
  334.0009  0.266273D+01  0.274939D+01 -0.851254D+02
  334.1491  0.274475D+01  0.280830D+01 -0.774099D+02
  334.2972  0.283271D+01  0.284331D+01 -0.129108D+02
  334.4452  0.298713D+01  0.297521D+01  0.145276D+02
  334.5932  0.312581D+01  0.308176D+01  0.515871D+02
  334.7411  0.306362D+01  0.300315D+01  0.708252D+02
   22 331.770 334.889 333.330  2.290D-01  0.000D+00 -1.257D-02  0.000D+00  1.707D+00  2.051D+01 10300  5.141D-03
  331.7705  0.288538D+01  0.288575D+01 -0.458743D+00
  331.9196  0.301035D+01  0.301115D+01 -0.964615D+00
  332.0687  0.297102D+01  0.296765D+01  0.410170D+01
  332.2178  0.278395D+01  0.279808D+01 -0.172140D+02
  332.3667  0.269394D+01  0.267208D+01  0.214773D+02
  332.5156  0.281841D+01  0.281497D+01  0.418794D+01
  332.6644  0.297506D+01  0.299459D+01 -0.237851D+02
  332.8132  0.293707D+01  0.292323D+01  0.168555D+02
  332.9619  0.278543D+01  0.278008D+01  0.652550D+01
  333.1105  0.280531D+01  0.280265D+01  0.323713D+01
  333.2591  0.291022D+01  0.290511D+01  0.623479D+01
  333.4076  0.286183D+01  0.284780D+01  0.170903D+02
  333.5560  0.259005D+01  0.259514D+01 -0.500284D+01
  333.7043  0.240962D+01  0.241627D+01 -0.674648D+01
  333.8527  0.247761D+01  0.252948D+01 -0.526453D+02
  334.0009  0.266273D+01  0.270046D+01 -0.370543D+02
  334.1491  0.274475D+01  0.274945D+01 -0.572795D+01
  334.2972  0.283271D+01  0.280736D+01  0.308796D+02
  334.4452  0.298713D+01  0.297426D+01  0.156859D+02
  334.5932  0.312581D+01  0.310626D+01  0.229017D+02
  334.7411  0.306362D+01  0.305370D+01  0.116200D+02
  334.8890  0.279421D+01  0.282167D+01 -0.334409D+02
