           0
 T T
nwave fwave lwave wave    hwe     asym  shift    squeeze      sin      rms   exval 
   29 269.055 278.691 273.873  2.919D-01  0.000D+00 -1.435D-02  0.000D+00  6.965D-03  1.063D+01 10000  0.000D+00
  269.0551  0.205569D-02  0.201551D-02  0.486301D+01
  269.4093  0.208486D-02  0.212972D-02 -0.524435D+01
  269.7626  0.219020D-02  0.208987D-02  0.116325D+02
  270.1150  0.243118D-02  0.251780D-02 -0.979570D+01
  270.4665  0.255564D-02  0.265650D-02 -0.112225D+02
  270.8171  0.246764D-02  0.243848D-02  0.324506D+01
  271.1669  0.245532D-02  0.243139D-02  0.264165D+01
  271.5159  0.223460D-02  0.223232D-02  0.259759D+00
  271.8641  0.184097D-02  0.175603D-02  0.101902D+02
  272.2115  0.171634D-02  0.156330D-02  0.185215D+02
  272.5582  0.191778D-02  0.187851D-02  0.463043D+01
  272.9041  0.224287D-02  0.236632D-02 -0.138469D+02
  273.2493  0.219765D-02  0.238326D-02 -0.208186D+02
  273.5939  0.184550D-02  0.182386D-02  0.250904D+01
  273.9377  0.154505D-02  0.144089D-02  0.123886D+02
  274.2809  0.136209D-02  0.126330D-02  0.121693D+02
  274.6235  0.135253D-02  0.128012D-02  0.853806D+01
  274.9655  0.139807D-02  0.130920D-02  0.104784D+02
  275.3069  0.165006D-02  0.176770D-02 -0.137539D+02
  275.6476  0.191778D-02  0.176213D-02  0.176017D+02
  275.9879  0.234302D-02  0.249874D-02 -0.163999D+02
  276.3275  0.261203D-02  0.258287D-02  0.293651D+01
  276.6667  0.269630D-02  0.279588D-02 -0.974355D+01
  277.0053  0.279645D-02  0.272201D-02  0.713220D+01
  277.3434  0.287700D-02  0.293579D-02 -0.563313D+01
  277.6811  0.259016D-02  0.258278D-02  0.696520D+00
  278.0182  0.218550D-02  0.203216D-02  0.150039D+02
  278.3549  0.201891D-02  0.198587D-02  0.327884D+01
  278.6912  0.183465D-02  0.192026D-02 -0.862147D+01
   19 272.558 278.691 275.625  2.919D-01  0.000D+00 -3.261D-02  0.000D+00  7.232D-03  1.092D+01 10004  0.000D+00
  272.5582  0.191778D-02  0.181688D-02  0.118978D+02
  272.9041  0.224287D-02  0.233799D-02 -0.106698D+02
  273.2493  0.219765D-02  0.232763D-02 -0.145787D+02
  273.5939  0.184550D-02  0.179478D-02  0.588102D+01
  273.9377  0.154505D-02  0.143195D-02  0.134517D+02
  274.2809  0.136209D-02  0.126699D-02  0.117151D+02
  274.6235  0.135253D-02  0.128813D-02  0.759375D+01
  274.9655  0.139807D-02  0.133409D-02  0.754342D+01
  275.3069  0.165006D-02  0.178437D-02 -0.157028D+02
  275.6476  0.191778D-02  0.178802D-02  0.146748D+02
  275.9879  0.234302D-02  0.251715D-02 -0.183393D+02
  276.3275  0.261203D-02  0.258581D-02  0.264116D+01
  276.6667  0.269630D-02  0.277534D-02 -0.773412D+01
  277.0053  0.279645D-02  0.271705D-02  0.760766D+01
  277.3434  0.287700D-02  0.292311D-02 -0.441830D+01
  277.6811  0.259016D-02  0.254249D-02  0.450411D+01
  278.0182  0.218550D-02  0.202498D-02  0.157065D+02
  278.3549  0.201891D-02  0.201080D-02  0.804500D+00
  278.6912  0.183465D-02  0.194336D-02 -0.109484D+02
   31 281.033 291.866 286.450  2.919D-01  0.000D+00 -1.404D-02  0.000D+00  1.120D-02  1.450D+01 10000  0.000D+00
  281.0334  0.199217D-02  0.203904D-02 -0.475495D+01
  281.3665  0.262597D-02  0.259333D-02  0.314960D+01
  281.6993  0.328084D-02  0.328042D-02  0.385524D-01
  282.0316  0.377982D-02  0.376917D-02  0.941170D+00
  282.3637  0.408789D-02  0.407044D-02  0.154258D+01
  282.6954  0.429046D-02  0.417160D-02  0.105116D+02
  283.0269  0.460161D-02  0.467792D-02 -0.662221D+01
  283.3579  0.460307D-02  0.479742D-02 -0.166551D+02
  283.6887  0.460566D-02  0.449597D-02  0.945861D+01
  284.0192  0.471667D-02  0.463596D-02  0.687298D+01
  284.3494  0.423276D-02  0.417958D-02  0.476445D+01
  284.6792  0.341000D-02  0.339417D-02  0.147547D+01
  285.9959  0.422742D-02  0.444850D-02 -0.199355D+02
  286.3244  0.542405D-02  0.559197D-02 -0.144799D+02
  286.6526  0.583891D-02  0.584205D-02 -0.270751D+00
  286.9805  0.614034D-02  0.602671D-02  0.870915D+01
  287.3081  0.670916D-02  0.687016D-02 -0.116910D+02
  287.6355  0.628133D-02  0.626417D-02  0.131490D+01
  287.9626  0.515989D-02  0.487864D-02  0.217998D+02
  288.2894  0.505990D-02  0.434562D-02  0.556765D+02
  288.6159  0.679018D-02  0.695727D-02 -0.128066D+02
  288.9422  0.772363D-02  0.774614D-02 -0.163468D+01
  289.2682  0.845127D-02  0.816464D-02  0.197724D+02
  289.5939  0.980931D-02  0.971718D-02  0.605279D+01
  289.9193  0.115514D-01  0.116779D-01 -0.793138D+01
  290.2444  0.127555D-01  0.130229D-01 -0.160414D+02
  290.5692  0.131525D-01  0.134996D-01 -0.208195D+02
  290.8938  0.128851D-01  0.128025D-01  0.496043D+01
  291.2180  0.132093D-01  0.132209D-01 -0.668678D+00
  291.5420  0.132482D-01  0.131993D-01  0.280576D+01
  291.8656  0.130650D-01  0.128915D-01  0.104090D+02
   31 284.349 295.083 289.716  2.919D-01  0.000D+00 -3.006D-03  0.000D+00  1.347D-02  1.842D+01 10000  0.000D+00
  284.3494  0.423276D-02  0.410840D-02  0.111416D+02
  284.6792  0.341000D-02  0.338515D-02  0.231644D+01
  285.9959  0.422742D-02  0.440779D-02 -0.162651D+02
  286.3244  0.542405D-02  0.559890D-02 -0.150773D+02
  286.6526  0.583891D-02  0.588596D-02 -0.405677D+01
  286.9805  0.614034D-02  0.603683D-02  0.793359D+01
  287.3081  0.670916D-02  0.691956D-02 -0.152784D+02
  287.6355  0.628133D-02  0.633419D-02 -0.405195D+01
  287.9626  0.515989D-02  0.497158D-02  0.145959D+02
  288.2894  0.505990D-02  0.431150D-02  0.583359D+02
  288.6159  0.679018D-02  0.691615D-02 -0.965464D+01
  288.9422  0.772363D-02  0.776203D-02 -0.278805D+01
  289.2682  0.845127D-02  0.815166D-02  0.206680D+02
  289.5939  0.980931D-02  0.965433D-02  0.101818D+02
  289.9193  0.115514D-01  0.116135D-01 -0.389041D+01
  290.2444  0.127555D-01  0.129807D-01 -0.135064D+02
  290.5692  0.131525D-01  0.134877D-01 -0.201068D+02
  290.8938  0.128851D-01  0.127965D-01  0.531865D+01
  291.2180  0.132093D-01  0.131692D-01  0.230417D+01
  291.5420  0.132482D-01  0.132147D-01  0.192074D+01
  291.8656  0.130650D-01  0.128743D-01  0.114410D+02
  292.1889  0.131007D-01  0.132599D-01 -0.915232D+01
  292.5119  0.121737D-01  0.120537D-01  0.720052D+01
  292.8346  0.121235D-01  0.118051D-01  0.190991D+02
  293.1569  0.142043D-01  0.146274D-01 -0.243204D+02
  293.4789  0.149254D-01  0.153875D-01 -0.255014D+02
  293.8005  0.134556D-01  0.127525D-01  0.404148D+02
  294.1218  0.136971D-01  0.135090D-01  0.108129D+02
  294.4427  0.147439D-01  0.152859D-01 -0.299112D+02
  294.7632  0.142318D-01  0.142042D-01  0.158842D+01
  295.0833  0.148720D-01  0.146459D-01  0.124751D+02
   31 288.616 298.260 293.438  2.919D-01  0.000D+00 -3.822D-03  0.000D+00  1.707D-02  2.348D+01 10300  0.000D+00
  288.6159  0.679018D-02  0.696088D-02 -0.130832D+02
  288.9422  0.772363D-02  0.777884D-02 -0.400858D+01
  289.2682  0.845127D-02  0.814886D-02  0.208611D+02
  289.5939  0.980931D-02  0.963547D-02  0.114204D+02
  289.9193  0.115514D-01  0.115751D-01 -0.148443D+01
  290.2444  0.127555D-01  0.129266D-01 -0.102649D+02
  290.5692  0.131525D-01  0.134265D-01 -0.164342D+02
  290.8938  0.128851D-01  0.127404D-01  0.868195D+01
  291.2180  0.132093D-01  0.131217D-01  0.503511D+01
  291.5420  0.132482D-01  0.131720D-01  0.438011D+01
  291.8656  0.130650D-01  0.128465D-01  0.131115D+02
  292.1889  0.131007D-01  0.132412D-01 -0.807626D+01
  292.5119  0.121737D-01  0.120445D-01  0.775034D+01
  292.8346  0.121235D-01  0.118125D-01  0.186544D+02
  293.1569  0.142043D-01  0.146498D-01 -0.256103D+02
  293.4789  0.149254D-01  0.154068D-01 -0.265632D+02
  293.8005  0.134556D-01  0.127719D-01  0.393026D+02
  294.1218  0.136971D-01  0.135393D-01  0.906932D+01
  294.4427  0.147439D-01  0.153128D-01 -0.313910D+02
  294.7632  0.142318D-01  0.142126D-01  0.110656D+01
  295.0833  0.148720D-01  0.146571D-01  0.118584D+02
  295.4030  0.166303D-01  0.169347D-01 -0.161528D+02
  295.7223  0.174503D-01  0.173218D-01  0.681559D+01
  296.0411  0.188278D-01  0.190114D-01 -0.938092D+01
  296.3596  0.182735D-01  0.190637D-01 -0.403743D+02
  296.6775  0.151912D-01  0.141444D-01  0.577724D+02
  296.9951  0.145576D-01  0.138539D-01  0.388324D+02
  297.3121  0.168199D-01  0.160745D-01  0.395524D+02
  297.6286  0.209621D-01  0.215031D-01 -0.257391D+02
  297.9447  0.216524D-01  0.223052D-01 -0.310553D+02
  298.2602  0.175832D-01  0.155521D-01  0.318436D+02
   31 291.866 301.383 296.624  2.919D-01  0.000D+00 -6.343D-03  0.000D+00  2.166D-02  2.585D+01 10000  0.000D+00
  291.8656  0.130650D-01  0.129674D-01  0.585579D+01
  292.1889  0.131007D-01  0.133093D-01 -0.119944D+02
  292.5119  0.121737D-01  0.120595D-01  0.685270D+01
  292.8346  0.121235D-01  0.118174D-01  0.183580D+02
  293.1569  0.142043D-01  0.146352D-01 -0.247690D+02
  293.4789  0.149254D-01  0.153297D-01 -0.223117D+02
  293.8005  0.134556D-01  0.126939D-01  0.437848D+02
  294.1218  0.136971D-01  0.134773D-01  0.126350D+02
  294.4427  0.147439D-01  0.152292D-01 -0.267775D+02
  294.7632  0.142318D-01  0.141132D-01  0.681918D+01
  295.0833  0.148720D-01  0.146132D-01  0.142785D+02
  295.4030  0.166303D-01  0.168668D-01 -0.125495D+02
  295.7223  0.174503D-01  0.172857D-01  0.873531D+01
  296.0411  0.188278D-01  0.190035D-01 -0.898185D+01
  296.3596  0.182735D-01  0.190570D-01 -0.400319D+02
  296.6775  0.151912D-01  0.141593D-01  0.569505D+02
  296.9951  0.145576D-01  0.139423D-01  0.339533D+02
  297.3121  0.168199D-01  0.162352D-01  0.310267D+02
  297.6286  0.209621D-01  0.217859D-01 -0.391920D+02
  297.9447  0.216524D-01  0.225811D-01 -0.441813D+02
  298.2602  0.175832D-01  0.157747D-01  0.283536D+02
  298.5752  0.159658D-01  0.134528D-01  0.398518D+02
  298.8896  0.193383D-01  0.184841D-01  0.133921D+02
  299.2035  0.225097D-01  0.216670D-01  0.130634D+02
  299.5168  0.220478D-01  0.196212D-01  0.376176D+02
  299.8294  0.214012D-01  0.220724D-01 -0.102888D+02
  300.1415  0.187046D-01  0.169168D-01  0.274060D+02
  300.4529  0.192702D-01  0.193763D-01 -0.162735D+01
  300.7637  0.217416D-01  0.225199D-01 -0.116730D+02
  301.0738  0.248466D-01  0.246947D-01  0.225327D+01
  301.3831  0.275124D-01  0.280929D-01 -0.851959D+01
   31 295.083 304.434 299.759  2.919D-01  0.000D+00 -2.144D-02  0.000D+00  2.749D-02  2.858D+01 10000  0.000D+00
  295.0833  0.148720D-01  0.144525D-01  0.231463D+02
  295.4030  0.166303D-01  0.167777D-01 -0.782322D+01
  295.7223  0.174503D-01  0.174538D-01 -0.183781D+00
  296.0411  0.188278D-01  0.192870D-01 -0.234678D+02
  296.3596  0.182735D-01  0.191294D-01 -0.437346D+02
  296.6775  0.151912D-01  0.141277D-01  0.586945D+02
  296.9951  0.145576D-01  0.140744D-01  0.266672D+02
  297.3121  0.168199D-01  0.163827D-01  0.231986D+02
  297.6286  0.209621D-01  0.218509D-01 -0.422878D+02
  297.9447  0.216524D-01  0.219834D-01 -0.157472D+02
  298.2602  0.175832D-01  0.151639D-01  0.379294D+02
  298.5752  0.159658D-01  0.132033D-01  0.438091D+02
  298.8896  0.193383D-01  0.182655D-01  0.168193D+02
  299.2035  0.225097D-01  0.209762D-01  0.237718D+02
  299.5168  0.220478D-01  0.191945D-01  0.442318D+02
  299.8294  0.214012D-01  0.215724D-01 -0.262322D+01
  300.1415  0.187046D-01  0.165860D-01  0.324778D+02
  300.4529  0.192702D-01  0.197578D-01 -0.747414D+01
  300.7637  0.217416D-01  0.229835D-01 -0.186246D+02
  301.0738  0.248466D-01  0.259761D-01 -0.167560D+02
  301.3831  0.275124D-01  0.300476D-01 -0.372101D+02
  301.6918  0.261479D-01  0.280088D-01 -0.273137D+02
  301.9998  0.238694D-01  0.208678D-01  0.440552D+02
  302.3069  0.276923D-01  0.268930D-01  0.116079D+02
  302.6133  0.365487D-01  0.362022D-01  0.492838D+01
  302.9190  0.448039D-01  0.450328D-01 -0.322328D+01
  303.2238  0.504775D-01  0.502223D-01  0.352029D+01
  303.5277  0.524708D-01  0.555619D-01 -0.422249D+02
  303.8307  0.516151D-01  0.496396D-01  0.267212D+02
  304.1329  0.541108D-01  0.520675D-01  0.281915D+02
  304.4342  0.618085D-01  0.624199D-01 -0.843521D+01
   31 298.260 307.391 302.826  2.919D-01  0.000D+00 -3.856D-02  0.000D+00  4.343D-02  4.689D+01 10004  0.000D+00
  298.2602  0.175832D-01  0.163429D-01  0.194455D+02
  298.5752  0.159658D-01  0.146661D-01  0.206125D+02
  298.8896  0.193383D-01  0.203851D-01 -0.164126D+02
  299.2035  0.225097D-01  0.226907D-01 -0.280566D+01
  299.5168  0.220478D-01  0.207722D-01  0.197755D+02
  299.8294  0.214012D-01  0.228016D-01 -0.214669D+02
  300.1415  0.187046D-01  0.172273D-01  0.226471D+02
  300.4529  0.192702D-01  0.207894D-01 -0.232883D+02
  300.7637  0.217416D-01  0.234258D-01 -0.252572D+02
  301.0738  0.248466D-01  0.264139D-01 -0.232520D+02
  301.3831  0.275124D-01  0.299313D-01 -0.355032D+02
  301.6918  0.261479D-01  0.271655D-01 -0.149363D+02
  301.9998  0.238694D-01  0.202145D-01  0.536442D+02
  302.3069  0.276923D-01  0.267425D-01  0.137939D+02
  302.6133  0.365487D-01  0.355128D-01  0.147346D+02
  302.9190  0.448039D-01  0.439045D-01  0.126621D+02
  303.2238  0.504775D-01  0.491690D-01  0.180527D+02
  303.5277  0.524708D-01  0.540545D-01 -0.216333D+02
  303.8307  0.516151D-01  0.485662D-01  0.412405D+02
  304.1329  0.541108D-01  0.519431D-01  0.299065D+02
  304.4342  0.618085D-01  0.630551D-01 -0.171986D+02
  304.7345  0.702841D-01  0.652996D-01  0.625174D+02
  305.0339  0.792782D-01  0.758341D-01  0.431984D+02
  305.3323  0.833945D-01  0.884869D-01 -0.638714D+02
  305.6296  0.770095D-01  0.768552D-01  0.193460D+01
  305.9259  0.748379D-01  0.710275D-01  0.438089D+02
  306.2212  0.833621D-01  0.975449D-01 -0.163062D+03
  306.5153  0.937985D-01  0.100746D+00 -0.737302D+02
  306.8083  0.110588D+00  0.107058D+00  0.347860D+02
  307.1002  0.137570D+00  0.135714D+00  0.160050D+02
  307.3908  0.158719D+00  0.146333D+00  0.100514D+03
   26 301.383 308.825 305.104  2.919D-01  0.000D+00 -7.044D-02  0.000D+00  7.617D-02  5.331D+01 10004  0.000D+00
  301.3831  0.275124D-01  0.287778D-01 -0.185731D+02
  301.6918  0.261479D-01  0.259615D-01  0.273543D+01
  301.9998  0.238694D-01  0.200895D-01  0.554775D+02
  302.3069  0.276923D-01  0.281865D-01 -0.717759D+01
  302.6133  0.365487D-01  0.370274D-01 -0.680817D+01
  302.9190  0.448039D-01  0.452090D-01 -0.570307D+01
  303.2238  0.504775D-01  0.508349D-01 -0.493107D+01
  303.5277  0.524708D-01  0.543967D-01 -0.263083D+02
  303.8307  0.516151D-01  0.488140D-01  0.378881D+02
  304.1329  0.541108D-01  0.529235D-01  0.163812D+02
  304.4342  0.618085D-01  0.640119D-01 -0.303998D+02
  304.7345  0.702841D-01  0.648357D-01  0.683366D+02
  305.0339  0.792782D-01  0.772613D-01  0.252979D+02
  305.3323  0.833945D-01  0.870348D-01 -0.456582D+02
  305.6296  0.770095D-01  0.739393D-01  0.385067D+02
  305.9259  0.748379D-01  0.718138D-01  0.347687D+02
  306.2212  0.833621D-01  0.980253D-01 -0.168586D+03
  306.5153  0.937985D-01  0.987450D-01 -0.524956D+02
  306.8083  0.110588D+00  0.108506D+00  0.205167D+02
  307.1002  0.137570D+00  0.136663D+00  0.782616D+01
  307.3908  0.158719D+00  0.146165D+00  0.101879D+03
  307.6803  0.170500D+00  0.158482D+00  0.872649D+02
  307.9685  0.177193D+00  0.174990D+00  0.152001D+02
  308.2555  0.186528D+00  0.183521D+00  0.188525D+02
  308.5411  0.202701D+00  0.215416D+00 -0.730951D+02
  308.8254  0.203495D+00  0.210591D+00 -0.362594D+02
   16 304.434 308.825 306.630  2.919D-01  0.000D+00  8.809D-03  0.000D+00  1.172D-01  6.021D+01 10003  0.000D+00
  304.4342  0.618085D-01  0.667920D-01 -0.687557D+02
  304.7345  0.702841D-01  0.667814D-01  0.439317D+02
  305.0339  0.792782D-01  0.711779D-01  0.101598D+03
  305.3323  0.833945D-01  0.853398D-01 -0.243994D+02
  305.6296  0.770095D-01  0.770498D-01 -0.506552D+00
  305.9259  0.748379D-01  0.679919D-01  0.787096D+02
  306.2212  0.833621D-01  0.935076D-01 -0.116645D+03
  306.5153  0.937985D-01  0.103231D+00 -0.100107D+03
  306.8083  0.110588D+00  0.106773D+00  0.375969D+02
  307.1002  0.137570D+00  0.137261D+00  0.266986D+01
  307.3908  0.158719D+00  0.152382D+00  0.514248D+02
  307.6803  0.170500D+00  0.161366D+00  0.663245D+02
  307.9685  0.177193D+00  0.178848D+00 -0.114174D+02
  308.2555  0.186528D+00  0.182892D+00  0.227964D+02
  308.5411  0.202701D+00  0.207381D+00 -0.269039D+02
  308.8254  0.203495D+00  0.208916D+00 -0.276991D+02
   31 312.051 316.749 314.400  2.919D-01  0.000D+00 -5.519D-02  0.000D+00  7.409D-01  1.174D+02 10300  0.000D+00
  312.0507  0.476569D+00  0.501370D+00 -0.667462D+02
  312.2083  0.514547D+00  0.528813D+00 -0.392042D+02
  312.3658  0.568909D+00  0.568875D+00  0.936987D-01
  312.5233  0.613223D+00  0.593797D+00  0.541484D+02
  312.6807  0.641583D+00  0.609723D+00  0.888068D+02
  312.8380  0.665325D+00  0.631663D+00  0.938266D+02
  312.9953  0.687932D+00  0.649837D+00  0.106184D+03
  313.1525  0.688337D+00  0.657507D+00  0.859321D+02
  313.3096  0.664271D+00  0.666798D+00 -0.704388D+01
  313.4666  0.644014D+00  0.696323D+00 -0.145802D+03
  313.6236  0.665811D+00  0.757906D+00 -0.239588D+03
  313.7805  0.736873D+00  0.835694D+00 -0.257085D+03
  313.9374  0.827949D+00  0.888739D+00 -0.148262D+03
  314.0941  0.885965D+00  0.878069D+00  0.192589D+02
  314.2509  0.852500D+00  0.790555D+00  0.151081D+03
  314.4075  0.766286D+00  0.691534D+00  0.182314D+03
  314.5640  0.740519D+00  0.687523D+00  0.129254D+03
  314.7205  0.833378D+00  0.789628D+00  0.106701D+03
  314.8770  0.971045D+00  0.912966D+00  0.141649D+03
  315.0333  0.105434D+01  0.996055D+00  0.142158D+03
  315.1896  0.107103D+01  0.103330D+01  0.920275D+02
  315.3458  0.103198D+01  0.103639D+01 -0.107496D+02
  315.5019  0.948600D+00  0.994129D+00 -0.111043D+03
  315.6580  0.835971D+00  0.895557D+00 -0.145328D+03
  315.8140  0.739547D+00  0.788920D+00 -0.120419D+03
  315.9699  0.707541D+00  0.753272D+00 -0.111536D+03
  316.1258  0.780547D+00  0.819617D+00 -0.952887D+02
  316.2816  0.924859D+00  0.946066D+00 -0.517222D+02
  316.4373  0.107225D+01  0.106503D+01  0.176107D+02
  316.5930  0.118626D+01  0.115178D+01  0.840792D+02
  316.7485  0.125805D+01  0.123287D+01  0.577946D+02
   31 313.624 318.301 315.962  2.919D-01  0.000D+00 -8.555D-02  0.000D+00  9.547D-01  8.861D+01 10300  0.000D+00
  313.6236  0.665811D+00  0.675564D+00 -0.253740D+02
  313.7805  0.736873D+00  0.780960D+00 -0.114695D+03
  313.9374  0.827949D+00  0.853139D+00 -0.614377D+02
  314.0941  0.885965D+00  0.852952D+00  0.805159D+02
  314.2509  0.852500D+00  0.773071D+00  0.193722D+03
  314.4075  0.766286D+00  0.694912D+00  0.174076D+03
  314.5640  0.740519D+00  0.722869D+00  0.430469D+02
  314.7205  0.833378D+00  0.844304D+00 -0.266472D+02
  314.8770  0.971045D+00  0.968906D+00  0.521806D+01
  315.0333  0.105434D+01  0.104368D+01  0.260130D+02
  315.1896  0.107103D+01  0.107068D+01  0.858100D+00
  315.3458  0.103198D+01  0.106031D+01 -0.691051D+02
  315.5019  0.948600D+00  0.997923D+00 -0.120295D+03
  315.6580  0.835971D+00  0.882266D+00 -0.112910D+03
  315.8140  0.739547D+00  0.775098D+00 -0.867069D+02
  315.9699  0.707541D+00  0.752531D+00 -0.109730D+03
  316.1258  0.780547D+00  0.826612D+00 -0.112349D+03
  316.2816  0.924859D+00  0.944159D+00 -0.470728D+02
  316.4373  0.107225D+01  0.104343D+01  0.702977D+02
  316.5930  0.118626D+01  0.111285D+01  0.179044D+03
  316.7485  0.125805D+01  0.118387D+01  0.170276D+03
  316.9041  0.132311D+01  0.129033D+01  0.710822D+02
  317.0595  0.141411D+01  0.142506D+01 -0.237353D+02
  317.2148  0.151434D+01  0.152450D+01 -0.220218D+02
  317.3702  0.154975D+01  0.155340D+01 -0.791595D+01
  317.5254  0.151248D+01  0.153699D+01 -0.531359D+02
  317.6805  0.143048D+01  0.145671D+01 -0.568665D+02
  317.8357  0.130237D+01  0.129216D+01  0.221369D+02
  317.9907  0.115806D+01  0.113653D+01  0.494105D+02
  318.1456  0.109040D+01  0.109685D+01 -0.148122D+02
  318.3005  0.116616D+01  0.117587D+01 -0.222885D+02
   31 315.190 319.846 317.518  2.919D-01  0.000D+00 -7.229D-02  0.000D+00  1.142D+00  1.741D+02 10000  0.000D+00
  315.1896  0.107103D+01  0.108771D+01 -0.406805D+02
  315.3458  0.103198D+01  0.104970D+01 -0.432132D+02
  315.5019  0.948600D+00  0.972592D+00 -0.585131D+02
  315.6580  0.835971D+00  0.851557D+00 -0.380152D+02
  315.8140  0.739547D+00  0.740115D+00 -0.138701D+01
  315.9699  0.707541D+00  0.708881D+00 -0.326904D+01
  316.1258  0.780547D+00  0.774482D+00  0.147925D+02
  316.2816  0.924859D+00  0.890801D+00  0.830656D+02
  316.4373  0.107225D+01  0.997567D+00  0.182146D+03
  316.5930  0.118626D+01  0.107829D+01  0.263325D+03
  316.7485  0.125805D+01  0.116055D+01  0.223799D+03
  316.9041  0.132311D+01  0.127827D+01  0.972160D+02
  317.0595  0.141411D+01  0.143077D+01 -0.361157D+02
  317.2148  0.151434D+01  0.155596D+01 -0.902200D+02
  317.3702  0.154975D+01  0.160811D+01 -0.126519D+03
  317.5254  0.151248D+01  0.160890D+01 -0.209031D+03
  317.6805  0.143048D+01  0.154249D+01 -0.242840D+03
  317.8357  0.130237D+01  0.138010D+01 -0.168503D+03
  317.9907  0.115806D+01  0.120996D+01 -0.119145D+03
  318.1456  0.109040D+01  0.115262D+01 -0.142829D+03
  318.3005  0.116616D+01  0.121903D+01 -0.121349D+03
  318.4554  0.133178D+01  0.135291D+01 -0.457943D+02
  318.6101  0.151353D+01  0.150329D+01  0.210235D+02
  318.7648  0.170200D+01  0.163758D+01  0.132307D+03
  318.9194  0.185053D+01  0.168964D+01  0.313914D+03
  319.0739  0.182419D+01  0.159142D+01  0.454182D+03
  319.2284  0.161174D+01  0.143712D+01  0.358642D+03
  319.3828  0.141038D+01  0.139879D+01  0.251329D+02
  319.5371  0.138502D+01  0.148250D+01 -0.211323D+03
  319.6914  0.150753D+01  0.160297D+01 -0.196004D+03
  319.8456  0.162916D+01  0.169559D+01 -0.136448D+03
   31 316.749 321.384 319.066  2.919D-01  0.000D+00 -1.203D-02  0.000D+00  1.290D+00  2.374D+02 10300  0.000D+00
  316.7485  0.125805D+01  0.112703D+01  0.300751D+03
  316.9041  0.132311D+01  0.124153D+01  0.176867D+03
  317.0595  0.141411D+01  0.139349D+01  0.447081D+02
  317.2148  0.151434D+01  0.154235D+01 -0.607146D+02
  317.3702  0.154975D+01  0.161978D+01 -0.151827D+03
  317.5254  0.151248D+01  0.162888D+01 -0.252344D+03
  317.6805  0.143048D+01  0.158355D+01 -0.331855D+03
  317.8357  0.130237D+01  0.144386D+01 -0.306732D+03
  317.9907  0.115806D+01  0.124971D+01 -0.210390D+03
  318.1456  0.109040D+01  0.113237D+01 -0.963511D+02
  318.3005  0.116616D+01  0.114692D+01  0.441621D+02
  318.4554  0.133178D+01  0.125016D+01  0.176963D+03
  318.6101  0.151353D+01  0.138614D+01  0.261631D+03
  318.7648  0.170200D+01  0.152183D+01  0.370044D+03
  318.9194  0.185053D+01  0.161374D+01  0.462000D+03
  319.0739  0.182419D+01  0.158027D+01  0.475933D+03
  319.2284  0.161174D+01  0.144051D+01  0.351680D+03
  319.3828  0.141038D+01  0.136284D+01  0.103057D+03
  319.5371  0.138502D+01  0.142789D+01 -0.929352D+02
  319.6914  0.150753D+01  0.157394D+01 -0.136383D+03
  319.8456  0.162916D+01  0.172922D+01 -0.205519D+03
  319.9997  0.169536D+01  0.184298D+01 -0.288034D+03
  320.1538  0.173976D+01  0.191944D+01 -0.350579D+03
  320.3078  0.186649D+01  0.201747D+01 -0.294584D+03
  320.4617  0.205553D+01  0.213541D+01 -0.148437D+03
  320.6155  0.220932D+01  0.220733D+01  0.352589D+01
  320.7693  0.223177D+01  0.217650D+01  0.980368D+02
  320.9230  0.211695D+01  0.202826D+01  0.164799D+03
  321.0767  0.193237D+01  0.184108D+01  0.169628D+03
  321.2303  0.177412D+01  0.171830D+01  0.108911D+03
  321.3838  0.173190D+01  0.172829D+01  0.705724D+01
   31 318.301 322.915 320.608  2.919D-01  0.000D+00  5.539D-02  0.000D+00  1.490D+00  2.130D+02 10300  0.000D+00
  318.3005  0.116616D+01  0.134610D+01 -0.413045D+03
  318.4554  0.133178D+01  0.137602D+01 -0.958964D+02
  318.6101  0.151353D+01  0.147271D+01  0.838341D+02
  318.7648  0.170200D+01  0.158411D+01  0.242131D+03
  318.9194  0.185053D+01  0.167772D+01  0.337175D+03
  319.0739  0.182419D+01  0.168196D+01  0.277525D+03
  319.2284  0.161174D+01  0.155149D+01  0.123735D+03
  319.3828  0.141038D+01  0.141067D+01 -0.628501D+00
  319.5371  0.138502D+01  0.141054D+01 -0.553264D+02
  319.6914  0.150753D+01  0.153045D+01 -0.470667D+02
  319.8456  0.162916D+01  0.168983D+01 -0.124609D+03
  319.9997  0.169536D+01  0.182839D+01 -0.259569D+03
  320.1538  0.173976D+01  0.191482D+01 -0.341554D+03
  320.3078  0.186649D+01  0.199768D+01 -0.255975D+03
  320.4617  0.205553D+01  0.210745D+01 -0.964869D+02
  320.6155  0.220932D+01  0.219966D+01  0.171349D+02
  320.7693  0.223177D+01  0.220234D+01  0.521969D+02
  320.9230  0.211695D+01  0.208046D+01  0.678141D+02
  321.0767  0.193237D+01  0.187303D+01  0.110265D+03
  321.2303  0.177412D+01  0.168333D+01  0.177136D+03
  321.3838  0.173190D+01  0.159687D+01  0.263472D+03
  321.5372  0.180515D+01  0.163588D+01  0.330269D+03
  321.6906  0.194963D+01  0.177445D+01  0.325525D+03
  321.8439  0.206177D+01  0.195089D+01  0.196667D+03
  321.9971  0.205213D+01  0.209074D+01 -0.684863D+02
  322.1503  0.193925D+01  0.210608D+01 -0.309995D+03
  322.3034  0.183959D+01  0.199831D+01 -0.309691D+03
  322.4564  0.177112D+01  0.185616D+01 -0.165931D+03
  322.6094  0.167640D+01  0.170850D+01 -0.626273D+02
  322.7623  0.154651D+01  0.153420D+01  0.240238D+02
  322.9151  0.151467D+01  0.137642D+01  0.269733D+03
   31 319.846 324.440 322.143  2.919D-01  0.000D+00 -5.486D-02  0.000D+00  1.610D+00  2.307D+02 10300  0.000D+00
  319.8456  0.162916D+01  0.155123D+01  0.160053D+03
  319.9997  0.169536D+01  0.171870D+01 -0.455500D+02
  320.1538  0.173976D+01  0.185308D+01 -0.221106D+03
  320.3078  0.186649D+01  0.200212D+01 -0.264627D+03
  320.4617  0.205553D+01  0.214046D+01 -0.157824D+03
  320.6155  0.220932D+01  0.219852D+01  0.191547D+02
  320.7693  0.223177D+01  0.212806D+01  0.183948D+03
  320.9230  0.211695D+01  0.194174D+01  0.325575D+03
  321.0767  0.193237D+01  0.173877D+01  0.359741D+03
  321.2303  0.177412D+01  0.161744D+01  0.305703D+03
  321.3838  0.173190D+01  0.162198D+01  0.214466D+03
  321.5372  0.180515D+01  0.173965D+01  0.127795D+03
  321.6906  0.194963D+01  0.191724D+01  0.601758D+02
  321.8439  0.206177D+01  0.208765D+01 -0.459075D+02
  321.9971  0.205213D+01  0.216277D+01 -0.196250D+03
  322.1503  0.193925D+01  0.210780D+01 -0.313205D+03
  322.3034  0.183959D+01  0.199904D+01 -0.311111D+03
  322.4564  0.177112D+01  0.189563D+01 -0.242946D+03
  322.6094  0.167640D+01  0.177226D+01 -0.187040D+03
  322.7623  0.154651D+01  0.165367D+01 -0.209082D+03
  322.9151  0.151467D+01  0.162271D+01 -0.210817D+03
  323.0678  0.167510D+01  0.171161D+01 -0.712254D+02
  323.2205  0.189858D+01  0.182655D+01  0.133837D+03
  323.3731  0.202749D+01  0.186536D+01  0.287591D+03
  323.5257  0.206234D+01  0.187349D+01  0.334971D+03
  323.6782  0.212943D+01  0.195003D+01  0.318215D+03
  323.8306  0.226855D+01  0.210451D+01  0.290981D+03
  323.9829  0.242348D+01  0.229632D+01  0.215744D+03
  324.1352  0.251075D+01  0.248041D+01  0.514657D+02
  324.2874  0.253344D+01  0.262919D+01 -0.162466D+03
  324.4395  0.254429D+01  0.277417D+01 -0.390026D+03
   31 321.384 325.957 323.671  2.919D-01  0.000D+00 -1.030D-01  0.000D+00  1.738D+00  2.406D+02 10300  0.000D+00
  321.3838  0.173190D+01  0.160739D+01  0.242935D+03
  321.5372  0.180515D+01  0.173847D+01  0.130108D+03
  321.6906  0.194963D+01  0.191400D+01  0.661924D+02
  321.8439  0.206177D+01  0.206396D+01 -0.387858D+01
  321.9971  0.205213D+01  0.210349D+01 -0.911083D+02
  322.1503  0.193925D+01  0.203466D+01 -0.177279D+03
  322.3034  0.183959D+01  0.194293D+01 -0.201628D+03
  322.4564  0.177112D+01  0.185187D+01 -0.157550D+03
  322.6094  0.167640D+01  0.173699D+01 -0.118232D+03
  322.7623  0.154651D+01  0.164600D+01 -0.194113D+03
  322.9151  0.151467D+01  0.166330D+01 -0.289999D+03
  323.0678  0.167510D+01  0.178023D+01 -0.205121D+03
  323.2205  0.189858D+01  0.187949D+01  0.354739D+02
  323.3731  0.202749D+01  0.188790D+01  0.247603D+03
  323.5257  0.206234D+01  0.189631D+01  0.294500D+03
  323.6782  0.212943D+01  0.197703D+01  0.270315D+03
  323.8306  0.226855D+01  0.211143D+01  0.278700D+03
  323.9829  0.242348D+01  0.225176D+01  0.291346D+03
  324.1352  0.251075D+01  0.235454D+01  0.265029D+03
  324.2874  0.253344D+01  0.241278D+01  0.204710D+03
  324.4395  0.254429D+01  0.244956D+01  0.160735D+03
  324.5916  0.250086D+01  0.243567D+01  0.110603D+03
  324.7436  0.235995D+01  0.235562D+01  0.768300D+01
  324.8956  0.216411D+01  0.230310D+01 -0.246546D+03
  325.0474  0.210544D+01  0.234009D+01 -0.416212D+03
  325.1992  0.221281D+01  0.244501D+01 -0.411874D+03
  325.3510  0.240808D+01  0.260848D+01 -0.340007D+03
  325.5026  0.263270D+01  0.279941D+01 -0.271069D+03
  325.6542  0.287497D+01  0.293906D+01 -0.104208D+03
  325.8057  0.311238D+01  0.299883D+01  0.184638D+03
  325.9572  0.330547D+01  0.298027D+01  0.507610D+03
   31 322.915 327.468 325.192  2.919D-01  0.000D+00  2.359D-02  0.000D+00  1.865D+00  2.517D+02 10304  0.000D+00
  322.9151  0.151467D+01  0.173368D+01 -0.427332D+03
  323.0678  0.167510D+01  0.177315D+01 -0.191299D+03
  323.2205  0.189858D+01  0.189923D+01 -0.120865D+01
  323.3731  0.202749D+01  0.198210D+01  0.805212D+02
  323.5257  0.206234D+01  0.197376D+01  0.157115D+03
  323.6782  0.212943D+01  0.198379D+01  0.258333D+03
  323.8306  0.226855D+01  0.207088D+01  0.350628D+03
  323.9829  0.242348D+01  0.220484D+01  0.370963D+03
  324.1352  0.251075D+01  0.233566D+01  0.297054D+03
  324.2874  0.253344D+01  0.242339D+01  0.186704D+03
  324.4395  0.254429D+01  0.247100D+01  0.124350D+03
  324.5916  0.250086D+01  0.249912D+01  0.295291D+01
  324.7436  0.235995D+01  0.247007D+01 -0.195318D+03
  324.8956  0.216411D+01  0.238799D+01 -0.397106D+03
  325.0474  0.210544D+01  0.235509D+01 -0.442808D+03
  325.1992  0.221281D+01  0.241879D+01 -0.365367D+03
  325.3510  0.240808D+01  0.255463D+01 -0.248632D+03
  325.5026  0.263270D+01  0.275937D+01 -0.205961D+03
  325.6542  0.287497D+01  0.299185D+01 -0.190032D+03
  325.8057  0.311238D+01  0.317696D+01 -0.104991D+03
  325.9572  0.330547D+01  0.329003D+01  0.241021D+02
  326.1086  0.343099D+01  0.333098D+01  0.150095D+03
  326.2599  0.343836D+01  0.329702D+01  0.212140D+03
  326.4112  0.337200D+01  0.321859D+01  0.230244D+03
  326.5624  0.338043D+01  0.318853D+01  0.288011D+03
  326.7135  0.349840D+01  0.327312D+01  0.338120D+03
  326.8646  0.358818D+01  0.339761D+01  0.286023D+03
  327.0156  0.348852D+01  0.342495D+01  0.954009D+02
  327.1665  0.330483D+01  0.338353D+01 -0.118119D+03
  327.3173  0.325029D+01  0.340111D+01 -0.226353D+03
  327.4681  0.328992D+01  0.349677D+01 -0.310465D+03
   31 324.440 328.972 326.706  2.919D-01  0.000D+00  2.976D-02  0.000D+00  1.969D+00  2.607D+02 10300  0.000D+00
  324.4395  0.254429D+01  0.226725D+01  0.470040D+03
  324.5916  0.250086D+01  0.234087D+01  0.271453D+03
  324.7436  0.235995D+01  0.235741D+01  0.451209D+01
  324.8956  0.216411D+01  0.231369D+01 -0.265325D+03
  325.0474  0.210544D+01  0.230725D+01 -0.357965D+03
  325.1992  0.221281D+01  0.239119D+01 -0.316403D+03
  325.3510  0.240808D+01  0.254364D+01 -0.229987D+03
  325.5026  0.263270D+01  0.276290D+01 -0.211701D+03
  325.6542  0.287497D+01  0.301015D+01 -0.219798D+03
  325.8057  0.311238D+01  0.320717D+01 -0.154124D+03
  325.9572  0.330547D+01  0.332652D+01 -0.328522D+02
  326.1086  0.343099D+01  0.336674D+01  0.964289D+02
  326.2599  0.343836D+01  0.332597D+01  0.168684D+03
  326.4112  0.337200D+01  0.323207D+01  0.210011D+03
  326.5624  0.338043D+01  0.317767D+01  0.304315D+03
  326.7135  0.349840D+01  0.323237D+01  0.399280D+03
  326.8646  0.358818D+01  0.332549D+01  0.394268D+03
  327.0156  0.348852D+01  0.332095D+01  0.251504D+03
  327.1665  0.330483D+01  0.324081D+01  0.960805D+02
  327.3173  0.325029D+01  0.320961D+01  0.610595D+02
  327.4681  0.328992D+01  0.324984D+01  0.601490D+02
  327.6188  0.326618D+01  0.326991D+01 -0.560893D+01
  327.7695  0.310039D+01  0.322650D+01 -0.196852D+03
  327.9201  0.293412D+01  0.316847D+01 -0.381046D+03
  328.0706  0.286549D+01  0.313965D+01 -0.445768D+03
  328.2210  0.291605D+01  0.313610D+01 -0.357790D+03
  328.3714  0.301199D+01  0.312667D+01 -0.179002D+03
  328.5217  0.303938D+01  0.307342D+01 -0.510977D+02
  328.6720  0.300721D+01  0.297188D+01  0.530204D+02
  328.8222  0.311441D+01  0.295313D+01  0.242063D+03
  328.9723  0.342556D+01  0.314341D+01  0.407783D+03
   27 325.957 329.872 327.914  2.919D-01  0.000D+00 -1.303D-01  0.000D+00  1.970D+00  1.776D+02   300  0.000D+00
  325.9572  0.330547D+01  0.347607D+01 -0.266281D+03
  326.1086  0.343099D+01  0.344491D+01 -0.208954D+02
  326.2599  0.343836D+01  0.335535D+01  0.124593D+03
  326.4112  0.337200D+01  0.330672D+01  0.979814D+02
  326.5624  0.338043D+01  0.336584D+01  0.218995D+02
  326.7135  0.349840D+01  0.345140D+01  0.705427D+02
  326.8646  0.358818D+01  0.342647D+01  0.242712D+03
  327.0156  0.348852D+01  0.332803D+01  0.240871D+03
  327.1665  0.330483D+01  0.328412D+01  0.310804D+02
  327.3173  0.325029D+01  0.330747D+01 -0.858125D+02
  327.4681  0.328992D+01  0.330362D+01 -0.205628D+02
  327.6188  0.326618D+01  0.323715D+01  0.435644D+02
  327.7695  0.310039D+01  0.316197D+01 -0.961215D+02
  327.9201  0.293412D+01  0.311813D+01 -0.299184D+03
  328.0706  0.286549D+01  0.310091D+01 -0.382776D+03
  328.2210  0.291605D+01  0.307923D+01 -0.265319D+03
  328.3714  0.301199D+01  0.301555D+01 -0.556065D+01
  328.5217  0.303938D+01  0.291351D+01  0.188907D+03
  328.6720  0.300721D+01  0.290923D+01  0.147058D+03
  328.8222  0.311441D+01  0.311744D+01 -0.454980D+01
  328.9723  0.342556D+01  0.342446D+01  0.159461D+01
  329.1223  0.378857D+01  0.367323D+01  0.166700D+03
  329.2723  0.402720D+01  0.384983D+01  0.247186D+03
  329.4222  0.413715D+01  0.398625D+01  0.210301D+03
  329.5721  0.418804D+01  0.411154D+01  0.102936D+03
  329.7219  0.419817D+01  0.427457D+01 -0.102811D+03
  329.8716  0.425229D+01  0.448095D+01 -0.307690D+03
   17 327.468 329.872 328.670  2.919D-01  0.000D+00 -1.459D-02  0.000D+00  2.015D+00  6.559D+01 10300  0.000D+00
  327.4681  0.328992D+01  0.333289D+01 -0.644908D+02
  327.6188  0.326618D+01  0.319146D+01  0.112133D+03
  327.7695  0.310039D+01  0.305072D+01  0.775269D+02
  327.9201  0.293412D+01  0.296149D+01 -0.444952D+02
  328.0706  0.286549D+01  0.294135D+01 -0.123349D+03
  328.2210  0.291605D+01  0.296709D+01 -0.829787D+02
  328.3714  0.301199D+01  0.300143D+01  0.164891D+02
  328.5217  0.303938D+01  0.299553D+01  0.658036D+02
  328.6720  0.300721D+01  0.297181D+01  0.531253D+02
  328.8222  0.311441D+01  0.308293D+01  0.472487D+02
  328.9723  0.342556D+01  0.340423D+01  0.308243D+02
  329.1223  0.378857D+01  0.376987D+01  0.270201D+02
  329.2723  0.402720D+01  0.402979D+01 -0.361857D+01
  329.4222  0.413715D+01  0.417800D+01 -0.569288D+02
  329.5721  0.418804D+01  0.423575D+01 -0.642057D+02
  329.7219  0.419817D+01  0.422779D+01 -0.398650D+02
  329.8716  0.425229D+01  0.419467D+01  0.775356D+02
