 rad_fit_vary
           0
 T T
nwave fwave lwave wave    hwe     asym  shift    squeeze      sin      rms   exval 
   31 264.098 274.703 269.400  4.403D-01  0.000D+00 -4.501D-02  0.000D+00  2.621D-03  1.965D+00 10300  2.933D-02
  264.0979  0.110010D-02  0.112618D-02 -0.145430D+01
  264.4647  0.108191D-02  0.108384D-02 -0.109895D+00
  264.8304  0.882221D-03  0.925228D-03 -0.289909D+01
  265.1950  0.100438D-02  0.945306D-03  0.416328D+01
  265.5586  0.108372D-02  0.105211D-02  0.235612D+01
  265.9211  0.996384D-03  0.103099D-02 -0.268296D+01
  266.2826  0.948139D-03  0.941400D-03  0.549896D+00
  266.6431  0.943882D-03  0.903007D-03  0.340712D+01
  267.0027  0.908407D-03  0.916523D-03 -0.699006D+00
  267.3612  0.975229D-03  0.955220D-03  0.168593D+01
  267.7188  0.893186D-03  0.940823D-03 -0.414929D+01
  268.0756  0.875900D-03  0.894551D-03 -0.162456D+01
  268.4314  0.905440D-03  0.900505D-03  0.434784D+00
  268.7863  0.875642D-03  0.884100D-03 -0.753650D+00
  269.1404  0.876416D-03  0.865490D-03  0.962468D+00
  269.4937  0.854357D-03  0.868004D-03 -0.121599D+01
  269.8461  0.939238D-03  0.924274D-03  0.127472D+01
  270.1977  0.102747D-02  0.102302D-02  0.375209D+00
  270.5485  0.101883D-02  0.103421D-02 -0.130981D+01
  270.8985  0.991998D-03  0.987279D-03  0.406468D+00
  271.2478  0.946849D-03  0.944765D-03  0.173743D+00
  271.5964  0.884672D-03  0.833985D-03  0.431784D+01
  271.9442  0.679177D-03  0.693932D-03 -0.136172D+01
  272.2914  0.700204D-03  0.693806D-03  0.583497D+00
  272.6378  0.797856D-03  0.822421D-03 -0.218885D+01
  272.9836  0.927370D-03  0.941874D-03 -0.123551D+01
  273.3287  0.877706D-03  0.874426D-03  0.288878D+00
  273.6732  0.704203D-03  0.699730D-03  0.394006D+00
  274.0170  0.601907D-03  0.572317D-03  0.269860D+01
  274.3603  0.518961D-03  0.521164D-03 -0.208249D+00
  274.7029  0.507738D-03  0.524616D-03 -0.155757D+01
   31 267.719 278.099 272.909  4.369D-01  0.000D+00 -1.420D-02  0.000D+00  2.766D-03  1.293D+00 10300  2.000D-02
  267.7188  0.893186D-03  0.907171D-03 -0.121820D+01
  268.0756  0.875900D-03  0.871369D-03  0.394602D+00
  268.4314  0.905440D-03  0.886071D-03  0.170631D+01
  268.7863  0.875642D-03  0.880580D-03 -0.440028D+00
  269.1404  0.876416D-03  0.864967D-03  0.100851D+01
  269.4937  0.854357D-03  0.870413D-03 -0.143064D+01
  269.8461  0.939238D-03  0.921141D-03  0.154163D+01
  270.1977  0.102747D-02  0.102496D-02  0.211411D+00
  270.5485  0.101883D-02  0.104548D-02 -0.227051D+01
  270.8985  0.991998D-03  0.996599D-03 -0.396302D+00
  271.2478  0.946849D-03  0.954585D-03 -0.644805D+00
  271.5964  0.884672D-03  0.849096D-03  0.303062D+01
  271.9442  0.679177D-03  0.701230D-03 -0.203522D+01
  272.2914  0.700204D-03  0.683942D-03  0.148308D+01
  272.6378  0.797856D-03  0.804496D-03 -0.591669D+00
  272.9836  0.927370D-03  0.931772D-03 -0.374965D+00
  273.3287  0.877706D-03  0.881677D-03 -0.349861D+00
  273.6732  0.704203D-03  0.708251D-03 -0.356657D+00
  274.0170  0.601907D-03  0.575833D-03  0.237792D+01
  274.3603  0.518961D-03  0.519907D-03 -0.894592D-01
  274.7029  0.507738D-03  0.521222D-03 -0.124438D+01
  275.0449  0.595844D-03  0.587991D-03  0.707823D+00
  275.3864  0.714136D-03  0.691573D-03  0.196522D+01
  275.7273  0.794502D-03  0.811797D-03 -0.148974D+01
  276.0676  0.996771D-03  0.976802D-03  0.159590D+01
  276.4075  0.104128D-02  0.106235D-02 -0.163386D+01
  276.7468  0.109107D-02  0.109608D-02 -0.388741D+00
  277.0855  0.110874D-02  0.111410D-02 -0.395829D+00
  277.4238  0.110590D-02  0.110444D-02  0.109177D+00
  277.7616  0.966199D-03  0.962253D-03  0.291326D+00
  278.0990  0.823268D-03  0.817725D-03  0.413186D+00
   31 271.248 281.448 276.348  4.212D-01  0.000D+00 -7.841D-03  0.000D+00  2.956D-03  1.168D+00 10300  1.783D-02
  271.2478  0.946849D-03  0.958574D-03 -0.977339D+00
  271.5964  0.884672D-03  0.854838D-03  0.254142D+01
  271.9442  0.679177D-03  0.700239D-03 -0.194371D+01
  272.2914  0.700204D-03  0.679779D-03  0.186274D+01
  272.6378  0.797856D-03  0.802698D-03 -0.431508D+00
  272.9836  0.927370D-03  0.938664D-03 -0.962079D+00
  273.3287  0.877706D-03  0.890281D-03 -0.110776D+01
  273.6732  0.704203D-03  0.711165D-03 -0.613359D+00
  274.0170  0.601907D-03  0.576503D-03  0.231685D+01
  274.3603  0.518961D-03  0.519920D-03 -0.906810D-01
  274.7029  0.507738D-03  0.519989D-03 -0.113063D+01
  275.0449  0.595844D-03  0.585229D-03  0.956812D+00
  275.3864  0.714136D-03  0.691042D-03  0.201151D+01
  275.7273  0.794502D-03  0.806213D-03 -0.100876D+01
  276.0676  0.996771D-03  0.977958D-03  0.150354D+01
  276.4075  0.104128D-02  0.106199D-02 -0.160598D+01
  276.7468  0.109107D-02  0.109498D-02 -0.303314D+00
  277.0855  0.110874D-02  0.111172D-02 -0.219867D+00
  277.4238  0.110590D-02  0.110844D-02 -0.189161D+00
  277.7616  0.966199D-03  0.962841D-03  0.247879D+00
  278.0990  0.823268D-03  0.812731D-03  0.785458D+00
  278.4358  0.754125D-03  0.763762D-03 -0.725320D+00
  278.7722  0.695044D-03  0.684832D-03  0.768541D+00
  279.1082  0.538053D-03  0.527005D-03  0.865108D+00
  279.4437  0.384145D-03  0.403445D-03 -0.153137D+01
  279.7788  0.362395D-03  0.359970D-03  0.201770D+00
  280.1134  0.355623D-03  0.367450D-03 -0.994369D+00
  280.4477  0.447109D-03  0.441086D-03  0.486340D+00
  280.7816  0.609002D-03  0.618430D-03 -0.753472D+00
  281.1151  0.858098D-03  0.848782D-03  0.722150D+00
  281.4481  0.110616D-02  0.110725D-02 -0.825861D-01
   31 274.703 284.759 279.731  3.786D-01  0.000D+00 -1.001D-02  0.000D+00  3.390D-03  1.367D+00 10300  2.266D-02
  274.7029  0.507738D-03  0.520133D-03 -0.114387D+01
  275.0449  0.595844D-03  0.583042D-03  0.115397D+01
  275.3864  0.714136D-03  0.695133D-03  0.165513D+01
  275.7273  0.794502D-03  0.796027D-03 -0.131422D+00
  276.0676  0.996771D-03  0.987827D-03  0.714826D+00
  276.4075  0.104128D-02  0.106212D-02 -0.161579D+01
  276.7468  0.109107D-02  0.109440D-02 -0.258495D+00
  277.0855  0.110874D-02  0.111056D-02 -0.134285D+00
  277.4238  0.110590D-02  0.112366D-02 -0.132379D+01
  277.7616  0.966199D-03  0.963553D-03  0.195340D+00
  278.0990  0.823268D-03  0.804922D-03  0.136748D+01
  278.4358  0.754125D-03  0.771887D-03 -0.133683D+01
  278.7722  0.695044D-03  0.696489D-03 -0.108788D+00
  279.1082  0.538053D-03  0.525675D-03  0.969225D+00
  279.4437  0.384145D-03  0.398603D-03 -0.114717D+01
  279.7788  0.362395D-03  0.359169D-03  0.268344D+00
  280.1134  0.355623D-03  0.365077D-03 -0.794835D+00
  280.4477  0.447109D-03  0.433274D-03  0.111719D+01
  280.7816  0.609002D-03  0.615903D-03 -0.551501D+00
  281.1151  0.858098D-03  0.842939D-03  0.117514D+01
  281.4481  0.110616D-02  0.109439D-02  0.894501D+00
  281.7809  0.138041D-02  0.134761D-02  0.235453D+01
  282.1132  0.156282D-02  0.153693D-02  0.180770D+01
  282.4452  0.165312D-02  0.164702D-02  0.433619D+00
  282.7768  0.175244D-02  0.174718D-02  0.370874D+00
  283.1081  0.187525D-02  0.190712D-02 -0.224565D+01
  283.4390  0.184842D-02  0.190306D-02 -0.378167D+01
  283.7697  0.183642D-02  0.185790D-02 -0.149980D+01
  284.0999  0.183113D-02  0.182097D-02  0.710085D+00
  284.4299  0.163041D-02  0.161126D-02  0.138768D+01
  284.7595  0.124109D-02  0.121479D-02  0.199885D+01
   31 278.099 288.039 283.069  3.922D-01  0.000D+00 -1.171D-02  0.000D+00  3.925D-03  1.469D+00 10300  9.776D-03
  278.0990  0.823268D-03  0.804398D-03  0.140660D+01
  278.4358  0.754125D-03  0.772927D-03 -0.141510D+01
  278.7722  0.695044D-03  0.699321D-03 -0.321883D+00
  279.1082  0.538053D-03  0.532440D-03  0.439470D+00
  279.4437  0.384145D-03  0.405800D-03 -0.171822D+01
  279.7788  0.362395D-03  0.364970D-03 -0.214131D+00
  280.1134  0.355623D-03  0.371210D-03 -0.131056D+01
  280.4477  0.447109D-03  0.442054D-03  0.408174D+00
  280.7816  0.609002D-03  0.623454D-03 -0.115501D+01
  281.1151  0.858098D-03  0.850417D-03  0.595435D+00
  281.4481  0.110616D-02  0.110075D-02  0.411235D+00
  281.7809  0.138041D-02  0.134994D-02  0.218727D+01
  282.1132  0.156282D-02  0.153574D-02  0.189074D+01
  282.4452  0.165312D-02  0.164471D-02  0.597763D+00
  282.7768  0.175244D-02  0.174658D-02  0.413552D+00
  283.1081  0.187525D-02  0.189900D-02 -0.167386D+01
  283.4390  0.184842D-02  0.189998D-02 -0.356906D+01
  283.7697  0.183642D-02  0.186091D-02 -0.171040D+01
  284.0999  0.183113D-02  0.182399D-02  0.498627D+00
  284.4299  0.163041D-02  0.162053D-02  0.715612D+00
  284.7595  0.124109D-02  0.122857D-02  0.952079D+00
  285.0888  0.795276D-03  0.766050D-03  0.238479D+01
  285.4178  0.739032D-03  0.732867D-03  0.492747D+00
  285.7466  0.127889D-02  0.125632D-02  0.169862D+01
  286.0750  0.192969D-02  0.190760D-02  0.150169D+01
  286.4030  0.229669D-02  0.229317D-02  0.231457D+00
  286.7309  0.239099D-02  0.240567D-02 -0.948399D+00
  287.0584  0.255146D-02  0.259295D-02 -0.261455D+01
  287.3856  0.272251D-02  0.273066D-02 -0.509532D+00
  287.7126  0.249960D-02  0.245776D-02  0.265899D+01
  288.0392  0.198206D-02  0.199394D-02 -0.807543D+00
   31 281.448 291.290 286.369  3.761D-01  0.000D+00 -8.383D-03  0.000D+00  4.583D-03  1.976D+00 10300  1.030D-02
  281.4481  0.110616D-02  0.111455D-02 -0.637462D+00
  281.7809  0.138041D-02  0.136168D-02  0.134465D+01
  282.1132  0.156282D-02  0.154330D-02  0.136289D+01
  282.4452  0.165312D-02  0.164607D-02  0.501199D+00
  282.7768  0.175244D-02  0.174002D-02  0.875257D+00
  283.1081  0.187525D-02  0.189886D-02 -0.166390D+01
  283.4390  0.184842D-02  0.189640D-02 -0.332125D+01
  283.7697  0.183642D-02  0.185498D-02 -0.129616D+01
  284.0999  0.183113D-02  0.182743D-02  0.258536D+00
  284.4299  0.163041D-02  0.162740D-02  0.218114D+00
  284.7595  0.124109D-02  0.123731D-02  0.287915D+00
  285.0888  0.795276D-03  0.756545D-03  0.316046D+01
  285.4178  0.739032D-03  0.713339D-03  0.205333D+01
  285.7466  0.127889D-02  0.125070D-02  0.212206D+01
  286.0750  0.192969D-02  0.191760D-02  0.821726D+00
  286.4030  0.229669D-02  0.230680D-02 -0.664203D+00
  286.7309  0.239099D-02  0.240564D-02 -0.946412D+00
  287.0584  0.255146D-02  0.259050D-02 -0.246059D+01
  287.3856  0.272251D-02  0.273973D-02 -0.107637D+01
  287.7126  0.249960D-02  0.245677D-02  0.272184D+01
  288.0392  0.198206D-02  0.195721D-02  0.169013D+01
  288.3656  0.211906D-02  0.211660D-02  0.165973D+00
  288.6917  0.297548D-02  0.289469D-02  0.493130D+01
  289.0175  0.323399D-02  0.322787D-02  0.331975D+00
  289.3430  0.350566D-02  0.352693D-02 -0.113710D+01
  289.6683  0.412589D-02  0.418678D-02 -0.310575D+01
  289.9933  0.492645D-02  0.492121D-02  0.253732D+00
  290.3180  0.535473D-02  0.539009D-02 -0.171323D+01
  290.6424  0.542181D-02  0.545635D-02 -0.167383D+01
  290.9666  0.527604D-02  0.531156D-02 -0.172098D+01
  291.2905  0.550179D-02  0.541454D-02  0.422690D+01
   31 284.759 294.513 289.636  3.658D-01  0.000D+00 -1.367D-03  0.000D+00  5.521D-03  2.393D+00 10300  8.724D-03
  284.7595  0.124109D-02  0.126129D-02 -0.153492D+01
  285.0888  0.795276D-03  0.763063D-03  0.262858D+01
  285.4178  0.739032D-03  0.702909D-03  0.288693D+01
  285.7466  0.127889D-02  0.124590D-02  0.248316D+01
  286.0750  0.192969D-02  0.192884D-02  0.579174D-01
  286.4030  0.229669D-02  0.232654D-02 -0.196106D+01
  286.7309  0.239099D-02  0.241728D-02 -0.169830D+01
  287.0584  0.255146D-02  0.259625D-02 -0.282286D+01
  287.3856  0.272251D-02  0.275945D-02 -0.230944D+01
  287.7126  0.249960D-02  0.247567D-02  0.152072D+01
  288.0392  0.198206D-02  0.195264D-02  0.200098D+01
  288.3656  0.211906D-02  0.208515D-02  0.228591D+01
  288.6917  0.297548D-02  0.288958D-02  0.524319D+01
  289.0175  0.323399D-02  0.321617D-02  0.966055D+00
  289.3430  0.350566D-02  0.349955D-02  0.326789D+00
  289.6683  0.412589D-02  0.416173D-02 -0.182791D+01
  289.9933  0.492645D-02  0.490874D-02  0.858371D+00
  290.3180  0.535473D-02  0.539550D-02 -0.197545D+01
  290.6424  0.542181D-02  0.548256D-02 -0.294337D+01
  290.9666  0.527604D-02  0.533689D-02 -0.294841D+01
  291.2905  0.550179D-02  0.547245D-02  0.142114D+01
  291.6140  0.549921D-02  0.543147D-02  0.328198D+01
  291.9373  0.542310D-02  0.541236D-02  0.520223D+00
  292.2604  0.544761D-02  0.538065D-02  0.324389D+01
  292.5831  0.496128D-02  0.500605D-02 -0.216892D+01
  292.9056  0.514317D-02  0.524052D-02 -0.471652D+01
  293.2278  0.617000D-02  0.617747D-02 -0.340811D+00
  293.5496  0.620354D-02  0.613735D-02  0.301808D+01
  293.8712  0.549792D-02  0.548676D-02  0.540307D+00
  294.1925  0.590684D-02  0.586902D-02  0.183229D+01
  294.5135  0.627062D-02  0.631951D-02 -0.222973D+01
   31 288.039 297.705 292.872  3.368D-01  0.000D+00  1.989D-03  0.000D+00  6.786D-03  3.072D+00 10300  7.490D-03
  288.0392  0.198206D-02  0.194248D-02  0.269125D+01
  288.3656  0.211906D-02  0.205737D-02  0.415812D+01
  288.6917  0.297548D-02  0.295997D-02  0.946412D+00
  289.0175  0.323399D-02  0.325273D-02 -0.101577D+01
  289.3430  0.350566D-02  0.350938D-02 -0.198466D+00
  289.6683  0.412589D-02  0.419051D-02 -0.329598D+01
  289.9933  0.492645D-02  0.495477D-02 -0.137220D+01
  290.3180  0.535473D-02  0.543972D-02 -0.411804D+01
  290.6424  0.542181D-02  0.551805D-02 -0.466292D+01
  290.9666  0.527604D-02  0.531593D-02 -0.193300D+01
  291.2905  0.550179D-02  0.548087D-02  0.101345D+01
  291.6140  0.549921D-02  0.540719D-02  0.445807D+01
  291.9373  0.542310D-02  0.537891D-02  0.214100D+01
  292.2604  0.544761D-02  0.537848D-02  0.334914D+01
  292.5831  0.496128D-02  0.493418D-02  0.131301D+01
  292.9056  0.514317D-02  0.513387D-02  0.450713D+00
  293.2278  0.617000D-02  0.618337D-02 -0.609734D+00
  293.5496  0.620354D-02  0.613503D-02  0.312373D+01
  293.8712  0.549792D-02  0.536929D-02  0.623214D+01
  294.1925  0.590684D-02  0.582583D-02  0.392491D+01
  294.5135  0.627062D-02  0.636052D-02 -0.409941D+01
  294.8341  0.589781D-02  0.592722D-02 -0.142501D+01
  295.1545  0.645766D-02  0.651241D-02 -0.249648D+01
  295.4745  0.723037D-02  0.721964D-02  0.489070D+00
  295.7942  0.750255D-02  0.763853D-02 -0.585605D+01
  296.1136  0.827525D-02  0.832857D-02 -0.217551D+01
  296.4327  0.784311D-02  0.786569D-02 -0.972405D+00
  296.7514  0.617387D-02  0.623689D-02 -0.287363D+01
  297.0698  0.642928D-02  0.642207D-02  0.328830D+00
  297.3878  0.785472D-02  0.785859D-02 -0.157894D+00
  297.7055  0.103250D-01  0.101665D-01  0.585293D+01
   31 291.290 300.861 296.076  3.410D-01  0.000D+00 -6.878D-05  0.000D+00  8.834D-03  5.332D+00 10000  9.344D-03
  291.2905  0.550179D-02  0.540515D-02  0.468215D+01
  291.6140  0.549921D-02  0.543464D-02  0.312803D+01
  291.9373  0.542310D-02  0.547288D-02 -0.241184D+01
  292.2604  0.544761D-02  0.549849D-02 -0.246538D+01
  292.5831  0.496128D-02  0.506344D-02 -0.494956D+01
  292.9056  0.514317D-02  0.526997D-02 -0.614364D+01
  293.2278  0.617000D-02  0.629842D-02 -0.585621D+01
  293.5496  0.620354D-02  0.620386D-02 -0.147152D-01
  293.8712  0.549792D-02  0.541192D-02  0.416628D+01
  294.1925  0.590684D-02  0.582280D-02  0.407171D+01
  294.5135  0.627062D-02  0.629815D-02 -0.125567D+01
  294.8341  0.589781D-02  0.585105D-02  0.226576D+01
  295.1545  0.645766D-02  0.639617D-02  0.280405D+01
  295.4745  0.723037D-02  0.706524D-02  0.752994D+01
  295.7942  0.750255D-02  0.748247D-02  0.865034D+00
  296.1136  0.827525D-02  0.816545D-02  0.447981D+01
  296.4327  0.784311D-02  0.773611D-02  0.460792D+01
  296.7514  0.617387D-02  0.621616D-02 -0.192849D+01
  297.0698  0.642928D-02  0.647296D-02 -0.199139D+01
  297.3878  0.785472D-02  0.804540D-02 -0.777977D+01
  297.7055  0.103250D-01  0.105412D-01 -0.798095D+01
  298.0228  0.995868D-02  0.101923D-01 -0.862300D+01
  298.3397  0.752061D-02  0.763380D-02 -0.461802D+01
  298.6563  0.764832D-02  0.768729D-02 -0.158993D+01
  298.9724  0.107365D-01  0.106625D-01  0.273144D+01
  299.2882  0.122265D-01  0.118703D-01  0.120031D+02
  299.6036  0.125167D-01  0.121978D-01  0.107491D+02
  299.9185  0.126741D-01  0.127795D-01 -0.355325D+01
  300.2331  0.106527D-01  0.112586D-01 -0.634679D+01
  300.5472  0.134868D-01  0.140291D-01 -0.560549D+01
  300.8609  0.159610D-01  0.163046D-01 -0.350520D+01
   31 294.513 303.971 299.242  3.278D-01  0.000D+00 -4.934D-03  0.000D+00  1.486D-02  1.501D+01 10300  2.270D-02
  294.5135  0.627062D-02  0.592527D-02  0.157478D+02
  294.8341  0.589781D-02  0.576217D-02  0.657198D+01
  295.1545  0.645766D-02  0.659028D-02 -0.604729D+01
  295.4745  0.723037D-02  0.738528D-02 -0.706396D+01
  295.7942  0.750255D-02  0.783942D-02 -0.145080D+02
  296.1136  0.827525D-02  0.853727D-02 -0.106902D+02
  296.4327  0.784311D-02  0.797050D-02 -0.548634D+01
  296.7514  0.617387D-02  0.621855D-02 -0.203741D+01
  297.0698  0.642928D-02  0.642850D-02  0.356433D-01
  297.3878  0.785472D-02  0.786496D-02 -0.418031D+00
  297.7055  0.103250D-01  0.102653D-01  0.220697D+01
  298.0228  0.995868D-02  0.974591D-02  0.785424D+01
  298.3397  0.752061D-02  0.716669D-02  0.144402D+02
  298.6563  0.764832D-02  0.729929D-02  0.142405D+02
  298.9724  0.107365D-01  0.103908D-01  0.127619D+02
  299.2882  0.122265D-01  0.116554D-01  0.192470D+02
  299.6036  0.125167D-01  0.122223D-01  0.992384D+01
  299.9185  0.126741D-01  0.132345D-01 -0.188881D+02
  300.2331  0.106527D-01  0.118129D-01 -0.121543D+02
  300.5472  0.134868D-01  0.155789D-01 -0.216243D+02
  300.8609  0.159610D-01  0.186023D-01 -0.269417D+02
  301.1741  0.207133D-01  0.231149D-01 -0.241787D+02
  301.4868  0.245703D-01  0.269059D-01 -0.232123D+02
  301.7991  0.223193D-01  0.245536D-01 -0.222059D+02
  302.1109  0.204850D-01  0.220534D-01 -0.157903D+02
  302.4222  0.300837D-01  0.319210D-01 -0.178031D+02
  302.7330  0.431758D-01  0.436637D-01 -0.472747D+01
  303.0433  0.561788D-01  0.540953D-01  0.201896D+02
  303.3531  0.664213D-01  0.637013D-01  0.263576D+02
  303.6623  0.674920D-01  0.666140D-01  0.850775D+01
  303.9710  0.638027D-01  0.646122D-01 -0.784447D+01
   31 297.705 307.024 302.365  3.286D-01  0.000D+00 -4.842D-03  0.000D+00  4.237D-02  3.187D+01 10000  2.492D-02
  297.7055  0.103250D-01  0.106277D-01 -0.111717D+02
  298.0228  0.995868D-02  0.101135D-01 -0.571450D+01
  298.3397  0.752061D-02  0.740763D-02  0.460961D+01
  298.6563  0.764832D-02  0.747208D-02  0.719059D+01
  298.9724  0.107365D-01  0.104994D-01  0.875225D+01
  299.2882  0.122265D-01  0.116341D-01  0.199646D+02
  299.6036  0.125167D-01  0.120606D-01  0.153721D+02
  299.9185  0.126741D-01  0.129249D-01 -0.845162D+01
  300.2331  0.106527D-01  0.114719D-01 -0.858130D+01
  300.5472  0.134868D-01  0.150475D-01 -0.161315D+02
  300.8609  0.159610D-01  0.179603D-01 -0.203928D+02
  301.1741  0.207133D-01  0.223485D-01 -0.164629D+02
  301.4868  0.245703D-01  0.261172D-01 -0.153739D+02
  301.7991  0.223193D-01  0.239910D-01 -0.166142D+02
  302.1109  0.204850D-01  0.217374D-01 -0.126091D+02
  302.4222  0.300837D-01  0.317065D-01 -0.157246D+02
  302.7330  0.431758D-01  0.438070D-01 -0.611615D+01
  303.0433  0.561788D-01  0.548470D-01  0.129052D+02
  303.3531  0.664213D-01  0.652768D-01  0.110908D+02
  303.6623  0.674920D-01  0.690204D-01 -0.148104D+02
  303.9710  0.638027D-01  0.677138D-01 -0.378992D+02
  304.2791  0.742902D-01  0.787870D-01 -0.387326D+02
  304.5866  0.914728D-01  0.941685D-01 -0.232189D+02
  304.8935  0.107817D+00  0.101041D+00  0.583596D+02
  305.1998  0.137112D+00  0.125384D+00  0.909220D+02
  305.5056  0.136106D+00  0.129058D+00  0.546350D+02
  305.8106  0.115002D+00  0.111872D+00  0.242661D+02
  306.1150  0.129682D+00  0.132325D+00 -0.204866D+02
  306.4188  0.148400D+00  0.159835D+00 -0.805866D+02
  306.7218  0.156449D+00  0.163206D+00 -0.436476D+02
  307.0242  0.202515D+00  0.199241D+00  0.211500D+02
   30 300.861 309.712 305.286  3.142D-01  0.000D+00 -2.065D-02  0.000D+00  1.233D-01  4.325D+01 10000  2.877D-02
  300.8609  0.159610D-01  0.169247D-01 -0.982964D+01
  301.1741  0.207133D-01  0.208101D-01 -0.974475D+00
  301.4868  0.245703D-01  0.240548D-01  0.512397D+01
  301.7991  0.223193D-01  0.217728D-01  0.543131D+01
  302.1109  0.204850D-01  0.200182D-01  0.469872D+01
  302.4222  0.300837D-01  0.305584D-01 -0.459938D+01
  302.7330  0.431758D-01  0.425701D-01  0.586912D+01
  303.0433  0.561788D-01  0.536885D-01  0.241319D+02
  303.3531  0.664213D-01  0.649766D-01  0.139999D+02
  303.6623  0.674920D-01  0.685336D-01 -0.100934D+02
  303.9710  0.638027D-01  0.677739D-01 -0.384811D+02
  304.2791  0.742902D-01  0.802285D-01 -0.511489D+02
  304.5866  0.914728D-01  0.963333D-01 -0.418648D+02
  304.8935  0.107817D+00  0.102661D+00  0.444084D+02
  305.1998  0.137112D+00  0.129478D+00  0.591803D+02
  305.5056  0.136106D+00  0.130787D+00  0.412377D+02
  305.8106  0.115002D+00  0.111622D+00  0.262056D+02
  306.1150  0.129682D+00  0.135967D+00 -0.487215D+02
  306.4188  0.148400D+00  0.161747D+00 -0.940597D+02
  306.7218  0.156449D+00  0.162641D+00 -0.399998D+02
  307.0242  0.202515D+00  0.200739D+00  0.114695D+02
  307.3259  0.241627D+00  0.228009D+00  0.754029D+02
  307.6268  0.258371D+00  0.240934D+00  0.901157D+02
  307.9270  0.271348D+00  0.265501D+00  0.283307D+02
  308.2264  0.269607D+00  0.276687D+00 -0.322860D+02
  308.5251  0.301353D+00  0.314139D+00 -0.550659D+02
  308.8229  0.305081D+00  0.317319D+00 -0.474342D+02
  309.1200  0.268859D+00  0.279766D+00 -0.402653D+02
  309.4162  0.274689D+00  0.274142D+00  0.192773D+01
  309.7115  0.323786D+00  0.299262D+00  0.760452D+02
   20 303.971 309.712 306.841  3.199D-01  0.000D+00 -2.146D-02  0.000D+00  1.950D-01  5.025D+01 10300  3.754D-02
  303.9710  0.638027D-01  0.626016D-01  0.116386D+02
  304.2791  0.742902D-01  0.774531D-01 -0.272426D+02
  304.5866  0.914728D-01  0.952432D-01 -0.324753D+02
  304.8935  0.107817D+00  0.103610D+00  0.362399D+02
  305.1998  0.137112D+00  0.130857D+00  0.484926D+02
  305.5056  0.136106D+00  0.132507D+00  0.279033D+02
  305.8106  0.115002D+00  0.113728D+00  0.988096D+01
  306.1150  0.129682D+00  0.137490D+00 -0.605276D+02
  306.4188  0.148400D+00  0.162555D+00 -0.997584D+02
  306.7218  0.156449D+00  0.163770D+00 -0.472895D+02
  307.0242  0.202515D+00  0.200512D+00  0.129362D+02
  307.3259  0.241627D+00  0.227132D+00  0.802589D+02
  307.6268  0.258371D+00  0.239863D+00  0.956484D+02
  307.9270  0.271348D+00  0.263558D+00  0.377433D+02
  308.2264  0.269607D+00  0.275467D+00 -0.267234D+02
  308.5251  0.301353D+00  0.312127D+00 -0.463988D+02
  308.8229  0.305081D+00  0.316155D+00 -0.429210D+02
  309.1200  0.268859D+00  0.280458D+00 -0.428185D+02
  309.4162  0.274689D+00  0.276473D+00 -0.628391D+01
  309.7115  0.323786D+00  0.302388D+00  0.663518D+02
   31 310.113 314.858 312.485  2.747D-01  0.000D+00 -8.205D-03  0.000D+00  6.402D-01  4.246D+01 10000  2.263D-02
  310.1127  0.345464D+00  0.320411D+00  0.269279D+02
  310.2720  0.382403D+00  0.379615D+00  0.313538D+01
  310.4313  0.498063D+00  0.494232D+00  0.466722D+01
  310.5904  0.606422D+00  0.592595D+00  0.168421D+02
  310.7495  0.670018D+00  0.660039D+00  0.128704D+02
  310.9085  0.707492D+00  0.702439D+00  0.692421D+01
  311.0675  0.718457D+00  0.716013D+00  0.334890D+01
  311.2263  0.710072D+00  0.723540D+00 -0.184558D+02
  311.3851  0.704074D+00  0.729963D+00 -0.354786D+02
  311.5438  0.685627D+00  0.716381D+00 -0.449538D+02
  311.7024  0.639058D+00  0.677507D+00 -0.602167D+02
  311.8609  0.608550D+00  0.628817D+00 -0.317411D+02
  312.0193  0.593780D+00  0.602130D+00 -0.130769D+02
  312.1777  0.619709D+00  0.616261D+00  0.539909D+01
  312.3360  0.690658D+00  0.664572D+00  0.408537D+02
  312.4942  0.734775D+00  0.704336D+00  0.476728D+02
  312.6523  0.764187D+00  0.717858D+00  0.725581D+02
  312.8104  0.774184D+00  0.735878D+00  0.559939D+02
  312.9684  0.809530D+00  0.758698D+00  0.743034D+02
  313.1263  0.808369D+00  0.767548D+00  0.596703D+02
  313.2841  0.780312D+00  0.767564D+00  0.186335D+02
  313.4418  0.754770D+00  0.781435D+00 -0.389765D+02
  313.5995  0.768766D+00  0.831597D+00 -0.918412D+02
  313.7571  0.856421D+00  0.917138D+00 -0.832053D+02
  313.9146  0.945946D+00  0.998571D+00 -0.721158D+02
  314.0720  0.101851D+01  0.102305D+01 -0.622342D+01
  314.2294  0.969553D+00  0.955673D+00  0.190203D+02
  314.3866  0.829396D+00  0.818306D+00  0.151972D+02
  314.5438  0.760382D+00  0.747977D+00  0.169992D+02
  314.7009  0.838039D+00  0.832901D+00  0.704005D+01
  314.8580  0.101683D+01  0.989893D+00  0.369143D+02
   31 311.702 316.424 314.063  2.630D-01  0.000D+00 -3.398D-02  0.000D+00  7.890D-01  5.252D+01 10300  2.358D-02
  311.7024  0.639058D+00  0.663004D+00 -0.375022D+02
  311.8609  0.608550D+00  0.616154D+00 -0.119080D+02
  312.0193  0.593780D+00  0.596477D+00 -0.422345D+01
  312.1777  0.619709D+00  0.620303D+00 -0.931293D+00
  312.3360  0.690658D+00  0.676856D+00  0.216165D+02
  312.4942  0.734775D+00  0.714705D+00  0.314336D+02
  312.6523  0.764187D+00  0.725837D+00  0.600625D+02
  312.8104  0.774184D+00  0.749251D+00  0.364454D+02
  312.9684  0.809530D+00  0.773531D+00  0.526215D+02
  313.1263  0.808369D+00  0.780277D+00  0.410636D+02
  313.2841  0.780312D+00  0.778976D+00  0.195206D+01
  313.4418  0.754770D+00  0.795538D+00 -0.595912D+02
  313.5995  0.768766D+00  0.851815D+00 -0.121395D+03
  313.7571  0.856421D+00  0.941154D+00 -0.116116D+03
  313.9146  0.945946D+00  0.101594D+01 -0.959219D+02
  314.0720  0.101851D+01  0.102335D+01 -0.663951D+01
  314.2294  0.969553D+00  0.930660D+00  0.532976D+02
  314.3866  0.829396D+00  0.775836D+00  0.733976D+02
  314.5438  0.760382D+00  0.719478D+00  0.560536D+02
  314.7009  0.838039D+00  0.820073D+00  0.246196D+02
  314.8580  0.101683D+01  0.964286D+00  0.720053D+02
  315.0149  0.110126D+01  0.105936D+01  0.574136D+02
  315.1718  0.113035D+01  0.109412D+01  0.496525D+02
  315.3286  0.109249D+01  0.109701D+01 -0.619049D+01
  315.4854  0.102934D+01  0.106046D+01 -0.426473D+02
  315.6420  0.914341D+00  0.955562D+00 -0.564881D+02
  315.7986  0.786246D+00  0.814127D+00 -0.382073D+02
  315.9551  0.719038D+00  0.740101D+00 -0.288656D+02
  316.1115  0.764961D+00  0.784570D+00 -0.268714D+02
  316.2678  0.916921D+00  0.908724D+00  0.112332D+02
  316.4241  0.105314D+01  0.103057D+01  0.309346D+02
   31 313.284 317.983 315.633  2.832D-01  0.000D+00 -4.139D-02  0.000D+00  9.485D-01  4.712D+01 10300  1.965D-02
  313.2841  0.780312D+00  0.720384D+00  0.875991D+02
  313.4418  0.754770D+00  0.754000D+00  0.112574D+01
  313.5995  0.768766D+00  0.821840D+00 -0.775796D+02
  313.7571  0.856421D+00  0.915622D+00 -0.811281D+02
  313.9146  0.945946D+00  0.991603D+00 -0.625671D+02
  314.0720  0.101851D+01  0.100113D+01  0.238121D+02
  314.2294  0.969553D+00  0.916272D+00  0.730151D+02
  314.3866  0.829396D+00  0.786379D+00  0.589492D+02
  314.5438  0.760382D+00  0.746033D+00  0.196632D+02
  314.7009  0.838039D+00  0.841022D+00 -0.408804D+01
  314.8580  0.101683D+01  0.978212D+00  0.529216D+02
  315.0149  0.110126D+01  0.107189D+01  0.402541D+02
  315.1718  0.113035D+01  0.110970D+01  0.282988D+02
  315.3286  0.109249D+01  0.110962D+01 -0.234828D+02
  315.4854  0.102934D+01  0.106560D+01 -0.496812D+02
  315.6420  0.914341D+00  0.957986D+00 -0.598105D+02
  315.7986  0.786246D+00  0.826985D+00 -0.558285D+02
  315.9551  0.719038D+00  0.760121D+00 -0.563005D+02
  316.1115  0.764961D+00  0.802891D+00 -0.519780D+02
  316.2678  0.916921D+00  0.918277D+00 -0.185773D+01
  316.4241  0.105314D+01  0.103120D+01  0.300657D+02
  316.5803  0.116105D+01  0.110623D+01  0.751255D+02
  316.7364  0.121491D+01  0.116756D+01  0.648800D+02
  316.8925  0.126754D+01  0.125356D+01  0.191584D+02
  317.0484  0.136758D+01  0.138030D+01 -0.154987D+02
  317.2043  0.148155D+01  0.149578D+01 -0.173394D+02
  317.3601  0.153211D+01  0.153504D+01 -0.355698D+01
  317.5159  0.149154D+01  0.151767D+01 -0.318181D+02
  317.6715  0.143369D+01  0.145366D+01 -0.243216D+02
  317.8271  0.130521D+01  0.129914D+01  0.782930D+01
  317.9826  0.112983D+01  0.110907D+01  0.267746D+02
   31 314.858 319.534 317.196  2.499D-01  0.000D+00 -4.123D-02  0.000D+00  1.054D+00  6.236D+01   304  2.179D-02
  314.8580  0.101683D+01  0.101624D+01  0.810852D+00
  315.0149  0.110126D+01  0.109756D+01  0.507580D+01
  315.1718  0.113035D+01  0.111470D+01  0.214399D+02
  315.3286  0.109249D+01  0.110690D+01 -0.197460D+02
  315.4854  0.102934D+01  0.106088D+01 -0.432149D+02
  315.6420  0.914341D+00  0.944823D+00 -0.417720D+02
  315.7986  0.786246D+00  0.792472D+00 -0.853220D+01
  315.9551  0.719038D+00  0.718530D+00  0.695479D+00
  316.1115  0.764961D+00  0.768754D+00 -0.519784D+01
  316.2678  0.916921D+00  0.897866D+00  0.261123D+02
  316.4241  0.105314D+01  0.101868D+01  0.472284D+02
  316.5803  0.116105D+01  0.108792D+01  0.100215D+03
  316.7364  0.121491D+01  0.114721D+01  0.927751D+02
  316.8925  0.126754D+01  0.123179D+01  0.489872D+02
  317.0484  0.136758D+01  0.137867D+01 -0.135134D+02
  317.2043  0.148155D+01  0.151971D+01 -0.464885D+02
  317.3601  0.153211D+01  0.155962D+01 -0.335062D+02
  317.5159  0.149154D+01  0.154905D+01 -0.700478D+02
  317.6715  0.143369D+01  0.151191D+01 -0.952820D+02
  317.8271  0.130521D+01  0.135110D+01 -0.591870D+02
  317.9826  0.112983D+01  0.113007D+01 -0.303890D+00
  318.1381  0.101380D+01  0.103284D+01 -0.260936D+02
  318.2934  0.106862D+01  0.108134D+01 -0.174214D+02
  318.4487  0.121039D+01  0.120450D+01  0.760063D+01
  318.6039  0.135868D+01  0.134438D+01  0.174113D+02
  318.7591  0.150980D+01  0.148625D+01  0.286795D+02
  318.9141  0.166511D+01  0.159544D+01  0.804035D+02
  319.0691  0.164351D+01  0.153557D+01  0.124563D+03
  319.2241  0.143949D+01  0.134066D+01  0.120387D+03
  319.3789  0.124477D+01  0.127859D+01 -0.436220D+02
  319.5336  0.124561D+01  0.138898D+01 -0.174643D+03
   31 316.424 321.077 318.751  2.536D-01  0.000D+00  6.653D-03  0.000D+00  1.170D+00  9.109D+01 10300  3.255D-02
  316.4241  0.105314D+01  0.103706D+01  0.220461D+02
  316.5803  0.116105D+01  0.111860D+01  0.581723D+02
  316.7364  0.121491D+01  0.117329D+01  0.570316D+02
  316.8925  0.126754D+01  0.124198D+01  0.350316D+02
  317.0484  0.136758D+01  0.136518D+01  0.291690D+01
  317.2043  0.148155D+01  0.151419D+01 -0.397598D+02
  317.3601  0.153211D+01  0.157890D+01 -0.569935D+02
  317.5159  0.149154D+01  0.156593D+01 -0.906078D+02
  317.6715  0.143369D+01  0.153365D+01 -0.121768D+03
  317.8271  0.130521D+01  0.140790D+01 -0.132449D+03
  317.9826  0.112983D+01  0.118180D+01 -0.670270D+02
  318.1381  0.101380D+01  0.103191D+01 -0.248133D+02
  318.2934  0.106862D+01  0.103569D+01  0.451264D+02
  318.4487  0.121039D+01  0.113383D+01  0.987486D+02
  318.6039  0.135868D+01  0.126340D+01  0.116058D+03
  318.7591  0.150980D+01  0.139326D+01  0.141962D+03
  318.9141  0.166511D+01  0.151144D+01  0.177343D+03
  319.0691  0.164351D+01  0.150944D+01  0.154708D+03
  319.2241  0.143949D+01  0.134013D+01  0.121036D+03
  319.3789  0.124477D+01  0.122023D+01  0.316500D+02
  319.5336  0.124561D+01  0.128389D+01 -0.466341D+02
  319.6884  0.138364D+01  0.142178D+01 -0.464669D+02
  319.8430  0.151148D+01  0.157273D+01 -0.746172D+02
  319.9975  0.156359D+01  0.167748D+01 -0.138735D+03
  320.1520  0.159823D+01  0.171663D+01 -0.136638D+03
  320.3064  0.167698D+01  0.178398D+01 -0.117303D+03
  320.4607  0.183810D+01  0.188510D+01 -0.515286D+02
  320.6150  0.195091D+01  0.194696D+01  0.432998D+01
  320.7692  0.194368D+01  0.190839D+01  0.386932D+02
  320.9233  0.181856D+01  0.174843D+01  0.768813D+02
  321.0773  0.162099D+01  0.153332D+01  0.101173D+03
   31 317.983 322.614 320.298  2.443D-01  0.000D+00  8.106D-03  0.000D+00  1.293D+00  9.440D+01 10300  3.385D-02
  317.9826  0.112983D+01  0.124818D+01 -0.152634D+03
  318.1381  0.101380D+01  0.107192D+01 -0.796525D+02
  318.2934  0.106862D+01  0.106854D+01  0.115263D+00
  318.4487  0.121039D+01  0.116516D+01  0.583460D+02
  318.6039  0.135868D+01  0.129126D+01  0.821258D+02
  318.7591  0.150980D+01  0.141777D+01  0.112096D+03
  318.9141  0.166511D+01  0.153898D+01  0.145554D+03
  319.0691  0.164351D+01  0.154031D+01  0.119087D+03
  319.2241  0.143949D+01  0.135337D+01  0.104904D+03
  319.3789  0.124477D+01  0.122244D+01  0.288058D+02
  319.5336  0.124561D+01  0.129277D+01 -0.574522D+02
  319.6884  0.138364D+01  0.143401D+01 -0.613563D+02
  319.8430  0.151148D+01  0.159041D+01 -0.961486D+02
  319.9975  0.156359D+01  0.169836D+01 -0.164168D+03
  320.1520  0.159823D+01  0.173239D+01 -0.154826D+03
  320.3064  0.167698D+01  0.179914D+01 -0.133922D+03
  320.4607  0.183810D+01  0.190418D+01 -0.724405D+02
  320.6150  0.195091D+01  0.196782D+01 -0.185408D+02
  320.7692  0.194368D+01  0.192783D+01  0.173771D+02
  320.9233  0.181856D+01  0.175927D+01  0.649983D+02
  321.0773  0.162099D+01  0.153147D+01  0.103311D+03
  321.2313  0.146974D+01  0.136964D+01  0.115523D+03
  321.3851  0.141802D+01  0.132223D+01  0.116680D+03
  321.5390  0.149812D+01  0.139276D+01  0.121596D+03
  321.6927  0.162370D+01  0.153851D+01  0.934007D+02
  321.8464  0.176031D+01  0.170441D+01  0.612827D+02
  322.0000  0.179089D+01  0.182465D+01 -0.370142D+02
  322.1535  0.170155D+01  0.179560D+01 -0.103100D+03
  322.3069  0.161519D+01  0.166587D+01 -0.555583D+02
  322.4603  0.154334D+01  0.157503D+01 -0.365750D+02
  322.6136  0.147787D+01  0.147057D+01  0.841973D+01
   31 319.534 324.143 321.838  3.221D-01  0.000D+00 -1.366D-02  0.000D+00  1.349D+00  7.552D+01 10304  3.749D-02
  319.5336  0.124561D+01  0.117501D+01  0.859972D+02
  319.6884  0.138364D+01  0.133019D+01  0.651054D+02
  319.8430  0.151148D+01  0.149202D+01  0.236981D+02
  319.9975  0.156359D+01  0.162081D+01 -0.697010D+02
  320.1520  0.159823D+01  0.171608D+01 -0.136000D+03
  320.3064  0.167698D+01  0.180891D+01 -0.144637D+03
  320.4607  0.183810D+01  0.189691D+01 -0.644785D+02
  320.6150  0.195091D+01  0.193423D+01  0.182875D+02
  320.7692  0.194368D+01  0.187755D+01  0.724989D+02
  320.9233  0.181856D+01  0.172811D+01  0.991531D+02
  321.0773  0.162099D+01  0.154885D+01  0.832523D+02
  321.2313  0.146974D+01  0.141749D+01  0.603063D+02
  321.3851  0.141802D+01  0.138384D+01  0.416302D+02
  321.5390  0.149812D+01  0.144746D+01  0.584718D+02
  321.6927  0.162370D+01  0.157241D+01  0.562350D+02
  321.8464  0.176031D+01  0.170596D+01  0.595844D+02
  322.0000  0.179089D+01  0.178243D+01  0.927474D+01
  322.1535  0.170155D+01  0.176761D+01 -0.724123D+02
  322.3069  0.161519D+01  0.169266D+01 -0.849324D+02
  322.4603  0.154334D+01  0.160470D+01 -0.708156D+02
  322.6136  0.147787D+01  0.151006D+01 -0.371511D+02
  322.7669  0.134216D+01  0.142014D+01 -0.899885D+02
  322.9200  0.128128D+01  0.138193D+01 -0.122611D+03
  323.0732  0.140621D+01  0.143018D+01 -0.276573D+02
  323.2262  0.159145D+01  0.151818D+01  0.803307D+02
  323.3792  0.168143D+01  0.157499D+01  0.116688D+03
  323.5320  0.166898D+01  0.160193D+01  0.735118D+02
  323.6848  0.169846D+01  0.166090D+01  0.411737D+02
  323.8376  0.180895D+01  0.178010D+01  0.301202D+02
  323.9902  0.194685D+01  0.193858D+01  0.823726D+01
  324.1429  0.201554D+01  0.210139D+01 -0.855649D+02
   31 321.077 325.665 323.371  2.344D-01  0.000D+00 -6.662D-02  0.000D+00  1.423D+00  5.818D+01   300  2.438D-02
  321.0773  0.162099D+01  0.160704D+01  0.161072D+02
  321.2313  0.146974D+01  0.143150D+01  0.441372D+02
  321.3851  0.141802D+01  0.140211D+01  0.193693D+02
  321.5390  0.149812D+01  0.149141D+01  0.775070D+01
  321.6927  0.162370D+01  0.163108D+01 -0.809018D+01
  321.8464  0.176031D+01  0.177790D+01 -0.192772D+02
  322.0000  0.179089D+01  0.183425D+01 -0.475348D+02
  322.1535  0.170155D+01  0.173392D+01 -0.354854D+02
  322.3069  0.161519D+01  0.162857D+01 -0.146636D+02
  322.4603  0.154334D+01  0.157628D+01 -0.380156D+02
  322.6136  0.147787D+01  0.146574D+01  0.139936D+02
  322.7669  0.134216D+01  0.134936D+01 -0.830327D+01
  322.9200  0.128128D+01  0.132826D+01 -0.572357D+02
  323.0732  0.140621D+01  0.146045D+01 -0.625926D+02
  323.2262  0.159145D+01  0.160211D+01 -0.116838D+02
  323.3792  0.168143D+01  0.159200D+01  0.980457D+02
  323.5320  0.166898D+01  0.155733D+01  0.122408D+03
  323.6848  0.169846D+01  0.162888D+01  0.762818D+02
  323.8376  0.180895D+01  0.175564D+01  0.556548D+02
  323.9902  0.194685D+01  0.189094D+01  0.557186D+02
  324.1429  0.201554D+01  0.199622D+01  0.192471D+02
  324.2954  0.204366D+01  0.202633D+01  0.172687D+02
  324.4478  0.205475D+01  0.206599D+01 -0.111954D+02
  324.6002  0.205475D+01  0.208233D+01 -0.274813D+02
  324.7526  0.194775D+01  0.197076D+01 -0.229359D+02
  324.9048  0.179566D+01  0.187222D+01 -0.762998D+02
  325.0569  0.174245D+01  0.188344D+01 -0.140522D+03
  325.2090  0.185513D+01  0.193662D+01 -0.812235D+02
  325.3611  0.198929D+01  0.201990D+01 -0.305125D+02
  325.5131  0.218575D+01  0.215387D+01  0.303890D+02
  325.6649  0.236583D+01  0.222586D+01  0.127879D+03
   31 322.614 327.180 324.897  2.174D-01  0.000D+00 -1.003D-02  0.000D+00  1.503D+00  7.455D+01   300  2.700D-02
  322.6136  0.147787D+01  0.148885D+01 -0.126707D+02
  322.7669  0.134216D+01  0.138231D+01 -0.463225D+02
  322.9200  0.128128D+01  0.132456D+01 -0.527177D+02
  323.0732  0.140621D+01  0.142032D+01 -0.162763D+02
  323.2262  0.159145D+01  0.162247D+01 -0.340028D+02
  323.3792  0.168143D+01  0.166416D+01  0.189312D+02
  323.5320  0.166898D+01  0.158886D+01  0.878367D+02
  323.6848  0.169846D+01  0.161432D+01  0.922384D+02
  323.8376  0.180895D+01  0.172987D+01  0.825607D+02
  323.9902  0.194685D+01  0.185351D+01  0.930208D+02
  324.1429  0.201554D+01  0.197765D+01  0.377576D+02
  324.2954  0.204366D+01  0.201568D+01  0.278797D+02
  324.4478  0.205475D+01  0.202592D+01  0.287335D+02
  324.6002  0.205475D+01  0.208292D+01 -0.280711D+02
  324.7526  0.194775D+01  0.201336D+01 -0.653945D+02
  324.9048  0.179566D+01  0.187660D+01 -0.806641D+02
  325.0569  0.174245D+01  0.187585D+01 -0.132951D+03
  325.2090  0.185513D+01  0.195335D+01 -0.978912D+02
  325.3611  0.198929D+01  0.205808D+01 -0.685643D+02
  325.5131  0.218575D+01  0.224872D+01 -0.600250D+02
  325.6649  0.236583D+01  0.246809D+01 -0.934246D+02
  325.8168  0.256372D+01  0.257121D+01 -0.685046D+01
  325.9685  0.268052D+01  0.265134D+01  0.266601D+02
  326.1202  0.275741D+01  0.267156D+01  0.752879D+02
  326.2719  0.274096D+01  0.261698D+01  0.108739D+03
  326.4234  0.264221D+01  0.252145D+01  0.110325D+03
  326.5749  0.264769D+01  0.249577D+01  0.138791D+03
  326.7263  0.273664D+01  0.268269D+01  0.473108D+02
  326.8776  0.284622D+01  0.283916D+01  0.619310D+01
  327.0289  0.273677D+01  0.281308D+01 -0.669252D+02
  327.1801  0.259210D+01  0.274060D+01 -0.135675D+03
   31 324.143 328.688 326.416  2.186D-01  0.000D+00  4.309D-02  0.000D+00  1.570D+00  7.734D+01 10300  3.385D-02
  324.1429  0.201554D+01  0.193940D+01  0.758761D+02
  324.2954  0.204366D+01  0.200060D+01  0.429182D+02
  324.4478  0.205475D+01  0.199263D+01  0.619142D+02
  324.6002  0.205475D+01  0.204188D+01  0.128276D+02
  324.7526  0.194775D+01  0.203277D+01 -0.847406D+02
  324.9048  0.179566D+01  0.189600D+01 -0.100003D+03
  325.0569  0.174245D+01  0.185218D+01 -0.109369D+03
  325.2090  0.185513D+01  0.192040D+01 -0.650547D+02
  325.3611  0.198929D+01  0.202363D+01 -0.342303D+02
  325.5131  0.218575D+01  0.218660D+01 -0.807665D+00
  325.6649  0.236583D+01  0.243062D+01 -0.591875D+02
  325.8168  0.256372D+01  0.258328D+01 -0.178707D+02
  325.9685  0.268052D+01  0.266806D+01  0.113889D+02
  326.1202  0.275741D+01  0.272187D+01  0.311673D+02
  326.2719  0.274096D+01  0.267957D+01  0.538414D+02
  326.4234  0.264221D+01  0.258517D+01  0.521112D+02
  326.5749  0.264769D+01  0.248880D+01  0.145159D+03
  326.7263  0.273664D+01  0.258269D+01  0.135015D+03
  326.8776  0.284622D+01  0.274268D+01  0.908075D+02
  327.0289  0.273677D+01  0.272898D+01  0.683249D+01
  327.1801  0.259210D+01  0.259258D+01 -0.447036D+00
  327.3312  0.255623D+01  0.255651D+01 -0.255115D+00
  327.4823  0.262634D+01  0.265015D+01 -0.217468D+02
  327.6333  0.261215D+01  0.267643D+01 -0.587186D+02
  327.7842  0.249793D+01  0.259475D+01 -0.884590D+02
  327.9351  0.236693D+01  0.251446D+01 -0.134781D+03
  328.0858  0.234281D+01  0.247622D+01 -0.121885D+03
  328.2366  0.237080D+01  0.245858D+01 -0.801930D+02
  328.3872  0.245368D+01  0.242543D+01  0.258079D+02
  328.5378  0.242949D+01  0.236822D+01  0.559815D+02
  328.6884  0.236048D+01  0.218347D+01  0.161713D+03
   31 325.665 330.190 327.927  3.265D-01  0.000D+00 -9.725D-02  0.000D+00  1.587D+00  7.260D+01 10303  5.054D-02
  325.6649  0.236583D+01  0.248229D+01 -0.106392D+03
  325.8168  0.256372D+01  0.261363D+01 -0.455972D+02
  325.9685  0.268052D+01  0.267835D+01  0.198924D+01
  326.1202  0.275741D+01  0.267663D+01  0.708459D+02
  326.2719  0.274096D+01  0.263328D+01  0.944438D+02
  326.4234  0.264221D+01  0.260806D+01  0.312034D+02
  326.5749  0.264769D+01  0.264208D+01  0.512943D+01
  326.7263  0.273664D+01  0.269801D+01  0.338817D+02
  326.8776  0.284622D+01  0.270372D+01  0.124981D+03
  327.0289  0.273677D+01  0.265764D+01  0.693988D+02
  327.1801  0.259210D+01  0.262864D+01 -0.333845D+02
  327.3312  0.255623D+01  0.263602D+01 -0.728895D+02
  327.4823  0.262634D+01  0.263771D+01 -0.103816D+02
  327.6333  0.261215D+01  0.260262D+01  0.871483D+01
  327.7842  0.249793D+01  0.255340D+01 -0.506763D+02
  327.9351  0.236693D+01  0.251905D+01 -0.138980D+03
  328.0858  0.234281D+01  0.249822D+01 -0.141980D+03
  328.2366  0.237080D+01  0.247414D+01 -0.944088D+02
  328.3872  0.245368D+01  0.242505D+01  0.261545D+02
  328.5378  0.242949D+01  0.235962D+01  0.638372D+02
  328.6884  0.236048D+01  0.235643D+01  0.369492D+01
  328.8388  0.241105D+01  0.247783D+01 -0.610147D+02
  328.9892  0.267665D+01  0.267618D+01  0.431664D+00
  329.1395  0.296548D+01  0.285488D+01  0.932709D+02
  329.2897  0.312886D+01  0.298001D+01  0.125524D+03
  329.4399  0.317781D+01  0.306847D+01  0.922117D+02
  329.5900  0.322535D+01  0.314026D+01  0.690983D+02
  329.7401  0.321464D+01  0.322577D+01 -0.903433D+01
  329.8900  0.326257D+01  0.332294D+01 -0.490328D+02
  330.0399  0.333513D+01  0.336872D+01 -0.272837D+02
  330.1898  0.321619D+01  0.331494D+01 -0.801943D+02
   31 327.180 331.685 329.432  2.568D-01  0.000D+00 -4.817D-02  0.000D+00  1.652D+00  5.965D+01   300  2.368D-02
  327.1801  0.259210D+01  0.252322D+01  0.629279D+02
  327.3312  0.255623D+01  0.254656D+01  0.884087D+01
  327.4823  0.262634D+01  0.259079D+01  0.324830D+02
  327.6333  0.261215D+01  0.256575D+01  0.423931D+02
  327.7842  0.249793D+01  0.250746D+01 -0.871048D+01
  327.9351  0.236693D+01  0.247702D+01 -0.100578D+03
  328.0858  0.234281D+01  0.248102D+01 -0.126267D+03
  328.2366  0.237080D+01  0.249190D+01 -0.110637D+03
  328.3872  0.245368D+01  0.248383D+01 -0.275402D+02
  328.5378  0.242949D+01  0.240715D+01  0.204110D+02
  328.6884  0.236048D+01  0.231463D+01  0.418910D+02
  328.8388  0.241105D+01  0.241231D+01 -0.115615D+01
  328.9892  0.267665D+01  0.268717D+01 -0.960956D+01
  329.1395  0.296548D+01  0.291075D+01  0.461529D+02
  329.2897  0.312886D+01  0.303493D+01  0.792137D+02
  329.4399  0.317781D+01  0.311036D+01  0.568796D+02
  329.5900  0.322535D+01  0.314302D+01  0.668602D+02
  329.7401  0.321464D+01  0.317102D+01  0.354277D+02
  329.8900  0.326257D+01  0.324059D+01  0.178455D+02
  330.0399  0.333513D+01  0.330003D+01  0.285029D+02
  330.1898  0.321619D+01  0.319428D+01  0.177913D+02
  330.3396  0.299767D+01  0.296171D+01  0.303188D+02
  330.4893  0.268568D+01  0.273919D+01 -0.469251D+02
  330.6389  0.253069D+01  0.258658D+01 -0.490175D+02
  330.7885  0.252534D+01  0.262692D+01 -0.890899D+02
  330.9380  0.264898D+01  0.278598D+01 -0.115526D+03
  331.0874  0.277347D+01  0.284693D+01 -0.619548D+02
  331.2368  0.273064D+01  0.276117D+01 -0.257485D+02
  331.3861  0.262847D+01  0.261697D+01  0.970206D+01
  331.5353  0.260867D+01  0.255498D+01  0.452768D+02
  331.6845  0.272580D+01  0.260879D+01  0.986745D+02
   31 328.688 333.173 330.931  2.358D-01  0.000D+00 -5.269D-03  0.000D+00  1.641D+00  4.694D+01 10300  1.468D-02
  328.6884  0.236048D+01  0.242632D+01 -0.601537D+02
  328.8388  0.241105D+01  0.242867D+01 -0.160974D+02
  328.9892  0.267665D+01  0.270419D+01 -0.251538D+02
  329.1395  0.296548D+01  0.296488D+01  0.506019D+00
  329.2897  0.312886D+01  0.307907D+01  0.419880D+02
  329.4399  0.317781D+01  0.314950D+01  0.238734D+02
  329.5900  0.322535D+01  0.316717D+01  0.472461D+02
  329.7401  0.321464D+01  0.316354D+01  0.414959D+02
  329.8900  0.326257D+01  0.319846D+01  0.520562D+02
  330.0399  0.333513D+01  0.328185D+01  0.432621D+02
  330.1898  0.321619D+01  0.322868D+01 -0.101459D+02
  330.3396  0.299767D+01  0.298205D+01  0.131723D+02
  330.4893  0.268568D+01  0.274983D+01 -0.562591D+02
  330.6389  0.253069D+01  0.255162D+01 -0.183587D+02
  330.7885  0.252534D+01  0.253285D+01 -0.659075D+01
  330.9380  0.264898D+01  0.272443D+01 -0.636270D+02
  331.0874  0.277347D+01  0.285898D+01 -0.721169D+02
  331.2368  0.273064D+01  0.283015D+01 -0.839179D+02
  331.3861  0.262847D+01  0.270230D+01 -0.622585D+02
  331.5353  0.260867D+01  0.263094D+01 -0.187817D+02
  331.6845  0.272580D+01  0.273046D+01 -0.393197D+01
  331.8336  0.289653D+01  0.287757D+01  0.159920D+02
  331.9827  0.296529D+01  0.290312D+01  0.504859D+02
  332.1317  0.287202D+01  0.279151D+01  0.653827D+02
  332.2806  0.269587D+01  0.261893D+01  0.648894D+02
  332.4294  0.269400D+01  0.259573D+01  0.828750D+02
  332.5782  0.283177D+01  0.279706D+01  0.292786D+02
  332.7269  0.294297D+01  0.291326D+01  0.232679D+02
  332.8755  0.283274D+01  0.282765D+01  0.413858D+01
  333.0241  0.274270D+01  0.277945D+01 -0.309933D+02
  333.1727  0.279101D+01  0.290142D+01 -0.896625D+02
   31 330.190 334.654 332.422  2.372D-01  0.000D+00  1.028D-02  0.000D+00  1.675D+00  4.468D+01 10300  1.322D-02
  330.1898  0.321619D+01  0.317217D+01  0.357483D+02
  330.3396  0.299767D+01  0.294697D+01  0.427570D+02
  330.4893  0.268568D+01  0.272060D+01 -0.306238D+02
  330.6389  0.253069D+01  0.252868D+01  0.176651D+01
  330.7885  0.252534D+01  0.249123D+01  0.299157D+02
  330.9380  0.264898D+01  0.267683D+01 -0.234865D+02
  331.0874  0.277347D+01  0.283353D+01 -0.506539D+02
  331.2368  0.273064D+01  0.283039D+01 -0.841168D+02
  331.3861  0.262847D+01  0.271686D+01 -0.745404D+02
  331.5353  0.260867D+01  0.263964D+01 -0.261166D+02
  331.6845  0.272580D+01  0.272760D+01 -0.151399D+01
  331.8336  0.289653D+01  0.288276D+01  0.116113D+02
  331.9827  0.296529D+01  0.292606D+01  0.318591D+02
  332.1317  0.287202D+01  0.282581D+01  0.375306D+02
  332.2806  0.269587D+01  0.264846D+01  0.399817D+02
  332.4294  0.269400D+01  0.259293D+01  0.852376D+02
  332.5782  0.283177D+01  0.276888D+01  0.530374D+02
  332.7269  0.294297D+01  0.288934D+01  0.419962D+02
  332.8755  0.283274D+01  0.279927D+01  0.271792D+02
  333.0241  0.274270D+01  0.271382D+01  0.243524D+02
  333.1727  0.279101D+01  0.278944D+01  0.127541D+01
  333.3211  0.287338D+01  0.287660D+01 -0.252173D+01
  333.4695  0.273187D+01  0.277727D+01 -0.368755D+02
  333.6178  0.247877D+01  0.253781D+01 -0.497853D+02
  333.7661  0.238241D+01  0.244636D+01 -0.539327D+02
  333.9142  0.250199D+01  0.259653D+01 -0.797244D+02
  334.0624  0.266575D+01  0.273136D+01 -0.532769D+02
  334.2104  0.272516D+01  0.275960D+01 -0.269746D+02
  334.3584  0.284255D+01  0.282464D+01  0.140245D+02
  334.5063  0.299276D+01  0.295569D+01  0.290345D+02
  334.6542  0.308751D+01  0.298971D+01  0.739463D+02
   23 331.685 334.950 333.317  2.388D-01  0.000D+00  6.290D-04  0.000D+00  1.682D+00  1.438D+01 10300  4.925D-03
  331.6845  0.272580D+01  0.271433D+01  0.967327D+01
  331.8336  0.289653D+01  0.290647D+01 -0.838036D+01
  331.9827  0.296529D+01  0.297009D+01 -0.390263D+01
  332.1317  0.287202D+01  0.287841D+01 -0.519030D+01
  332.2806  0.269587D+01  0.270694D+01 -0.932816D+01
  332.4294  0.269400D+01  0.266713D+01  0.226645D+02
  332.5782  0.283177D+01  0.284453D+01 -0.107597D+02
  332.7269  0.294297D+01  0.294050D+01  0.193238D+01
  332.8755  0.283274D+01  0.282636D+01  0.518214D+01
  333.0241  0.274270D+01  0.273247D+01  0.862673D+01
  333.1727  0.279101D+01  0.279544D+01 -0.359910D+01
  333.3211  0.287338D+01  0.285395D+01  0.152149D+02
  333.4695  0.273187D+01  0.272545D+01  0.520993D+01
  333.6178  0.247877D+01  0.247903D+01 -0.220915D+00
  333.7661  0.238241D+01  0.240029D+01 -0.150759D+02
  333.9142  0.250199D+01  0.255002D+01 -0.405080D+02
  334.0624  0.266575D+01  0.267803D+01 -0.996661D+01
  334.2104  0.272516D+01  0.271867D+01  0.507856D+01
  334.3584  0.284255D+01  0.281360D+01  0.226662D+02
  334.5063  0.299276D+01  0.298010D+01  0.991582D+01
  334.6542  0.308751D+01  0.305709D+01  0.230020D+02
  334.8020  0.292827D+01  0.294216D+01 -0.105081D+02
  334.9498  0.271690D+01  0.273564D+01 -0.146737D+02
