 rad_fit_vary
           0
 T T
nwave fwave lwave wave    hwe     asym  shift    squeeze      sin      rms   exval 
   31 264.000 274.656 269.328  5.541D-01  0.000D+00 -3.030D-02  0.000D+00  4.038D-03  3.030D+00 10300  3.486D-02
  264.0004  0.209088D-02  0.208582D-02  0.253044D+00
  264.3714  0.209525D-02  0.206282D-02  0.160144D+01
  264.7409  0.180225D-02  0.180643D-02 -0.231379D+00
  265.1092  0.179704D-02  0.168326D-02  0.689822D+01
  265.4762  0.174756D-02  0.173711D-02  0.689292D+00
  265.8419  0.162980D-02  0.171020D-02 -0.571513D+01
  266.2064  0.148136D-02  0.157077D-02 -0.658260D+01
  266.5697  0.146087D-02  0.146042D-02  0.341930D-01
  266.9319  0.144207D-02  0.143356D-02  0.674832D+00
  267.2929  0.147712D-02  0.145184D-02  0.198485D+01
  267.6528  0.142000D-02  0.143975D-02 -0.161234D+01
  268.0116  0.135815D-02  0.138768D-02 -0.245976D+01
  268.3693  0.140241D-02  0.136749D-02  0.290839D+01
  268.7260  0.138458D-02  0.135445D-02  0.248515D+01
  269.0818  0.134942D-02  0.133742D-02  0.989455D+00
  269.4365  0.134772D-02  0.135150D-02 -0.311932D+00
  269.7903  0.143540D-02  0.143016D-02  0.419174D+00
  270.1431  0.158420D-02  0.155780D-02  0.207373D+01
  270.4951  0.161561D-02  0.161973D-02 -0.320604D+00
  270.8462  0.160846D-02  0.159114D-02  0.132193D+01
  271.1964  0.157571D-02  0.151975D-02  0.423349D+01
  271.5457  0.140751D-02  0.137900D-02  0.223862D+01
  271.8943  0.116399D-02  0.120637D-02 -0.349499D+01
  272.2421  0.111220D-02  0.116856D-02 -0.464676D+01
  272.5891  0.123712D-02  0.130977D-02 -0.581605D+01
  272.9354  0.146693D-02  0.146206D-02  0.374946D+00
  273.2809  0.138810D-02  0.141853D-02 -0.238993D+01
  273.6257  0.119115D-02  0.119499D-02 -0.307262D+00
  273.9698  0.979772D-03  0.974968D-03  0.404197D+00
  274.3133  0.911980D-03  0.854509D-03  0.483570D+01
  274.6561  0.850130D-03  0.830180D-03  0.167867D+01
   31 267.653 278.052 272.853  4.951D-01  0.000D+00  1.424D-02  0.000D+00  4.428D-03  1.941D+00 10300  2.238D-02
  267.6528  0.142000D-02  0.140709D-02  0.105364D+01
  268.0116  0.135815D-02  0.137464D-02 -0.137334D+01
  268.3693  0.140241D-02  0.137661D-02  0.214880D+01
  268.7260  0.138458D-02  0.138383D-02  0.625014D-01
  269.0818  0.134942D-02  0.136624D-02 -0.138750D+01
  269.4365  0.134772D-02  0.137147D-02 -0.195843D+01
  269.7903  0.143540D-02  0.143569D-02 -0.231847D-01
  270.1431  0.158420D-02  0.157795D-02  0.490955D+00
  270.4951  0.161561D-02  0.164929D-02 -0.262006D+01
  270.8462  0.160846D-02  0.160309D-02  0.409885D+00
  271.1964  0.157571D-02  0.152968D-02  0.348225D+01
  271.5457  0.140751D-02  0.139189D-02  0.122598D+01
  271.8943  0.116399D-02  0.118233D-02 -0.151211D+01
  272.2421  0.111220D-02  0.110427D-02  0.654072D+00
  272.5891  0.123712D-02  0.124331D-02 -0.496073D+00
  272.9354  0.146693D-02  0.143632D-02  0.235887D+01
  273.2809  0.138810D-02  0.143145D-02 -0.340388D+01
  273.6257  0.119115D-02  0.120390D-02 -0.102082D+01
  273.9698  0.979772D-03  0.977482D-03  0.192711D+00
  274.3133  0.911980D-03  0.858814D-03  0.447346D+01
  274.6561  0.850130D-03  0.842337D-03  0.655722D+00
  274.9983  0.928595D-03  0.923137D-03  0.450032D+00
  275.3399  0.111402D-02  0.107848D-02  0.276496D+01
  275.6809  0.123869D-02  0.126671D-02 -0.215902D+01
  276.0213  0.151920D-02  0.150887D-02  0.767386D+00
  276.3611  0.164411D-02  0.167953D-02 -0.256214D+01
  276.7004  0.171627D-02  0.175391D-02 -0.260845D+01
  277.0392  0.176441D-02  0.178474D-02 -0.139641D+01
  277.3774  0.182493D-02  0.177306D-02  0.347716D+01
  277.7151  0.160482D-02  0.160277D-02  0.138527D+00
  278.0524  0.138034D-02  0.137222D-02  0.558143D+00
   31 271.196 281.401 276.299  5.005D-01  0.000D+00  1.483D-02  0.000D+00  4.761D-03  1.807D+00 10300  2.044D-02
  271.1964  0.157571D-02  0.156023D-02  0.117145D+01
  271.5457  0.140751D-02  0.141065D-02 -0.246886D+00
  271.8943  0.116399D-02  0.119455D-02 -0.252027D+01
  272.2421  0.111220D-02  0.111174D-02  0.382374D-01
  272.5891  0.123712D-02  0.124464D-02 -0.602286D+00
  272.9354  0.146693D-02  0.143107D-02  0.276327D+01
  273.2809  0.138810D-02  0.142354D-02 -0.278337D+01
  273.6257  0.119115D-02  0.119851D-02 -0.588859D+00
  273.9698  0.979772D-03  0.973402D-03  0.535968D+00
  274.3133  0.911980D-03  0.854968D-03  0.479705D+01
  274.6561  0.850130D-03  0.838538D-03  0.975390D+00
  274.9983  0.928595D-03  0.919257D-03  0.769923D+00
  275.3399  0.111402D-02  0.107426D-02  0.309295D+01
  275.6809  0.123869D-02  0.126415D-02 -0.196192D+01
  276.0213  0.151920D-02  0.150634D-02  0.955480D+00
  276.3611  0.164411D-02  0.168020D-02 -0.261058D+01
  276.7004  0.171627D-02  0.175892D-02 -0.295524D+01
  277.0392  0.176441D-02  0.179413D-02 -0.204174D+01
  277.3774  0.182493D-02  0.178440D-02  0.271682D+01
  277.7151  0.160482D-02  0.161815D-02 -0.901048D+00
  278.0524  0.138034D-02  0.139059D-02 -0.704106D+00
  278.3892  0.129181D-02  0.126143D-02  0.208779D+01
  278.7255  0.116690D-02  0.113881D-02  0.196304D+01
  279.0614  0.924471D-03  0.923541D-03  0.684780D-01
  279.3969  0.724127D-03  0.714892D-03  0.711668D+00
  279.7319  0.614010D-03  0.612365D-03  0.130431D+00
  280.0665  0.617769D-03  0.609057D-03  0.697483D+00
  280.4007  0.713697D-03  0.710908D-03  0.221133D+00
  280.7345  0.959641D-03  0.957771D-03  0.145416D+00
  281.0680  0.130794D-02  0.131361D-02 -0.410232D+00
  281.4010  0.171190D-02  0.172002D-02 -0.572052D+00
   31 274.656 284.713 279.685  4.627D-01  0.000D+00  2.094D-02  0.000D+00  5.496D-03  2.290D+00   304  3.431D-02
  274.6561  0.850130D-03  0.838551D-03  0.974272D+00
  274.9983  0.928595D-03  0.913766D-03  0.122275D+01
  275.3399  0.111402D-02  0.107386D-02  0.312447D+01
  275.6809  0.123869D-02  0.125167D-02 -0.100014D+01
  276.0213  0.151920D-02  0.150902D-02  0.756452D+00
  276.3611  0.164411D-02  0.168251D-02 -0.277711D+01
  276.7004  0.171627D-02  0.175965D-02 -0.300572D+01
  277.0392  0.176441D-02  0.179218D-02 -0.190779D+01
  277.3774  0.182493D-02  0.180074D-02  0.162159D+01
  277.7151  0.160482D-02  0.162810D-02 -0.157388D+01
  278.0524  0.138034D-02  0.138250D-02 -0.148160D+00
  278.3892  0.129181D-02  0.126353D-02  0.194318D+01
  278.7255  0.116690D-02  0.115301D-02  0.970510D+00
  279.0614  0.924471D-03  0.926762D-03 -0.168638D+00
  279.3969  0.724127D-03  0.706719D-03  0.134151D+01
  279.7319  0.614010D-03  0.604214D-03  0.776673D+00
  280.0665  0.617769D-03  0.597768D-03  0.160127D+01
  280.4007  0.713697D-03  0.690504D-03  0.183894D+01
  280.7345  0.959641D-03  0.932523D-03  0.210953D+01
  281.0680  0.130794D-02  0.128198D-02  0.187791D+01
  281.4010  0.171190D-02  0.167289D-02  0.274924D+01
  281.7338  0.209513D-02  0.207321D-02  0.144595D+01
  282.0661  0.241347D-02  0.239625D-02  0.111802D+01
  282.3982  0.260739D-02  0.260791D-02 -0.332170D-01
  282.7299  0.277681D-02  0.277317D-02  0.228946D+00
  283.0612  0.294465D-02  0.297406D-02 -0.178300D+01
  283.3922  0.293750D-02  0.304113D-02 -0.642482D+01
  283.7230  0.290221D-02  0.297544D-02 -0.457481D+01
  284.0534  0.291409D-02  0.288764D-02  0.166485D+01
  284.3835  0.264850D-02  0.260642D-02  0.271119D+01
  284.7133  0.211235D-02  0.205412D-02  0.396804D+01
   31 278.052 287.996 283.024  4.254D-01  0.000D+00  8.508D-04  0.000D+00  6.232D-03  2.081D+00 10300  1.035D-02
  278.0524  0.138034D-02  0.138936D-02 -0.620011D+00
  278.3892  0.129181D-02  0.129155D-02  0.176039D-01
  278.7255  0.116690D-02  0.118313D-02 -0.113395D+01
  279.0614  0.924471D-03  0.930569D-03 -0.448941D+00
  279.3969  0.724127D-03  0.700573D-03  0.181513D+01
  279.7319  0.614010D-03  0.605850D-03  0.646956D+00
  280.0665  0.617769D-03  0.601578D-03  0.129623D+01
  280.4007  0.713697D-03  0.695012D-03  0.148148D+01
  280.7345  0.959641D-03  0.950083D-03  0.743529D+00
  281.0680  0.130794D-02  0.130518D-02  0.199632D+00
  281.4010  0.171190D-02  0.169379D-02  0.127664D+01
  281.7338  0.209513D-02  0.209264D-02  0.163988D+00
  282.0661  0.241347D-02  0.240373D-02  0.632751D+00
  282.3982  0.260739D-02  0.259858D-02  0.563322D+00
  282.7299  0.277681D-02  0.275286D-02  0.150759D+01
  283.0612  0.294465D-02  0.297250D-02 -0.168829D+01
  283.3922  0.293750D-02  0.302861D-02 -0.564912D+01
  283.7230  0.290221D-02  0.295926D-02 -0.356382D+01
  284.0534  0.291409D-02  0.290209D-02  0.755202D+00
  284.3835  0.264850D-02  0.262534D-02  0.149196D+01
  284.7133  0.211235D-02  0.206255D-02  0.339366D+01
  285.0429  0.138410D-02  0.135036D-02  0.248410D+01
  285.3721  0.116908D-02  0.115443D-02  0.113947D+01
  285.7011  0.186519D-02  0.181796D-02  0.330098D+01
  286.0298  0.283720D-02  0.282212D-02  0.935046D+00
  286.3582  0.352458D-02  0.351599D-02  0.492275D+00
  286.6863  0.375585D-02  0.377380D-02 -0.100679D+01
  287.0142  0.394346D-02  0.402134D-02 -0.439833D+01
  287.3418  0.428582D-02  0.426608D-02  0.101728D+01
  287.6691  0.402266D-02  0.395506D-02  0.348356D+01
  287.9961  0.325257D-02  0.329228D-02 -0.216847D+01
   31 281.401 291.252 286.326  4.195D-01  0.000D+00  2.133D-03  0.000D+00  7.218D-03  2.679D+00 10300  1.072D-02
  281.4010  0.171190D-02  0.170003D-02  0.836812D+00
  281.7338  0.209513D-02  0.209469D-02  0.286930D-01
  282.0661  0.241347D-02  0.240057D-02  0.838041D+00
  282.3982  0.260739D-02  0.259149D-02  0.101603D+01
  282.7299  0.277681D-02  0.274169D-02  0.221073D+01
  283.0612  0.294465D-02  0.296469D-02 -0.121462D+01
  283.3922  0.293750D-02  0.302294D-02 -0.529756D+01
  283.7230  0.290221D-02  0.295459D-02 -0.327231D+01
  284.0534  0.291409D-02  0.290570D-02  0.528414D+00
  284.3835  0.264850D-02  0.263396D-02  0.936973D+00
  284.7133  0.211235D-02  0.207363D-02  0.263861D+01
  285.0429  0.138410D-02  0.135198D-02  0.236448D+01
  285.3721  0.116908D-02  0.114813D-02  0.162977D+01
  285.7011  0.186519D-02  0.182044D-02  0.312753D+01
  286.0298  0.283720D-02  0.283754D-02 -0.206243D-01
  286.3582  0.352458D-02  0.353548D-02 -0.623722D+00
  286.6863  0.375585D-02  0.378412D-02 -0.158559D+01
  287.0142  0.394346D-02  0.402181D-02 -0.442488D+01
  287.3418  0.428582D-02  0.426389D-02  0.113002D+01
  287.6691  0.402266D-02  0.393745D-02  0.439121D+01
  287.9961  0.325257D-02  0.324863D-02  0.215190D+00
  288.3229  0.329574D-02  0.327312D-02  0.122694D+01
  288.6494  0.443984D-02  0.430853D-02  0.676709D+01
  288.9756  0.498678D-02  0.498425D-02  0.130616D+00
  289.3016  0.541609D-02  0.545600D-02 -0.193585D+01
  289.6273  0.634627D-02  0.636566D-02 -0.888511D+00
  289.9527  0.744016D-02  0.748588D-02 -0.198453D+01
  290.2779  0.820297D-02  0.827498D-02 -0.296890D+01
  290.6027  0.841399D-02  0.848337D-02 -0.286071D+01
  290.9273  0.829150D-02  0.831667D-02 -0.103781D+01
  291.2516  0.850737D-02  0.837041D-02  0.564650D+01
   31 284.713 294.478 289.595  3.976D-01  0.000D+00  4.724D-03  0.000D+00  8.588D-03  3.109D+00 10300  9.009D-03
  284.7133  0.211235D-02  0.210586D-02  0.442208D+00
  285.0429  0.138410D-02  0.134696D-02  0.273449D+01
  285.3721  0.116908D-02  0.111633D-02  0.410369D+01
  285.7011  0.186519D-02  0.181829D-02  0.327792D+01
  286.0298  0.283720D-02  0.287489D-02 -0.233668D+01
  286.3582  0.352458D-02  0.358422D-02 -0.341490D+01
  286.6863  0.375585D-02  0.380849D-02 -0.295238D+01
  287.0142  0.394346D-02  0.403505D-02 -0.517263D+01
  287.3418  0.428582D-02  0.431043D-02 -0.126807D+01
  287.6691  0.402266D-02  0.396942D-02  0.274343D+01
  287.9961  0.325257D-02  0.322251D-02  0.164155D+01
  288.3229  0.329574D-02  0.320940D-02  0.468376D+01
  288.6494  0.443984D-02  0.432093D-02  0.612796D+01
  288.9756  0.498678D-02  0.497585D-02  0.563474D+00
  289.3016  0.541609D-02  0.540526D-02  0.525543D+00
  289.6273  0.634627D-02  0.632627D-02  0.916004D+00
  289.9527  0.744016D-02  0.746993D-02 -0.129195D+01
  290.2779  0.820297D-02  0.827720D-02 -0.306033D+01
  290.6027  0.841399D-02  0.849754D-02 -0.344468D+01
  290.9273  0.829150D-02  0.831140D-02 -0.820526D+00
  291.2516  0.850737D-02  0.841304D-02  0.388915D+01
  291.5756  0.854254D-02  0.840806D-02  0.554417D+01
  291.8993  0.833880D-02  0.832743D-02  0.468487D+00
  292.2227  0.826967D-02  0.827809D-02 -0.347221D+00
  292.5458  0.769241D-02  0.779004D-02 -0.423728D+01
  292.8686  0.782460D-02  0.796764D-02 -0.620787D+01
  293.1910  0.922288D-02  0.919818D-02  0.970007D+00
  293.5132  0.947877D-02  0.940229D-02  0.300315D+01
  293.8350  0.849403D-02  0.852008D-02 -0.107431D+01
  294.1564  0.882389D-02  0.880090D-02  0.947736D+00
  294.4775  0.949939D-02  0.947787D-02  0.844810D+00
   31 287.996 297.667 292.832  3.820D-01  0.000D+00  7.528D-03  0.000D+00  1.041D-02  2.664D+00 10300  5.821D-03
  287.9961  0.325257D-02  0.327330D-02 -0.113203D+01
  288.3229  0.329574D-02  0.321254D-02  0.451379D+01
  288.6494  0.443984D-02  0.439284D-02  0.242227D+01
  288.9756  0.498678D-02  0.502861D-02 -0.215559D+01
  289.3016  0.541609D-02  0.541952D-02 -0.166401D+00
  289.6273  0.634627D-02  0.633999D-02  0.287658D+00
  289.9527  0.744016D-02  0.749216D-02 -0.225683D+01
  290.2779  0.820297D-02  0.830070D-02 -0.402923D+01
  290.6027  0.841399D-02  0.851403D-02 -0.412461D+01
  290.9273  0.829150D-02  0.828659D-02  0.202333D+00
  291.2516  0.850737D-02  0.840300D-02  0.430295D+01
  291.5756  0.854254D-02  0.839374D-02  0.613454D+01
  291.8993  0.833880D-02  0.829818D-02  0.167478D+01
  292.2227  0.826967D-02  0.827286D-02 -0.131553D+00
  292.5458  0.769241D-02  0.774801D-02 -0.241297D+01
  292.8686  0.782460D-02  0.788832D-02 -0.276570D+01
  293.1910  0.922288D-02  0.919877D-02  0.946842D+00
  293.5132  0.947877D-02  0.941996D-02  0.230933D+01
  293.8350  0.849403D-02  0.844602D-02  0.197921D+01
  294.1564  0.882389D-02  0.875165D-02  0.297860D+01
  294.4775  0.949939D-02  0.948471D-02  0.576328D+00
  294.7983  0.899974D-02  0.915108D-02 -0.623959D+01
  295.1187  0.957336D-02  0.960882D-02 -0.139211D+01
  295.4386  0.105909D-01  0.106681D-01 -0.303403D+01
  295.7582  0.112700D-01  0.112650D-01  0.188398D+00
  296.0775  0.120692D-01  0.120731D-01 -0.147925D+00
  296.3962  0.116217D-01  0.115739D-01  0.179048D+01
  296.7146  0.950181D-02  0.948534D-02  0.646989D+00
  297.0326  0.924835D-02  0.920196D-02  0.191263D+01
  297.3501  0.109159D-01  0.109238D-01 -0.296817D+00
  297.6671  0.136773D-01  0.136875D-01 -0.350740D+00
   31 291.252 300.809 296.030  3.845D-01  0.000D+00  1.650D-02  0.000D+00  1.322D-02  4.334D+00 10300  8.265D-03
  291.2516  0.850737D-02  0.850960D-02 -0.919930D-01
  291.5756  0.854254D-02  0.848522D-02  0.236291D+01
  291.8993  0.833880D-02  0.836104D-02 -0.917091D+00
  292.2227  0.826967D-02  0.831998D-02 -0.207427D+01
  292.5458  0.769241D-02  0.778707D-02 -0.410825D+01
  292.8686  0.782460D-02  0.787836D-02 -0.233345D+01
  293.1910  0.922288D-02  0.915126D-02  0.281248D+01
  293.5132  0.947877D-02  0.941362D-02  0.255829D+01
  293.8350  0.849403D-02  0.844391D-02  0.206614D+01
  294.1564  0.882389D-02  0.869785D-02  0.519659D+01
  294.4775  0.949939D-02  0.943594D-02  0.249153D+01
  294.7983  0.899974D-02  0.913599D-02 -0.561751D+01
  295.1187  0.957336D-02  0.954774D-02  0.100635D+01
  295.4386  0.105909D-01  0.106233D-01 -0.127247D+01
  295.7582  0.112700D-01  0.112358D-01  0.128205D+01
  296.0775  0.120692D-01  0.120612D-01  0.300801D+00
  296.3962  0.116217D-01  0.116446D-01 -0.857593D+00
  296.7146  0.950181D-02  0.959506D-02 -0.366140D+01
  297.0326  0.924835D-02  0.926118D-02 -0.528921D+00
  297.3501  0.109159D-01  0.109775D-01 -0.230985D+01
  297.6671  0.136773D-01  0.138056D-01 -0.440811D+01
  297.9837  0.138264D-01  0.138760D-01 -0.170381D+01
  298.2997  0.108188D-01  0.107147D-01  0.390483D+01
  298.6153  0.103374D-01  0.971199D-02  0.716236D+01
  298.9304  0.129763D-01  0.122212D-01  0.864794D+01
  299.2449  0.148245D-01  0.138608D-01  0.108860D+02
  299.5589  0.145589D-01  0.137795D-01  0.880367D+01
  299.8723  0.139720D-01  0.139370D-01  0.394575D+00
  300.1852  0.120862D-01  0.123532D-01 -0.301600D+01
  300.4974  0.130369D-01  0.134883D-01 -0.502983D+01
  300.8090  0.149106D-01  0.155363D-01 -0.687898D+01
   31 294.478 303.887 299.182  3.864D-01  0.000D+00  2.065D-02  0.000D+00  1.733D-02  9.967D+00 10000  1.921D-02
  294.4775  0.949939D-02  0.909325D-02  0.159472D+02
  294.7983  0.899974D-02  0.905444D-02 -0.225503D+01
  295.1187  0.957336D-02  0.959894D-02 -0.100440D+01
  295.4386  0.105909D-01  0.107813D-01 -0.747720D+01
  295.7582  0.112700D-01  0.114440D-01 -0.652103D+01
  296.0775  0.120692D-01  0.122653D-01 -0.734928D+01
  296.3962  0.116217D-01  0.118134D-01 -0.718402D+01
  296.7146  0.950181D-02  0.968742D-02 -0.728804D+01
  297.0326  0.924835D-02  0.924324D-02  0.210665D+00
  297.3501  0.109159D-01  0.108429D-01  0.273501D+01
  297.6671  0.136773D-01  0.135275D-01  0.514458D+01
  297.9837  0.138264D-01  0.135641D-01  0.901277D+01
  298.2997  0.108188D-01  0.104610D-01  0.134119D+02
  298.6153  0.103374D-01  0.942022D-02  0.105039D+02
  298.9304  0.129763D-01  0.118227D-01  0.132115D+02
  299.2449  0.148245D-01  0.135058D-01  0.148955D+02
  299.5589  0.145589D-01  0.135422D-01  0.114844D+02
  299.8723  0.139720D-01  0.138577D-01  0.129037D+01
  300.1852  0.120862D-01  0.124980D-01 -0.465173D+01
  300.4974  0.130369D-01  0.138473D-01 -0.902967D+01
  300.8090  0.149106D-01  0.163276D-01 -0.155782D+02
  301.1200  0.173070D-01  0.188238D-01 -0.164568D+02
  301.4304  0.193092D-01  0.212014D-01 -0.205295D+02
  301.7400  0.182457D-01  0.200156D-01 -0.192037D+02
  302.0490  0.166570D-01  0.172785D-01 -0.674351D+01
  302.3573  0.207451D-01  0.206974D-01  0.511435D+00
  302.6649  0.279039D-01  0.277392D-01  0.169785D+01
  302.9717  0.349342D-01  0.341882D-01  0.750113D+01
  303.2777  0.398627D-01  0.391930D-01  0.690273D+01
  303.5830  0.417667D-01  0.418508D-01 -0.866584D+00
  303.8874  0.411240D-01  0.403345D-01  0.813785D+01
   31 297.667 306.882 302.274  4.147D-01  0.000D+00 -1.520D-02  0.000D+00  2.922D-02  1.546D+01 10300  2.741D-02
  297.6671  0.136773D-01  0.140230D-01 -0.118798D+02
  297.9837  0.138264D-01  0.136218D-01  0.703247D+01
  298.2997  0.108188D-01  0.107022D-01  0.437139D+01
  298.6153  0.103374D-01  0.100564D-01  0.321780D+01
  298.9304  0.129763D-01  0.122930D-01  0.782609D+01
  299.2449  0.148245D-01  0.135613D-01  0.142693D+02
  299.5589  0.145589D-01  0.135950D-01  0.108886D+02
  299.8723  0.139720D-01  0.134321D-01  0.609847D+01
  300.1852  0.120862D-01  0.123396D-01 -0.286241D+01
  300.4974  0.130369D-01  0.136931D-01 -0.731152D+01
  300.8090  0.149106D-01  0.158969D-01 -0.108430D+02
  301.1200  0.173070D-01  0.182957D-01 -0.107273D+02
  301.4304  0.193092D-01  0.200968D-01 -0.854467D+01
  301.7400  0.182457D-01  0.187581D-01 -0.556005D+01
  302.0490  0.166570D-01  0.170700D-01 -0.448142D+01
  302.3573  0.207451D-01  0.209183D-01 -0.185486D+01
  302.6649  0.279039D-01  0.278882D-01  0.161908D+00
  302.9717  0.349342D-01  0.344374D-01  0.499565D+01
  303.2777  0.398627D-01  0.398239D-01  0.400651D+00
  303.5830  0.417667D-01  0.424884D-01 -0.743778D+01
  303.8874  0.411240D-01  0.422267D-01 -0.113656D+02
  304.1910  0.447137D-01  0.458287D-01 -0.114922D+02
  304.4937  0.528633D-01  0.529270D-01 -0.656051D+00
  304.7956  0.618012D-01  0.587351D-01  0.280916D+02
  305.0966  0.719033D-01  0.675305D-01  0.400640D+02
  305.3966  0.748260D-01  0.732372D-01  0.145571D+02
  305.6957  0.681802D-01  0.688195D-01 -0.527182D+01
  305.9937  0.689079D-01  0.710230D-01 -0.174413D+02
  306.2909  0.788402D-01  0.841707D-01 -0.399586D+02
  306.5869  0.883481D-01  0.919923D-01 -0.250412D+02
  306.8819  0.107582D+00  0.103346D+00  0.291070D+02
   31 300.809 309.768 305.288  3.954D-01  0.000D+00 -6.123D-02  0.000D+00  7.015D-02  2.814D+01 10304  4.370D-02
  300.8090  0.149106D-01  0.142604D-01  0.714890D+01
  301.1200  0.173070D-01  0.172974D-01  0.104345D+00
  301.4304  0.193092D-01  0.193547D-01 -0.493350D+00
  301.7400  0.182457D-01  0.178545D-01  0.424403D+01
  302.0490  0.166570D-01  0.167126D-01 -0.603957D+00
  302.3573  0.207451D-01  0.216507D-01 -0.969760D+01
  302.6649  0.279039D-01  0.287970D-01 -0.920487D+01
  302.9717  0.349342D-01  0.350717D-01 -0.138317D+01
  303.2777  0.398627D-01  0.401830D-01 -0.330049D+01
  303.5830  0.417667D-01  0.420103D-01 -0.251047D+01
  303.8874  0.411240D-01  0.414526D-01 -0.338737D+01
  304.1910  0.447137D-01  0.459000D-01 -0.122270D+02
  304.4937  0.528633D-01  0.530895D-01 -0.233151D+01
  304.7956  0.618012D-01  0.584999D-01  0.302467D+02
  305.0966  0.719033D-01  0.683262D-01  0.327733D+02
  305.3966  0.748260D-01  0.727108D-01  0.193796D+02
  305.6957  0.681802D-01  0.672097D-01  0.800241D+01
  305.9937  0.689079D-01  0.723539D-01 -0.284154D+02
  306.2909  0.788402D-01  0.870273D-01 -0.613717D+02
  306.5869  0.883481D-01  0.940092D-01 -0.389004D+02
  306.8819  0.107582D+00  0.108275D+00 -0.475873D+01
  307.1758  0.133729D+00  0.128071D+00  0.333227D+02
  307.4686  0.152369D+00  0.140975D+00  0.626309D+02
  307.7603  0.161525D+00  0.154756D+00  0.348823D+02
  308.0508  0.166764D+00  0.168583D+00 -0.882387D+01
  308.3401  0.177412D+00  0.185743D+00 -0.361571D+02
  308.6282  0.192365D+00  0.202493D+00 -0.397674D+02
  308.9150  0.187938D+00  0.197205D+00 -0.332233D+02
  309.2005  0.180577D+00  0.186223D+00 -0.186230D+02
  309.4847  0.203607D+00  0.194295D+00  0.264760D+02
  309.7676  0.230154D+00  0.204221D+00  0.647982D+02
   21 303.887 309.768 306.827  4.007D-01  0.000D+00 -8.086D-02  0.000D+00  1.124D-01  3.319D+01 10300  5.970D-02
  303.8874  0.411240D-01  0.405707D-01  0.570341D+01
  304.1910  0.447137D-01  0.462413D-01 -0.157456D+02
  304.4937  0.528633D-01  0.538452D-01 -0.101203D+02
  304.7956  0.618012D-01  0.597598D-01  0.187036D+02
  305.0966  0.719033D-01  0.696348D-01  0.207843D+02
  305.3966  0.748260D-01  0.729140D-01  0.175184D+02
  305.6957  0.681802D-01  0.673270D-01  0.703530D+01
  305.9937  0.689079D-01  0.731480D-01 -0.349638D+02
  306.2909  0.788402D-01  0.868167D-01 -0.597934D+02
  306.5869  0.883481D-01  0.934615D-01 -0.351370D+02
  306.8819  0.107582D+00  0.107990D+00 -0.280137D+01
  307.1758  0.133729D+00  0.126795D+00  0.408387D+02
  307.4686  0.152369D+00  0.139373D+00  0.714385D+02
  307.7603  0.161525D+00  0.153312D+00  0.423253D+02
  308.0508  0.166764D+00  0.167332D+00 -0.275805D+01
  308.3401  0.177412D+00  0.185472D+00 -0.349804D+02
  308.6282  0.192365D+00  0.201776D+00 -0.369522D+02
  308.9150  0.187938D+00  0.196642D+00 -0.312058D+02
  309.2005  0.180577D+00  0.188175D+00 -0.250624D+02
  309.4847  0.203607D+00  0.198562D+00  0.143440D+02
  309.7676  0.230154D+00  0.209743D+00  0.510019D+02
   31 310.001 314.730 312.365  3.216D-01  0.000D+00 -8.160D-03  0.000D+00  4.847D-01  4.570D+01 10000  3.333D-02
  310.0006  0.315179D+00  0.305888D+00  0.101255D+02
  310.1593  0.301754D+00  0.310630D+00 -0.101980D+02
  310.3179  0.349918D+00  0.360791D+00 -0.134181D+02
  310.4765  0.441813D+00  0.433682D+00  0.101961D+02
  310.6350  0.518446D+00  0.494408D+00  0.311466D+02
  310.7934  0.558406D+00  0.533411D+00  0.342914D+02
  310.9518  0.567744D+00  0.552069D+00  0.228481D+02
  311.1100  0.555859D+00  0.556644D+00 -0.114450D+01
  311.2682  0.534212D+00  0.556754D+00 -0.328595D+02
  311.4264  0.516203D+00  0.551882D+00 -0.520082D+02
  311.5844  0.495525D+00  0.534239D+00 -0.601930D+02
  311.7424  0.472665D+00  0.504315D+00 -0.527253D+02
  311.9003  0.458052D+00  0.476094D+00 -0.300571D+02
  312.0581  0.458779D+00  0.465983D+00 -0.120006D+02
  312.2159  0.493039D+00  0.482905D+00  0.168834D+02
  312.3736  0.543610D+00  0.515104D+00  0.474894D+02
  312.5312  0.584904D+00  0.542691D+00  0.656345D+02
  312.6888  0.607340D+00  0.561294D+00  0.671191D+02
  312.8463  0.626198D+00  0.580082D+00  0.672223D+02
  313.0037  0.647906D+00  0.598221D+00  0.724235D+02
  313.1610  0.646633D+00  0.609470D+00  0.541705D+02
  313.3182  0.621953D+00  0.620340D+00  0.235215D+01
  313.4754  0.604490D+00  0.645186D+00 -0.593216D+02
  313.6326  0.629715D+00  0.695377D+00 -0.957128D+02
  313.7896  0.701024D+00  0.762683D+00 -0.898787D+02
  313.9466  0.782338D+00  0.817054D+00 -0.506045D+02
  314.1035  0.829756D+00  0.823371D+00  0.930838D+01
  314.2603  0.785431D+00  0.767028D+00  0.268256D+02
  314.4171  0.698720D+00  0.687412D+00  0.164833D+02
  314.5737  0.671858D+00  0.665469D+00  0.931284D+01
  314.7303  0.763177D+00  0.734018D+00  0.425038D+02
   31 311.584 316.293 313.939  3.000D-01  0.000D+00 -5.395D-02  0.000D+00  6.458D-01  5.522D+01   300  3.032D-02
  311.5844  0.495525D+00  0.516858D+00 -0.331695D+02
  311.7424  0.472665D+00  0.485362D+00 -0.211519D+02
  311.9003  0.458052D+00  0.460646D+00 -0.432112D+01
  312.0581  0.458779D+00  0.459739D+00 -0.159813D+01
  312.2159  0.493039D+00  0.487454D+00  0.930398D+01
  312.3736  0.543610D+00  0.525466D+00  0.302276D+02
  312.5312  0.584904D+00  0.550885D+00  0.528945D+02
  312.6888  0.607340D+00  0.569230D+00  0.555517D+02
  312.8463  0.626198D+00  0.591342D+00  0.508082D+02
  313.0037  0.647906D+00  0.610003D+00  0.552503D+02
  313.1610  0.646633D+00  0.619200D+00  0.399876D+02
  313.3182  0.621953D+00  0.630831D+00 -0.129411D+02
  313.4754  0.604490D+00  0.661511D+00 -0.831178D+02
  313.6326  0.629715D+00  0.720999D+00 -0.133062D+03
  313.7896  0.701024D+00  0.792558D+00 -0.133425D+03
  313.9466  0.782338D+00  0.838264D+00 -0.815210D+02
  314.1035  0.829756D+00  0.822837D+00  0.100866D+02
  314.2603  0.785431D+00  0.739259D+00  0.673022D+02
  314.4171  0.698720D+00  0.651528D+00  0.687905D+02
  314.5737  0.671858D+00  0.651729D+00  0.293407D+02
  314.7303  0.763177D+00  0.742767D+00  0.297513D+02
  314.8869  0.892879D+00  0.849802D+00  0.627919D+02
  315.0434  0.963946D+00  0.918667D+00  0.660011D+02
  315.1998  0.976013D+00  0.945318D+00  0.447429D+02
  315.3561  0.936114D+00  0.938404D+00 -0.333866D+01
  315.5124  0.863046D+00  0.888993D+00 -0.378216D+02
  315.6685  0.759963D+00  0.792566D+00 -0.475235D+02
  315.8246  0.668038D+00  0.695905D+00 -0.406221D+02
  315.9807  0.637416D+00  0.663421D+00 -0.379073D+02
  316.1367  0.706360D+00  0.715348D+00 -0.131017D+02
  316.2926  0.836063D+00  0.811787D+00  0.353862D+02
   31 313.161 317.848 315.504  3.054D-01  0.000D+00 -5.927D-02  0.000D+00  8.178D-01  5.452D+01 10300  2.841D-02
  313.1610  0.646633D+00  0.579962D+00  0.971831D+02
  313.3182  0.621953D+00  0.599250D+00  0.330933D+02
  313.4754  0.604490D+00  0.636043D+00 -0.459936D+02
  313.6326  0.629715D+00  0.699411D+00 -0.101593D+03
  313.7896  0.701024D+00  0.772785D+00 -0.104604D+03
  313.9466  0.782338D+00  0.819712D+00 -0.544777D+02
  314.1035  0.829756D+00  0.806356D+00  0.341101D+02
  314.2603  0.785431D+00  0.728148D+00  0.834988D+02
  314.4171  0.698720D+00  0.649073D+00  0.723686D+02
  314.5737  0.671858D+00  0.655081D+00  0.244546D+02
  314.7303  0.763177D+00  0.747520D+00  0.228218D+02
  314.8869  0.892879D+00  0.854711D+00  0.556360D+02
  315.0434  0.963946D+00  0.925396D+00  0.561933D+02
  315.1998  0.976013D+00  0.954466D+00  0.314075D+02
  315.3561  0.936114D+00  0.948853D+00 -0.185699D+02
  315.5124  0.863046D+00  0.899817D+00 -0.536003D+02
  315.6685  0.759963D+00  0.805458D+00 -0.663166D+02
  315.8246  0.668038D+00  0.713209D+00 -0.658447D+02
  315.9807  0.637416D+00  0.686615D+00 -0.717152D+02
  316.1367  0.706360D+00  0.744705D+00 -0.558946D+02
  316.2926  0.836063D+00  0.847484D+00 -0.166492D+02
  316.4484  0.963340D+00  0.941150D+00  0.323448D+02
  316.6042  0.106248D+01  0.100936D+01  0.728770D+02
  316.7599  0.112184D+01  0.107472D+01  0.646558D+02
  316.9155  0.118151D+01  0.116560D+01  0.206113D+02
  317.0710  0.126416D+01  0.127864D+01 -0.187641D+02
  317.2265  0.135239D+01  0.136455D+01 -0.157559D+02
  317.3819  0.138101D+01  0.138836D+01 -0.952916D+01
  317.5372  0.134541D+01  0.136307D+01 -0.228828D+02
  317.6925  0.127435D+01  0.128193D+01 -0.983209D+01
  317.8477  0.115447D+01  0.113331D+01  0.274169D+02
   31 314.730 319.396 317.063  2.525D-01  0.000D+00 -6.954D-02  0.000D+00  9.356D-01  5.513D+01   300  2.012D-02
  314.7303  0.763177D+00  0.767873D+00 -0.684490D+01
  314.8869  0.892879D+00  0.886497D+00  0.930296D+01
  315.0434  0.963946D+00  0.945240D+00  0.272666D+02
  315.1998  0.976013D+00  0.961390D+00  0.213150D+02
  315.3561  0.936114D+00  0.955526D+00 -0.282974D+02
  315.5124  0.863046D+00  0.902033D+00 -0.568292D+02
  315.6685  0.759963D+00  0.785900D+00 -0.378068D+02
  315.8246  0.668038D+00  0.669390D+00 -0.197133D+01
  315.9807  0.637416D+00  0.644254D+00 -0.996824D+01
  316.1367  0.706360D+00  0.720578D+00 -0.207249D+02
  316.2926  0.836063D+00  0.842888D+00 -0.994922D+01
  316.4484  0.963340D+00  0.934546D+00  0.419715D+02
  316.6042  0.106248D+01  0.990071D+00  0.993407D+02
  316.7599  0.112184D+01  0.104793D+01  0.101406D+03
  316.9155  0.118151D+01  0.114138D+01  0.519944D+02
  317.0710  0.126416D+01  0.128333D+01 -0.248434D+02
  317.2265  0.135239D+01  0.138577D+01 -0.432615D+02
  317.3819  0.138101D+01  0.140192D+01 -0.270990D+02
  317.5372  0.134541D+01  0.139354D+01 -0.623528D+02
  317.6925  0.127435D+01  0.133691D+01 -0.810652D+02
  317.8477  0.115447D+01  0.116474D+01 -0.133092D+02
  318.0028  0.101725D+01  0.993367D+00  0.327595D+02
  318.1578  0.956791D+00  0.957884D+00 -0.159316D+01
  318.3128  0.102834D+01  0.103987D+01 -0.149408D+02
  318.4677  0.117248D+01  0.117479D+01 -0.299981D+01
  318.6226  0.132595D+01  0.132186D+01  0.501343D+01
  318.7773  0.148930D+01  0.147430D+01  0.174952D+02
  318.9320  0.161119D+01  0.156637D+01  0.522550D+02
  319.0867  0.156559D+01  0.147468D+01  0.106012D+03
  319.2412  0.137318D+01  0.132152D+01  0.634135D+02
  319.3957  0.120904D+01  0.134702D+01 -0.169374D+03
   31 316.293 320.937 318.615  2.538D-01  0.000D+00  3.904D-03  0.000D+00  1.097D+00  1.077D+02 10304  4.183D-02
  316.2926  0.836063D+00  0.841256D+00 -0.757078D+01
  316.4484  0.963340D+00  0.953259D+00  0.146934D+02
  316.6042  0.106248D+01  0.101747D+01  0.617576D+02
  316.7599  0.112184D+01  0.106600D+01  0.766188D+02
  316.9155  0.118151D+01  0.113430D+01  0.611658D+02
  317.0710  0.126416D+01  0.125655D+01  0.986308D+01
  317.2265  0.135239D+01  0.138763D+01 -0.456588D+02
  317.3819  0.138101D+01  0.143555D+01 -0.706767D+02
  317.5372  0.134541D+01  0.142552D+01 -0.103790D+03
  317.6925  0.127435D+01  0.139583D+01 -0.157410D+03
  317.8477  0.115447D+01  0.126784D+01 -0.146895D+03
  318.0028  0.101725D+01  0.106521D+01 -0.658013D+02
  318.1578  0.956791D+00  0.952504D+00  0.624859D+01
  318.3128  0.102834D+01  0.977816D+00  0.654678D+02
  318.4677  0.117248D+01  0.108251D+01  0.116565D+03
  318.6226  0.132595D+01  0.121030D+01  0.141958D+03
  318.7773  0.148930D+01  0.133967D+01  0.174491D+03
  318.9320  0.161119D+01  0.145044D+01  0.187446D+03
  319.0867  0.156559D+01  0.143105D+01  0.156888D+03
  319.2412  0.137318D+01  0.126476D+01  0.133096D+03
  319.3957  0.120904D+01  0.117564D+01  0.410045D+02
  319.5501  0.121062D+01  0.125644D+01 -0.562463D+02
  319.7045  0.133147D+01  0.139475D+01 -0.738012D+02
  319.8588  0.143006D+01  0.154186D+01 -0.130375D+03
  320.0130  0.148542D+01  0.163416D+01 -0.173447D+03
  320.1671  0.152817D+01  0.167045D+01 -0.165915D+03
  320.3212  0.163738D+01  0.173923D+01 -0.113112D+03
  320.4752  0.180037D+01  0.183239D+01 -0.355535D+02
  320.6291  0.191170D+01  0.187802D+01  0.357099D+02
  320.7830  0.191049D+01  0.182070D+01  0.951836D+02
  320.9368  0.178885D+01  0.164883D+01  0.148439D+03
   31 317.848 322.471 320.159  2.926D-01  0.000D+00  4.074D-03  0.000D+00  1.262D+00  1.227D+02 10300  4.834D-02
  317.8477  0.115447D+01  0.125676D+01 -0.132540D+03
  318.0028  0.101725D+01  0.108936D+01 -0.989309D+02
  318.1578  0.956791D+00  0.987252D+00 -0.444019D+02
  318.3128  0.102834D+01  0.100097D+01  0.354713D+02
  318.4677  0.117248D+01  0.109484D+01  0.100599D+03
  318.6226  0.132595D+01  0.122024D+01  0.129755D+03
  318.7773  0.148930D+01  0.134762D+01  0.165226D+03
  318.9320  0.161119D+01  0.143818D+01  0.201745D+03
  319.0867  0.156559D+01  0.141825D+01  0.171816D+03
  319.2412  0.137318D+01  0.129972D+01  0.901784D+02
  319.3957  0.120904D+01  0.123150D+01 -0.275685D+02
  319.5501  0.121062D+01  0.129013D+01 -0.976086D+02
  319.7045  0.133147D+01  0.142175D+01 -0.105277D+03
  319.8588  0.143006D+01  0.156027D+01 -0.151836D+03
  320.0130  0.148542D+01  0.165818D+01 -0.201458D+03
  320.1671  0.152817D+01  0.171759D+01 -0.220888D+03
  320.3212  0.163738D+01  0.179019D+01 -0.169711D+03
  320.4752  0.180037D+01  0.187456D+01 -0.823887D+02
  320.6291  0.191170D+01  0.191276D+01 -0.111784D+01
  320.7830  0.191049D+01  0.185708D+01  0.566190D+02
  320.9368  0.178885D+01  0.169902D+01  0.952369D+02
  321.0905  0.162046D+01  0.150853D+01  0.130528D+03
  321.2441  0.148573D+01  0.137162D+01  0.133068D+03
  321.3977  0.145990D+01  0.133918D+01  0.140775D+03
  321.5512  0.153236D+01  0.140801D+01  0.145000D+03
  321.7047  0.166109D+01  0.154346D+01  0.130642D+03
  321.8580  0.176029D+01  0.168964D+01  0.748983D+02
  322.0113  0.175459D+01  0.177807D+01 -0.248914D+02
  322.1646  0.166139D+01  0.175486D+01 -0.103811D+03
  322.3177  0.157844D+01  0.166171D+01 -0.971008D+02
  322.4708  0.152138D+01  0.156619D+01 -0.522565D+02
   31 319.396 323.998 321.697  4.293D-01  0.000D+00 -8.675D-03  0.000D+00  1.333D+00  9.532D+01   304  5.744D-02
  319.3957  0.120904D+01  0.108656D+01  0.150347D+03
  319.5501  0.121062D+01  0.118350D+01  0.332911D+02
  319.7045  0.133147D+01  0.131253D+01  0.220833D+02
  319.8588  0.143006D+01  0.145285D+01 -0.265710D+02
  320.0130  0.148542D+01  0.158231D+01 -0.112982D+03
  320.1671  0.152817D+01  0.169351D+01 -0.192809D+03
  320.3212  0.163738D+01  0.178363D+01 -0.162425D+03
  320.4752  0.180037D+01  0.184278D+01 -0.470992D+02
  320.6291  0.191170D+01  0.185128D+01  0.640596D+02
  320.7830  0.191049D+01  0.179621D+01  0.121150D+03
  320.9368  0.178885D+01  0.168596D+01  0.109075D+03
  321.0905  0.162046D+01  0.156241D+01  0.676974D+02
  321.2441  0.148573D+01  0.146889D+01  0.196359D+02
  321.3977  0.145990D+01  0.144019D+01  0.229779D+02
  321.5512  0.153236D+01  0.147829D+01  0.630478D+02
  321.7047  0.166109D+01  0.156051D+01  0.111705D+03
  321.8580  0.176029D+01  0.164527D+01  0.121939D+03
  322.0113  0.175459D+01  0.169651D+01  0.615744D+02
  322.1646  0.166139D+01  0.169555D+01 -0.379305D+02
  322.3177  0.157844D+01  0.164995D+01 -0.833853D+02
  322.4708  0.152138D+01  0.158040D+01 -0.688283D+02
  322.6238  0.143425D+01  0.150689D+01 -0.847114D+02
  322.7768  0.131782D+01  0.145329D+01 -0.157973D+03
  322.9297  0.129654D+01  0.143751D+01 -0.164385D+03
  323.0825  0.144116D+01  0.146813D+01 -0.299565D+02
  323.2352  0.162689D+01  0.152810D+01  0.104734D+03
  323.3879  0.171942D+01  0.159673D+01  0.130066D+03
  323.5405  0.173222D+01  0.167152D+01  0.643475D+02
  323.6931  0.178976D+01  0.176807D+01  0.229942D+02
  323.8455  0.191037D+01  0.190132D+01  0.917708D+01
  323.9979  0.203292D+01  0.206542D+01 -0.329577D+02
   31 320.937 325.518 323.227  2.588D-01  0.000D+00 -1.165D-01  0.000D+00  1.435D+00  6.340D+01   300  3.015D-02
  320.9368  0.178885D+01  0.184740D+01 -0.620731D+02
  321.0905  0.162046D+01  0.156546D+01  0.641377D+02
  321.2441  0.148573D+01  0.143328D+01  0.611571D+02
  321.3977  0.145990D+01  0.144186D+01  0.210289D+02
  321.5512  0.153236D+01  0.154163D+01 -0.108161D+02
  321.7047  0.166109D+01  0.167458D+01 -0.149873D+02
  321.8580  0.176029D+01  0.177949D+01 -0.203492D+02
  322.0113  0.175459D+01  0.176987D+01 -0.161935D+02
  322.1646  0.166139D+01  0.166983D+01 -0.936716D+01
  322.3177  0.157844D+01  0.159375D+01 -0.178489D+02
  322.4708  0.152138D+01  0.152225D+01 -0.101455D+01
  322.6238  0.143425D+01  0.141528D+01  0.221160D+02
  322.7768  0.131782D+01  0.134404D+01 -0.305730D+02
  322.9297  0.129654D+01  0.138945D+01 -0.108345D+03
  323.0825  0.144116D+01  0.153531D+01 -0.104565D+03
  323.2352  0.162689D+01  0.162375D+01  0.332595D+01
  323.3879  0.171942D+01  0.161028D+01  0.115705D+03
  323.5405  0.173222D+01  0.162728D+01  0.111247D+03
  323.6931  0.178976D+01  0.172795D+01  0.655294D+02
  323.8455  0.191037D+01  0.186511D+01  0.458899D+02
  323.9979  0.203292D+01  0.199863D+01  0.347650D+02
  324.1503  0.210422D+01  0.207870D+01  0.247990D+02
  324.3026  0.212436D+01  0.211280D+01  0.112290D+02
  324.4547  0.213472D+01  0.214521D+01 -0.101874D+02
  324.6069  0.210247D+01  0.210301D+01 -0.530307D+00
  324.7589  0.197452D+01  0.198462D+01 -0.981047D+01
  324.9109  0.182244D+01  0.191584D+01 -0.990127D+02
  325.0628  0.179000D+01  0.192692D+01 -0.138839D+03
  325.2147  0.189830D+01  0.196822D+01 -0.708979D+02
  325.3665  0.206044D+01  0.204239D+01  0.175402D+02
  325.5182  0.225084D+01  0.211208D+01  0.134845D+03
   31 322.471 327.032 324.751  2.408D-01  0.000D+00 -1.735D-02  0.000D+00  1.546D+00  8.667D+01 10300  3.696D-02
  322.4708  0.152138D+01  0.147962D+01  0.486952D+02
  322.6238  0.143425D+01  0.145785D+01 -0.275252D+02
  322.7768  0.131782D+01  0.138368D+01 -0.768034D+02
  322.9297  0.129654D+01  0.136402D+01 -0.786940D+02
  323.0825  0.144116D+01  0.148166D+01 -0.449785D+02
  323.2352  0.162689D+01  0.165935D+01 -0.344159D+02
  323.3879  0.171942D+01  0.169778D+01  0.229438D+02
  323.5405  0.173222D+01  0.165282D+01  0.841743D+02
  323.6931  0.178976D+01  0.169168D+01  0.103980D+03
  323.8455  0.191037D+01  0.180565D+01  0.106187D+03
  323.9979  0.203292D+01  0.193232D+01  0.102005D+03
  324.1503  0.210422D+01  0.204252D+01  0.599673D+02
  324.3026  0.212436D+01  0.208050D+01  0.426205D+02
  324.4547  0.213472D+01  0.209962D+01  0.341186D+02
  324.6069  0.210247D+01  0.212837D+01 -0.251704D+02
  324.7589  0.197452D+01  0.204840D+01 -0.717973D+02
  324.9109  0.182244D+01  0.193694D+01 -0.121380D+03
  325.0628  0.179000D+01  0.193471D+01 -0.146739D+03
  325.2147  0.189830D+01  0.201013D+01 -0.113397D+03
  325.3665  0.206044D+01  0.212907D+01 -0.666845D+02
  325.5182  0.225084D+01  0.232424D+01 -0.713255D+02
  325.6699  0.245537D+01  0.252853D+01 -0.710964D+02
  325.8214  0.264347D+01  0.264816D+01 -0.437414D+01
  325.9730  0.279324D+01  0.273257D+01  0.544248D+02
  326.1244  0.287965D+01  0.275945D+01  0.107826D+03
  326.2758  0.287001D+01  0.272118D+01  0.133506D+03
  326.4271  0.280240D+01  0.265616D+01  0.131180D+03
  326.5783  0.281586D+01  0.268562D+01  0.116832D+03
  326.7295  0.292179D+01  0.288826D+01  0.300831D+02
  326.8806  0.299122D+01  0.306502D+01 -0.637482D+02
  327.0316  0.289354D+01  0.308659D+01 -0.173172D+03
   31 323.998 328.538 326.268  2.111D-01  0.000D+00  2.257D-02  0.000D+00  1.633D+00  8.529D+01   300  3.361D-02
  323.9979  0.203292D+01  0.198538D+01  0.482027D+02
  324.1503  0.210422D+01  0.207431D+01  0.290727D+02
  324.3026  0.212436D+01  0.209133D+01  0.320908D+02
  324.4547  0.213472D+01  0.206074D+01  0.718956D+02
  324.6069  0.210247D+01  0.210767D+01 -0.505603D+01
  324.7589  0.197452D+01  0.205996D+01 -0.830256D+02
  324.9109  0.182244D+01  0.190282D+01 -0.852106D+02
  325.0628  0.179000D+01  0.188444D+01 -0.957575D+02
  325.2147  0.189830D+01  0.196682D+01 -0.694827D+02
  325.3665  0.206044D+01  0.207815D+01 -0.172077D+02
  325.5182  0.225084D+01  0.226822D+01 -0.168880D+02
  325.6699  0.245537D+01  0.253303D+01 -0.754619D+02
  325.8214  0.264347D+01  0.267385D+01 -0.283421D+02
  325.9730  0.279324D+01  0.277609D+01  0.153862D+02
  326.1244  0.287965D+01  0.283256D+01  0.422363D+02
  326.2758  0.287001D+01  0.278977D+01  0.719716D+02
  326.4271  0.280240D+01  0.269493D+01  0.964032D+02
  326.5783  0.281586D+01  0.261592D+01  0.179354D+03
  326.7295  0.292179D+01  0.276776D+01  0.138174D+03
  326.8806  0.299122D+01  0.293575D+01  0.479155D+02
  327.0316  0.289354D+01  0.289386D+01 -0.288250D+00
  327.1826  0.275171D+01  0.274109D+01  0.952607D+01
  327.3335  0.271684D+01  0.273389D+01 -0.152916D+02
  327.4844  0.276426D+01  0.284060D+01 -0.684804D+02
  327.6351  0.274018D+01  0.283875D+01 -0.884172D+02
  327.7858  0.260260D+01  0.272586D+01 -0.110567D+03
  327.9365  0.246829D+01  0.262887D+01 -0.144042D+03
  328.0870  0.242584D+01  0.257050D+01 -0.129759D+03
  328.2375  0.247308D+01  0.252128D+01 -0.432404D+02
  328.3879  0.255185D+01  0.244572D+01  0.951942D+02
  328.5383  0.255045D+01  0.233524D+01  0.193054D+03
   31 325.518 330.038 327.778  4.924D-01  0.000D+00 -3.360D-01  0.000D+00  1.657D+00  7.183D+01 10303  9.423D-02
  325.5182  0.225084D+01  0.230867D+01 -0.561946D+02
  325.6699  0.245537D+01  0.250035D+01 -0.437065D+02
  325.8214  0.264347D+01  0.263378D+01  0.903441D+01
  325.9730  0.279324D+01  0.271965D+01  0.660139D+02
  326.1244  0.287965D+01  0.277814D+01  0.910568D+02
  326.2758  0.287001D+01  0.282522D+01  0.401745D+02
  326.4271  0.280240D+01  0.286224D+01 -0.536815D+02
  326.5783  0.281586D+01  0.288619D+01 -0.630857D+02
  326.7295  0.292179D+01  0.288975D+01  0.287413D+02
  326.8806  0.299122D+01  0.287796D+01  0.978342D+02
  327.0316  0.289354D+01  0.285591D+01  0.337516D+02
  327.1826  0.275171D+01  0.282521D+01 -0.659367D+02
  327.3335  0.271684D+01  0.278587D+01 -0.619258D+02
  327.4844  0.276426D+01  0.273391D+01  0.272268D+02
  327.6351  0.274018D+01  0.267708D+01  0.566093D+02
  327.7858  0.260260D+01  0.261976D+01 -0.153890D+02
  327.9365  0.246829D+01  0.256289D+01 -0.848586D+02
  328.0870  0.242584D+01  0.251089D+01 -0.762862D+02
  328.2375  0.247308D+01  0.247709D+01 -0.359390D+01
  328.3879  0.255185D+01  0.247890D+01  0.654302D+02
  328.5383  0.255045D+01  0.253183D+01  0.167075D+02
  328.6886  0.251128D+01  0.263073D+01 -0.107146D+03
  328.8388  0.260224D+01  0.276141D+01 -0.137494D+03
  328.9890  0.287619D+01  0.289845D+01 -0.192268D+02
  329.1391  0.317077D+01  0.303244D+01  0.111248D+03
  329.2891  0.335529D+01  0.316130D+01  0.156011D+03
  329.4391  0.342575D+01  0.328656D+01  0.108210D+03
  329.5890  0.346880D+01  0.340830D+01  0.470298D+02
  329.7388  0.347310D+01  0.351493D+01 -0.325148D+02
  329.8885  0.352925D+01  0.359922D+01 -0.543952D+02
  330.0383  0.356521D+01  0.367105D+01 -0.822819D+02
   31 327.032 331.531 329.282  2.835D-01  0.000D+00 -6.536D-02  0.000D+00  1.752D+00  7.086D+01   300  3.110D-02
  327.0316  0.289354D+01  0.282801D+01  0.587800D+02
  327.1826  0.275171D+01  0.273063D+01  0.189067D+02
  327.3335  0.271684D+01  0.272335D+01 -0.584194D+01
  327.4844  0.276426D+01  0.273040D+01  0.303753D+02
  327.6351  0.274018D+01  0.268817D+01  0.466588D+02
  327.7858  0.260260D+01  0.262600D+01 -0.209919D+02
  327.9365  0.246829D+01  0.259345D+01 -0.112275D+03
  328.0870  0.242584D+01  0.259340D+01 -0.150303D+03
  328.2375  0.247308D+01  0.259899D+01 -0.112948D+03
  328.3879  0.255185D+01  0.258005D+01 -0.252955D+02
  328.5383  0.255045D+01  0.250829D+01  0.378221D+02
  328.6886  0.251128D+01  0.246501D+01  0.415039D+02
  328.8388  0.260224D+01  0.259669D+01  0.478617D+01
  328.9890  0.287619D+01  0.286341D+01  0.110429D+02
  329.1391  0.317077D+01  0.309291D+01  0.626144D+02
  329.2891  0.335529D+01  0.323726D+01  0.949226D+02
  329.4391  0.342575D+01  0.332556D+01  0.778894D+02
  329.5890  0.346880D+01  0.337713D+01  0.712621D+02
  329.7388  0.347310D+01  0.342583D+01  0.367487D+02
  329.8885  0.352925D+01  0.350247D+01  0.208250D+02
  330.0383  0.356521D+01  0.353477D+01  0.236664D+02
  330.1879  0.344048D+01  0.341323D+01  0.211857D+02
  330.3375  0.317871D+01  0.318023D+01 -0.122116D+01
  330.4869  0.287656D+01  0.295036D+01 -0.614763D+02
  330.6364  0.270574D+01  0.281685D+01 -0.925494D+02
  330.7857  0.270423D+01  0.285215D+01 -0.123213D+03
  330.9350  0.282283D+01  0.296918D+01 -0.121899D+03
  331.0842  0.291718D+01  0.299015D+01 -0.607781D+02
  331.2334  0.288280D+01  0.287618D+01  0.532948D+01
  331.3825  0.279452D+01  0.271865D+01  0.631881D+02
  331.5315  0.280373D+01  0.263044D+01  0.139363D+03
   31 328.538 333.018 330.778  2.521D-01  0.000D+00 -2.619D-02  0.000D+00  1.760D+00  5.699D+01   300  1.836D-02
  328.5383  0.255045D+01  0.262198D+01 -0.641628D+02
  328.6886  0.251128D+01  0.252212D+01 -0.972370D+01
  328.8388  0.260224D+01  0.259862D+01  0.312425D+01
  328.9890  0.287619D+01  0.289963D+01 -0.202481D+02
  329.1391  0.317077D+01  0.316346D+01  0.587501D+01
  329.2891  0.335529D+01  0.330065D+01  0.439414D+02
  329.4391  0.342575D+01  0.338011D+01  0.354820D+02
  329.5890  0.346880D+01  0.340528D+01  0.493813D+02
  329.7388  0.347310D+01  0.341445D+01  0.456017D+02
  329.8885  0.352925D+01  0.346345D+01  0.511568D+02
  330.0383  0.356521D+01  0.352757D+01  0.292622D+02
  330.1879  0.344048D+01  0.343344D+01  0.547277D+01
  330.3375  0.317871D+01  0.317801D+01  0.565151D+00
  330.4869  0.287656D+01  0.292827D+01 -0.430708D+02
  330.6364  0.270574D+01  0.273956D+01 -0.281676D+02
  330.7857  0.270423D+01  0.274754D+01 -0.360814D+02
  330.9350  0.282283D+01  0.292842D+01 -0.879513D+02
  331.0842  0.291718D+01  0.303842D+01 -0.100982D+03
  331.2334  0.288280D+01  0.299346D+01 -0.889921D+02
  331.3825  0.279452D+01  0.286783D+01 -0.610658D+02
  331.5315  0.280373D+01  0.282019D+01 -0.132357D+02
  331.6805  0.293920D+01  0.292739D+01  0.917624D+01
  331.8294  0.311674D+01  0.306178D+01  0.427270D+02
  331.9782  0.319272D+01  0.307793D+01  0.892362D+02
  332.1270  0.309430D+01  0.296419D+01  0.101157D+03
  332.2757  0.294447D+01  0.281663D+01  0.993861D+02
  332.4243  0.293780D+01  0.284135D+01  0.775651D+02
  332.5729  0.307672D+01  0.305240D+01  0.182951D+02
  332.7214  0.316228D+01  0.317113D+01 -0.665705D+01
  332.8698  0.307351D+01  0.312242D+01 -0.380236D+02
  333.0182  0.298310D+01  0.313125D+01 -0.115174D+03
   31 330.038 334.498 332.268  2.523D-01  0.000D+00 -9.786D-03  0.000D+00  1.798D+00  5.443D+01 10300  1.726D-02
  330.0383  0.356521D+01  0.351018D+01  0.427848D+02
  330.1879  0.344048D+01  0.341524D+01  0.196209D+02
  330.3375  0.317871D+01  0.315719D+01  0.173079D+02
  330.4869  0.287656D+01  0.290140D+01 -0.206966D+02
  330.6364  0.270574D+01  0.270535D+01  0.329442D+00
  330.7857  0.270423D+01  0.269153D+01  0.105740D+02
  330.9350  0.282283D+01  0.287056D+01 -0.397520D+02
  331.0842  0.291718D+01  0.300721D+01 -0.749898D+02
  331.2334  0.288280D+01  0.299078D+01 -0.868363D+02
  331.3825  0.279452D+01  0.288116D+01 -0.721704D+02
  331.5315  0.280373D+01  0.282957D+01 -0.207771D+02
  331.6805  0.293920D+01  0.293356D+01  0.438397D+01
  331.8294  0.311674D+01  0.308265D+01  0.265014D+02
  331.9782  0.319272D+01  0.311826D+01  0.578861D+02
  332.1270  0.309430D+01  0.301216D+01  0.638591D+02
  332.2757  0.294447D+01  0.284907D+01  0.741638D+02
  332.4243  0.293780D+01  0.283099D+01  0.859021D+02
  332.5729  0.307672D+01  0.300799D+01  0.517080D+02
  332.7214  0.316228D+01  0.311209D+01  0.377593D+02
  332.8698  0.307351D+01  0.302805D+01  0.353363D+02
  333.0182  0.298310D+01  0.296626D+01  0.130891D+02
  333.1664  0.302263D+01  0.304417D+01 -0.167419D+02
  333.3147  0.306975D+01  0.310714D+01 -0.290692D+02
  333.4629  0.293168D+01  0.298136D+01 -0.386282D+02
  333.6110  0.267743D+01  0.274469D+01 -0.540980D+02
  333.7590  0.257228D+01  0.267024D+01 -0.815979D+02
  333.9070  0.267045D+01  0.280507D+01 -0.104653D+03
  334.0549  0.283308D+01  0.291564D+01 -0.641797D+02
  334.2028  0.293295D+01  0.293718D+01 -0.328603D+01
  334.3505  0.305562D+01  0.298922D+01  0.516232D+02
  334.4982  0.322534D+01  0.307569D+01  0.109072D+03
   23 331.531 334.793 333.162  2.584D-01  0.000D+00 -5.731D-03  0.000D+00  1.824D+00  1.645D+01 10300  6.710D-03
  331.5315  0.280373D+01  0.277990D+01  0.191699D+02
  331.6805  0.293920D+01  0.294035D+01 -0.899758D+00
  331.8294  0.311674D+01  0.313366D+01 -0.131504D+02
  331.9782  0.319272D+01  0.320430D+01 -0.900133D+01
  332.1270  0.309430D+01  0.311523D+01 -0.162712D+02
  332.2757  0.294447D+01  0.295493D+01 -0.813272D+01
  332.4243  0.293780D+01  0.292453D+01  0.106697D+02
  332.5729  0.307672D+01  0.307538D+01  0.100621D+01
  332.7214  0.316228D+01  0.315918D+01  0.233457D+01
  332.8698  0.307351D+01  0.305870D+01  0.115131D+02
  333.0182  0.298310D+01  0.297131D+01  0.916628D+01
  333.1664  0.302263D+01  0.301316D+01  0.736681D+01
  333.3147  0.306975D+01  0.304644D+01  0.181195D+02
  333.4629  0.293168D+01  0.291293D+01  0.145711D+02
  333.6110  0.267743D+01  0.268088D+01 -0.277992D+01
  333.7590  0.257228D+01  0.260147D+01 -0.243105D+02
  333.9070  0.267045D+01  0.272812D+01 -0.448324D+02
  334.0549  0.283308D+01  0.285765D+01 -0.191030D+02
  334.2028  0.293295D+01  0.292300D+01  0.773337D+01
  334.3505  0.305562D+01  0.303223D+01  0.181837D+02
  334.4982  0.322534D+01  0.319786D+01  0.200299D+02
  334.6459  0.330326D+01  0.328429D+01  0.138268D+02
  334.7935  0.316343D+01  0.318945D+01 -0.195737D+02
