           0
 T T
nwave fwave lwave wave    hwe     asym  shift    squeeze      sin      rms   exval 
   29 269.077 278.725 273.901  2.919D-01  0.000D+00 -1.286D-02  0.000D+00  3.167D-03  6.408D+00 10000  0.000D+00
  269.0770  0.964611D-03  0.942397D-03  0.507362D+01
  269.4313  0.957243D-03  0.984412D-03 -0.620528D+01
  269.7849  0.988084D-03  0.970314D-03  0.405861D+01
  270.1375  0.115955D-02  0.116170D-02 -0.465717D+00
  270.4893  0.117376D-02  0.121112D-02 -0.785586D+01
  270.8403  0.111177D-02  0.110490D-02  0.150363D+01
  271.1905  0.110903D-02  0.110534D-02  0.790562D+00
  271.5399  0.101282D-02  0.100241D-02  0.235311D+01
  271.8885  0.801983D-03  0.777922D-03  0.567868D+01
  272.2364  0.754300D-03  0.718108D-03  0.835590D+01
  272.5836  0.870403D-03  0.861501D-03  0.203314D+01
  272.9300  0.104124D-02  0.109096D-02 -0.108877D+02
  273.2758  0.101240D-02  0.106376D-02 -0.112473D+02
  273.6208  0.821351D-03  0.812807D-03  0.199440D+01
  273.9652  0.685249D-03  0.646323D-03  0.908596D+01
  274.3090  0.621250D-03  0.572046D-03  0.113602D+02
  274.6521  0.584830D-03  0.581785D-03  0.726719D+00
  274.9946  0.626092D-03  0.607773D-03  0.432353D+01
  275.3365  0.795457D-03  0.810111D-03 -0.320901D+01
  275.6778  0.882087D-03  0.818618D-03  0.134814D+02
  276.0185  0.109819D-02  0.114954D-02 -0.104884D+02
  276.3587  0.118219D-02  0.118051D-02  0.338890D+00
  276.6983  0.124208D-02  0.125984D-02 -0.343056D+01
  277.0374  0.123482D-02  0.123612D-02 -0.242853D+00
  277.3760  0.128860D-02  0.131939D-02 -0.578629D+01
  277.7140  0.114324D-02  0.112772D-02  0.289135D+01
  278.0516  0.942822D-03  0.894209D-03  0.965029D+01
  278.3886  0.872613D-03  0.881327D-03 -0.172979D+01
  278.7253  0.823667D-03  0.830535D-03 -0.136352D+01
   19 272.584 278.725 275.654  2.919D-01  0.000D+00 -2.325D-02  0.000D+00  3.299D-03  6.633D+00 10000  0.000D+00
  272.5836  0.870403D-03  0.833111D-03  0.851744D+01
  272.9300  0.104124D-02  0.107691D-02 -0.780977D+01
  273.2758  0.101240D-02  0.105035D-02 -0.831090D+01
  273.6208  0.821351D-03  0.809614D-03  0.273957D+01
  273.9652  0.685249D-03  0.649367D-03  0.837544D+01
  274.3090  0.621250D-03  0.578403D-03  0.989259D+01
  274.6521  0.584830D-03  0.588656D-03 -0.913100D+00
  274.9946  0.626092D-03  0.619545D-03  0.154519D+01
  275.3365  0.795457D-03  0.817676D-03 -0.486544D+01
  275.6778  0.882087D-03  0.829470D-03  0.111763D+02
  276.0185  0.109819D-02  0.115394D-02 -0.113878D+02
  276.3587  0.118219D-02  0.118035D-02  0.370486D+00
  276.6983  0.124208D-02  0.125018D-02 -0.156421D+01
  277.0374  0.123482D-02  0.123053D-02  0.798843D+00
  277.3760  0.128860D-02  0.130996D-02 -0.401348D+01
  277.7140  0.114324D-02  0.111399D-02  0.545061D+01
  278.0516  0.942822D-03  0.892680D-03  0.995383D+01
  278.3886  0.872613D-03  0.890660D-03 -0.358247D+01
  278.7253  0.823667D-03  0.843368D-03 -0.391095D+01
   31 281.069 292.216 286.643  2.919D-01  0.000D+00 -1.810D-02  0.000D+00  5.109D-03  1.155D+01 10000  0.000D+00
  281.0690  0.916717D-03  0.923683D-03 -0.140899D+01
  281.4022  0.122882D-02  0.118660D-02  0.800675D+01
  281.7350  0.148892D-02  0.148308D-02  0.107754D+01
  282.0674  0.169186D-02  0.169944D-02 -0.135327D+01
  282.3994  0.182575D-02  0.182455D-02  0.210099D+00
  282.7311  0.194080D-02  0.188121D-02  0.100463D+02
  283.0624  0.208459D-02  0.212261D-02 -0.651352D+01
  283.3934  0.202964D-02  0.213096D-02 -0.173559D+02
  283.7241  0.203448D-02  0.203172D-02  0.474147D+00
  284.0544  0.207406D-02  0.207219D-02  0.325692D+00
  284.3844  0.190312D-02  0.185071D-02  0.912474D+01
  286.0296  0.206069D-02  0.209143D-02 -0.544038D+01
  286.3577  0.250711D-02  0.255636D-02 -0.823722D+01
  286.6855  0.263026D-02  0.262579D-02  0.735288D+00
  287.0131  0.282278D-02  0.277455D-02  0.770269D+01
  287.3404  0.300815D-02  0.309418D-02 -0.136377D+02
  287.6674  0.279268D-02  0.278462D-02  0.131642D+01
  287.9940  0.227427D-02  0.211080D-02  0.284613D+02
  288.3205  0.227543D-02  0.205932D-02  0.367220D+02
  288.6466  0.315646D-02  0.323072D-02 -0.115987D+02
  288.9725  0.357571D-02  0.350913D-02  0.942942D+01
  289.2981  0.378729D-02  0.373146D-02  0.790605D+01
  289.6234  0.447780D-02  0.448866D-02 -0.144109D+01
  289.9485  0.527252D-02  0.536503D-02 -0.115591D+02
  290.2733  0.581988D-02  0.593124D-02 -0.139139D+02
  290.5978  0.598724D-02  0.609506D-02 -0.134713D+02
  290.9220  0.579146D-02  0.578511D-02  0.793558D+00
  291.2460  0.600093D-02  0.603355D-02 -0.407686D+01
  291.5697  0.602829D-02  0.595251D-02  0.946935D+01
  291.8932  0.597040D-02  0.588008D-02  0.112853D+02
  292.2163  0.598093D-02  0.599604D-02 -0.178394D+01
   31 284.384 295.432 289.908  2.919D-01  0.000D+00 -3.032D-03  0.000D+00  6.167D-03  1.332D+01 10000  0.000D+00
  284.3844  0.190312D-02  0.187080D-02  0.562647D+01
  286.0296  0.206069D-02  0.207928D-02 -0.329079D+01
  286.3577  0.250711D-02  0.256916D-02 -0.103793D+02
  286.6855  0.263026D-02  0.265551D-02 -0.415754D+01
  287.0131  0.282278D-02  0.277542D-02  0.756388D+01
  287.3404  0.300815D-02  0.312279D-02 -0.181723D+02
  287.6674  0.279268D-02  0.282265D-02 -0.489686D+01
  287.9940  0.227427D-02  0.216208D-02  0.195324D+02
  288.3205  0.227543D-02  0.202469D-02  0.426078D+02
  288.6466  0.315646D-02  0.320618D-02 -0.776503D+01
  288.9725  0.357571D-02  0.351444D-02  0.867672D+01
  289.2981  0.378729D-02  0.371942D-02  0.961022D+01
  289.6234  0.447780D-02  0.445207D-02  0.341536D+01
  289.9485  0.527252D-02  0.533202D-02 -0.743433D+01
  290.2733  0.581988D-02  0.591736D-02 -0.121803D+02
  290.5978  0.598724D-02  0.610817D-02 -0.151092D+02
  290.9220  0.579146D-02  0.579656D-02 -0.637196D+00
  291.2460  0.600093D-02  0.602425D-02 -0.291391D+01
  291.5697  0.602829D-02  0.598359D-02  0.558516D+01
  291.8932  0.597040D-02  0.588854D-02  0.102283D+02
  292.2163  0.598093D-02  0.603648D-02 -0.655525D+01
  292.5392  0.553146D-02  0.545699D-02  0.930551D+01
  292.8618  0.561041D-02  0.546106D-02  0.186607D+02
  293.1841  0.665354D-02  0.681254D-02 -0.187623D+02
  293.5062  0.690512D-02  0.698346D-02 -0.875795D+01
  293.8279  0.600619D-02  0.580351D-02  0.239171D+02
  294.1494  0.630723D-02  0.629292D-02  0.168924D+01
  294.4706  0.688617D-02  0.706428D-02 -0.199115D+02
  294.7914  0.648302D-02  0.644571D-02  0.440273D+01
  295.1120  0.691670D-02  0.691192D-02  0.533451D+00
  295.4323  0.784720D-02  0.782087D-02  0.279644D+01
   31 288.973 298.617 293.795  2.919D-01  0.000D+00  5.777D-03  0.000D+00  7.898D-03  2.019D+01 10000  0.000D+00
  288.9725  0.357571D-02  0.341637D-02  0.225643D+02
  289.2981  0.378729D-02  0.366593D-02  0.171848D+02
  289.6234  0.447780D-02  0.442573D-02  0.691212D+01
  289.9485  0.527252D-02  0.534849D-02 -0.949253D+01
  290.2733  0.581988D-02  0.597565D-02 -0.194636D+02
  290.5978  0.598724D-02  0.619358D-02 -0.257807D+02
  290.9220  0.579146D-02  0.587549D-02 -0.104996D+02
  291.2460  0.600093D-02  0.607846D-02 -0.968796D+01
  291.5697  0.602829D-02  0.603986D-02 -0.144474D+01
  291.8932  0.597040D-02  0.590355D-02  0.835327D+01
  292.2163  0.598093D-02  0.603871D-02 -0.681854D+01
  292.5392  0.553146D-02  0.544647D-02  0.106198D+02
  292.8618  0.561041D-02  0.539225D-02  0.272586D+02
  293.1841  0.665354D-02  0.669498D-02 -0.488974D+01
  293.5062  0.690512D-02  0.690710D-02 -0.221499D+00
  293.8279  0.600619D-02  0.572630D-02  0.330281D+02
  294.1494  0.630723D-02  0.616735D-02  0.165072D+02
  294.4706  0.688617D-02  0.695692D-02 -0.790925D+01
  294.7914  0.648302D-02  0.640574D-02  0.911936D+01
  295.1120  0.691670D-02  0.682346D-02  0.104231D+02
  295.4323  0.784720D-02  0.783198D-02  0.161705D+01
  295.7522  0.822404D-02  0.814662D-02  0.822247D+01
  296.0719  0.895771D-02  0.906449D-02 -0.108013D+02
  296.3912  0.877245D-02  0.907847D-02 -0.309531D+02
  296.7102  0.690933D-02  0.681957D-02  0.100342D+02
  297.0288  0.690407D-02  0.699085D-02 -0.970211D+01
  297.3471  0.829561D-02  0.838001D-02 -0.896304D+01
  297.6651  0.111092D-01  0.115050D-01 -0.365530D+02
  297.9827  0.114608D-01  0.117346D-01 -0.252846D+02
  298.3000  0.859561D-02  0.829189D-02  0.307206D+02
  298.6169  0.819141D-02  0.760771D-02  0.590394D+02
   31 292.216 301.763 296.990  2.919D-01  0.000D+00  2.228D-03  0.000D+00  1.078D-02  2.605D+01 10000  0.000D+00
  292.2163  0.598093D-02  0.585237D-02  0.151706D+02
  292.5392  0.553146D-02  0.543499D-02  0.120543D+02
  292.8618  0.561041D-02  0.550245D-02  0.134885D+02
  293.1841  0.665354D-02  0.691332D-02 -0.306544D+02
  293.5062  0.690512D-02  0.713942D-02 -0.261934D+02
  293.8279  0.600619D-02  0.591688D-02  0.105392D+02
  294.1494  0.630723D-02  0.636018D-02 -0.624811D+01
  294.4706  0.688617D-02  0.711135D-02 -0.251734D+02
  294.7914  0.648302D-02  0.647191D-02  0.131109D+01
  295.1120  0.691670D-02  0.685760D-02  0.660624D+01
  295.4323  0.784720D-02  0.777160D-02  0.802893D+01
  295.7522  0.822404D-02  0.802240D-02  0.214148D+02
  296.0719  0.895771D-02  0.886539D-02  0.933760D+01
  296.3912  0.877245D-02  0.881595D-02 -0.440075D+01
  296.7102  0.690933D-02  0.661290D-02  0.331394D+02
  297.0288  0.690407D-02  0.681978D-02  0.942259D+01
  297.3471  0.829561D-02  0.823613D-02  0.631786D+01
  297.6651  0.111092D-01  0.114146D-01 -0.281980D+02
  297.9827  0.114608D-01  0.117307D-01 -0.249216D+02
  298.3000  0.859561D-02  0.841695D-02  0.180712D+02
  298.6169  0.819141D-02  0.792202D-02  0.272477D+02
  298.9334  0.115998D-01  0.116576D-01 -0.511986D+01
  299.2495  0.137323D-01  0.136954D-01  0.314242D+01
  299.5652  0.140008D-01  0.133979D-01  0.492529D+02
  299.8806  0.146786D-01  0.155431D-01 -0.706231D+02
  300.1955  0.120818D-01  0.124780D-01 -0.116884D+02
  300.5099  0.149797D-01  0.163433D-01 -0.396771D+02
  300.8240  0.179249D-01  0.191871D-01 -0.362311D+02
  301.1376  0.234458D-01  0.231275D-01  0.889769D+01
  301.4507  0.285173D-01  0.271567D-01  0.375343D+02
  301.7634  0.264142D-01  0.249263D-01  0.415851D+02
   31 295.432 304.862 300.147  2.919D-01  0.000D+00 -1.251D-02  0.000D+00  2.134D-02  6.483D+01 10300  0.000D+00
  295.4323  0.784720D-02  0.722681D-02  0.658884D+02
  295.7522  0.822404D-02  0.805885D-02  0.175442D+02
  296.0719  0.895771D-02  0.928015D-02 -0.326148D+02
  296.3912  0.877245D-02  0.928515D-02 -0.518587D+02
  296.7102  0.690933D-02  0.698137D-02 -0.805434D+01
  297.0288  0.690407D-02  0.723386D-02 -0.368693D+02
  297.3471  0.829561D-02  0.864178D-02 -0.367641D+02
  297.6651  0.111092D-01  0.117053D-01 -0.550466D+02
  297.9827  0.114608D-01  0.114956D-01 -0.321578D+01
  298.3000  0.859561D-02  0.805639D-02  0.545405D+02
  298.6169  0.819141D-02  0.766251D-02  0.534962D+02
  298.9334  0.115998D-01  0.112309D-01  0.326425D+02
  299.2495  0.137323D-01  0.129018D-01  0.705626D+02
  299.5652  0.140008D-01  0.128519D-01  0.938597D+02
  299.8806  0.146786D-01  0.149036D-01 -0.183818D+02
  300.1955  0.120818D-01  0.122428D-01 -0.474843D+01
  300.5099  0.149797D-01  0.167547D-01 -0.516470D+02
  300.8240  0.179249D-01  0.199996D-01 -0.595518D+02
  301.1376  0.234458D-01  0.251341D-01 -0.471863D+02
  301.4507  0.285173D-01  0.303264D-01 -0.499059D+02
  301.7634  0.264142D-01  0.284443D-01 -0.567396D+02
  302.0757  0.231679D-01  0.236147D-01 -0.124863D+02
  302.3874  0.337593D-01  0.359669D-01 -0.593556D+02
  302.6986  0.492305D-01  0.496953D-01 -0.123400D+02
  303.0093  0.649249D-01  0.631793D-01  0.463494D+02
  303.3195  0.772721D-01  0.753792D-01  0.502576D+02
  303.6292  0.802194D-01  0.814797D-01 -0.334646D+02
  303.9383  0.749142D-01  0.772337D-01 -0.615845D+02
  304.2468  0.859456D-01  0.893400D-01 -0.801132D+02
  304.5548  0.106577D+00  0.110303D+00 -0.879370D+02
  304.8622  0.124218D+00  0.113349D+00  0.230884D+03
   31 298.617 307.900 303.258  2.919D-01  0.000D+00 -8.406D-03  0.000D+00  6.888D-02  1.068D+02 10000  0.000D+00
  298.6169  0.819141D-02  0.838201D-02 -0.192787D+02
  298.9334  0.115998D-01  0.119192D-01 -0.282723D+02
  299.2495  0.137323D-01  0.134226D-01  0.263162D+02
  299.5652  0.140008D-01  0.130388D-01  0.785869D+02
  299.8806  0.146786D-01  0.149233D-01 -0.199881D+02
  300.1955  0.120818D-01  0.120891D-01 -0.214388D+00
  300.5099  0.149797D-01  0.163223D-01 -0.390657D+02
  300.8240  0.179249D-01  0.194546D-01 -0.439092D+02
  301.1376  0.234458D-01  0.243422D-01 -0.250518D+02
  301.4507  0.285173D-01  0.294478D-01 -0.256696D+02
  301.7634  0.264142D-01  0.277926D-01 -0.385251D+02
  302.0757  0.231679D-01  0.230409D-01  0.355097D+01
  302.3874  0.337593D-01  0.350860D-01 -0.356712D+02
  302.6986  0.492305D-01  0.487732D-01  0.121436D+02
  303.0093  0.649249D-01  0.624449D-01  0.658480D+02
  303.3195  0.772721D-01  0.748006D-01  0.656202D+02
  303.6292  0.802194D-01  0.815502D-01 -0.353364D+02
  303.9383  0.749142D-01  0.775307D-01 -0.694725D+02
  304.2468  0.859456D-01  0.899008D-01 -0.933470D+02
  304.5548  0.106577D+00  0.111660D+00 -0.119967D+03
  304.8622  0.124218D+00  0.115189D+00  0.191801D+03
  305.1689  0.159165D+00  0.147861D+00  0.218282D+03
  305.4751  0.161176D+00  0.156282D+00  0.944923D+02
  305.7806  0.134439D+00  0.130243D+00  0.891271D+02
  306.0854  0.148871D+00  0.152074D+00 -0.618650D+02
  306.3896  0.173144D+00  0.192913D+00 -0.349924D+03
  306.6931  0.180133D+00  0.189008D+00 -0.157101D+03
  306.9959  0.233606D+00  0.234134D+00 -0.800985D+01
  307.2981  0.282552D+00  0.274427D+00  0.115057D+03
  307.5994  0.302520D+00  0.289287D+00  0.175670D+03
  307.9000  0.319099D+00  0.323810D+00 -0.588664D+02
   24 301.763 308.797 305.280  2.919D-01  0.000D+00 -1.338D-02  0.000D+00  1.456D-01  1.401D+02 10000  0.000D+00
  301.7634  0.264142D-01  0.290337D-01 -0.732127D+02
  302.0757  0.231679D-01  0.231737D-01 -0.161273D+00
  302.3874  0.337593D-01  0.346925D-01 -0.250906D+02
  302.6986  0.492305D-01  0.477834D-01  0.384223D+02
  303.0093  0.649249D-01  0.611182D-01  0.101073D+03
  303.3195  0.772721D-01  0.737802D-01  0.927119D+02
  303.6292  0.802194D-01  0.807688D-01 -0.145872D+02
  303.9383  0.749142D-01  0.776217D-01 -0.718879D+02
  304.2468  0.859456D-01  0.909248D-01 -0.117515D+03
  304.5548  0.106577D+00  0.113363D+00 -0.160155D+03
  304.8622  0.124218D+00  0.117414D+00  0.144531D+03
  305.1689  0.159165D+00  0.151235D+00  0.153133D+03
  305.4751  0.161176D+00  0.158821D+00  0.454660D+02
  305.7806  0.134439D+00  0.131912D+00  0.536729D+02
  306.0854  0.148871D+00  0.154624D+00 -0.111104D+03
  306.3896  0.173144D+00  0.193646D+00 -0.362911D+03
  306.6931  0.180133D+00  0.188230D+00 -0.143314D+03
  306.9959  0.233606D+00  0.231655D+00  0.295897D+02
  307.2981  0.282552D+00  0.267478D+00  0.213454D+03
  307.5994  0.302520D+00  0.278506D+00  0.318796D+03
  307.9000  0.319099D+00  0.307540D+00  0.144415D+03
  308.1999  0.315699D+00  0.316621D+00 -0.108826D+02
  308.4989  0.352414D+00  0.357411D+00 -0.106154D+03
  308.7972  0.360203D+00  0.367296D+00 -0.753291D+02
   31 312.102 316.819 314.461  2.919D-01  0.000D+00 -4.363D-02  0.000D+00  9.412D-01  1.598D+02 10300  0.000D+00
  312.1021  0.689670D+00  0.720046D+00 -0.114059D+03
  312.2604  0.755089D+00  0.763771D+00 -0.325988D+02
  312.4187  0.827561D+00  0.812745D+00  0.556345D+02
  312.5769  0.861719D+00  0.835730D+00  0.975841D+02
  312.7350  0.878876D+00  0.853558D+00  0.950680D+02
  312.8931  0.912033D+00  0.877552D+00  0.129475D+03
  313.0510  0.930454D+00  0.891411D+00  0.146605D+03
  313.2089  0.909876D+00  0.892405D+00  0.656002D+02
  313.3667  0.869297D+00  0.902352D+00 -0.124118D+03
  313.5244  0.866245D+00  0.945642D+00 -0.298128D+03
  313.6821  0.930454D+00  0.102889D+01 -0.347860D+03
  313.8396  0.104945D+01  0.111810D+01 -0.242601D+03
  313.9971  0.114266D+01  0.115591D+01 -0.468378D+02
  314.1545  0.116208D+01  0.109999D+01  0.219416D+03
  314.3119  0.100814D+01  0.959040D+00  0.173508D+03
  314.4691  0.873087D+00  0.851291D+00  0.818394D+02
  314.6263  0.890876D+00  0.888525D+00  0.830918D+01
  314.7834  0.108350D+01  0.102864D+01  0.193904D+03
  314.9405  0.123050D+01  0.115963D+01  0.250446D+03
  315.0974  0.128729D+01  0.123058D+01  0.179300D+03
  315.2543  0.127408D+01  0.125004D+01  0.802488D+02
  315.4111  0.121124D+01  0.122746D+01 -0.541373D+02
  315.5678  0.110808D+01  0.114232D+01 -0.121002D+03
  315.7245  0.944506D+00  0.100322D+01 -0.207505D+03
  315.8811  0.831982D+00  0.889987D+00 -0.217801D+03
  316.0376  0.822930D+00  0.884898D+00 -0.232686D+03
  316.1940  0.962032D+00  0.987925D+00 -0.915063D+02
  316.3503  0.113766D+01  0.112845D+01  0.325558D+02
  316.5066  0.127208D+01  0.123989D+01  0.107434D+03
  316.6628  0.136497D+01  0.132014D+01  0.141759D+03
  316.8190  0.140886D+01  0.140986D+01 -0.315787D+01
   31 313.682 318.531 316.107  2.919D-01  0.000D+00 -6.148D-02  0.000D+00  1.117D+00  1.245D+02 10300  0.000D+00
  313.6821  0.930454D+00  0.974819D+00 -0.156788D+03
  313.8396  0.104945D+01  0.108372D+01 -0.121110D+03
  313.9971  0.114266D+01  0.113483D+01  0.276656D+02
  314.1545  0.116208D+01  0.108501D+01  0.272386D+03
  314.3119  0.100814D+01  0.951837D+00  0.198964D+03
  314.4691  0.873087D+00  0.863176D+00  0.372158D+02
  314.6263  0.890876D+00  0.922512D+00 -0.111803D+03
  314.7834  0.108350D+01  0.107347D+01  0.354631D+02
  314.9405  0.123050D+01  0.120227D+01  0.997622D+02
  315.0974  0.128729D+01  0.126648D+01  0.657873D+02
  315.2543  0.127408D+01  0.127816D+01 -0.136082D+02
  315.4111  0.121124D+01  0.124402D+01 -0.109420D+03
  315.5678  0.110808D+01  0.114343D+01 -0.124935D+03
  315.7245  0.944506D+00  0.994484D+00 -0.176624D+03
  315.8811  0.831982D+00  0.884494D+00 -0.197176D+03
  316.0376  0.822930D+00  0.887360D+00 -0.241929D+03
  316.1940  0.962032D+00  0.992225D+00 -0.106701D+03
  316.3503  0.113766D+01  0.112327D+01  0.508692D+02
  316.5066  0.127208D+01  0.122090D+01  0.170831D+03
  316.6628  0.136497D+01  0.129119D+01  0.233291D+03
  316.8190  0.140886D+01  0.137559D+01  0.105215D+03
  316.9750  0.150960D+01  0.150328D+01  0.199877D+02
  317.1310  0.163986D+01  0.164567D+01 -0.174650D+02
  317.2869  0.174938D+01  0.172426D+01  0.718742D+02
  317.4427  0.172070D+01  0.172777D+01 -0.202174D+02
  317.5984  0.167607D+01  0.168333D+01 -0.207657D+02
  317.7542  0.156386D+01  0.155213D+01  0.352269D+02
  318.0652  0.117724D+01  0.120334D+01 -0.871065D+02
  318.2207  0.116498D+01  0.119923D+01 -0.114320D+03
  318.3761  0.130203D+01  0.130438D+01 -0.745241D+01
  318.5314  0.147944D+01  0.146050D+01  0.599124D+02
   31 315.254 320.080 317.667  2.919D-01  0.000D+00 -5.191D-02  0.000D+00  1.273D+00  1.960D+02 10300  0.000D+00
  315.2543  0.127408D+01  0.127328D+01  0.265391D+01
  315.4111  0.121124D+01  0.122394D+01 -0.423909D+02
  315.5678  0.110808D+01  0.111804D+01 -0.351902D+02
  315.7245  0.944506D+00  0.968499D+00 -0.847910D+02
  315.8811  0.831982D+00  0.855327D+00 -0.876572D+02
  316.0376  0.822930D+00  0.851900D+00 -0.108780D+03
  316.1940  0.962032D+00  0.952080D+00  0.351708D+02
  316.3503  0.113766D+01  0.108560D+01  0.183979D+03
  316.5066  0.127208D+01  0.119172D+01  0.268205D+03
  316.6628  0.136497D+01  0.127179D+01  0.294645D+03
  316.8190  0.140886D+01  0.136553D+01  0.137034D+03
  316.9750  0.150960D+01  0.150354D+01  0.191607D+02
  317.1310  0.163986D+01  0.166293D+01 -0.692914D+02
  317.2869  0.174938D+01  0.176184D+01 -0.356489D+02
  317.4427  0.172070D+01  0.178126D+01 -0.173265D+03
  317.5984  0.167607D+01  0.174868D+01 -0.207725D+03
  317.7542  0.156386D+01  0.162531D+01 -0.184595D+03
  318.0652  0.117724D+01  0.125712D+01 -0.266626D+03
  318.2207  0.116498D+01  0.123902D+01 -0.247144D+03
  318.3761  0.130203D+01  0.133439D+01 -0.102330D+03
  318.5314  0.147944D+01  0.147906D+01  0.120379D+01
  318.6866  0.164102D+01  0.162876D+01  0.350567D+02
  318.8418  0.183980D+01  0.174355D+01  0.275377D+03
  318.9969  0.191959D+01  0.173650D+01  0.523814D+03
  319.1519  0.173996D+01  0.158587D+01  0.440834D+03
  319.3068  0.146492D+01  0.145409D+01  0.325103D+02
  319.4617  0.138860D+01  0.146966D+01 -0.256301D+03
  319.6165  0.149792D+01  0.158225D+01 -0.266677D+03
  319.7712  0.168065D+01  0.170607D+01 -0.727399D+02
  319.9258  0.176696D+01  0.178292D+01 -0.456397D+02
  320.0804  0.181465D+01  0.180038D+01  0.408090D+02
   31 316.819 321.622 319.221  2.919D-01  0.000D+00 -2.763D-03  0.000D+00  1.376D+00  2.418D+02   300  0.000D+00
  316.8190  0.140886D+01  0.133441D+01  0.235419D+03
  316.9750  0.150960D+01  0.146491D+01  0.141297D+03
  317.1310  0.163986D+01  0.162895D+01  0.327592D+02
  317.2869  0.174938D+01  0.175458D+01 -0.148563D+02
  317.4427  0.172070D+01  0.179277D+01 -0.206183D+03
  317.5984  0.167607D+01  0.177145D+01 -0.272874D+03
  317.7542  0.156386D+01  0.167470D+01 -0.332965D+03
  318.0652  0.117724D+01  0.128039D+01 -0.344286D+03
  318.2207  0.116498D+01  0.121063D+01 -0.152397D+03
  318.3761  0.130203D+01  0.127162D+01  0.961292D+02
  318.5314  0.147944D+01  0.140074D+01  0.248865D+03
  318.6866  0.164102D+01  0.154597D+01  0.271917D+03
  318.8418  0.183980D+01  0.167447D+01  0.472991D+03
  318.9969  0.191959D+01  0.171795D+01  0.576873D+03
  319.1519  0.173996D+01  0.161218D+01  0.365571D+03
  319.3068  0.146492D+01  0.146391D+01  0.301724D+01
  319.4617  0.138860D+01  0.144580D+01 -0.180848D+03
  319.6165  0.149792D+01  0.155653D+01 -0.185354D+03
  319.7712  0.168065D+01  0.171154D+01 -0.883721D+02
  319.9258  0.176696D+01  0.184703D+01 -0.229064D+03
  320.0804  0.181465D+01  0.192650D+01 -0.320002D+03
  320.2349  0.185580D+01  0.199381D+01 -0.394825D+03
  320.3893  0.203617D+01  0.208968D+01 -0.139772D+03
  320.5437  0.218043D+01  0.217483D+01  0.146312D+02
  320.6980  0.225037D+01  0.217976D+01  0.184451D+03
  320.8522  0.213980D+01  0.206663D+01  0.191108D+03
  321.0063  0.193170D+01  0.186683D+01  0.177137D+03
  321.1604  0.171938D+01  0.168186D+01  0.107358D+03
  321.3144  0.160486D+01  0.159926D+01  0.160339D+02
  321.4683  0.165186D+01  0.164955D+01  0.659996D+01
  321.6221  0.177812D+01  0.181505D+01 -0.105653D+03
   31 318.531 323.157 320.844  2.919D-01  0.000D+00  9.952D-03  0.000D+00  1.487D+00  2.388D+02 10300  0.000D+00
  318.5314  0.147944D+01  0.153399D+01 -0.172494D+03
  318.6866  0.164102D+01  0.165535D+01 -0.409909D+02
  318.8418  0.183980D+01  0.176307D+01  0.219534D+03
  318.9969  0.191959D+01  0.179134D+01  0.366903D+03
  319.1519  0.173996D+01  0.167117D+01  0.196811D+03
  319.3068  0.146492D+01  0.149928D+01 -0.103236D+03
  319.4617  0.138860D+01  0.145601D+01 -0.213156D+03
  319.6165  0.149792D+01  0.155166D+01 -0.169939D+03
  319.7712  0.168065D+01  0.169966D+01 -0.544015D+02
  319.9258  0.176696D+01  0.183360D+01 -0.190654D+03
  320.0804  0.181465D+01  0.191364D+01 -0.283215D+03
  320.2349  0.185580D+01  0.197576D+01 -0.343195D+03
  320.3893  0.203617D+01  0.206643D+01 -0.790379D+02
  320.5437  0.218043D+01  0.215039D+01  0.784721D+02
  320.6980  0.225037D+01  0.215801D+01  0.241251D+03
  320.8522  0.213980D+01  0.204851D+01  0.238441D+03
  321.0063  0.193170D+01  0.184592D+01  0.234241D+03
  321.1604  0.171938D+01  0.164861D+01  0.202475D+03
  321.3144  0.160486D+01  0.154439D+01  0.173002D+03
  321.4683  0.165186D+01  0.156513D+01  0.248119D+03
  321.6221  0.177812D+01  0.169296D+01  0.243640D+03
  321.7759  0.196075D+01  0.187135D+01  0.233526D+03
  321.9296  0.204648D+01  0.203292D+01  0.354323D+02
  322.0833  0.200596D+01  0.208876D+01 -0.216282D+03
  322.2368  0.186528D+01  0.202015D+01 -0.422928D+03
  322.3903  0.180528D+01  0.190766D+01 -0.279597D+03
  322.5437  0.171796D+01  0.179535D+01 -0.221381D+03
  322.6971  0.159528D+01  0.165619D+01 -0.174250D+03
  322.8503  0.145381D+01  0.152668D+01 -0.208482D+03
  323.0035  0.151828D+01  0.148371D+01  0.989087D+02
  323.1566  0.174196D+01  0.153291D+01  0.570880D+03
   31 320.080 324.684 322.382  2.919D-01  0.000D+00 -4.521D-02  0.000D+00  1.575D+00  2.467D+02 10300  0.000D+00
  320.0804  0.181465D+01  0.186092D+01 -0.132378D+03
  320.2349  0.185580D+01  0.196414D+01 -0.309933D+03
  320.3893  0.203617D+01  0.208580D+01 -0.129633D+03
  320.5437  0.218043D+01  0.216924D+01  0.292183D+02
  320.6980  0.225037D+01  0.215019D+01  0.261680D+03
  320.8522  0.213980D+01  0.200487D+01  0.352449D+03
  321.0063  0.193170D+01  0.179207D+01  0.381309D+03
  321.1604  0.171938D+01  0.161761D+01  0.291165D+03
  321.3144  0.160486D+01  0.155680D+01  0.137505D+03
  321.4683  0.165186D+01  0.161797D+01  0.969645D+02
  321.6221  0.177812D+01  0.177096D+01  0.204761D+02
  321.7759  0.196075D+01  0.195234D+01  0.219646D+02
  321.9296  0.204648D+01  0.208691D+01 -0.105607D+03
  322.0833  0.200596D+01  0.209711D+01 -0.238091D+03
  322.2368  0.186528D+01  0.200683D+01 -0.386560D+03
  322.3903  0.180528D+01  0.190616D+01 -0.275481D+03
  322.5437  0.171796D+01  0.179785D+01 -0.228553D+03
  322.6971  0.159528D+01  0.167058D+01 -0.215410D+03
  322.8503  0.145381D+01  0.158522D+01 -0.375936D+03
  323.0035  0.151828D+01  0.161420D+01 -0.274394D+03
  323.1566  0.174196D+01  0.172215D+01  0.541074D+02
  323.3097  0.189412D+01  0.179033D+01  0.271109D+03
  323.4627  0.190491D+01  0.178198D+01  0.321108D+03
  323.6156  0.188991D+01  0.179775D+01  0.240730D+03
  323.7685  0.200943D+01  0.188924D+01  0.313953D+03
  323.9213  0.214311D+01  0.202732D+01  0.302476D+03
  324.0740  0.227969D+01  0.216795D+01  0.279709D+03
  324.2266  0.231800D+01  0.227506D+01  0.107488D+03
  324.3792  0.233190D+01  0.235386D+01 -0.549690D+02
  324.5317  0.235769D+01  0.242093D+01 -0.158314D+03
  324.6841  0.228232D+01  0.243653D+01 -0.386035D+03
   31 321.622 326.204 323.913  2.919D-01  0.000D+00 -7.084D-02  0.000D+00  1.646D+00  2.670D+02 10304  0.000D+00
  321.6221  0.177812D+01  0.167165D+01  0.304589D+03
  321.7759  0.196075D+01  0.187249D+01  0.230527D+03
  321.9296  0.204648D+01  0.201675D+01  0.776665D+02
  322.0833  0.200596D+01  0.203426D+01 -0.739388D+02
  322.2368  0.186528D+01  0.196312D+01 -0.267199D+03
  322.3903  0.180528D+01  0.188436D+01 -0.215950D+03
  322.5437  0.171796D+01  0.178693D+01 -0.197290D+03
  322.6971  0.159528D+01  0.167030D+01 -0.214626D+03
  322.8503  0.145381D+01  0.160750D+01 -0.439681D+03
  323.0035  0.151828D+01  0.166152D+01 -0.409768D+03
  323.1566  0.174196D+01  0.177352D+01 -0.861699D+02
  323.3097  0.189412D+01  0.182317D+01  0.185332D+03
  323.4627  0.190491D+01  0.180421D+01  0.263038D+03
  323.6156  0.188991D+01  0.182045D+01  0.181426D+03
  323.7685  0.200943D+01  0.190781D+01  0.265443D+03
  323.9213  0.214311D+01  0.202663D+01  0.304263D+03
  324.0740  0.227969D+01  0.213532D+01  0.361398D+03
  324.2266  0.231800D+01  0.219842D+01  0.299355D+03
  324.3792  0.233190D+01  0.223376D+01  0.245674D+03
  324.5317  0.235769D+01  0.224770D+01  0.275338D+03
  324.6841  0.228232D+01  0.220354D+01  0.197196D+03
  324.8364  0.210611D+01  0.213029D+01 -0.605250D+02
  324.9887  0.197917D+01  0.212158D+01 -0.371998D+03
  325.1409  0.205732D+01  0.219698D+01 -0.364792D+03
  325.2931  0.219627D+01  0.233737D+01 -0.353218D+03
  325.4452  0.240105D+01  0.253909D+01 -0.331711D+03
  325.5972  0.262889D+01  0.275154D+01 -0.294751D+03
  325.7491  0.284599D+01  0.291292D+01 -0.154648D+03
  325.9010  0.302015D+01  0.301109D+01  0.201478D+02
  326.0528  0.311914D+01  0.304658D+01  0.189555D+03
  326.2045  0.315283D+01  0.301543D+01  0.358908D+03
   31 323.157 327.718 325.437  2.919D-01  0.000D+00  1.981D-02  0.000D+00  1.736D+00  2.240D+02 10304  0.000D+00
  323.1566  0.174196D+01  0.188101D+01 -0.379713D+03
  323.3097  0.189412D+01  0.195021D+01 -0.146509D+03
  323.4627  0.190491D+01  0.193007D+01 -0.657198D+02
  323.6156  0.188991D+01  0.188802D+01  0.493571D+01
  323.7685  0.200943D+01  0.191685D+01  0.241833D+03
  323.9213  0.214311D+01  0.200921D+01  0.349781D+03
  324.0740  0.227969D+01  0.212084D+01  0.397636D+03
  324.2266  0.231800D+01  0.220699D+01  0.277909D+03
  324.3792  0.233190D+01  0.225109D+01  0.202274D+03
  324.5317  0.235769D+01  0.228100D+01  0.191956D+03
  324.6841  0.228232D+01  0.227728D+01  0.126223D+02
  324.8364  0.210611D+01  0.221303D+01 -0.267637D+03
  324.9887  0.197917D+01  0.216012D+01 -0.472677D+03
  325.1409  0.205732D+01  0.219307D+01 -0.354585D+03
  325.2931  0.219627D+01  0.230234D+01 -0.265520D+03
  325.4452  0.240105D+01  0.247680D+01 -0.182020D+03
  325.5972  0.262889D+01  0.269990D+01 -0.170654D+03
  325.7491  0.284599D+01  0.289974D+01 -0.124194D+03
  325.9010  0.302015D+01  0.303323D+01 -0.291019D+02
  326.0528  0.311914D+01  0.309812D+01  0.549113D+02
  326.2045  0.315283D+01  0.308936D+01  0.165785D+03
  326.3561  0.304457D+01  0.301702D+01  0.612876D+02
  326.5078  0.298236D+01  0.295219D+01  0.671231D+02
  326.6593  0.306720D+01  0.298064D+01  0.192602D+03
  326.8107  0.321493D+01  0.307687D+01  0.360639D+03
  326.9621  0.318993D+01  0.310843D+01  0.212891D+03
  327.1134  0.299273D+01  0.304296D+01 -0.111773D+03
  327.2646  0.290925D+01  0.298760D+01 -0.174338D+03
  327.4158  0.296983D+01  0.300432D+01 -0.767442D+02
  327.5670  0.301557D+01  0.302359D+01 -0.178566D+02
  327.7180  0.291220D+01  0.297828D+01 -0.147043D+03
   31 324.684 329.225 326.954  2.919D-01  0.000D+00  3.100D-02  0.000D+00  1.808D+00  2.189D+02 10300  0.000D+00
  324.6841  0.228232D+01  0.205108D+01  0.578852D+03
  324.8364  0.210611D+01  0.206895D+01  0.930281D+02
  324.9887  0.197917D+01  0.207285D+01 -0.244697D+03
  325.1409  0.205732D+01  0.214306D+01 -0.223958D+03
  325.2931  0.219627D+01  0.228086D+01 -0.211753D+03
  325.4452  0.240105D+01  0.247632D+01 -0.180862D+03
  325.5972  0.262889D+01  0.271719D+01 -0.212196D+03
  325.7491  0.284599D+01  0.293326D+01 -0.201644D+03
  325.9010  0.302015D+01  0.307568D+01 -0.123569D+03
  326.0528  0.311914D+01  0.314075D+01 -0.564228D+02
  326.2045  0.315283D+01  0.312610D+01  0.698186D+02
  326.3561  0.304457D+01  0.304056D+01  0.892297D+01
  326.5078  0.298236D+01  0.295434D+01  0.623541D+02
  326.6593  0.306720D+01  0.295683D+01  0.245591D+03
  326.8107  0.321493D+01  0.303353D+01  0.473842D+03
  326.9621  0.318993D+01  0.305629D+01  0.349094D+03
  327.1134  0.299273D+01  0.298327D+01  0.210484D+02
  327.2646  0.290925D+01  0.291630D+01 -0.156872D+02
  327.4158  0.296983D+01  0.292625D+01  0.969763D+02
  327.5670  0.301557D+01  0.295304D+01  0.139131D+03
  327.7180  0.291220D+01  0.292746D+01 -0.339540D+02
  327.8690  0.274594D+01  0.287004D+01 -0.276145D+03
  328.0198  0.268500D+01  0.283577D+01 -0.335498D+03
  328.1707  0.269015D+01  0.283463D+01 -0.321468D+03
  328.3215  0.278431D+01  0.284230D+01 -0.129030D+03
  328.4722  0.281073D+01  0.282797D+01 -0.383534D+02
  328.6228  0.271878D+01  0.276490D+01 -0.102622D+03
  328.7734  0.268557D+01  0.273184D+01 -0.102954D+03
  328.9239  0.292810D+01  0.287941D+01  0.104454D+03
  329.0743  0.328783D+01  0.319243D+01  0.238799D+03
  329.2246  0.352971D+01  0.350087D+01  0.693300D+02
   26 326.204 329.975 328.090  2.919D-01  0.000D+00 -7.881D-02  0.000D+00  1.798D+00  1.784D+02   300  0.000D+00
  326.2045  0.315283D+01  0.320948D+01 -0.147982D+03
  326.3561  0.304457D+01  0.307798D+01 -0.743586D+02
  326.5078  0.298236D+01  0.302532D+01 -0.955897D+02
  326.6593  0.306720D+01  0.307498D+01 -0.173160D+02
  326.8107  0.321493D+01  0.311161D+01  0.269881D+03
  326.9621  0.318993D+01  0.304791D+01  0.370987D+03
  327.1134  0.299273D+01  0.295986D+01  0.731396D+02
  327.2646  0.290925D+01  0.294655D+01 -0.829987D+02
  327.4158  0.296983D+01  0.297520D+01 -0.119471D+02
  327.5670  0.301557D+01  0.296292D+01  0.117149D+03
  327.7180  0.291220D+01  0.290555D+01  0.148068D+02
  327.8690  0.274594D+01  0.285840D+01 -0.250240D+03
  328.0198  0.268500D+01  0.284289D+01 -0.351338D+03
  328.1707  0.269015D+01  0.284179D+01 -0.337404D+03
  328.3215  0.278431D+01  0.282518D+01 -0.909392D+02
  328.4722  0.281073D+01  0.275741D+01  0.118639D+03
  328.6228  0.271878D+01  0.267993D+01  0.864652D+02
  328.7734  0.268557D+01  0.273987D+01 -0.120805D+03
  328.9239  0.292810D+01  0.298003D+01 -0.111443D+03
  329.0743  0.328783D+01  0.324329D+01  0.111490D+03
  329.2246  0.352971D+01  0.342631D+01  0.248500D+03
  329.3749  0.363113D+01  0.354230D+01  0.213492D+03
  329.5251  0.367766D+01  0.361757D+01  0.144405D+03
  329.6753  0.369497D+01  0.368177D+01  0.317262D+02
  329.8254  0.369445D+01  0.377867D+01 -0.202400D+03
  329.9754  0.382260D+01  0.387214D+01 -0.119049D+03
   16 327.718 329.975 328.847  2.919D-01  0.000D+00 -2.480D-02  0.000D+00  1.862D+00  1.008D+02   300  0.000D+00
  327.7180  0.291220D+01  0.284958D+01  0.139345D+03
  327.8690  0.274594D+01  0.277322D+01 -0.606995D+02
  328.0198  0.268500D+01  0.274347D+01 -0.130117D+03
  328.1707  0.269015D+01  0.275192D+01 -0.137442D+03
  328.3215  0.278431D+01  0.276711D+01  0.382689D+02
  328.4722  0.281073D+01  0.275018D+01  0.134726D+03
  328.6228  0.271878D+01  0.269500D+01  0.529211D+02
  328.7734  0.268557D+01  0.272106D+01 -0.789516D+02
  328.9239  0.292810D+01  0.294066D+01 -0.269553D+02
  329.0743  0.328783D+01  0.324939D+01  0.962234D+02
  329.2246  0.352971D+01  0.348759D+01  0.101223D+03
  329.3749  0.363113D+01  0.363163D+01 -0.119211D+01
  329.5251  0.367766D+01  0.370570D+01 -0.673772D+02
  329.6753  0.369497D+01  0.373230D+01 -0.897035D+02
  329.8254  0.369445D+01  0.375036D+01 -0.134352D+03
  329.9754  0.382260D+01  0.375814D+01  0.154909D+03
