 rad_fit_vary
           0
 T T
nwave fwave lwave wave    hwe     asym  shift    squeeze      sin      rms   exval 
   31 263.850 274.413 269.132  4.193D-01  0.000D+00  1.780D-02  0.000D+00  4.055D-03  2.582D+00 10000  3.644D-02
  263.8499  0.959617D-03  0.109970D-02 -0.742004D+01
  264.2134  0.146828D-02  0.133770D-02  0.541990D+01
  264.5760  0.129837D-02  0.131308D-02 -0.639321D+00
  264.9377  0.118293D-02  0.116385D-02  0.931277D+00
  265.2984  0.140715D-02  0.127560D-02  0.677433D+01
  265.6583  0.150712D-02  0.146561D-02  0.219863D+01
  266.0174  0.140373D-02  0.145343D-02 -0.279177D+01
  266.3755  0.134170D-02  0.135418D-02 -0.715282D+00
  266.7329  0.136526D-02  0.133328D-02  0.191221D+01
  267.0895  0.137029D-02  0.137852D-02 -0.492065D+00
  267.4453  0.143322D-02  0.145869D-02 -0.152301D+01
  267.8002  0.135878D-02  0.143960D-02 -0.488565D+01
  268.1544  0.139510D-02  0.137449D-02  0.123283D+01
  268.5079  0.142028D-02  0.139642D-02  0.142676D+01
  268.8606  0.131797D-02  0.136864D-02 -0.313113D+01
  269.2126  0.135213D-02  0.133972D-02  0.775346D+00
  269.5638  0.133505D-02  0.134064D-02 -0.338257D+00
  269.9144  0.142909D-02  0.142536D-02  0.230132D+00
  270.2643  0.160134D-02  0.158170D-02  0.117423D+01
  270.6135  0.158426D-02  0.159052D-02 -0.374709D+00
  270.9620  0.150425D-02  0.150779D-02 -0.218830D+00
  271.3099  0.148501D-02  0.144665D-02  0.237049D+01
  271.6571  0.129693D-02  0.127569D-02  0.132711D+01
  272.0037  0.103675D-02  0.104856D-02 -0.772643D+00
  272.3497  0.102561D-02  0.104938D-02 -0.157405D+01
  272.6951  0.126439D-02  0.125428D-02  0.611164D+00
  273.0399  0.144923D-02  0.146119D-02 -0.715349D+00
  273.3841  0.139690D-02  0.136812D-02  0.168521D+01
  273.7278  0.109609D-02  0.109783D-02 -0.107436D+00
  274.0708  0.895787D-03  0.907281D-03 -0.718286D+00
  274.4134  0.818830D-03  0.837600D-03 -0.121385D+01
   31 267.445 277.811 272.628  4.075D-01  0.000D+00  2.547D-02  0.000D+00  4.263D-03  1.493D+00 10300  2.115D-02
  267.4453  0.143322D-02  0.143080D-02  0.144606D+00
  267.8002  0.135878D-02  0.141625D-02 -0.347400D+01
  268.1544  0.139510D-02  0.134894D-02  0.276065D+01
  268.5079  0.142028D-02  0.137802D-02  0.252732D+01
  268.8606  0.131797D-02  0.135489D-02 -0.228142D+01
  269.2126  0.135213D-02  0.132902D-02  0.144416D+01
  269.5638  0.133505D-02  0.133417D-02  0.530866D-01
  269.9144  0.142909D-02  0.141994D-02  0.565246D+00
  270.2643  0.160134D-02  0.158913D-02  0.730093D+00
  270.6135  0.158426D-02  0.160504D-02 -0.124291D+01
  270.9620  0.150425D-02  0.152136D-02 -0.105790D+01
  271.3099  0.148501D-02  0.146756D-02  0.107788D+01
  271.6571  0.129693D-02  0.129790D-02 -0.606481D-01
  272.0037  0.103675D-02  0.105835D-02 -0.141278D+01
  272.3497  0.102561D-02  0.105223D-02 -0.176299D+01
  272.6951  0.126439D-02  0.125568D-02  0.526337D+00
  273.0399  0.144923D-02  0.146895D-02 -0.117984D+01
  273.3841  0.139690D-02  0.137051D-02  0.154504D+01
  273.7278  0.109609D-02  0.108714D-02  0.553125D+00
  274.0708  0.895787D-03  0.887249D-03  0.533528D+00
  274.4134  0.818830D-03  0.808018D-03  0.699190D+00
  274.7554  0.809840D-03  0.812982D-03 -0.200881D+00
  275.0968  0.894708D-03  0.924172D-03 -0.182073D+01
  275.4378  0.115453D-02  0.109092D-02  0.372362D+01
  275.7782  0.126690D-02  0.127463D-02 -0.443014D+00
  276.1181  0.152277D-02  0.154903D-02 -0.140433D+01
  276.4576  0.166949D-02  0.167069D-02 -0.630255D-01
  276.7965  0.171785D-02  0.171542D-02  0.123113D+00
  277.1350  0.175723D-02  0.173978D-02  0.858805D+00
  277.4730  0.171282D-02  0.172899D-02 -0.810182D+00
  277.8106  0.148195D-02  0.148150D-02  0.230069D-01
   31 270.962 281.163 276.062  4.040D-01  0.000D+00  1.802D-02  0.000D+00  4.570D-03  1.448D+00 10300  1.990D-02
  270.9620  0.150425D-02  0.150070D-02  0.218977D+00
  271.3099  0.148501D-02  0.145860D-02  0.163159D+01
  271.6571  0.129693D-02  0.129305D-02  0.242250D+00
  272.0037  0.103675D-02  0.105664D-02 -0.130123D+01
  272.3497  0.102561D-02  0.106000D-02 -0.227703D+01
  272.6951  0.126439D-02  0.126915D-02 -0.288199D+00
  273.0399  0.144923D-02  0.148332D-02 -0.203909D+01
  273.3841  0.139690D-02  0.137413D-02  0.133286D+01
  273.7278  0.109609D-02  0.108622D-02  0.609597D+00
  274.0708  0.895787D-03  0.886419D-03  0.585359D+00
  274.4134  0.818830D-03  0.807840D-03  0.710715D+00
  274.7554  0.809840D-03  0.812424D-03 -0.165201D+00
  275.0968  0.894708D-03  0.925172D-03 -0.188254D+01
  275.4378  0.115453D-02  0.108878D-02  0.384910D+01
  275.7782  0.126690D-02  0.127237D-02 -0.313595D+00
  276.1181  0.152277D-02  0.154405D-02 -0.113850D+01
  276.4576  0.166949D-02  0.166160D-02  0.413568D+00
  276.7965  0.171785D-02  0.170484D-02  0.658169D+00
  277.1350  0.175723D-02  0.173312D-02  0.118643D+01
  277.4730  0.171282D-02  0.172444D-02 -0.582192D+00
  277.8106  0.148195D-02  0.147701D-02  0.252272D+00
  278.1477  0.127589D-02  0.125028D-02  0.130672D+01
  278.4843  0.117376D-02  0.118993D-02 -0.832565D+00
  278.8206  0.102417D-02  0.106105D-02 -0.195369D+01
  279.1564  0.778014D-03  0.805870D-03 -0.154923D+01
  279.4918  0.577478D-03  0.621297D-03 -0.254119D+01
  279.8268  0.591377D-03  0.564218D-03  0.154130D+01
  280.1613  0.549195D-03  0.582364D-03 -0.192760D+01
  280.4955  0.729467D-03  0.709367D-03  0.114074D+01
  280.8293  0.996297D-03  0.101094D-02 -0.822553D+00
  281.1627  0.142100D-02  0.139057D-02  0.167553D+01
   31 274.413 284.477 279.445  4.308D-01  0.000D+00 -1.756D-02  0.000D+00  5.197D-03  1.725D+00 10000  3.396D-02
  274.4134  0.818830D-03  0.792633D-03  0.169413D+01
  274.7554  0.809840D-03  0.808841D-03  0.638786D-01
  275.0968  0.894708D-03  0.934305D-03 -0.244696D+01
  275.4378  0.115453D-02  0.109305D-02  0.359911D+01
  275.7782  0.126690D-02  0.130236D-02 -0.203267D+01
  276.1181  0.152277D-02  0.155220D-02 -0.157406D+01
  276.4576  0.166949D-02  0.167202D-02 -0.133055D+00
  276.7965  0.171785D-02  0.171620D-02  0.833975D-01
  277.1350  0.175723D-02  0.175079D-02  0.317034D+00
  277.4730  0.171282D-02  0.171195D-02  0.437486D-01
  277.8106  0.148195D-02  0.146434D-02  0.898369D+00
  278.1477  0.127589D-02  0.125961D-02  0.830764D+00
  278.4843  0.117376D-02  0.118762D-02 -0.713286D+00
  278.8206  0.102417D-02  0.103626D-02 -0.640495D+00
  279.1564  0.778014D-03  0.786173D-03 -0.453730D+00
  279.4918  0.577478D-03  0.614007D-03 -0.211845D+01
  279.8268  0.591377D-03  0.559677D-03  0.179905D+01
  280.1613  0.549195D-03  0.582987D-03 -0.196380D+01
  280.4955  0.729467D-03  0.720340D-03  0.517989D+00
  280.8293  0.996297D-03  0.101014D-02 -0.777817D+00
  281.1627  0.142100D-02  0.136155D-02  0.327346D+01
  281.4958  0.179535D-02  0.175029D-02  0.234180D+01
  281.8284  0.212979D-02  0.211914D-02  0.553414D+00
  282.1607  0.237828D-02  0.239179D-02 -0.689523D+00
  282.4926  0.259656D-02  0.256067D-02  0.178199D+01
  282.8242  0.273806D-02  0.274627D-02 -0.396592D+00
  283.1554  0.289467D-02  0.294604D-02 -0.248414D+01
  283.4863  0.285889D-02  0.293830D-02 -0.384033D+01
  283.8169  0.289773D-02  0.289619D-02  0.752177D-01
  284.1471  0.281394D-02  0.279128D-02  0.110559D+01
  284.4770  0.248004D-02  0.243062D-02  0.247632D+01
   31 277.811 287.758 282.784  4.302D-01  0.000D+00 -2.383D-03  0.000D+00  6.022D-03  1.717D+00 10300  1.318D-02
  277.8106  0.148195D-02  0.146245D-02  0.995041D+00
  278.1477  0.127589D-02  0.126026D-02  0.797540D+00
  278.4843  0.117376D-02  0.119292D-02 -0.986395D+00
  278.8206  0.102417D-02  0.105198D-02 -0.147319D+01
  279.1564  0.778014D-03  0.803326D-03 -0.140770D+01
  279.4918  0.577478D-03  0.624997D-03 -0.275580D+01
  279.8268  0.591377D-03  0.566489D-03  0.141243D+01
  280.1613  0.549195D-03  0.586655D-03 -0.217700D+01
  280.4955  0.729467D-03  0.718532D-03  0.620607D+00
  280.8293  0.996297D-03  0.100547D-02 -0.515354D+00
  281.1627  0.142100D-02  0.135797D-02  0.347043D+01
  281.4958  0.179535D-02  0.174688D-02  0.251915D+01
  281.8284  0.212979D-02  0.211910D-02  0.555165D+00
  282.1607  0.237828D-02  0.239523D-02 -0.865241D+00
  282.4926  0.259656D-02  0.256420D-02  0.160681D+01
  282.8242  0.273806D-02  0.274265D-02 -0.221981D+00
  283.1554  0.289467D-02  0.294458D-02 -0.241345D+01
  283.4863  0.285889D-02  0.294183D-02 -0.401086D+01
  283.8169  0.289773D-02  0.289484D-02  0.140837D+00
  284.1471  0.281394D-02  0.279742D-02  0.806166D+00
  284.4770  0.248004D-02  0.244941D-02  0.153511D+01
  284.8065  0.185486D-02  0.182037D-02  0.182712D+01
  285.1357  0.121926D-02  0.119711D-02  0.124423D+01
  285.4646  0.125665D-02  0.125970D-02 -0.167632D+00
  285.7932  0.211342D-02  0.208134D-02  0.157899D+01
  286.1215  0.301532D-02  0.302466D-02 -0.436496D+00
  286.4495  0.359609D-02  0.356803D-02  0.122897D+01
  286.7772  0.374083D-02  0.376536D-02 -0.107398D+01
  287.1045  0.397638D-02  0.404913D-02 -0.313633D+01
  287.4316  0.418657D-02  0.415505D-02  0.131810D+01
  287.7583  0.371386D-02  0.369371D-02  0.889393D+00
   31 281.163 291.010 286.086  4.201D-01  0.000D+00 -1.639D-03  0.000D+00  7.009D-03  1.749D+00 10300  9.041D-03
  281.1627  0.142100D-02  0.139851D-02  0.123799D+01
  281.4958  0.179535D-02  0.178227D-02  0.680043D+00
  281.8284  0.212979D-02  0.214557D-02 -0.820536D+00
  282.1607  0.237828D-02  0.240959D-02 -0.159792D+01
  282.4926  0.259656D-02  0.256437D-02  0.159831D+01
  282.8242  0.273806D-02  0.273160D-02  0.312617D+00
  283.1554  0.289467D-02  0.293361D-02 -0.188323D+01
  283.4863  0.285889D-02  0.292265D-02 -0.308354D+01
  283.8169  0.289773D-02  0.287517D-02  0.110075D+01
  284.1471  0.281394D-02  0.278466D-02  0.142877D+01
  284.4770  0.248004D-02  0.244263D-02  0.187471D+01
  284.8065  0.185486D-02  0.181550D-02  0.208513D+01
  285.1357  0.121926D-02  0.117958D-02  0.222871D+01
  285.4646  0.125665D-02  0.124078D-02  0.874200D+00
  285.7932  0.211342D-02  0.207880D-02  0.170386D+01
  286.1215  0.301532D-02  0.303910D-02 -0.111131D+01
  286.4495  0.359609D-02  0.358684D-02  0.404967D+00
  286.7772  0.374083D-02  0.377662D-02 -0.156691D+01
  287.1045  0.397638D-02  0.406984D-02 -0.402958D+01
  287.4316  0.418657D-02  0.418540D-02  0.487415D-01
  287.7583  0.371386D-02  0.371170D-02  0.953944D-01
  288.0848  0.306675D-02  0.309379D-02 -0.125314D+01
  288.4110  0.349594D-02  0.349234D-02  0.162709D+00
  288.7368  0.464525D-02  0.452502D-02  0.495301D+01
  289.0624  0.503669D-02  0.505412D-02 -0.707809D+00
  289.3878  0.566061D-02  0.561245D-02  0.187311D+01
  289.7128  0.658624D-02  0.662698D-02 -0.141601D+01
  290.0375  0.767945D-02  0.768484D-02 -0.187089D+00
  290.3619  0.828360D-02  0.831913D-02 -0.123506D+01
  290.6861  0.836631D-02  0.836733D-02 -0.353521D-01
  291.0099  0.823145D-02  0.821387D-02  0.611089D+00
   31 284.477 294.233 289.355  3.932D-01  0.000D+00  1.768D-03  0.000D+00  8.393D-03  2.664D+00 10300  9.942D-03
  284.4770  0.248004D-02  0.247667D-02  0.168922D+00
  284.8065  0.185486D-02  0.184315D-02  0.620709D+00
  285.1357  0.121926D-02  0.115432D-02  0.364763D+01
  285.4646  0.125665D-02  0.120464D-02  0.286395D+01
  285.7932  0.211342D-02  0.208408D-02  0.144443D+01
  286.1215  0.301532D-02  0.308358D-02 -0.319009D+01
  286.4495  0.359609D-02  0.362972D-02 -0.147256D+01
  286.7772  0.374083D-02  0.377816D-02 -0.163467D+01
  287.1045  0.397638D-02  0.408111D-02 -0.451545D+01
  287.4316  0.418657D-02  0.421881D-02 -0.134818D+01
  287.7583  0.371386D-02  0.372171D-02 -0.346363D+00
  288.0848  0.306675D-02  0.301680D-02  0.231475D+01
  288.4110  0.349594D-02  0.342024D-02  0.342274D+01
  288.7368  0.464525D-02  0.452848D-02  0.481069D+01
  289.0624  0.503669D-02  0.501378D-02  0.929785D+00
  289.3878  0.566061D-02  0.554245D-02  0.459529D+01
  289.7128  0.658624D-02  0.658706D-02 -0.285128D-01
  290.0375  0.767945D-02  0.769087D-02 -0.396934D+00
  290.3619  0.828360D-02  0.837157D-02 -0.305801D+01
  290.6861  0.836631D-02  0.844777D-02 -0.283156D+01
  291.0099  0.823145D-02  0.830951D-02 -0.271315D+01
  291.3335  0.856230D-02  0.849328D-02  0.225800D+01
  291.6568  0.851734D-02  0.843268D-02  0.294276D+01
  291.9798  0.846520D-02  0.845046D-02  0.482313D+00
  292.3025  0.836811D-02  0.832135D-02  0.162530D+01
  292.6249  0.775138D-02  0.786337D-02 -0.389296D+01
  292.9471  0.830697D-02  0.844248D-02 -0.471034D+01
  293.2689  0.982093D-02  0.974833D-02  0.224306D+01
  293.5905  0.964472D-02  0.953932D-02  0.325660D+01
  293.9117  0.876727D-02  0.880694D-02 -0.129770D+01
  294.2327  0.948649D-02  0.946943D-02  0.558313D+00
   31 287.758 298.377 293.068  3.560D-01  0.000D+00  1.378D-02  0.000D+00  1.082D-02  4.000D+00   300  7.854D-03
  287.7583  0.371386D-02  0.379400D-02 -0.353704D+01
  288.0848  0.306675D-02  0.296909D-02  0.452627D+01
  288.4110  0.349594D-02  0.335383D-02  0.642589D+01
  288.7368  0.464525D-02  0.462582D-02  0.800704D+00
  289.0624  0.503669D-02  0.505985D-02 -0.940182D+00
  289.3878  0.566061D-02  0.553440D-02  0.490860D+01
  289.7128  0.658624D-02  0.661942D-02 -0.115343D+01
  290.0375  0.767945D-02  0.776600D-02 -0.300830D+01
  290.3619  0.828360D-02  0.847011D-02 -0.648311D+01
  290.6861  0.836631D-02  0.853221D-02 -0.576660D+01
  291.0099  0.823145D-02  0.829832D-02 -0.232419D+01
  291.3335  0.856230D-02  0.854123D-02  0.689195D+00
  291.6568  0.851734D-02  0.842158D-02  0.332874D+01
  291.9798  0.846520D-02  0.842946D-02  0.116931D+01
  292.3025  0.836811D-02  0.834339D-02  0.859117D+00
  292.6249  0.775138D-02  0.774016D-02  0.390033D+00
  292.9471  0.830697D-02  0.825130D-02  0.193511D+01
  293.2689  0.982093D-02  0.976837D-02  0.162393D+01
  293.5905  0.964472D-02  0.953232D-02  0.347300D+01
  293.9117  0.876727D-02  0.856279D-02  0.668955D+01
  294.2327  0.948649D-02  0.934733D-02  0.455260D+01
  294.5534  0.100223D-01  0.100466D-01 -0.751434D+00
  294.8737  0.942356D-02  0.950461D-02 -0.265167D+01
  296.1522  0.133918D-01  0.134139D-01 -0.612960D+00
  296.4711  0.122663D-01  0.124241D-01 -0.461957D+01
  296.7896  0.983711D-02  0.101411D-01 -0.939412D+01
  297.1078  0.104448D-01  0.106064D-01 -0.499099D+01
  297.4257  0.130484D-01  0.131596D-01 -0.309235D+01
  297.7432  0.167578D-01  0.165948D-01  0.412155D+01
  298.0605  0.155010D-01  0.153797D-01  0.321124D+01
  298.3773  0.116747D-01  0.114941D-01  0.528819D+01
   31 291.010 301.527 296.268  3.300D-01  0.000D+00  6.622D-03  0.000D+00  1.452D-02  1.014D+01 10000  1.279D-02
  291.0099  0.823145D-02  0.807940D-02  0.528556D+01
  291.3335  0.856230D-02  0.854698D-02  0.500959D+00
  291.6568  0.851734D-02  0.847447D-02  0.149024D+01
  291.9798  0.846520D-02  0.858040D-02 -0.376890D+01
  292.3025  0.836811D-02  0.854622D-02 -0.619118D+01
  292.6249  0.775138D-02  0.783729D-02 -0.298633D+01
  292.9471  0.830697D-02  0.837327D-02 -0.230433D+01
  293.2689  0.982093D-02  0.100456D-01 -0.694252D+01
  293.5905  0.964472D-02  0.962837D-02  0.505069D+00
  293.9117  0.876727D-02  0.847829D-02  0.945401D+01
  294.2327  0.948649D-02  0.935664D-02  0.424827D+01
  294.5534  0.100223D-01  0.100436D-01 -0.657278D+00
  294.8737  0.942356D-02  0.923664D-02  0.611497D+01
  296.1522  0.133918D-01  0.132335D-01  0.440448D+01
  296.4711  0.122663D-01  0.122229D-01  0.126957D+01
  296.7896  0.983711D-02  0.981280D-02  0.751099D+00
  297.1078  0.104448D-01  0.105104D-01 -0.202567D+01
  297.4257  0.130484D-01  0.132106D-01 -0.450866D+01
  297.7432  0.167578D-01  0.171769D-01 -0.105941D+02
  298.0605  0.155010D-01  0.158525D-01 -0.930944D+01
  298.3773  0.116747D-01  0.117015D-01 -0.783807D+00
  298.6939  0.125827D-01  0.123304D-01  0.738471D+01
  299.0101  0.176280D-01  0.171993D-01  0.108383D+02
  299.3260  0.190503D-01  0.183881D-01  0.160117D+02
  299.6414  0.197192D-01  0.190622D-01  0.158864D+02
  299.9566  0.191078D-01  0.194332D-01 -0.786781D+01
  300.2714  0.163550D-01  0.170892D-01 -0.194426D+02
  300.5858  0.208915D-01  0.218441D-01 -0.220751D+02
  300.8998  0.242197D-01  0.247707D-01 -0.431658D+01
  301.2134  0.315395D-01  0.295911D-01  0.150504D+02
  301.5267  0.360922D-01  0.323351D-01  0.282366D+02
   31 294.233 304.636 299.434  3.188D-01  0.000D+00  3.506D-03  0.000D+00  2.376D-02  1.935D+01 10300  2.153D-02
  294.2327  0.948649D-02  0.888437D-02  0.196986D+02
  294.5534  0.100223D-01  0.101642D-01 -0.438423D+01
  294.8737  0.942356D-02  0.961050D-02 -0.611585D+01
  296.1522  0.133918D-01  0.141365D-01 -0.207066D+02
  296.4711  0.122663D-01  0.128226D-01 -0.162835D+02
  296.7896  0.983711D-02  0.100040D-01 -0.515565D+01
  297.1078  0.104448D-01  0.105900D-01 -0.448477D+01
  297.4257  0.130484D-01  0.130667D-01 -0.508861D+00
  297.7432  0.167578D-01  0.168617D-01 -0.262690D+01
  298.0605  0.155010D-01  0.152320D-01  0.712211D+01
  298.3773  0.116747D-01  0.110305D-01  0.188572D+02
  298.6939  0.125827D-01  0.116812D-01  0.263888D+02
  299.0101  0.176280D-01  0.165630D-01  0.269254D+02
  299.3260  0.190503D-01  0.177240D-01  0.320714D+02
  299.6414  0.197192D-01  0.186879D-01  0.249368D+02
  299.9566  0.191078D-01  0.195011D-01 -0.951000D+01
  300.2714  0.163550D-01  0.173325D-01 -0.258879D+02
  300.5858  0.208915D-01  0.232466D-01 -0.545751D+02
  300.8998  0.242197D-01  0.269425D-01 -0.213283D+02
  301.2134  0.315395D-01  0.334959D-01 -0.151120D+02
  301.5267  0.360922D-01  0.379746D-01 -0.141475D+02
  301.8395  0.312644D-01  0.332672D-01 -0.152584D+02
  302.1519  0.297810D-01  0.307312D-01 -0.723926D+01
  302.4640  0.443848D-01  0.454760D-01 -0.798566D+01
  302.7756  0.623383D-01  0.611588D-01  0.819923D+01
  303.0868  0.780352D-01  0.743101D-01  0.258970D+02
  303.3976  0.912688D-01  0.873010D-01  0.275842D+02
  303.7079  0.888954D-01  0.883960D-01  0.347187D+01
  304.0177  0.842385D-01  0.865239D-01 -0.158885D+02
  304.3271  0.999714D-01  0.101295D+00 -0.920489D+01
  304.6361  0.119210D+00  0.117689D+00  0.105740D+02
   31 298.377 307.698 303.038  3.091D-01  0.000D+00  4.014D-03  0.000D+00  7.271D-02  2.989D+01 10000  1.983D-02
  298.3773  0.116747D-01  0.123895D-01 -0.209229D+02
  298.6939  0.125827D-01  0.126029D-01 -0.589566D+00
  299.0101  0.176280D-01  0.174528D-01  0.443054D+01
  299.3260  0.190503D-01  0.180482D-01  0.242307D+02
  299.6414  0.197192D-01  0.185751D-01  0.276635D+02
  299.9566  0.191078D-01  0.191761D-01 -0.165082D+01
  300.2714  0.163550D-01  0.165821D-01 -0.601364D+01
  300.5858  0.208915D-01  0.224739D-01 -0.366687D+02
  300.8998  0.242197D-01  0.257763D-01 -0.121937D+02
  301.2134  0.315395D-01  0.322536D-01 -0.551564D+01
  301.5267  0.360922D-01  0.368142D-01 -0.542630D+01
  301.8395  0.312644D-01  0.322910D-01 -0.782105D+01
  302.1519  0.297810D-01  0.296702D-01  0.844404D+00
  302.4640  0.443848D-01  0.449017D-01 -0.378281D+01
  302.7756  0.623383D-01  0.607962D-01  0.107202D+02
  303.0868  0.780352D-01  0.743675D-01  0.254981D+02
  303.3976  0.912688D-01  0.883843D-01  0.200535D+02
  303.7079  0.888954D-01  0.900022D-01 -0.769460D+01
  304.0177  0.842385D-01  0.884178D-01 -0.290545D+02
  304.3271  0.999714D-01  0.104483D+00 -0.313627D+02
  304.6361  0.119210D+00  0.122753D+00 -0.246267D+02
  304.9445  0.138216D+00  0.130474D+00  0.478394D+02
  305.2525  0.175597D+00  0.164106D+00  0.710123D+02
  305.5600  0.164359D+00  0.159928D+00  0.273844D+02
  305.8670  0.139241D+00  0.136629D+00  0.161383D+02
  306.1735  0.167614D+00  0.173725D+00 -0.339896D+02
  306.4794  0.183005D+00  0.198939D+00 -0.886180D+02
  306.7849  0.194279D+00  0.202571D+00 -0.419226D+02
  307.0898  0.255520D+00  0.254601D+00  0.426084D+01
  307.3941  0.290097D+00  0.283110D+00  0.323807D+02
  307.6978  0.306261D+00  0.301687D+00  0.195671D+02
   28 301.527 309.808 305.667  2.969D-01  0.000D+00 -1.528D-02  0.000D+00  1.715D-01  4.312D+01 10000  2.594D-02
  301.5267  0.360922D-01  0.363935D-01 -0.226458D+01
  301.8395  0.312644D-01  0.310669D-01  0.150517D+01
  302.1519  0.297810D-01  0.292281D-01  0.421295D+01
  302.4640  0.443848D-01  0.454100D-01 -0.750284D+01
  302.7756  0.623383D-01  0.614462D-01  0.620142D+01
  303.0868  0.780352D-01  0.746732D-01  0.233725D+02
  303.3976  0.912688D-01  0.897028D-01  0.108867D+02
  303.7079  0.888954D-01  0.898279D-01 -0.648298D+01
  304.0177  0.842385D-01  0.892810D-01 -0.350555D+02
  304.3271  0.999714D-01  0.106745D+00 -0.470895D+02
  304.6361  0.119210D+00  0.124416D+00 -0.361869D+02
  304.9445  0.138216D+00  0.132166D+00  0.373845D+02
  305.2525  0.175597D+00  0.167323D+00  0.511323D+02
  305.5600  0.164359D+00  0.158544D+00  0.359348D+02
  305.8670  0.139241D+00  0.134254D+00  0.308141D+02
  306.1735  0.167614D+00  0.176474D+00 -0.492740D+02
  306.4794  0.183005D+00  0.195918D+00 -0.718160D+02
  306.7849  0.194279D+00  0.198653D+00 -0.221143D+02
  307.0898  0.255520D+00  0.251287D+00  0.196184D+02
  307.3941  0.290097D+00  0.273373D+00  0.775091D+02
  307.6978  0.306261D+00  0.289492D+00  0.717398D+02
  308.0010  0.318146D+00  0.317023D+00  0.446228D+01
  308.3036  0.315090D+00  0.327509D+00 -0.460486D+02
  308.6057  0.361479D+00  0.377030D+00 -0.540553D+02
  308.9071  0.340550D+00  0.357230D+00 -0.579790D+02
  309.2079  0.295059D+00  0.309096D+00 -0.459214D+02
  309.5081  0.332710D+00  0.325825D+00  0.201556D+02
  309.8076  0.376313D+00  0.339196D+00  0.982988D+02
   18 304.636 309.808 307.222  2.999D-01  0.000D+00 -2.450D-02  0.000D+00  2.544D-01  4.937D+01 10300  3.339D-02
  304.6361  0.119210D+00  0.122566D+00 -0.233258D+02
  304.9445  0.138216D+00  0.134391D+00  0.236374D+02
  305.2525  0.175597D+00  0.170863D+00  0.292525D+02
  305.5600  0.164359D+00  0.161115D+00  0.200472D+02
  305.8670  0.139241D+00  0.137535D+00  0.105396D+02
  306.1735  0.167614D+00  0.180447D+00 -0.713736D+02
  306.4794  0.183005D+00  0.197098D+00 -0.783801D+02
  306.7849  0.194279D+00  0.200337D+00 -0.306280D+02
  307.0898  0.255520D+00  0.251152D+00  0.202447D+02
  307.3941  0.290097D+00  0.270980D+00  0.886016D+02
  307.6978  0.306261D+00  0.286783D+00  0.833310D+02
  308.0010  0.318146D+00  0.312759D+00  0.214026D+02
  308.3036  0.315090D+00  0.324717D+00 -0.356954D+02
  308.6057  0.361479D+00  0.373614D+00 -0.421806D+02
  308.9071  0.340550D+00  0.354416D+00 -0.481972D+02
  309.2079  0.295059D+00  0.309973D+00 -0.487912D+02
  309.5081  0.332710D+00  0.332055D+00  0.191870D+01
  309.8076  0.376313D+00  0.347564D+00  0.761382D+02
   31 310.072 314.822 312.447  2.758D-01  0.000D+00 -1.064D-02  0.000D+00  6.833D-01  3.673D+01   304  2.458D-02
  310.0715  0.347778D+00  0.309428D+00  0.307792D+02
  310.2310  0.360212D+00  0.352549D+00  0.641138D+01
  310.3905  0.474576D+00  0.462750D+00  0.101659D+02
  310.5499  0.593984D+00  0.573871D+00  0.197753D+02
  310.7092  0.663929D+00  0.653344D+00  0.104064D+02
  310.8683  0.712296D+00  0.708684D+00  0.355080D+01
  311.0275  0.726770D+00  0.733787D+00 -0.689893D+01
  311.1865  0.725601D+00  0.746095D+00 -0.201489D+02
  311.3455  0.713824D+00  0.759336D+00 -0.511371D+02
  311.5043  0.721826D+00  0.755789D+00 -0.381617D+02
  311.6631  0.688022D+00  0.724155D+00 -0.405989D+02
  311.8219  0.669413D+00  0.675959D+00 -0.735622D+01
  311.9805  0.642891D+00  0.642721D+00  0.191922D+00
  312.1391  0.657635D+00  0.649560D+00  0.907344D+01
  312.2975  0.732973D+00  0.697235D+00  0.401558D+02
  312.4560  0.784667D+00  0.747700D+00  0.415365D+02
  312.6143  0.818291D+00  0.767975D+00  0.565355D+02
  312.7725  0.823235D+00  0.785643D+00  0.422393D+02
  312.9307  0.865579D+00  0.811945D+00  0.602638D+02
  313.0887  0.870614D+00  0.825695D+00  0.504712D+02
  313.2468  0.846970D+00  0.826204D+00  0.233329D+02
  313.4047  0.811188D+00  0.834622D+00 -0.263301D+02
  313.5625  0.812357D+00  0.877790D+00 -0.735208D+02
  313.7203  0.893089D+00  0.961612D+00 -0.769927D+02
  313.8780  0.993061D+00  0.105208D+01 -0.618930D+02
  314.0356  0.107658D+01  0.109257D+01 -0.157238D+02
  314.1931  0.105950D+01  0.103995D+01  0.192222D+02
  314.3506  0.901181D+00  0.898282D+00  0.325665D+01
  314.5079  0.800580D+00  0.792354D+00  0.924262D+01
  314.6652  0.843104D+00  0.845357D+00 -0.253219D+01
  314.8224  0.104790D+01  0.999332D+00  0.477513D+02
   31 311.663 316.390 314.027  2.610D-01  0.000D+00 -3.360D-02  0.000D+00  8.359D-01  4.152D+01   304  2.244D-02
  311.6631  0.688022D+00  0.723126D+00 -0.394426D+02
  311.8219  0.669413D+00  0.671853D+00 -0.274251D+01
  311.9805  0.642891D+00  0.642197D+00  0.780457D+00
  312.1391  0.657635D+00  0.656563D+00  0.120456D+01
  312.2975  0.732973D+00  0.713817D+00  0.215239D+02
  312.4560  0.784667D+00  0.764236D+00  0.229572D+02
  312.6143  0.818291D+00  0.778844D+00  0.443232D+02
  312.7725  0.823235D+00  0.798889D+00  0.273554D+02
  312.9307  0.865579D+00  0.827642D+00  0.426265D+02
  313.0887  0.870614D+00  0.838166D+00  0.364586D+02
  313.2468  0.846970D+00  0.835741D+00  0.126166D+02
  313.4047  0.811188D+00  0.844461D+00 -0.373858D+02
  313.5625  0.812357D+00  0.892579D+00 -0.901384D+02
  313.7203  0.893089D+00  0.981874D+00 -0.997591D+02
  313.8780  0.993061D+00  0.106986D+01 -0.805375D+02
  314.0356  0.107658D+01  0.109651D+01 -0.195914D+02
  314.1931  0.105950D+01  0.102232D+01  0.365523D+02
  314.3506  0.901181D+00  0.857375D+00  0.492209D+02
  314.5079  0.800580D+00  0.756379D+00  0.496646D+02
  314.6652  0.843104D+00  0.831685D+00  0.128304D+02
  314.8224  0.104790D+01  0.984243D+00  0.625863D+02
  314.9796  0.114230D+01  0.109872D+01  0.428402D+02
  315.1367  0.118905D+01  0.114458D+01  0.437220D+02
  315.2936  0.115381D+01  0.115189D+01  0.188291D+01
  315.4505  0.109897D+01  0.112474D+01 -0.253433D+02
  315.6074  0.992701D+00  0.102974D+01 -0.364109D+02
  315.7641  0.846700D+00  0.880001D+00 -0.349234D+02
  315.9208  0.759315D+00  0.776549D+00 -0.193640D+02
  316.0774  0.776216D+00  0.795893D+00 -0.206345D+02
  316.2339  0.925904D+00  0.913676D+00  0.120218D+02
  316.3904  0.106687D+01  0.104840D+01  0.181591D+02
   31 313.247 317.951 315.599  2.749D-01  0.000D+00 -3.633D-02  0.000D+00  9.887D-01  3.751D+01 10300  1.920D-02
  313.2468  0.846970D+00  0.782256D+00  0.727133D+02
  313.4047  0.811188D+00  0.804536D+00  0.747495D+01
  313.5625  0.812357D+00  0.861545D+00 -0.552678D+02
  313.7203  0.893089D+00  0.954914D+00 -0.694668D+02
  313.8780  0.993061D+00  0.104504D+01 -0.545129D+02
  314.0356  0.107658D+01  0.107542D+01  0.113693D+01
  314.1931  0.105950D+01  0.100749D+01  0.511346D+02
  314.3506  0.901181D+00  0.860518D+00  0.456891D+02
  314.5079  0.800580D+00  0.774210D+00  0.296300D+02
  314.6652  0.843104D+00  0.846769D+00 -0.411815D+01
  314.8224  0.104790D+01  0.994730D+00  0.522761D+02
  314.9796  0.114230D+01  0.110925D+01  0.324939D+02
  315.1367  0.118905D+01  0.115968D+01  0.288701D+02
  315.2936  0.115381D+01  0.116730D+01 -0.132625D+02
  315.4505  0.109897D+01  0.113591D+01 -0.363214D+02
  315.6074  0.992701D+00  0.103838D+01 -0.449091D+02
  315.7641  0.846700D+00  0.893653D+00 -0.492404D+02
  315.9208  0.759315D+00  0.795361D+00 -0.405020D+02
  316.0774  0.776216D+00  0.812803D+00 -0.383687D+02
  316.2339  0.925904D+00  0.924467D+00  0.141302D+01
  316.3904  0.106687D+01  0.105126D+01  0.153501D+02
  316.5468  0.118464D+01  0.113609D+01  0.477349D+02
  316.7030  0.125018D+01  0.119609D+01  0.531837D+02
  316.8593  0.129190D+01  0.127294D+01  0.186355D+02
  317.0154  0.139474D+01  0.139536D+01 -0.605889D+00
  317.1714  0.150910D+01  0.152840D+01 -0.189735D+02
  317.3275  0.159109D+01  0.158498D+01  0.600884D+01
  317.4833  0.154326D+01  0.157118D+01 -0.274454D+02
  317.6392  0.149903D+01  0.152008D+01 -0.206977D+02
  317.7950  0.137883D+01  0.137895D+01 -0.114529D+00
  317.9507  0.119939D+01  0.116904D+01  0.298340D+02
   31 314.822 319.503 317.163  2.440D-01  0.000D+00 -4.149D-02  0.000D+00  1.083D+00  4.667D+01   300  2.029D-02
  314.8224  0.104790D+01  0.104205D+01  0.575028D+01
  314.9796  0.114230D+01  0.114551D+01 -0.315694D+01
  315.1367  0.118905D+01  0.117181D+01  0.169522D+02
  315.2936  0.115381D+01  0.116699D+01 -0.129608D+02
  315.4505  0.109897D+01  0.113118D+01 -0.316755D+02
  315.6074  0.992701D+00  0.102477D+01 -0.315328D+02
  315.7641  0.846700D+00  0.859040D+00 -0.129409D+02
  315.9208  0.759315D+00  0.751964D+00  0.825910D+01
  316.0774  0.776216D+00  0.777807D+00 -0.166780D+01
  316.2339  0.925904D+00  0.902472D+00  0.230369D+02
  316.3904  0.106687D+01  0.103901D+01  0.273879D+02
  316.5468  0.118464D+01  0.111673D+01  0.667666D+02
  316.7030  0.125018D+01  0.117395D+01  0.749476D+02
  316.8593  0.129190D+01  0.124890D+01  0.422742D+02
  317.0154  0.139474D+01  0.138662D+01  0.798958D+01
  317.1714  0.150910D+01  0.154652D+01 -0.367922D+02
  317.3275  0.159109D+01  0.160683D+01 -0.154727D+02
  317.4833  0.154326D+01  0.159483D+01 -0.506940D+02
  317.6392  0.149903D+01  0.157154D+01 -0.712871D+02
  317.7950  0.137883D+01  0.143493D+01 -0.551515D+02
  317.9507  0.119939D+01  0.119497D+01  0.434176D+01
  318.1063  0.104395D+01  0.105823D+01 -0.140446D+02
  318.2618  0.107667D+01  0.108554D+01 -0.871724D+01
  318.4172  0.120748D+01  0.120344D+01  0.396912D+01
  318.5726  0.136643D+01  0.134683D+01  0.192678D+02
  318.7280  0.150182D+01  0.149063D+01  0.109960D+02
  318.8832  0.168009D+01  0.162287D+01  0.500076D+02
  319.0384  0.170221D+01  0.160661D+01  0.835455D+02
  319.1935  0.150784D+01  0.140523D+01  0.100887D+03
  319.3484  0.127526D+01  0.129679D+01 -0.211601D+02
  319.5034  0.125611D+01  0.139401D+01 -0.135574D+03
   31 316.390 321.049 318.720  2.449D-01  0.000D+00  5.282D-03  0.000D+00  1.197D+00  6.933D+01 10300  3.121D-02
  316.3904  0.106687D+01  0.105360D+01  0.130469D+02
  316.5468  0.118464D+01  0.114669D+01  0.373090D+02
  316.7030  0.125018D+01  0.120019D+01  0.491531D+02
  316.8593  0.129190D+01  0.126152D+01  0.298611D+02
  317.0154  0.139474D+01  0.137276D+01  0.216137D+02
  317.1714  0.150910D+01  0.153572D+01 -0.261707D+02
  317.3275  0.159109D+01  0.162483D+01 -0.331694D+02
  317.4833  0.154326D+01  0.161416D+01 -0.697005D+02
  317.6392  0.149903D+01  0.158838D+01 -0.878421D+02
  317.7950  0.137883D+01  0.148897D+01 -0.108279D+03
  317.9507  0.119939D+01  0.125596D+01 -0.556186D+02
  318.1063  0.104395D+01  0.106737D+01 -0.230269D+02
  318.2618  0.107667D+01  0.104566D+01  0.304839D+02
  318.4172  0.120748D+01  0.113765D+01  0.686507D+02
  318.5726  0.136643D+01  0.126887D+01  0.959138D+02
  318.7280  0.150182D+01  0.140152D+01  0.986081D+02
  318.8832  0.168009D+01  0.153341D+01  0.128187D+03
  319.0384  0.170221D+01  0.157151D+01  0.114225D+03
  319.1935  0.150784D+01  0.140801D+01  0.981464D+02
  319.3484  0.127526D+01  0.124510D+01  0.296588D+02
  319.5034  0.125611D+01  0.128574D+01 -0.291291D+02
  319.6583  0.138243D+01  0.142257D+01 -0.394667D+02
  319.8130  0.153517D+01  0.157768D+01 -0.393356D+02
  319.9678  0.158210D+01  0.169962D+01 -0.102703D+03
  320.1224  0.162633D+01  0.173704D+01 -0.967531D+02
  320.2770  0.166526D+01  0.179120D+01 -0.110061D+03
  320.4315  0.183886D+01  0.189239D+01 -0.467820D+02
  320.5859  0.195897D+01  0.196668D+01 -0.674104D+01
  320.7403  0.198064D+01  0.194652D+01  0.298192D+02
  320.8946  0.186610D+01  0.179723D+01  0.601859D+02
  321.0488  0.166391D+01  0.157032D+01  0.817885D+02
   31 317.951 322.587 320.269  2.392D-01  0.000D+00  2.795D-03  0.000D+00  1.309D+00  7.170D+01 10300  3.222D-02
  317.9507  0.119939D+01  0.131272D+01 -0.111423D+03
  318.1063  0.104395D+01  0.110403D+01 -0.590719D+02
  318.2618  0.107667D+01  0.107857D+01 -0.186811D+01
  318.4172  0.120748D+01  0.116991D+01  0.369348D+02
  318.5726  0.136643D+01  0.129941D+01  0.658859D+02
  318.7280  0.150182D+01  0.142842D+01  0.721616D+02
  318.8832  0.168009D+01  0.156045D+01  0.104558D+03
  319.0384  0.170221D+01  0.159718D+01  0.917864D+02
  319.1935  0.150784D+01  0.141933D+01  0.870217D+02
  319.3484  0.127526D+01  0.124905D+01  0.257728D+02
  319.5034  0.125611D+01  0.129710D+01 -0.402909D+02
  319.6583  0.138243D+01  0.143724D+01 -0.538852D+02
  319.8130  0.153517D+01  0.159495D+01 -0.553185D+02
  319.9678  0.158210D+01  0.171895D+01 -0.119596D+03
  320.1224  0.162633D+01  0.175217D+01 -0.109975D+03
  320.2770  0.166526D+01  0.180720D+01 -0.124047D+03
  320.4315  0.183886D+01  0.191202D+01 -0.639369D+02
  320.5859  0.195897D+01  0.198732D+01 -0.247705D+02
  320.7403  0.198064D+01  0.196446D+01  0.141402D+02
  320.8946  0.186610D+01  0.180896D+01  0.499357D+02
  321.0488  0.166391D+01  0.157369D+01  0.788491D+02
  321.2029  0.149517D+01  0.139244D+01  0.897729D+02
  321.3570  0.141830D+01  0.132631D+01  0.803948D+02
  321.5110  0.149472D+01  0.138202D+01  0.984853D+02
  321.6649  0.160143D+01  0.152234D+01  0.691168D+02
  321.8187  0.176361D+01  0.169064D+01  0.637694D+02
  321.9725  0.180722D+01  0.183044D+01 -0.202996D+02
  322.1262  0.174491D+01  0.182723D+01 -0.719388D+02
  322.2798  0.163766D+01  0.169669D+01 -0.515846D+02
  322.4333  0.157392D+01  0.160289D+01 -0.253202D+02
  322.5869  0.151207D+01  0.151100D+01  0.929526D+00
   31 319.503 324.118 321.811  3.051D-01  0.000D+00 -1.152D-02  0.000D+00  1.359D+00  5.758D+01   302  3.572D-02
  319.5034  0.125611D+01  0.119042D+01  0.645928D+02
  319.6583  0.138243D+01  0.133935D+01  0.423541D+02
  319.8130  0.153517D+01  0.150435D+01  0.285208D+02
  319.9678  0.158210D+01  0.163786D+01 -0.487313D+02
  320.1224  0.162633D+01  0.172712D+01 -0.880808D+02
  320.2770  0.166526D+01  0.181305D+01 -0.129154D+03
  320.4315  0.183886D+01  0.190683D+01 -0.593988D+02
  320.5859  0.195897D+01  0.196146D+01 -0.217096D+01
  320.7403  0.198064D+01  0.192373D+01  0.497316D+02
  320.8946  0.186610D+01  0.178025D+01  0.750286D+02
  321.0488  0.166391D+01  0.158782D+01  0.665021D+02
  321.2029  0.149517D+01  0.143344D+01  0.539455D+02
  321.3570  0.141830D+01  0.137880D+01  0.345211D+02
  321.5110  0.149472D+01  0.142831D+01  0.580306D+02
  321.6649  0.160143D+01  0.155319D+01  0.421532D+02
  321.8187  0.176361D+01  0.169882D+01  0.566206D+02
  321.9725  0.180722D+01  0.179994D+01  0.635995D+01
  322.1262  0.174491D+01  0.179934D+01 -0.475612D+02
  322.2798  0.163766D+01  0.172422D+01 -0.756444D+02
  322.4333  0.157392D+01  0.163635D+01 -0.545567D+02
  322.5869  0.151207D+01  0.154308D+01 -0.271018D+02
  322.7402  0.137595D+01  0.144191D+01 -0.576354D+02
  322.8936  0.128102D+01  0.138295D+01 -0.890773D+02
  323.0469  0.137748D+01  0.142034D+01 -0.374524D+02
  323.2001  0.157230D+01  0.151614D+01  0.490801D+02
  323.3531  0.167821D+01  0.158278D+01  0.833959D+02
  323.5062  0.166400D+01  0.159821D+01  0.574940D+02
  323.6592  0.166166D+01  0.163895D+01  0.198482D+02
  323.8121  0.177575D+01  0.174659D+01  0.229379D+02
  323.9650  0.190449D+01  0.189895D+01  0.435827D+01
  324.1177  0.199385D+01  0.205968D+01 -0.517736D+02
   31 321.049 325.642 323.345  2.326D-01  0.000D+00 -6.623D-02  0.000D+00  1.421D+00  4.154D+01   300  2.232D-02
  321.0488  0.166391D+01  0.165540D+01  0.743770D+01
  321.2029  0.149517D+01  0.145525D+01  0.348825D+02
  321.3570  0.141830D+01  0.140147D+01  0.147056D+02
  321.5110  0.149472D+01  0.147709D+01  0.154028D+02
  321.6649  0.160143D+01  0.161527D+01 -0.120928D+02
  321.8187  0.176361D+01  0.176864D+01 -0.438856D+01
  321.9725  0.180722D+01  0.185438D+01 -0.412143D+02
  322.1262  0.174491D+01  0.177425D+01 -0.256399D+02
  322.2798  0.163766D+01  0.165465D+01 -0.148478D+02
  322.4333  0.157392D+01  0.160126D+01 -0.238945D+02
  322.5869  0.151207D+01  0.150037D+01  0.102219D+02
  322.7402  0.137595D+01  0.137321D+01  0.239465D+01
  322.8936  0.128102D+01  0.132602D+01 -0.393292D+02
  323.0469  0.137748D+01  0.143416D+01 -0.495284D+02
  323.2001  0.157230D+01  0.159268D+01 -0.178123D+02
  323.3531  0.167821D+01  0.160304D+01  0.656888D+02
  323.5062  0.166400D+01  0.155405D+01  0.960898D+02
  323.6592  0.166166D+01  0.160616D+01  0.485077D+02
  323.8121  0.177575D+01  0.172707D+01  0.382845D+02
  323.9650  0.190449D+01  0.185872D+01  0.360033D+02
  324.1177  0.199385D+01  0.197344D+01  0.160533D+02
  324.2704  0.202568D+01  0.200928D+01  0.128944D+02
  324.4231  0.202559D+01  0.203907D+01 -0.106015D+02
  324.5756  0.205040D+01  0.207078D+01 -0.160279D+02
  324.7281  0.195025D+01  0.197325D+01 -0.180923D+02
  324.8806  0.180371D+01  0.185827D+01 -0.429100D+02
  325.0329  0.172019D+01  0.185464D+01 -0.105745D+03
  325.1852  0.183580D+01  0.190420D+01 -0.537961D+02
  325.3374  0.194638D+01  0.197799D+01 -0.248601D+02
  325.4895  0.214003D+01  0.210832D+01  0.249471D+02
  325.6416  0.231139D+01  0.219897D+01  0.842112D+02
   31 322.587 327.158 324.873  2.159D-01  0.000D+00 -1.081D-02  0.000D+00  1.487D+00  5.236D+01   300  2.387D-02
  322.5869  0.151207D+01  0.151886D+01 -0.593651D+01
  322.7402  0.137595D+01  0.140826D+01 -0.282284D+02
  322.8936  0.128102D+01  0.133233D+01 -0.448395D+02
  323.0469  0.137748D+01  0.139383D+01 -0.142891D+02
  323.2001  0.157230D+01  0.159644D+01 -0.210934D+02
  323.3531  0.167821D+01  0.167219D+01  0.526096D+01
  323.5062  0.166400D+01  0.159391D+01  0.612551D+02
  323.6592  0.166166D+01  0.159544D+01  0.578741D+02
  323.8121  0.177575D+01  0.170237D+01  0.577161D+02
  323.9650  0.190449D+01  0.182274D+01  0.642991D+02
  324.1177  0.199385D+01  0.194844D+01  0.357160D+02
  324.2704  0.202568D+01  0.200070D+01  0.196437D+02
  324.4231  0.202559D+01  0.200107D+01  0.192850D+02
  324.5756  0.205040D+01  0.205860D+01 -0.645101D+01
  324.7281  0.195025D+01  0.201558D+01 -0.513842D+02
  324.8806  0.180371D+01  0.186892D+01 -0.512881D+02
  325.0329  0.172019D+01  0.184612D+01 -0.990436D+02
  325.1852  0.183580D+01  0.191600D+01 -0.630788D+02
  325.3374  0.194638D+01  0.201188D+01 -0.515131D+02
  325.4895  0.214003D+01  0.218139D+01 -0.325273D+02
  325.6416  0.231139D+01  0.240779D+01 -0.722125D+02
  325.7936  0.250639D+01  0.252058D+01 -0.101454D+02
  325.9455  0.262074D+01  0.259783D+01  0.163823D+02
  326.0974  0.269734D+01  0.263084D+01  0.475509D+02
  326.2491  0.270165D+01  0.258179D+01  0.857038D+02
  326.4009  0.258595D+01  0.249074D+01  0.680767D+02
  326.5525  0.257336D+01  0.243727D+01  0.973129D+02
  326.7041  0.265050D+01  0.259954D+01  0.364384D+02
  326.8556  0.278176D+01  0.277389D+01  0.562422D+01
  327.0071  0.270768D+01  0.276848D+01 -0.434739D+02
  327.1584  0.254846D+01  0.268494D+01 -0.975839D+02
   31 324.118 328.668 326.393  2.121D-01  0.000D+00  3.408D-02  0.000D+00  1.541D+00  5.506D+01   300  2.966D-02
  324.1177  0.199385D+01  0.192594D+01  0.534176D+02
  324.2704  0.202568D+01  0.199503D+01  0.241080D+02
  324.4231  0.202559D+01  0.197775D+01  0.376237D+02
  324.5756  0.205040D+01  0.202051D+01  0.235115D+02
  324.7281  0.195025D+01  0.202831D+01 -0.613951D+02
  324.8806  0.180371D+01  0.188416D+01 -0.632798D+02
  325.0329  0.172019D+01  0.182240D+01 -0.803886D+02
  325.1852  0.183580D+01  0.188443D+01 -0.382454D+02
  325.3374  0.194638D+01  0.198105D+01 -0.272674D+02
  325.4895  0.214003D+01  0.212858D+01  0.901083D+01
  325.6416  0.231139D+01  0.237311D+01 -0.462321D+02
  325.7936  0.250639D+01  0.253332D+01 -0.192588D+02
  325.9455  0.262074D+01  0.261393D+01  0.486811D+01
  326.0974  0.269734D+01  0.267657D+01  0.148476D+02
  326.2491  0.270165D+01  0.263877D+01  0.449633D+02
  326.4009  0.258595D+01  0.254949D+01  0.260710D+02
  326.5525  0.257336D+01  0.243905D+01  0.960344D+02
  326.7041  0.265050D+01  0.251550D+01  0.965291D+02
  326.8556  0.278176D+01  0.268952D+01  0.659528D+02
  327.0071  0.270768D+01  0.269027D+01  0.124460D+02
  327.1584  0.254846D+01  0.255016D+01 -0.121798D+01
  327.3098  0.250054D+01  0.249794D+01  0.185933D+01
  327.4610  0.257831D+01  0.259341D+01 -0.107969D+02
  327.6122  0.257273D+01  0.263037D+01 -0.412080D+02
  327.7632  0.247411D+01  0.254990D+01 -0.541933D+02
  327.9143  0.232335D+01  0.246652D+01 -0.102373D+03
  328.0652  0.230006D+01  0.242459D+01 -0.890438D+02
  328.2162  0.231022D+01  0.240804D+01 -0.699474D+02
  328.3670  0.240246D+01  0.237368D+01  0.205768D+02
  328.5178  0.238897D+01  0.232588D+01  0.451152D+02
  328.6685  0.230626D+01  0.214655D+01  0.114201D+03
   31 325.642 330.172 327.907  2.769D-01  0.000D+00 -5.642D-02  0.000D+00  1.559D+00  5.371D+01   300  3.642D-02
  325.6416  0.231139D+01  0.240660D+01 -0.713235D+02
  325.7936  0.250639D+01  0.255302D+01 -0.333478D+02
  325.9455  0.262074D+01  0.263835D+01 -0.125908D+02
  326.0974  0.269734D+01  0.265518D+01  0.301417D+02
  326.2491  0.270165D+01  0.260241D+01  0.709640D+02
  326.4009  0.258595D+01  0.253241D+01  0.382810D+02
  326.5525  0.257336D+01  0.253612D+01  0.266282D+02
  326.7041  0.265050D+01  0.262631D+01  0.172934D+02
  326.8556  0.278176D+01  0.267629D+01  0.754097D+02
  327.0071  0.270768D+01  0.261951D+01  0.630388D+02
  327.1584  0.254846D+01  0.255323D+01 -0.341249D+01
  327.3098  0.250054D+01  0.256444D+01 -0.456863D+02
  327.4610  0.257831D+01  0.259971D+01 -0.153001D+02
  327.6122  0.257273D+01  0.257874D+01 -0.429263D+01
  327.7632  0.247411D+01  0.251869D+01 -0.318755D+02
  327.9143  0.232335D+01  0.247336D+01 -0.107267D+03
  328.0652  0.230006D+01  0.245836D+01 -0.113186D+03
  328.2162  0.231022D+01  0.244989D+01 -0.998650D+02
  328.3670  0.240246D+01  0.242394D+01 -0.153571D+02
  328.5178  0.238897D+01  0.234396D+01  0.321873D+02
  328.6685  0.230626D+01  0.226136D+01  0.321055D+02
  328.8191  0.231732D+01  0.232803D+01 -0.765378D+01
  328.9697  0.257022D+01  0.255219D+01  0.128894D+02
  329.1201  0.285377D+01  0.276420D+01  0.587051D+02
  329.2706  0.302458D+01  0.289603D+01  0.842573D+02
  329.4209  0.307592D+01  0.298115D+01  0.621112D+02
  329.5712  0.312824D+01  0.303639D+01  0.602051D+02
  329.7214  0.311952D+01  0.309361D+01  0.169814D+02
  329.8716  0.314424D+01  0.319071D+01 -0.304552D+02
  330.0217  0.324376D+01  0.328499D+01 -0.270211D+02
  330.1717  0.314748D+01  0.325337D+01 -0.694067D+02
   31 327.158 331.668 329.413  2.516D-01  0.000D+00 -4.202D-02  0.000D+00  1.606D+00  4.351D+01 10300  2.210D-02
  327.1584  0.254846D+01  0.248875D+01  0.426967D+02
  327.3098  0.250054D+01  0.249309D+01  0.533012D+01
  327.4610  0.257831D+01  0.254460D+01  0.241041D+02
  327.6122  0.257273D+01  0.252894D+01  0.313174D+02
  327.7632  0.247411D+01  0.246750D+01  0.472394D+01
  327.9143  0.232335D+01  0.242722D+01 -0.742736D+02
  328.0652  0.230006D+01  0.242564D+01 -0.897949D+02
  328.2162  0.231022D+01  0.243570D+01 -0.897195D+02
  328.3670  0.240246D+01  0.243422D+01 -0.227068D+02
  328.5178  0.238897D+01  0.237063D+01  0.131181D+02
  328.6685  0.230626D+01  0.226071D+01  0.325692D+02
  328.8191  0.231732D+01  0.231148D+01  0.417360D+01
  328.9697  0.257022D+01  0.257279D+01 -0.184219D+01
  329.1201  0.285377D+01  0.281052D+01  0.283446D+02
  329.2706  0.302458D+01  0.293879D+01  0.562321D+02
  329.4209  0.307592D+01  0.301900D+01  0.373076D+02
  329.5712  0.312824D+01  0.305332D+01  0.491036D+02
  329.7214  0.311952D+01  0.307506D+01  0.291429D+02
  329.8716  0.314424D+01  0.313320D+01  0.723570D+01
  330.0217  0.324376D+01  0.320692D+01  0.241500D+02
  330.1717  0.314748D+01  0.313436D+01  0.860061D+01
  330.3217  0.294691D+01  0.290974D+01  0.243625D+02
  330.4716  0.263486D+01  0.268595D+01 -0.334916D+02
  330.6213  0.246063D+01  0.251361D+01 -0.378848D+02
  330.7711  0.243977D+01  0.251959D+01 -0.570748D+02
  330.9208  0.254648D+01  0.267679D+01 -0.854114D+02
  331.0704  0.269141D+01  0.275883D+01 -0.441924D+02
  331.2200  0.265859D+01  0.269025D+01 -0.207525D+02
  331.3695  0.255197D+01  0.254272D+01  0.606060D+01
  331.5189  0.251043D+01  0.245995D+01  0.330854D+02
  331.6683  0.261301D+01  0.250193D+01  0.728081D+02
   31 328.668 333.158 330.913  2.306D-01  0.000D+00 -6.241D-03  0.000D+00  1.591D+00  3.394D+01 10300  1.330D-02
  328.6685  0.230626D+01  0.236748D+01 -0.437680D+02
  328.8191  0.231732D+01  0.233059D+01 -0.948810D+01
  328.9697  0.257022D+01  0.258610D+01 -0.113560D+02
  329.1201  0.285377D+01  0.286253D+01 -0.574325D+01
  329.2706  0.302458D+01  0.298197D+01  0.279273D+02
  329.4209  0.307592D+01  0.305540D+01  0.134470D+02
  329.5712  0.312824D+01  0.307919D+01  0.321515D+02
  329.7214  0.311952D+01  0.307263D+01  0.307314D+02
  329.8716  0.314424D+01  0.309889D+01  0.297259D+02
  330.0217  0.324376D+01  0.318395D+01  0.392040D+02
  330.1717  0.314748D+01  0.316177D+01 -0.936749D+01
  330.3217  0.294691D+01  0.292318D+01  0.155495D+02
  330.4716  0.263486D+01  0.269234D+01 -0.376773D+02
  330.6213  0.246063D+01  0.248913D+01 -0.203817D+02
  330.7711  0.243977D+01  0.243773D+01  0.145689D+01
  330.9208  0.254648D+01  0.261995D+01 -0.481548D+02
  331.0704  0.269141D+01  0.276763D+01 -0.499586D+02
  331.2200  0.265859D+01  0.275214D+01 -0.613159D+02
  331.3695  0.255197D+01  0.262714D+01 -0.492703D+02
  331.5189  0.251043D+01  0.253811D+01 -0.181429D+02
  331.6683  0.261301D+01  0.261997D+01 -0.455960D+01
  331.8176  0.279174D+01  0.277052D+01  0.139042D+02
  331.9668  0.286438D+01  0.280798D+01  0.369626D+02
  332.1159  0.278616D+01  0.270830D+01  0.510327D+02
  332.2650  0.259143D+01  0.253324D+01  0.381433D+02
  332.4141  0.256815D+01  0.248046D+01  0.574767D+02
  332.5630  0.270363D+01  0.267173D+01  0.209083D+02
  332.7119  0.283804D+01  0.280493D+01  0.217017D+02
  332.8608  0.273150D+01  0.272438D+01  0.467047D+01
  333.0095  0.262416D+01  0.265797D+01 -0.221607D+02
  333.1582  0.266704D+01  0.276744D+01 -0.658074D+02
   31 330.172 334.642 332.407  2.303D-01  0.000D+00  6.171D-03  0.000D+00  1.612D+00  3.174D+01 10300  1.174D-02
  330.1717  0.314748D+01  0.311718D+01  0.198610D+02
  330.3217  0.294691D+01  0.289329D+01  0.351407D+02
  330.4716  0.263486D+01  0.266538D+01 -0.200071D+02
  330.6213  0.246063D+01  0.246742D+01 -0.486052D+01
  330.7711  0.243977D+01  0.240048D+01  0.280947D+02
  330.9208  0.254648D+01  0.257713D+01 -0.200859D+02
  331.0704  0.269141D+01  0.274364D+01 -0.342385D+02
  331.2200  0.265859D+01  0.274858D+01 -0.589815D+02
  331.3695  0.255197D+01  0.263569D+01 -0.548736D+02
  331.5189  0.251043D+01  0.254389D+01 -0.219310D+02
  331.6683  0.261301D+01  0.261769D+01 -0.306864D+01
  331.8176  0.279174D+01  0.277553D+01  0.106233D+02
  331.9668  0.286438D+01  0.282797D+01  0.238649D+02
  332.1159  0.278616D+01  0.273771D+01  0.317545D+02
  332.2650  0.259143D+01  0.255988D+01  0.206814D+02
  332.4141  0.256815D+01  0.248029D+01  0.575880D+02
  332.5630  0.270363D+01  0.265027D+01  0.349723D+02
  332.7119  0.283804D+01  0.278722D+01  0.333078D+02
  332.8608  0.273150D+01  0.270068D+01  0.201990D+02
  333.0095  0.262416D+01  0.260260D+01  0.141273D+02
  333.1582  0.266704D+01  0.267078D+01 -0.245212D+01
  333.3069  0.277528D+01  0.276914D+01  0.402700D+01
  333.4554  0.264573D+01  0.268709D+01 -0.271068D+02
  333.6039  0.238996D+01  0.244520D+01 -0.362025D+02
  333.7524  0.228451D+01  0.233438D+01 -0.326914D+02
  333.9008  0.239437D+01  0.248149D+01 -0.571032D+02
  334.0491  0.257237D+01  0.262177D+01 -0.323779D+02
  334.1973  0.260654D+01  0.264487D+01 -0.251221D+02
  334.3455  0.271388D+01  0.269920D+01  0.962031D+01
  334.4937  0.285413D+01  0.283140D+01  0.148955D+02
  334.6417  0.296866D+01  0.287719D+01  0.553444D+02
   23 331.668 334.938 333.303  2.296D-01  0.000D+00 -1.862D-03  0.000D+00  1.617D+00  1.123D+01 10300  4.763D-03
  331.6683  0.261301D+01  0.260569D+01  0.479807D+01
  331.8176  0.279174D+01  0.279856D+01 -0.447454D+01
  331.9668  0.286438D+01  0.286896D+01 -0.300679D+01
  332.1159  0.278616D+01  0.278541D+01  0.493078D+00
  332.2650  0.259143D+01  0.260826D+01 -0.110282D+02
  332.4141  0.256815D+01  0.253922D+01  0.189581D+02
  332.5630  0.270363D+01  0.271714D+01 -0.885404D+01
  332.7119  0.283804D+01  0.283510D+01  0.192475D+01
  332.8608  0.273150D+01  0.272428D+01  0.473117D+01
  333.0095  0.262416D+01  0.261594D+01  0.538907D+01
  333.1582  0.266704D+01  0.267695D+01 -0.649470D+01
  333.3069  0.277528D+01  0.275384D+01  0.140533D+02
  333.4554  0.264573D+01  0.264582D+01 -0.568648D-01
  333.6039  0.238996D+01  0.239351D+01 -0.232330D+01
  333.7524  0.228451D+01  0.229213D+01 -0.499721D+01
  333.9008  0.239437D+01  0.244280D+01 -0.317440D+02
  334.0491  0.257237D+01  0.257715D+01 -0.312762D+01
  334.1973  0.260654D+01  0.260745D+01 -0.600996D+00
  334.3455  0.271388D+01  0.268650D+01  0.179450D+02
  334.4937  0.285413D+01  0.285091D+01  0.211096D+01
  334.6417  0.296866D+01  0.293395D+01  0.210043D+02
  334.7897  0.281700D+01  0.282667D+01 -0.633995D+01
  334.9376  0.257759D+01  0.259561D+01 -0.118103D+02
