 rad_fit_vary
           0
 T T
nwave fwave lwave wave    hwe     asym  shift    squeeze      sin      rms   exval 
   31 263.983 274.624 269.303  5.734D-01  0.000D+00 -4.920D-03  0.000D+00  5.306D-03  3.253D+00 10300  3.862D-02
  263.9830  0.241300D-02  0.256029D-02 -0.602754D+01
  264.3531  0.269430D-02  0.260204D-02  0.342868D+01
  264.7219  0.232788D-02  0.232469D-02  0.134875D+00
  265.0894  0.234888D-02  0.215185D-02  0.891424D+01
  265.4557  0.229136D-02  0.220628D-02  0.421543D+01
  265.8207  0.211055D-02  0.220312D-02 -0.499461D+01
  266.1845  0.199275D-02  0.205186D-02 -0.331169D+01
  266.5472  0.190187D-02  0.190999D-02 -0.473246D+00
  266.9087  0.186974D-02  0.186758D-02  0.129281D+00
  267.2690  0.187523D-02  0.189118D-02 -0.959721D+00
  267.6283  0.188265D-02  0.188830D-02 -0.354821D+00
  267.9865  0.176499D-02  0.183107D-02 -0.422231D+01
  268.3437  0.185766D-02  0.179962D-02  0.358265D+01
  268.6999  0.179245D-02  0.178487D-02  0.480073D+00
  269.0551  0.174151D-02  0.176297D-02 -0.137103D+01
  269.4093  0.176623D-02  0.177486D-02 -0.533129D+00
  269.7626  0.185546D-02  0.186247D-02 -0.429053D+00
  270.1150  0.205961D-02  0.202033D-02  0.234549D+01
  270.4665  0.216505D-02  0.211818D-02  0.275321D+01
  270.8171  0.209050D-02  0.209482D-02 -0.253799D+00
  271.1669  0.208007D-02  0.200667D-02  0.427699D+01
  271.5159  0.189308D-02  0.183790D-02  0.332205D+01
  271.8641  0.155961D-02  0.161405D-02 -0.344853D+01
  272.2115  0.145403D-02  0.152883D-02 -0.477892D+01
  272.5582  0.162468D-02  0.167439D-02 -0.309464D+01
  272.9041  0.190008D-02  0.187655D-02  0.139389D+01
  273.2493  0.186178D-02  0.186777D-02 -0.354992D+00
  273.5939  0.156345D-02  0.161098D-02 -0.290957D+01
  273.9377  0.130892D-02  0.131760D-02 -0.545097D+00
  274.2809  0.115392D-02  0.113819D-02  0.102303D+01
  274.6235  0.114582D-02  0.108645D-02  0.369580D+01
   31 267.628 278.018 272.823  4.709D-01  0.000D+00  9.235D-03  0.000D+00  5.811D-03  1.828D+00 10304  2.027D-02
  267.6283  0.188265D-02  0.184654D-02  0.226736D+01
  267.9865  0.176499D-02  0.179746D-02 -0.207447D+01
  268.3437  0.185766D-02  0.180084D-02  0.350735D+01
  268.6999  0.179245D-02  0.181674D-02 -0.153881D+01
  269.0551  0.174151D-02  0.178879D-02 -0.302057D+01
  269.4093  0.176623D-02  0.179472D-02 -0.175916D+01
  269.7626  0.185546D-02  0.186594D-02 -0.641276D+00
  270.1150  0.205961D-02  0.206247D-02 -0.170391D+00
  270.4665  0.216505D-02  0.217260D-02 -0.443389D+00
  270.8171  0.209050D-02  0.210819D-02 -0.103892D+01
  271.1669  0.208007D-02  0.201788D-02  0.362408D+01
  271.5159  0.189308D-02  0.185132D-02  0.251387D+01
  271.8641  0.155961D-02  0.156088D-02 -0.805358D-01
  272.2115  0.145403D-02  0.142881D-02  0.161114D+01
  272.5582  0.162468D-02  0.160723D-02  0.108661D+01
  272.9041  0.190008D-02  0.188484D-02  0.902953D+00
  273.2493  0.186178D-02  0.191162D-02 -0.295165D+01
  273.5939  0.156345D-02  0.160753D-02 -0.269809D+01
  273.9377  0.130892D-02  0.129635D-02  0.789186D+00
  274.2809  0.115392D-02  0.112951D-02  0.158706D+01
  274.6235  0.114582D-02  0.110163D-02  0.275088D+01
  274.9655  0.118439D-02  0.119700D-02 -0.784920D+00
  275.3069  0.139788D-02  0.140706D-02 -0.566535D+00
  275.6476  0.162468D-02  0.164378D-02 -0.114005D+01
  275.9879  0.198493D-02  0.197968D-02  0.291949D+00
  276.3275  0.221283D-02  0.222233D-02 -0.505294D+00
  276.6667  0.228422D-02  0.233122D-02 -0.242824D+01
  277.0053  0.236906D-02  0.237620D-02 -0.361039D+00
  277.3434  0.243730D-02  0.239000D-02  0.239214D+01
  277.6811  0.219429D-02  0.218087D-02  0.669850D+00
  278.0182  0.185148D-02  0.185584D-02 -0.225157D+00
   31 271.167 281.367 276.267  4.709D-01  0.000D+00 -8.306D-04  0.000D+00  6.300D-03  1.587D+00 10300  1.744D-02
  271.1669  0.208007D-02  0.208149D-02 -0.829529D-01
  271.5159  0.189308D-02  0.188631D-02  0.407730D+00
  271.8641  0.155961D-02  0.157556D-02 -0.101082D+01
  272.2115  0.145403D-02  0.144130D-02  0.813586D+00
  272.5582  0.162468D-02  0.161946D-02  0.325014D+00
  272.9041  0.190008D-02  0.188816D-02  0.706338D+00
  273.2493  0.186178D-02  0.189796D-02 -0.214279D+01
  273.5939  0.156345D-02  0.158744D-02 -0.146816D+01
  273.9377  0.130892D-02  0.128001D-02  0.181529D+01
  274.2809  0.115392D-02  0.111855D-02  0.229980D+01
  274.6235  0.114582D-02  0.109456D-02  0.319122D+01
  274.9655  0.118439D-02  0.119462D-02 -0.636767D+00
  275.3069  0.139788D-02  0.140609D-02 -0.506764D+00
  275.6476  0.162468D-02  0.164612D-02 -0.128010D+01
  275.9879  0.198493D-02  0.198426D-02  0.369685D-01
  276.3275  0.221283D-02  0.222449D-02 -0.620080D+00
  276.6667  0.228422D-02  0.233342D-02 -0.254179D+01
  277.0053  0.236906D-02  0.238020D-02 -0.563262D+00
  277.3434  0.243730D-02  0.239194D-02  0.229409D+01
  277.6811  0.219429D-02  0.217530D-02  0.947374D+00
  278.0182  0.185148D-02  0.185113D-02  0.184605D-01
  278.3549  0.171035D-02  0.168385D-02  0.138854D+01
  278.6912  0.155425D-02  0.153783D-02  0.872974D+00
  279.0270  0.123917D-02  0.124471D-02 -0.305604D+00
  279.3624  0.923957D-03  0.950839D-03 -0.154179D+01
  279.6974  0.754542D-03  0.808122D-03 -0.309741D+01
  280.0320  0.838563D-03  0.795692D-03  0.245878D+01
  280.3662  0.860666D-03  0.915049D-03 -0.314382D+01
  280.7000  0.126457D-02  0.123008D-02  0.190318D+01
  281.0334  0.168770D-02  0.169471D-02 -0.375447D+00
  281.3665  0.222464D-02  0.222045D-02  0.213383D+00
   31 274.624 284.679 279.651  4.235D-01  0.000D+00  1.209D-04  0.000D+00  7.266D-03  2.401D+00 10300  3.128D-02
  274.6235  0.114582D-02  0.108285D-02  0.391972D+01
  274.9655  0.118439D-02  0.117863D-02  0.358864D+00
  275.3069  0.139788D-02  0.141147D-02 -0.838935D+00
  275.6476  0.162468D-02  0.162676D-02 -0.124062D+00
  275.9879  0.198493D-02  0.200239D-02 -0.971002D+00
  276.3275  0.221283D-02  0.223658D-02 -0.126307D+01
  276.6667  0.228422D-02  0.234313D-02 -0.304330D+01
  277.0053  0.236906D-02  0.237884D-02 -0.494426D+00
  277.3434  0.243730D-02  0.242076D-02  0.836520D+00
  277.6811  0.219429D-02  0.218972D-02  0.228187D+00
  278.0182  0.185148D-02  0.182734D-02  0.124695D+01
  278.3549  0.171035D-02  0.167981D-02  0.160031D+01
  278.6912  0.155425D-02  0.155503D-02 -0.413570D-01
  279.0270  0.123917D-02  0.124110D-02 -0.106236D+00
  279.3624  0.923957D-03  0.929550D-03 -0.320788D+00
  279.6974  0.754542D-03  0.792743D-03 -0.220836D+01
  280.0320  0.838563D-03  0.779459D-03  0.338978D+01
  280.3662  0.860666D-03  0.886873D-03 -0.151496D+01
  280.7000  0.126457D-02  0.120284D-02  0.340651D+01
  281.0334  0.168770D-02  0.166953D-02  0.972742D+00
  281.3665  0.222464D-02  0.218331D-02  0.210490D+01
  281.6993  0.277942D-02  0.272633D-02  0.257825D+01
  282.0316  0.320213D-02  0.316318D-02  0.181907D+01
  282.3637  0.346312D-02  0.344685D-02  0.759795D+00
  282.6954  0.363473D-02  0.365379D-02 -0.889778D+00
  283.0269  0.389833D-02  0.395204D-02 -0.246062D+01
  283.3579  0.389956D-02  0.406443D-02 -0.745885D+01
  283.6887  0.390176D-02  0.396640D-02 -0.294286D+01
  284.0192  0.399580D-02  0.389787D-02  0.440337D+01
  284.3494  0.358586D-02  0.355715D-02  0.135786D+01
  284.6792  0.288884D-02  0.283554D-02  0.262297D+01
   31 278.018 287.963 282.990  4.282D-01  0.000D+00  9.136D-04  0.000D+00  8.309D-03  2.303D+00 10300  1.198D-02
  278.0182  0.185148D-02  0.184018D-02  0.583659D+00
  278.3549  0.171035D-02  0.169710D-02  0.694126D+00
  278.6912  0.155425D-02  0.157416D-02 -0.105826D+01
  279.0270  0.123917D-02  0.126090D-02 -0.119874D+01
  279.3624  0.923957D-03  0.946523D-03 -0.129428D+01
  279.6974  0.754542D-03  0.806200D-03 -0.298630D+01
  280.0320  0.838563D-03  0.791596D-03  0.269369D+01
  280.3662  0.860666D-03  0.899711D-03 -0.225711D+01
  280.7000  0.126457D-02  0.121617D-02  0.267108D+01
  281.0334  0.168770D-02  0.168277D-02  0.263889D+00
  281.3665  0.222464D-02  0.219591D-02  0.146299D+01
  281.6993  0.277942D-02  0.273451D-02  0.218105D+01
  282.0316  0.320213D-02  0.316596D-02  0.168925D+01
  282.3637  0.346312D-02  0.344490D-02  0.850631D+00
  282.6954  0.363473D-02  0.364861D-02 -0.647717D+00
  283.0269  0.389833D-02  0.393937D-02 -0.188021D+01
  283.3579  0.389956D-02  0.405053D-02 -0.682983D+01
  283.6887  0.390176D-02  0.395801D-02 -0.256089D+01
  284.0192  0.399580D-02  0.389032D-02  0.474281D+01
  284.3494  0.358586D-02  0.355777D-02  0.132836D+01
  284.6792  0.288884D-02  0.284616D-02  0.210062D+01
  285.0088  0.191862D-02  0.188765D-02  0.170879D+01
  285.3381  0.154258D-02  0.151441D-02  0.159067D+01
  285.6672  0.233639D-02  0.229194D-02  0.238052D+01
  285.9959  0.358133D-02  0.361750D-02 -0.172206D+01
  286.3244  0.459507D-02  0.459599D-02 -0.418604D-01
  286.6526  0.494653D-02  0.497578D-02 -0.133160D+01
  286.9805  0.520189D-02  0.527054D-02 -0.277788D+01
  287.3081  0.568378D-02  0.561956D-02  0.246160D+01
  287.6355  0.532133D-02  0.527976D-02  0.168223D+01
  287.9626  0.437129D-02  0.440716D-02 -0.146800D+01
   31 281.367 291.218 286.292  4.244D-01  0.000D+00 -1.034D-03  0.000D+00  9.562D-03  2.668D+00 10300  1.078D-02
  281.3665  0.222464D-02  0.223358D-02 -0.455757D+00
  281.6993  0.277942D-02  0.276200D-02  0.845848D+00
  282.0316  0.320213D-02  0.317956D-02  0.105405D+01
  282.3637  0.346312D-02  0.344461D-02  0.864444D+00
  282.6954  0.363473D-02  0.363701D-02 -0.106213D+00
  283.0269  0.389833D-02  0.392409D-02 -0.118021D+01
  283.3579  0.389956D-02  0.403060D-02 -0.592834D+01
  283.6887  0.390176D-02  0.393667D-02 -0.158931D+01
  284.0192  0.399580D-02  0.387501D-02  0.543112D+01
  284.3494  0.358586D-02  0.354639D-02  0.186682D+01
  284.6792  0.288884D-02  0.283856D-02  0.247459D+01
  285.0088  0.191862D-02  0.187849D-02  0.221447D+01
  285.3381  0.154258D-02  0.150922D-02  0.188370D+01
  285.6672  0.233639D-02  0.230242D-02  0.181935D+01
  285.9959  0.358133D-02  0.364310D-02 -0.294070D+01
  286.3244  0.459507D-02  0.462682D-02 -0.144556D+01
  286.6526  0.494653D-02  0.500211D-02 -0.253034D+01
  286.9805  0.520189D-02  0.529578D-02 -0.379936D+01
  287.3081  0.568378D-02  0.564549D-02  0.146758D+01
  287.6355  0.532133D-02  0.528899D-02  0.130878D+01
  287.9626  0.437129D-02  0.439201D-02 -0.848014D+00
  288.2894  0.428658D-02  0.427705D-02  0.392126D+00
  288.6159  0.575242D-02  0.557754D-02  0.707651D+01
  288.9422  0.654321D-02  0.654945D-02 -0.239226D+00
  289.2682  0.715963D-02  0.715799D-02  0.600136D-01
  289.5939  0.831012D-02  0.829834D-02  0.408639D+00
  289.9193  0.978598D-02  0.977739D-02  0.284149D+00
  290.2444  0.108060D-01  0.108731D-01 -0.212351D+01
  290.5692  0.111424D-01  0.112193D-01 -0.243531D+01
  290.8938  0.109159D-01  0.110092D-01 -0.295472D+01
  291.2180  0.111904D-01  0.110356D-01  0.470005D+01
   31 284.679 294.443 289.561  4.062D-01  0.000D+00  4.015D-04  0.000D+00  1.135D-02  3.053D+00 10300  9.160D-03
  284.6792  0.288884D-02  0.285762D-02  0.153649D+01
  285.0088  0.191862D-02  0.186701D-02  0.284773D+01
  285.3381  0.154258D-02  0.146865D-02  0.417479D+01
  285.6672  0.233639D-02  0.228995D-02  0.248721D+01
  285.9959  0.358133D-02  0.367157D-02 -0.429630D+01
  286.3244  0.459507D-02  0.466782D-02 -0.331204D+01
  286.6526  0.494653D-02  0.501795D-02 -0.325142D+01
  286.9805  0.520189D-02  0.529399D-02 -0.372686D+01
  287.3081  0.568378D-02  0.567827D-02  0.211219D+00
  287.6355  0.532133D-02  0.530949D-02  0.479087D+00
  287.9626  0.437129D-02  0.435808D-02  0.540681D+00
  288.2894  0.428658D-02  0.419362D-02  0.382564D+01
  288.6159  0.575242D-02  0.557604D-02  0.713739D+01
  288.9422  0.654321D-02  0.653420D-02  0.345072D+00
  289.2682  0.715963D-02  0.709646D-02  0.230074D+01
  289.5939  0.831012D-02  0.824863D-02  0.213282D+01
  289.9193  0.978598D-02  0.975972D-02  0.869244D+00
  290.2444  0.108060D-01  0.108853D-01 -0.251106D+01
  290.5692  0.111424D-01  0.112544D-01 -0.354568D+01
  290.8938  0.109159D-01  0.110370D-01 -0.383494D+01
  291.2180  0.111904D-01  0.111259D-01  0.195799D+01
  291.5420  0.112234D-01  0.111612D-01  0.188685D+01
  291.8656  0.110683D-01  0.110388D-01  0.932716D+00
  292.1889  0.110985D-01  0.109934D-01  0.318798D+01
  292.5119  0.103132D-01  0.103956D-01 -0.260960D+01
  292.8346  0.102706D-01  0.104917D-01 -0.700201D+01
  293.1569  0.120334D-01  0.120285D-01  0.149838D+00
  293.4789  0.126443D-01  0.125090D-01  0.394214D+01
  293.8005  0.113991D-01  0.113949D-01  0.127703D+00
  294.1218  0.116037D-01  0.115768D-01  0.816333D+00
  294.4427  0.124906D-01  0.125010D-01 -0.302388D+00
   31 287.963 297.629 292.796  3.938D-01  0.000D+00 -2.237D-03  0.000D+00  1.378D-02  2.540D+00 10300  5.961D-03
  287.9626  0.437129D-02  0.441864D-02 -0.193777D+01
  288.2894  0.428658D-02  0.421930D-02  0.276869D+01
  288.6159  0.575242D-02  0.567576D-02  0.310195D+01
  288.9422  0.654321D-02  0.660485D-02 -0.236303D+01
  289.2682  0.715963D-02  0.712476D-02  0.127009D+01
  289.5939  0.831012D-02  0.828097D-02  0.101087D+01
  289.9193  0.978598D-02  0.979684D-02 -0.359657D+00
  290.2444  0.108060D-01  0.109097D-01 -0.328341D+01
  290.5692  0.111424D-01  0.112590D-01 -0.369304D+01
  290.8938  0.109159D-01  0.109995D-01 -0.264785D+01
  291.2180  0.111904D-01  0.111013D-01  0.270652D+01
  291.5420  0.112234D-01  0.111301D-01  0.283285D+01
  291.8656  0.110683D-01  0.109955D-01  0.230267D+01
  292.1889  0.110985D-01  0.109729D-01  0.380987D+01
  292.5119  0.103132D-01  0.103393D-01 -0.827781D+00
  292.8346  0.102706D-01  0.104200D-01 -0.473254D+01
  293.1569  0.120334D-01  0.120401D-01 -0.204097D+00
  293.4789  0.126443D-01  0.125176D-01  0.369395D+01
  293.8005  0.113991D-01  0.113128D-01  0.261984D+01
  294.1218  0.116037D-01  0.115420D-01  0.187097D+01
  294.4427  0.124906D-01  0.125194D-01 -0.838478D+00
  294.7632  0.120567D-01  0.122202D-01 -0.496117D+01
  295.0833  0.125990D-01  0.126525D-01 -0.155842D+01
  295.4030  0.140886D-01  0.140685D-01  0.563288D+00
  295.7223  0.147833D-01  0.148847D-01 -0.283953D+01
  296.0411  0.159503D-01  0.159288D-01  0.580107D+00
  296.3596  0.154807D-01  0.154830D-01 -0.609349D-01
  296.6775  0.128695D-01  0.128528D-01  0.486593D+00
  296.9951  0.123327D-01  0.121849D-01  0.430736D+01
  297.3121  0.142493D-01  0.142495D-01 -0.581102D-02
  297.6286  0.177584D-01  0.178081D-01 -0.124917D+01
   31 291.218 300.764 295.991  3.939D-01  0.000D+00  4.335D-03  0.000D+00  1.753D-02  3.910D+00 10300  8.605D-03
  291.2180  0.111904D-01  0.112348D-01 -0.134464D+01
  291.5420  0.112234D-01  0.112320D-01 -0.260182D+00
  291.8656  0.110683D-01  0.110577D-01  0.333634D+00
  292.1889  0.110985D-01  0.110158D-01  0.251019D+01
  292.5119  0.103132D-01  0.103668D-01 -0.169796D+01
  292.8346  0.102706D-01  0.103982D-01 -0.404167D+01
  293.1569  0.120334D-01  0.119925D-01  0.124044D+01
  293.4789  0.126443D-01  0.125094D-01  0.393127D+01
  293.8005  0.113991D-01  0.113064D-01  0.281545D+01
  294.1218  0.116037D-01  0.114949D-01  0.330204D+01
  294.4427  0.124906D-01  0.124858D-01  0.137737D+00
  294.7632  0.120567D-01  0.122133D-01 -0.475298D+01
  295.0833  0.125990D-01  0.126114D-01 -0.360803D+00
  295.4030  0.140886D-01  0.140477D-01  0.114752D+01
  295.7223  0.147833D-01  0.148770D-01 -0.262616D+01
  296.0411  0.159503D-01  0.159415D-01  0.235514D+00
  296.3596  0.154807D-01  0.155675D-01 -0.234040D+01
  296.6775  0.128695D-01  0.129522D-01 -0.240885D+01
  296.9951  0.123327D-01  0.122304D-01  0.297904D+01
  297.3121  0.142493D-01  0.142742D-01 -0.699431D+00
  297.6286  0.177584D-01  0.178770D-01 -0.297921D+01
  297.9447  0.183432D-01  0.183793D-01 -0.905511D+00
  298.2602  0.148959D-01  0.144432D-01  0.374671D+01
  298.5752  0.135257D-01  0.126826D-01  0.705922D+01
  298.8896  0.163827D-01  0.155380D-01  0.699202D+01
  299.2035  0.190695D-01  0.178910D-01  0.964468D+01
  299.5168  0.186782D-01  0.177890D-01  0.727738D+01
  299.8294  0.181304D-01  0.179485D-01  0.147218D+01
  300.1415  0.158459D-01  0.160250D-01 -0.144957D+01
  300.4529  0.163251D-01  0.168805D-01 -0.449490D+01
  300.7637  0.184187D-01  0.194453D-01 -0.812781D+01
   31 294.443 303.831 299.137  3.929D-01  0.000D+00 -3.542D-03  0.000D+00  2.255D-02  7.295D+00 10300  1.668D-02
  294.4427  0.124906D-01  0.121608D-01  0.960751D+01
  294.7632  0.120567D-01  0.120761D-01 -0.587369D+00
  295.0833  0.125990D-01  0.126619D-01 -0.183109D+01
  295.4030  0.140886D-01  0.141814D-01 -0.259934D+01
  295.7223  0.147833D-01  0.150524D-01 -0.753915D+01
  296.0411  0.159503D-01  0.161191D-01 -0.455460D+01
  296.3596  0.154807D-01  0.156333D-01 -0.411712D+01
  296.6775  0.128695D-01  0.129264D-01 -0.165875D+01
  296.9951  0.123327D-01  0.122187D-01  0.332200D+01
  297.3121  0.142493D-01  0.142381D-01  0.311476D+00
  297.6286  0.177584D-01  0.177267D-01  0.796590D+00
  297.9447  0.183432D-01  0.180067D-01  0.845292D+01
  298.2602  0.148959D-01  0.140413D-01  0.707310D+01
  298.5752  0.135257D-01  0.124083D-01  0.935531D+01
  298.8896  0.163827D-01  0.152772D-01  0.915043D+01
  299.2035  0.190695D-01  0.175320D-01  0.125826D+02
  299.5168  0.186782D-01  0.174935D-01  0.969616D+01
  299.8294  0.181304D-01  0.177490D-01  0.308663D+01
  300.1415  0.158459D-01  0.159618D-01 -0.937831D+00
  300.4529  0.163251D-01  0.171314D-01 -0.652610D+01
  300.7637  0.184187D-01  0.199944D-01 -0.124752D+02
  301.0738  0.210492D-01  0.226807D-01 -0.127781D+02
  301.3831  0.233076D-01  0.252816D-01 -0.152962D+02
  301.6918  0.221516D-01  0.238881D-01 -0.134559D+02
  301.9998  0.202213D-01  0.202836D-01 -0.482521D+00
  302.3069  0.234600D-01  0.231239D-01  0.257658D+01
  302.6133  0.309628D-01  0.305028D-01  0.345424D+01
  302.9190  0.379564D-01  0.372550D-01  0.521252D+01
  303.2238  0.427629D-01  0.422368D-01  0.383144D+01
  303.5277  0.444515D-01  0.448504D-01 -0.287648D+01
  303.8307  0.437266D-01  0.428751D-01  0.608056D+01
   31 297.629 306.808 302.218  4.363D-01  0.000D+00 -2.189D-02  0.000D+00  3.377D-02  9.925D+00 10300  2.840D-02
  297.6286  0.177584D-01  0.181491D-01 -0.981403D+01
  297.9447  0.183432D-01  0.180337D-01  0.777364D+01
  298.2602  0.148959D-01  0.145224D-01  0.309174D+01
  298.5752  0.135257D-01  0.132158D-01  0.259525D+01
  298.8896  0.163827D-01  0.156449D-01  0.610741D+01
  299.2035  0.190695D-01  0.175322D-01  0.125813D+02
  299.5168  0.186782D-01  0.176469D-01  0.844059D+01
  299.8294  0.181304D-01  0.174123D-01  0.581181D+01
  300.1415  0.158459D-01  0.160891D-01 -0.196786D+01
  300.4529  0.163251D-01  0.171636D-01 -0.678673D+01
  300.7637  0.184187D-01  0.197330D-01 -0.104053D+02
  301.0738  0.210492D-01  0.223751D-01 -0.103846D+02
  301.3831  0.233076D-01  0.243860D-01 -0.835646D+01
  301.6918  0.221516D-01  0.230005D-01 -0.657816D+01
  301.9998  0.202213D-01  0.205660D-01 -0.267065D+01
  302.3069  0.234600D-01  0.235024D-01 -0.325319D+00
  302.6133  0.309628D-01  0.305415D-01  0.316428D+01
  302.9190  0.379564D-01  0.373297D-01  0.465759D+01
  303.2238  0.427629D-01  0.426016D-01  0.117421D+01
  303.5277  0.444515D-01  0.451349D-01 -0.492848D+01
  303.8307  0.437266D-01  0.444345D-01 -0.505491D+01
  304.1329  0.458409D-01  0.463164D-01 -0.346374D+01
  304.4342  0.523621D-01  0.520778D-01  0.207098D+01
  304.7345  0.595424D-01  0.571991D-01  0.155163D+02
  305.0339  0.671619D-01  0.638856D-01  0.216945D+02
  305.3323  0.706491D-01  0.693968D-01  0.829198D+01
  305.6296  0.652399D-01  0.661062D-01 -0.573651D+01
  305.9259  0.634002D-01  0.651225D-01 -0.104545D+02
  306.2212  0.706216D-01  0.744175D-01 -0.230408D+02
  306.5153  0.794630D-01  0.820707D-01 -0.146110D+02
  306.8083  0.936862D-01  0.897107D-01  0.206835D+02
   31 300.764 309.670 305.217  4.163D-01  0.000D+00 -7.503D-02  0.000D+00  6.597D-02  1.851D+01   300  4.471D-02
  300.7637  0.184187D-01  0.174580D-01  0.760601D+01
  301.0738  0.210492D-01  0.210559D-01 -0.529719D-01
  301.3831  0.233076D-01  0.235662D-01 -0.200390D+01
  301.6918  0.221516D-01  0.220491D-01  0.794111D+00
  301.9998  0.202213D-01  0.201527D-01  0.531514D+00
  302.3069  0.234600D-01  0.245159D-01 -0.809583D+01
  302.6133  0.309628D-01  0.319481D-01 -0.739848D+01
  302.9190  0.379564D-01  0.383987D-01 -0.328740D+01
  303.2238  0.427629D-01  0.431974D-01 -0.316510D+01
  303.5277  0.444515D-01  0.447897D-01 -0.243912D+01
  303.8307  0.437266D-01  0.434330D-01  0.209669D+01
  304.1329  0.458409D-01  0.460695D-01 -0.166537D+01
  304.4342  0.523621D-01  0.520427D-01  0.232675D+01
  304.7345  0.595424D-01  0.567187D-01  0.186977D+02
  305.0339  0.671619D-01  0.641757D-01  0.197735D+02
  305.3323  0.706491D-01  0.688837D-01  0.116899D+02
  305.6296  0.652399D-01  0.643696D-01  0.576275D+01
  305.9259  0.634002D-01  0.657651D-01 -0.143548D+02
  306.2212  0.706216D-01  0.776141D-01 -0.424438D+02
  306.5153  0.794630D-01  0.850878D-01 -0.315154D+02
  306.8083  0.936862D-01  0.953735D-01 -0.877890D+01
  307.1002  0.116545D+00  0.112405D+00  0.188442D+02
  307.3908  0.134461D+00  0.125190D+00  0.397218D+02
  307.6803  0.144442D+00  0.136742D+00  0.295203D+02
  307.9685  0.150112D+00  0.149317D+00  0.289632D+01
  308.2555  0.158020D+00  0.163435D+00 -0.179294D+02
  308.5411  0.171721D+00  0.179590D+00 -0.238813D+02
  308.8254  0.172394D+00  0.180907D+00 -0.229668D+02
  309.1084  0.164390D+00  0.171223D+00 -0.171622D+02
  309.3900  0.179437D+00  0.173370D+00  0.133906D+02
  309.6701  0.206057D+00  0.183942D+00  0.413042D+02
   22 303.831 309.949 306.890  4.317D-01  0.000D+00 -1.179D-01  0.000D+00  1.043D-01  2.140D+01 10300  5.981D-02
  303.8307  0.437266D-01  0.433719D-01  0.253278D+01
  304.1329  0.458409D-01  0.471539D-01 -0.956381D+01
  304.4342  0.523621D-01  0.531385D-01 -0.565496D+01
  304.7345  0.595424D-01  0.581428D-01  0.926716D+01
  305.0339  0.671619D-01  0.654005D-01  0.116634D+02
  305.3323  0.706491D-01  0.681885D-01  0.162933D+02
  305.6296  0.652399D-01  0.636710D-01  0.103882D+02
  305.9259  0.634002D-01  0.665683D-01 -0.192303D+02
  306.2212  0.706216D-01  0.773168D-01 -0.406392D+02
  306.5153  0.794630D-01  0.842757D-01 -0.269652D+02
  306.8083  0.936862D-01  0.954976D-01 -0.942436D+01
  307.1002  0.116545D+00  0.111479D+00  0.230636D+02
  307.3908  0.134461D+00  0.123691D+00  0.461475D+02
  307.6803  0.144442D+00  0.135686D+00  0.335673D+02
  307.9685  0.150112D+00  0.148586D+00  0.555847D+01
  308.2555  0.158020D+00  0.164032D+00 -0.199057D+02
  308.5411  0.171721D+00  0.179298D+00 -0.229942D+02
  308.8254  0.172394D+00  0.179585D+00 -0.193996D+02
  309.1084  0.164390D+00  0.172867D+00 -0.212919D+02
  309.3900  0.179437D+00  0.178507D+00  0.205229D+01
  309.6701  0.206057D+00  0.190242D+00  0.295372D+02
  309.9487  0.212537D+00  0.207724D+00  0.779070D+01
   31 309.995 314.721 312.358  3.501D-01  0.000D+00 -5.054D-03  0.000D+00  4.300D-01  4.210D+01   304  4.193D-02
  309.9952  0.276013D+00  0.265905D+00  0.991623D+01
  310.1538  0.264234D+00  0.271271D+00 -0.721316D+01
  310.3123  0.303155D+00  0.308970D+00 -0.620666D+01
  310.4706  0.378424D+00  0.365350D+00  0.147188D+02
  310.6290  0.439477D+00  0.417153D+00  0.255506D+02
  310.7872  0.473051D+00  0.452397D+00  0.253279D+02
  310.9454  0.483601D+00  0.471782D+00  0.147574D+02
  311.1035  0.477904D+00  0.479180D+00 -0.161309D+01
  311.2615  0.459404D+00  0.480977D+00 -0.276053D+02
  311.4195  0.444920D+00  0.477668D+00 -0.455851D+02
  311.5774  0.427965D+00  0.464751D+00 -0.519084D+02
  311.7352  0.411559D+00  0.443084D+00 -0.441823D+02
  311.8930  0.401722D+00  0.422355D+00 -0.295197D+02
  312.0507  0.403733D+00  0.415232D+00 -0.163379D+02
  312.2083  0.435907D+00  0.428363D+00  0.109452D+02
  312.3658  0.481961D+00  0.454936D+00  0.389350D+02
  312.5233  0.519503D+00  0.480940D+00  0.567479D+02
  312.6807  0.543528D+00  0.500987D+00  0.626023D+02
  312.8380  0.563641D+00  0.519442D+00  0.650426D+02
  312.9953  0.582793D+00  0.536401D+00  0.682690D+02
  313.1525  0.583136D+00  0.549489D+00  0.495140D+02
  313.3096  0.562749D+00  0.562462D+00  0.421364D+00
  313.4666  0.545587D+00  0.586814D+00 -0.606680D+02
  313.6236  0.564053D+00  0.630577D+00 -0.913681D+02
  313.7805  0.624254D+00  0.687183D+00 -0.864301D+02
  313.9374  0.701411D+00  0.733675D+00 -0.415436D+02
  314.0941  0.750560D+00  0.741921D+00  0.111248D+02
  314.2509  0.722210D+00  0.701554D+00  0.265978D+02
  314.4075  0.649172D+00  0.642235D+00  0.893263D+01
  314.5640  0.627343D+00  0.621909D+00  0.699733D+01
  314.7205  0.706010D+00  0.670363D+00  0.458997D+02
   31 311.577 316.282 313.929  3.083D-01  0.000D+00 -5.984D-02  0.000D+00  5.871D-01  5.104D+01   304  3.494D-02
  311.5774  0.427965D+00  0.450521D+00 -0.318288D+02
  311.7352  0.411559D+00  0.425444D+00 -0.194600D+02
  311.8930  0.401722D+00  0.405734D+00 -0.574015D+01
  312.0507  0.403733D+00  0.406201D+00 -0.350608D+01
  312.2083  0.435907D+00  0.430999D+00  0.712100D+01
  312.3658  0.481961D+00  0.464893D+00  0.245900D+02
  312.5233  0.519503D+00  0.489325D+00  0.444087D+02
  312.6807  0.543528D+00  0.507702D+00  0.527201D+02
  312.8380  0.563641D+00  0.528394D+00  0.518682D+02
  312.9953  0.582793D+00  0.546440D+00  0.534952D+02
  313.1525  0.583136D+00  0.556622D+00  0.390178D+02
  313.3096  0.562749D+00  0.569222D+00 -0.952541D+01
  313.4666  0.545587D+00  0.598215D+00 -0.774456D+02
  313.6236  0.564053D+00  0.652249D+00 -0.121134D+03
  313.7805  0.624254D+00  0.716852D+00 -0.127180D+03
  313.9374  0.701411D+00  0.759220D+00 -0.744367D+02
  314.0941  0.750560D+00  0.747789D+00  0.356840D+01
  314.2509  0.722210D+00  0.677345D+00  0.577691D+02
  314.4075  0.649172D+00  0.602516D+00  0.600758D+02
  314.5640  0.627343D+00  0.601409D+00  0.333931D+02
  314.7205  0.706010D+00  0.681287D+00  0.318341D+02
  314.8770  0.822637D+00  0.779078D+00  0.560882D+02
  315.0333  0.893204D+00  0.845616D+00  0.612754D+02
  315.1896  0.907345D+00  0.873868D+00  0.431057D+02
  315.3458  0.874258D+00  0.869801D+00  0.573837D+01
  315.5019  0.803623D+00  0.826844D+00 -0.299006D+02
  315.6580  0.708207D+00  0.742396D+00 -0.440232D+02
  315.8140  0.626519D+00  0.656281D+00 -0.383223D+02
  315.9699  0.599405D+00  0.626243D+00 -0.345572D+02
  316.1258  0.661254D+00  0.672527D+00 -0.145152D+02
  316.2816  0.783510D+00  0.762020D+00  0.276703D+02
   31 313.152 317.836 315.494  3.131D-01  0.000D+00 -6.659D-02  0.000D+00  7.627D-01  4.962D+01 10300  3.202D-02
  313.1525  0.583136D+00  0.524200D+00  0.867290D+02
  313.3096  0.562749D+00  0.541622D+00  0.310896D+02
  313.4666  0.545587D+00  0.574719D+00 -0.428697D+02
  313.6236  0.564053D+00  0.631427D+00 -0.925361D+02
  313.7805  0.624254D+00  0.696861D+00 -0.997229D+02
  313.9374  0.701411D+00  0.739745D+00 -0.493600D+02
  314.0941  0.750560D+00  0.729769D+00  0.267714D+02
  314.2509  0.722210D+00  0.664172D+00  0.747314D+02
  314.4075  0.649172D+00  0.597489D+00  0.665484D+02
  314.5640  0.627343D+00  0.602872D+00  0.315098D+02
  314.7205  0.706010D+00  0.685467D+00  0.264513D+02
  314.8770  0.822637D+00  0.784236D+00  0.494462D+02
  315.0333  0.893204D+00  0.852706D+00  0.521465D+02
  315.1896  0.907345D+00  0.883585D+00  0.305941D+02
  315.3458  0.874258D+00  0.881285D+00 -0.904796D+01
  315.5019  0.803623D+00  0.839022D+00 -0.455813D+02
  315.6580  0.708207D+00  0.755958D+00 -0.614863D+02
  315.8140  0.626519D+00  0.673947D+00 -0.610692D+02
  315.9699  0.599405D+00  0.649790D+00 -0.648766D+02
  316.1258  0.661254D+00  0.702446D+00 -0.530402D+02
  316.2816  0.783510D+00  0.798064D+00 -0.187399D+02
  316.4373  0.908374D+00  0.888142D+00  0.260514D+02
  316.5930  0.100496D+01  0.955904D+00  0.631626D+02
  316.7485  0.106578D+01  0.102061D+01  0.547387D+02
  316.9041  0.112090D+01  0.110722D+01  0.156500D+02
  317.0595  0.119799D+01  0.121329D+01 -0.175167D+02
  317.2148  0.128290D+01  0.129488D+01 -0.137071D+02
  317.3702  0.131290D+01  0.131984D+01 -0.794280D+01
  317.5254  0.128132D+01  0.129641D+01 -0.172746D+02
  317.6805  0.121185D+01  0.121929D+01 -0.850981D+01
  317.8357  0.110333D+01  0.108123D+01  0.252836D+02
   31 314.721 319.383 317.052  2.551D-01  0.000D+00 -7.669D-02  0.000D+00  8.872D-01  5.007D+01   304  2.176D-02
  314.7205  0.706010D+00  0.705227D+00  0.100771D+01
  314.8770  0.822637D+00  0.817759D+00  0.628102D+01
  315.0333  0.893204D+00  0.876251D+00  0.218285D+02
  315.1896  0.907345D+00  0.894503D+00  0.165356D+02
  315.3458  0.874258D+00  0.891399D+00 -0.220714D+02
  315.5019  0.803623D+00  0.844141D+00 -0.521722D+02
  315.6580  0.708207D+00  0.738870D+00 -0.394827D+02
  315.8140  0.626519D+00  0.631067D+00 -0.585566D+01
  315.9699  0.599405D+00  0.606073D+00 -0.858579D+01
  316.1258  0.661254D+00  0.676192D+00 -0.192349D+02
  316.2816  0.783510D+00  0.790997D+00 -0.964031D+01
  316.4373  0.908374D+00  0.879628D+00  0.370149D+02
  316.5930  0.100496D+01  0.934191D+00  0.911206D+02
  316.7485  0.106578D+01  0.990063D+00  0.917556D+02
  316.9041  0.112090D+01  0.107890D+01  0.480688D+02
  317.0595  0.119799D+01  0.121321D+01 -0.174243D+02
  317.2148  0.128290D+01  0.131405D+01 -0.356486D+02
  317.3702  0.131290D+01  0.133441D+01 -0.246266D+02
  317.5254  0.128132D+01  0.132885D+01 -0.544050D+02
  317.6805  0.121185D+01  0.127890D+01 -0.767359D+02
  317.8357  0.110333D+01  0.112119D+01 -0.204481D+02
  317.9907  0.981069D+00  0.958850D+00  0.269271D+02
  318.1456  0.923751D+00  0.922075D+00  0.203037D+01
  318.3005  0.987933D+00  0.999685D+00 -0.142416D+02
  318.4554  0.112824D+01  0.113149D+01 -0.371960D+01
  318.6101  0.128221D+01  0.127724D+01  0.539270D+01
  318.7648  0.144188D+01  0.142883D+01  0.141495D+02
  318.9194  0.156771D+01  0.152562D+01  0.433511D+02
  319.0739  0.154540D+01  0.144927D+01  0.990166D+02
  319.2284  0.136541D+01  0.130490D+01  0.656088D+02
  319.3828  0.119483D+01  0.132612D+01 -0.150269D+03
   31 316.282 320.923 318.602  2.546D-01  0.000D+00  6.275D-03  0.000D+00  1.059D+00  1.034D+02   304  4.699D-02
  316.2816  0.783510D+00  0.787391D+00 -0.499781D+01
  316.4373  0.908374D+00  0.897008D+00  0.146351D+02
  316.5930  0.100496D+01  0.962274D+00  0.549597D+02
  316.7485  0.106578D+01  0.100951D+01  0.681895D+02
  316.9041  0.112090D+01  0.107263D+01  0.552469D+02
  317.0595  0.119799D+01  0.118543D+01  0.143725D+02
  317.2148  0.128290D+01  0.131527D+01 -0.370503D+02
  317.3702  0.131290D+01  0.137099D+01 -0.664949D+02
  317.5254  0.128132D+01  0.136566D+01 -0.965330D+02
  317.6805  0.121185D+01  0.134257D+01 -0.149614D+03
  317.8357  0.110333D+01  0.123309D+01 -0.148520D+03
  317.9907  0.981069D+00  0.104087D+01 -0.724765D+02
  318.1456  0.923751D+00  0.921381D+00  0.287130D+01
  318.3005  0.987933D+00  0.936555D+00  0.622644D+02
  318.4554  0.112824D+01  0.103364D+01  0.108281D+03
  318.6101  0.128221D+01  0.115841D+01  0.134236D+03
  318.7648  0.144188D+01  0.128461D+01  0.170533D+03
  318.9194  0.156771D+01  0.139872D+01  0.174074D+03
  319.0739  0.154540D+01  0.139831D+01  0.151512D+03
  319.2284  0.136541D+01  0.124636D+01  0.129093D+03
  319.3828  0.119483D+01  0.114507D+01  0.569502D+02
  319.5371  0.117334D+01  0.121203D+01 -0.442766D+02
  319.6914  0.127713D+01  0.134599D+01 -0.746604D+02
  319.8456  0.138017D+01  0.149133D+01 -0.120536D+03
  319.9997  0.143625D+01  0.159124D+01 -0.159658D+03
  320.1538  0.147387D+01  0.162973D+01 -0.160547D+03
  320.3078  0.158123D+01  0.169374D+01 -0.115892D+03
  320.4617  0.174138D+01  0.178695D+01 -0.447110D+02
  320.6155  0.187166D+01  0.184055D+01  0.291331D+02
  320.7693  0.189068D+01  0.179752D+01  0.872396D+02
  320.9230  0.179341D+01  0.164000D+01  0.150498D+03
   31 317.836 322.456 320.146  3.073D-01  0.000D+00  7.243D-03  0.000D+00  1.237D+00  1.205D+02 10300  5.576D-02
  317.8357  0.110333D+01  0.121239D+01 -0.124825D+03
  317.9907  0.981069D+00  0.106413D+01 -0.100664D+03
  318.1456  0.923751D+00  0.963250D+00 -0.478688D+02
  318.3005  0.987933D+00  0.964138D+00  0.288367D+02
  318.4554  0.112824D+01  0.104605D+01  0.940729D+02
  318.6101  0.128221D+01  0.116502D+01  0.127073D+03
  318.7648  0.144188D+01  0.128800D+01  0.166854D+03
  318.9194  0.156771D+01  0.137824D+01  0.195172D+03
  319.0739  0.154540D+01  0.137414D+01  0.176415D+03
  319.2284  0.136541D+01  0.127948D+01  0.931774D+02
  319.3828  0.119483D+01  0.121249D+01 -0.202183D+02
  319.5371  0.117334D+01  0.125500D+01 -0.934569D+02
  319.6914  0.127713D+01  0.137563D+01 -0.106803D+03
  319.8456  0.138017D+01  0.151020D+01 -0.140992D+03
  319.9997  0.143625D+01  0.161361D+01 -0.182692D+03
  320.1538  0.147387D+01  0.168144D+01 -0.213814D+03
  320.3078  0.158123D+01  0.175285D+01 -0.176787D+03
  320.4617  0.174138D+01  0.183407D+01 -0.909359D+02
  320.6155  0.187166D+01  0.187710D+01 -0.508952D+01
  320.7693  0.189068D+01  0.183389D+01  0.531774D+02
  320.9230  0.179341D+01  0.169494D+01  0.966050D+02
  321.0767  0.163704D+01  0.151607D+01  0.118676D+03
  321.2303  0.150297D+01  0.137694D+01  0.129828D+03
  321.3838  0.146721D+01  0.133439D+01  0.136818D+03
  321.5372  0.152926D+01  0.139014D+01  0.143309D+03
  321.6906  0.165166D+01  0.151525D+01  0.133824D+03
  321.8439  0.174666D+01  0.165602D+01  0.848803D+02
  321.9971  0.173849D+01  0.174844D+01 -0.931421D+01
  322.1503  0.164287D+01  0.173975D+01 -0.950462D+02
  322.3034  0.155844D+01  0.165843D+01 -0.103003D+03
  322.4564  0.150043D+01  0.156126D+01 -0.626571D+02
   31 319.383 323.983 321.683  4.809D-01  0.000D+00  1.038D-03  0.000D+00  1.317D+00  9.447D+01   304  7.102D-02
  319.3828  0.119483D+01  0.105862D+01  0.155893D+03
  319.5371  0.117334D+01  0.115638D+01  0.194173D+02
  319.6914  0.127713D+01  0.127535D+01  0.192833D+01
  319.8456  0.138017D+01  0.140737D+01 -0.294989D+02
  319.9997  0.143625D+01  0.153573D+01 -0.102471D+03
  320.1538  0.147387D+01  0.164838D+01 -0.179762D+03
  320.3078  0.158123D+01  0.173858D+01 -0.162082D+03
  320.4617  0.174138D+01  0.179667D+01 -0.542439D+02
  320.6155  0.187166D+01  0.180820D+01  0.594314D+02
  320.7693  0.189068D+01  0.176648D+01  0.116305D+03
  320.9230  0.179341D+01  0.167991D+01  0.111352D+03
  321.0767  0.163704D+01  0.157583D+01  0.600421D+02
  321.2303  0.150297D+01  0.149304D+01  0.102368D+02
  321.3838  0.146721D+01  0.145600D+01  0.115512D+02
  321.5372  0.152926D+01  0.147531D+01  0.555756D+02
  321.6906  0.165166D+01  0.153352D+01  0.115897D+03
  321.8439  0.174666D+01  0.160124D+01  0.136179D+03
  321.9971  0.173849D+01  0.164814D+01  0.846097D+02
  322.1503  0.164287D+01  0.165619D+01 -0.130662D+02
  322.3034  0.155844D+01  0.162652D+01 -0.701313D+02
  322.4564  0.150043D+01  0.157135D+01 -0.730541D+02
  322.6094  0.142019D+01  0.151046D+01 -0.929891D+02
  322.7623  0.131015D+01  0.146346D+01 -0.157928D+03
  322.9151  0.128317D+01  0.144820D+01 -0.169989D+03
  323.0678  0.141909D+01  0.146796D+01 -0.503396D+02
  323.2205  0.160841D+01  0.151928D+01  0.874409D+02
  323.3731  0.171763D+01  0.158906D+01  0.120395D+03
  323.5257  0.174714D+01  0.167243D+01  0.699622D+02
  323.6782  0.180398D+01  0.177650D+01  0.257332D+02
  323.8306  0.192184D+01  0.191011D+01  0.109896D+02
  323.9829  0.205309D+01  0.207293D+01 -0.177655D+02
   31 320.923 325.503 323.213  2.633D-01  0.000D+00 -1.338D-01  0.000D+00  1.434D+00  6.201D+01   300  3.361D-02
  320.9230  0.179341D+01  0.186521D+01 -0.704379D+02
  321.0767  0.163704D+01  0.157572D+01  0.601505D+02
  321.2303  0.150297D+01  0.143890D+01  0.660033D+02
  321.3838  0.146721D+01  0.144249D+01  0.254627D+02
  321.5372  0.152926D+01  0.153670D+01 -0.765711D+01
  321.6906  0.165166D+01  0.166256D+01 -0.106965D+02
  321.8439  0.174666D+01  0.175925D+01 -0.117876D+02
  321.9971  0.173849D+01  0.174556D+01 -0.661893D+01
  322.1503  0.164287D+01  0.164936D+01 -0.636444D+01
  322.3034  0.155844D+01  0.157454D+01 -0.165864D+02
  322.4564  0.150043D+01  0.150347D+01 -0.313066D+01
  322.6094  0.142019D+01  0.140143D+01  0.193260D+02
  322.7623  0.131015D+01  0.133701D+01 -0.276648D+02
  322.9151  0.128317D+01  0.138653D+01 -0.106469D+03
  323.0678  0.141909D+01  0.153029D+01 -0.114549D+03
  323.2205  0.160841D+01  0.161898D+01 -0.103715D+02
  323.3731  0.171763D+01  0.161208D+01  0.988411D+02
  323.5257  0.174714D+01  0.163453D+01  0.105456D+03
  323.6782  0.180398D+01  0.173793D+01  0.618562D+02
  323.8306  0.192184D+01  0.187689D+01  0.421011D+02
  323.9829  0.205309D+01  0.201142D+01  0.373246D+02
  324.1352  0.212702D+01  0.209280D+01  0.306564D+02
  324.2874  0.214624D+01  0.212965D+01  0.148599D+02
  324.4395  0.215544D+01  0.215866D+01 -0.287993D+01
  324.5916  0.211865D+01  0.211299D+01  0.506855D+01
  324.7436  0.199927D+01  0.199528D+01  0.374332D+01
  324.8956  0.183336D+01  0.192395D+01 -0.848284D+02
  325.0474  0.178366D+01  0.192852D+01 -0.135654D+03
  325.1992  0.187462D+01  0.196247D+01 -0.822694D+02
  325.3510  0.204005D+01  0.202483D+01  0.136295D+02
  325.5026  0.223033D+01  0.207585D+01  0.132608D+03
   31 322.456 327.016 324.736  2.465D-01  0.000D+00 -1.846D-02  0.000D+00  1.553D+00  8.611D+01 10000  4.250D-02
  322.4564  0.150043D+01  0.144618D+01  0.558862D+02
  322.6094  0.142019D+01  0.144334D+01 -0.238518D+02
  322.7623  0.131015D+01  0.138120D+01 -0.731825D+02
  322.9151  0.128317D+01  0.136200D+01 -0.811954D+02
  323.0678  0.141909D+01  0.146922D+01 -0.516337D+02
  323.2205  0.160841D+01  0.164867D+01 -0.394985D+02
  323.3731  0.171763D+01  0.170565D+01  0.112125D+02
  323.5257  0.174714D+01  0.166779D+01  0.743058D+02
  323.6782  0.180398D+01  0.169823D+01  0.990298D+02
  323.8306  0.192184D+01  0.180749D+01  0.107082D+03
  323.9829  0.205309D+01  0.193423D+01  0.106468D+03
  324.1352  0.212702D+01  0.204721D+01  0.714877D+02
  324.2874  0.214624D+01  0.209258D+01  0.480677D+02
  324.4395  0.215544D+01  0.210945D+01  0.411952D+02
  324.5916  0.211865D+01  0.213667D+01 -0.161476D+02
  324.7436  0.199927D+01  0.206683D+01 -0.632647D+02
  324.8956  0.183336D+01  0.195359D+01 -0.112589D+03
  325.0474  0.178366D+01  0.193841D+01 -0.144918D+03
  325.1992  0.187462D+01  0.200658D+01 -0.123578D+03
  325.3510  0.204005D+01  0.212106D+01 -0.725664D+02
  325.5026  0.223033D+01  0.230848D+01 -0.670823D+02
  325.6542  0.243558D+01  0.251499D+01 -0.681641D+02
  325.8057  0.263671D+01  0.264630D+01 -0.823663D+01
  325.9572  0.280029D+01  0.273600D+01  0.529755D+02
  326.1086  0.290662D+01  0.277516D+01  0.104162D+03
  326.2599  0.291287D+01  0.274822D+01  0.130465D+03
  326.4112  0.285665D+01  0.269301D+01  0.129666D+03
  326.5624  0.286379D+01  0.271794D+01  0.115568D+03
  326.7135  0.296373D+01  0.291621D+01  0.376572D+02
  326.8646  0.303979D+01  0.311691D+01 -0.611095D+02
  327.0156  0.295536D+01  0.316999D+01 -0.170068D+03
   31 323.983 328.522 326.252  2.095D-01  0.000D+00  2.392D-02  0.000D+00  1.646D+00  8.594D+01   300  3.729D-02
  323.9829  0.205309D+01  0.200910D+01  0.394073D+02
  324.1352  0.212702D+01  0.209093D+01  0.323317D+02
  324.2874  0.214624D+01  0.211419D+01  0.287132D+02
  324.4395  0.215544D+01  0.207117D+01  0.754849D+02
  324.5916  0.211865D+01  0.211190D+01  0.604385D+01
  324.7436  0.199927D+01  0.208113D+01 -0.766564D+02
  324.8956  0.183336D+01  0.191819D+01 -0.794413D+02
  325.0474  0.178366D+01  0.188107D+01 -0.912212D+02
  325.1992  0.187462D+01  0.195874D+01 -0.787746D+02
  325.3510  0.204005D+01  0.206791D+01 -0.249518D+02
  325.5026  0.223033D+01  0.224612D+01 -0.135557D+02
  325.6542  0.243558D+01  0.251971D+01 -0.722201D+02
  325.8057  0.263671D+01  0.267871D+01 -0.360569D+02
  325.9572  0.280029D+01  0.278307D+01  0.141929D+02
  326.1086  0.290662D+01  0.285686D+01  0.394284D+02
  326.2599  0.291287D+01  0.282405D+01  0.703735D+02
  326.4112  0.285665D+01  0.273860D+01  0.935416D+02
  326.5624  0.286379D+01  0.264404D+01  0.174121D+03
  326.7135  0.296373D+01  0.277619D+01  0.148604D+03
  326.8646  0.303979D+01  0.296796D+01  0.569192D+02
  327.0156  0.295536D+01  0.294907D+01  0.498030D+01
  327.1665  0.279974D+01  0.279195D+01  0.616937D+01
  327.3173  0.275354D+01  0.275873D+01 -0.411327D+01
  327.4681  0.278711D+01  0.286604D+01 -0.625412D+02
  327.6188  0.276700D+01  0.287878D+01 -0.885771D+02
  327.7695  0.262655D+01  0.276360D+01 -0.112940D+03
  327.9201  0.248569D+01  0.265320D+01 -0.143797D+03
  328.0706  0.242755D+01  0.258015D+01 -0.130992D+03
  328.2210  0.247038D+01  0.252198D+01 -0.442947D+02
  328.3714  0.255166D+01  0.243382D+01  0.971094D+02
  328.5217  0.257486D+01  0.231985D+01  0.202068D+03
   31 325.503 330.021 327.762  4.751D-01  0.000D+00 -4.224D-01  0.000D+00  1.671D+00  6.813D+01   303  8.716D-02
  325.5026  0.223033D+01  0.228199D+01 -0.443475D+02
  325.6542  0.243558D+01  0.248693D+01 -0.440786D+02
  325.8057  0.263671D+01  0.262995D+01  0.579872D+01
  325.9572  0.280029D+01  0.272742D+01  0.600476D+02
  326.1086  0.290662D+01  0.280233D+01  0.826355D+02
  326.2599  0.291287D+01  0.286643D+01  0.367941D+02
  326.4112  0.285665D+01  0.291568D+01 -0.467769D+02
  326.5624  0.286379D+01  0.294245D+01 -0.623334D+02
  326.7135  0.296373D+01  0.294422D+01  0.154647D+02
  326.8646  0.303979D+01  0.293071D+01  0.864323D+02
  327.0156  0.295536D+01  0.290492D+01  0.399647D+02
  327.1665  0.279974D+01  0.286996D+01 -0.556391D+02
  327.3173  0.275354D+01  0.282057D+01 -0.531112D+02
  327.4681  0.278711D+01  0.275906D+01  0.222230D+02
  327.6188  0.276700D+01  0.269352D+01  0.582208D+02
  327.7695  0.262655D+01  0.262817D+01 -0.133790D+01
  327.9201  0.248569D+01  0.256353D+01 -0.668221D+02
  328.0706  0.242755D+01  0.250604D+01 -0.673779D+02
  328.2210  0.247038D+01  0.247501D+01 -0.397063D+01
  328.3714  0.255166D+01  0.249117D+01  0.498495D+02
  328.5217  0.257486D+01  0.256250D+01  0.979283D+01
  328.6720  0.254761D+01  0.267787D+01 -0.103220D+03
  328.8222  0.263842D+01  0.281371D+01 -0.138896D+03
  328.9723  0.290202D+01  0.294908D+01 -0.359084D+02
  329.1223  0.320955D+01  0.307977D+01  0.990247D+02
  329.2723  0.341171D+01  0.321108D+01  0.147618D+03
  329.4222  0.350486D+01  0.334512D+01  0.117529D+03
  329.5721  0.354797D+01  0.347499D+01  0.518398D+02
  329.7219  0.355655D+01  0.358664D+01 -0.213783D+02
  329.8716  0.360240D+01  0.367894D+01 -0.543763D+02
  330.0212  0.363398D+01  0.376927D+01 -0.929092D+02
   31 327.016 331.514 329.265  2.950D-01  0.000D+00 -8.434D-02  0.000D+00  1.779D+00  7.336D+01   304  3.688D-02
  327.0156  0.295536D+01  0.288356D+01  0.568886D+02
  327.1665  0.279974D+01  0.277825D+01  0.170260D+02
  327.3173  0.275354D+01  0.275492D+01 -0.109384D+01
  327.4681  0.278711D+01  0.274811D+01  0.308984D+02
  327.6188  0.276700D+01  0.270110D+01  0.522175D+02
  327.7695  0.262655D+01  0.263927D+01 -0.104844D+02
  327.9201  0.248569D+01  0.260500D+01 -0.102417D+03
  328.0706  0.242755D+01  0.260266D+01 -0.150318D+03
  328.2210  0.247038D+01  0.260728D+01 -0.117513D+03
  328.3714  0.255166D+01  0.258761D+01 -0.296293D+02
  328.5217  0.257486D+01  0.252436D+01  0.400129D+02
  328.6720  0.254761D+01  0.249889D+01  0.386057D+02
  328.8222  0.263842D+01  0.263551D+01  0.231137D+01
  328.9723  0.290202D+01  0.289650D+01  0.421231D+01
  329.1223  0.320955D+01  0.313108D+01  0.598713D+02
  329.2723  0.341171D+01  0.328504D+01  0.931975D+02
  329.4222  0.350486D+01  0.338191D+01  0.904658D+02
  329.5721  0.354797D+01  0.344233D+01  0.750416D+02
  329.7219  0.355655D+01  0.349927D+01  0.406884D+02
  329.8716  0.360240D+01  0.357716D+01  0.179343D+02
  330.0212  0.363398D+01  0.360197D+01  0.219837D+02
  330.1708  0.352490D+01  0.348204D+01  0.294326D+02
  330.3203  0.325904D+01  0.325278D+01  0.460771D+01
  330.4698  0.295035D+01  0.302405D+01 -0.542280D+02
  330.6192  0.275732D+01  0.289374D+01 -0.104095D+03
  330.7685  0.274331D+01  0.292040D+01 -0.135122D+03
  330.9177  0.284154D+01  0.301868D+01 -0.130336D+03
  331.0669  0.293682D+01  0.302671D+01 -0.661362D+02
  331.2160  0.291046D+01  0.290518D+01  0.388633D+01
  331.3651  0.283392D+01  0.274185D+01  0.677496D+02
  331.5141  0.283516D+01  0.263732D+01  0.145569D+03
   31 328.522 333.000 330.761  2.577D-01  0.000D+00 -3.076D-02  0.000D+00  1.790D+00  5.842D+01   300  2.084D-02
  328.5217  0.257486D+01  0.265545D+01 -0.638581D+02
  328.6720  0.254761D+01  0.256833D+01 -0.164179D+02
  328.8222  0.263842D+01  0.263312D+01  0.419942D+01
  328.9723  0.290202D+01  0.292454D+01 -0.171820D+02
  329.1223  0.320955D+01  0.320488D+01  0.356410D+01
  329.2723  0.341171D+01  0.335845D+01  0.391887D+02
  329.4222  0.350486D+01  0.344561D+01  0.435907D+02
  329.5721  0.354797D+01  0.347780D+01  0.498460D+02
  329.7219  0.355655D+01  0.348753D+01  0.490279D+02
  329.8716  0.360240D+01  0.353194D+01  0.500549D+02
  330.0212  0.363398D+01  0.359458D+01  0.270550D+02
  330.1708  0.352490D+01  0.351345D+01  0.786289D+01
  330.3203  0.325904D+01  0.326344D+01 -0.323393D+01
  330.4698  0.295035D+01  0.300402D+01 -0.394918D+02
  330.6192  0.275732D+01  0.280531D+01 -0.366170D+02
  330.7685  0.274331D+01  0.279002D+01 -0.356417D+02
  330.9177  0.284154D+01  0.295647D+01 -0.845638D+02
  331.0669  0.293682D+01  0.307525D+01 -0.101856D+03
  331.2160  0.291046D+01  0.304124D+01 -0.962214D+02
  331.3651  0.283392D+01  0.291994D+01 -0.632868D+02
  331.5141  0.283516D+01  0.286104D+01 -0.190397D+02
  331.6630  0.296572D+01  0.295368D+01  0.886251D+01
  331.8118  0.314543D+01  0.308964D+01  0.396366D+02
  331.9606  0.323302D+01  0.312022D+01  0.801381D+02
  332.1093  0.316740D+01  0.301953D+01  0.108798D+03
  332.2580  0.302393D+01  0.287536D+01  0.109321D+03
  332.4066  0.299805D+01  0.288538D+01  0.800462D+02
  332.5551  0.311791D+01  0.308852D+01  0.208783D+02
  332.7036  0.321298D+01  0.323167D+01 -0.132789D+02
  332.8519  0.314777D+01  0.320572D+01 -0.397956D+02
  333.0003  0.305139D+01  0.321616D+01 -0.117052D+03
   31 330.021 334.480 332.251  2.589D-01  0.000D+00 -1.056D-02  0.000D+00  1.828D+00  5.537D+01 10300  1.969D-02
  330.0212  0.363398D+01  0.357345D+01  0.415638D+02
  330.1708  0.352490D+01  0.348949D+01  0.243155D+02
  330.3203  0.325904D+01  0.323964D+01  0.142738D+02
  330.4698  0.295035D+01  0.297382D+01 -0.172698D+02
  330.6192  0.275732D+01  0.276695D+01 -0.734817D+01
  330.7685  0.274331D+01  0.272654D+01  0.127983D+02
  330.9177  0.284154D+01  0.288619D+01 -0.328463D+02
  331.0669  0.293682D+01  0.303310D+01 -0.708426D+02
  331.2160  0.291046D+01  0.303499D+01 -0.916277D+02
  331.3651  0.283392D+01  0.293538D+01 -0.746476D+02
  331.5141  0.283516D+01  0.287380D+01 -0.284303D+02
  331.6630  0.296572D+01  0.296088D+01  0.356171D+01
  331.8118  0.314543D+01  0.311222D+01  0.235980D+02
  331.9606  0.323302D+01  0.316591D+01  0.476759D+02
  332.1093  0.316740D+01  0.307630D+01  0.670325D+02
  332.2580  0.302393D+01  0.291882D+01  0.773421D+02
  332.4066  0.299805D+01  0.288028D+01  0.836698D+02
  332.5551  0.311791D+01  0.303750D+01  0.571214D+02
  332.7036  0.321298D+01  0.316072D+01  0.371291D+02
  332.8519  0.314777D+01  0.309942D+01  0.332017D+02
  333.0003  0.305139D+01  0.303008D+01  0.151375D+02
  333.1485  0.307851D+01  0.309182D+01 -0.945888D+01
  333.2967  0.311955D+01  0.316043D+01 -0.290360D+02
  333.4449  0.300574D+01  0.305877D+01 -0.376691D+02
  333.5929  0.275409D+01  0.282722D+01 -0.538045D+02
  333.7409  0.262181D+01  0.272495D+01 -0.758842D+02
  333.8889  0.268922D+01  0.283578D+01 -0.107832D+03
  334.0367  0.284422D+01  0.295197D+01 -0.765467D+02
  334.1845  0.296778D+01  0.298070D+01 -0.917660D+01
  334.3322  0.309889D+01  0.302123D+01  0.533312D+02
  334.4799  0.326659D+01  0.309798D+01  0.115794D+03
   24 331.514 334.923 333.218  2.620D-01  0.000D+00 -6.111D-03  0.000D+00  1.852D+00  1.831D+01 10300  7.289D-03
  331.5141  0.283516D+01  0.281115D+01  0.176665D+02
  331.6630  0.296572D+01  0.296252D+01  0.235523D+01
  331.8118  0.314543D+01  0.316467D+01 -0.136655D+02
  331.9606  0.323302D+01  0.325680D+01 -0.168870D+02
  332.1093  0.316740D+01  0.318608D+01 -0.137416D+02
  332.2580  0.302393D+01  0.302925D+01 -0.391102D+01
  332.4066  0.299805D+01  0.297642D+01  0.153707D+02
  332.5551  0.311791D+01  0.311214D+01  0.409726D+01
  332.7036  0.321298D+01  0.321582D+01 -0.201783D+01
  332.8519  0.314777D+01  0.313322D+01  0.999024D+01
  333.0003  0.305139D+01  0.303435D+01  0.121028D+02
  333.1485  0.307851D+01  0.306138D+01  0.121682D+02
  333.2967  0.311955D+01  0.310178D+01  0.126281D+02
  333.4449  0.300574D+01  0.298792D+01  0.126634D+02
  333.5929  0.275409D+01  0.275558D+01 -0.109703D+01
  333.7409  0.262181D+01  0.264840D+01 -0.195598D+02
  333.8889  0.268922D+01  0.275540D+01 -0.486902D+02
  334.0367  0.284422D+01  0.289184D+01 -0.338254D+02
  334.1845  0.296778D+01  0.296307D+01  0.335003D+01
  334.3322  0.309889D+01  0.306366D+01  0.241946D+02
  334.4799  0.326659D+01  0.322742D+01  0.269019D+02
  334.6275  0.336173D+01  0.332891D+01  0.218126D+02
  334.7750  0.324806D+01  0.325731D+01 -0.635459D+01
  334.9225  0.306601D+01  0.309325D+01 -0.187052D+02
