 rad_fit_vary
           0
 T T
nwave fwave lwave wave    hwe     asym  shift    squeeze      sin      rms   exval 
   31 264.151 275.103 269.627  5.034D-01  0.000D+00  1.546D-02  0.000D+00  3.662D-03  2.600D+00 10000  3.998D-02
  264.1512  0.196571D-02  0.187756D-02  0.325179D+01
  264.5195  0.176853D-02  0.177136D-02 -0.113698D+00
  264.8865  0.158966D-02  0.152244D-02  0.304148D+01
  265.2524  0.153855D-02  0.149243D-02  0.228317D+01
  265.6170  0.151300D-02  0.157949D-02 -0.350110D+01
  265.9805  0.143444D-02  0.152441D-02 -0.496285D+01
  266.3429  0.133879D-02  0.138468D-02 -0.268477D+01
  266.7041  0.130529D-02  0.130704D-02 -0.106362D+00
  267.0643  0.131254D-02  0.130555D-02  0.431129D+00
  267.7815  0.127490D-02  0.130615D-02 -0.194579D+01
  268.1385  0.129217D-02  0.125181D-02  0.254073D+01
  268.4947  0.125902D-02  0.124478D-02  0.916627D+00
  268.8498  0.123554D-02  0.122497D-02  0.665553D+00
  269.2040  0.125488D-02  0.120583D-02  0.292865D+01
  269.5573  0.122138D-02  0.121943D-02  0.118951D+00
  269.9097  0.131444D-02  0.130256D-02  0.756409D+00
  270.2612  0.147950D-02  0.142343D-02  0.349184D+01
  270.6119  0.143202D-02  0.145055D-02 -0.114137D+01
  270.9618  0.138420D-02  0.140333D-02 -0.120436D+01
  271.3109  0.135035D-02  0.133407D-02  0.103647D+01
  271.6591  0.128941D-02  0.118666D-02  0.626434D+01
  272.0067  0.938221D-03  0.102145D-02 -0.554088D+01
  272.3535  0.974652D-03  0.102045D-02 -0.301445D+01
  272.6995  0.113419D-02  0.118061D-02 -0.295437D+01
  273.0449  0.128682D-02  0.131302D-02 -0.164988D+01
  273.3895  0.120049D-02  0.122722D-02 -0.168287D+01
  273.7335  0.100539D-02  0.999721D-03  0.360488D+00
  274.0769  0.816843D-03  0.816175D-03  0.439344D-01
  274.4196  0.766254D-03  0.730480D-03  0.238158D+01
  274.7617  0.739320D-03  0.724994D-03  0.942847D+00
  275.1032  0.827030D-03  0.797016D-03  0.188952D+01
   31 268.139 278.488 273.314  4.441D-01  0.000D+00  4.071D-02  0.000D+00  3.902D-03  1.888D+00 10300  2.953D-02
  268.1385  0.129217D-02  0.126352D-02  0.180332D+01
  268.4947  0.125902D-02  0.127644D-02 -0.112080D+01
  268.8498  0.123554D-02  0.126140D-02 -0.162822D+01
  269.2040  0.125488D-02  0.123546D-02  0.115922D+01
  269.5573  0.122138D-02  0.123888D-02 -0.106685D+01
  269.9097  0.131444D-02  0.131110D-02  0.212937D+00
  270.2612  0.147950D-02  0.145092D-02  0.177978D+01
  270.6119  0.143202D-02  0.147310D-02 -0.253109D+01
  270.9618  0.138420D-02  0.140384D-02 -0.123675D+01
  271.3109  0.135035D-02  0.134038D-02  0.634928D+00
  271.6591  0.128941D-02  0.118817D-02  0.617210D+01
  272.0067  0.938221D-03  0.985274D-03 -0.313242D+01
  272.3535  0.974652D-03  0.965568D-03  0.597897D+00
  272.6995  0.113419D-02  0.113410D-02  0.546976D-02
  273.0449  0.128682D-02  0.130594D-02 -0.120378D+01
  273.3895  0.120049D-02  0.123177D-02 -0.196930D+01
  273.7335  0.100539D-02  0.991765D-03  0.866844D+00
  274.0769  0.816843D-03  0.807981D-03  0.583229D+00
  274.4196  0.766254D-03  0.730406D-03  0.238649D+01
  274.7617  0.739320D-03  0.732909D-03  0.421949D+00
  275.1032  0.827030D-03  0.827152D-03 -0.772165D-02
  275.4441  0.935977D-03  0.970626D-03 -0.215785D+01
  275.7844  0.119289D-02  0.114060D-02  0.305910D+01
  276.1242  0.136503D-02  0.136663D-02 -0.919266D-01
  276.4635  0.147035D-02  0.148555D-02 -0.854524D+00
  276.8022  0.148572D-02  0.153105D-02 -0.245386D+01
  277.1404  0.156359D-02  0.155376D-02  0.517395D+00
  277.4782  0.157222D-02  0.153471D-02  0.197486D+01
  277.8154  0.130633D-02  0.133776D-02 -0.165512D+01
  278.1522  0.113471D-02  0.113621D-02 -0.763588D-01
  278.4885  0.107600D-02  0.105671D-02  0.101599D+01
   31 271.659 281.829 276.744  4.366D-01  0.000D+00  3.099D-02  0.000D+00  4.169D-03  1.684D+00 10300  2.640D-02
  271.6591  0.128941D-02  0.122138D-02  0.414726D+01
  272.0067  0.938221D-03  0.999855D-03 -0.410308D+01
  272.3535  0.974652D-03  0.979212D-03 -0.300098D+00
  272.6995  0.113419D-02  0.114783D-02 -0.868127D+00
  273.0449  0.128682D-02  0.131380D-02 -0.169901D+01
  273.3895  0.120049D-02  0.122426D-02 -0.149654D+01
  273.7335  0.100539D-02  0.977343D-03  0.178475D+01
  274.0769  0.816843D-03  0.795367D-03  0.141345D+01
  274.4196  0.766254D-03  0.720834D-03  0.302375D+01
  274.7617  0.739320D-03  0.724570D-03  0.970787D+00
  275.1032  0.827030D-03  0.821143D-03  0.370583D+00
  275.4441  0.935977D-03  0.964197D-03 -0.175750D+01
  275.7844  0.119289D-02  0.113570D-02  0.334564D+01
  276.1242  0.136503D-02  0.136451D-02  0.300989D-01
  276.4635  0.147035D-02  0.148247D-02 -0.681678D+00
  276.8022  0.148572D-02  0.153009D-02 -0.240175D+01
  277.1404  0.156359D-02  0.155858D-02  0.263679D+00
  277.4782  0.157222D-02  0.154412D-02  0.147942D+01
  277.8154  0.130633D-02  0.134381D-02 -0.197377D+01
  278.1522  0.113471D-02  0.114600D-02 -0.573904D+00
  278.4885  0.107600D-02  0.107506D-02  0.494430D-01
  278.8244  0.961357D-03  0.957911D-03  0.181475D+00
  279.1598  0.767290D-03  0.740156D-03  0.144180D+01
  279.4948  0.553678D-03  0.571675D-03 -0.980539D+00
  279.8294  0.514088D-03  0.511531D-03  0.143766D+00
  280.1636  0.518473D-03  0.525094D-03 -0.377387D+00
  280.4975  0.639696D-03  0.634838D-03  0.267986D+00
  280.8309  0.890395D-03  0.885568D-03  0.268830D+00
  281.1639  0.121465D-02  0.120840D-02  0.344361D+00
  281.4966  0.158897D-02  0.156805D-02  0.107194D+01
  281.8290  0.190648D-02  0.192476D-02 -0.928234D+00
   31 275.103 285.134 280.119  4.155D-01  0.000D+00  1.132D-02  0.000D+00  4.819D-03  1.680D+00 10300  1.965D-02
  275.1032  0.827030D-03  0.807767D-03  0.121270D+01
  275.4441  0.935977D-03  0.955103D-03 -0.119116D+01
  275.7844  0.119289D-02  0.113401D-02  0.344487D+01
  276.1242  0.136503D-02  0.137399D-02 -0.513850D+00
  276.4635  0.147035D-02  0.148821D-02 -0.100400D+01
  276.8022  0.148572D-02  0.153446D-02 -0.263827D+01
  277.1404  0.156359D-02  0.156829D-02 -0.247849D+00
  277.4782  0.157222D-02  0.155450D-02  0.932902D+00
  277.8154  0.130633D-02  0.133423D-02 -0.146892D+01
  278.1522  0.113471D-02  0.113742D-02 -0.137853D+00
  278.4885  0.107600D-02  0.107799D-02 -0.104683D+00
  278.8244  0.961357D-03  0.953189D-03  0.430070D+00
  279.1598  0.767290D-03  0.723245D-03  0.234040D+01
  279.4948  0.553678D-03  0.558305D-03 -0.252061D+00
  279.8294  0.514088D-03  0.504576D-03  0.534860D+00
  280.1636  0.518473D-03  0.518987D-03 -0.292661D-01
  280.4975  0.639696D-03  0.630465D-03  0.509209D+00
  280.8309  0.890395D-03  0.885462D-03  0.274706D+00
  281.1639  0.121465D-02  0.119977D-02  0.820380D+00
  281.4966  0.158897D-02  0.154915D-02  0.204097D+01
  281.8290  0.190648D-02  0.188842D-02  0.917846D+00
  282.1610  0.217859D-02  0.214276D-02  0.182038D+01
  282.4926  0.229842D-02  0.229748D-02  0.475656D-01
  282.8239  0.247884D-02  0.245671D-02  0.111498D+01
  283.1549  0.260851D-02  0.265570D-02 -0.235626D+01
  283.4856  0.256707D-02  0.265906D-02 -0.459288D+01
  283.8160  0.257726D-02  0.261803D-02 -0.201846D+01
  284.1460  0.258935D-02  0.254777D-02  0.207597D+01
  284.4758  0.225163D-02  0.224789D-02  0.195058D+00
  284.8052  0.174091D-02  0.168437D-02  0.311857D+01
  285.1344  0.108360D-02  0.108438D-02 -0.458682D-01
   31 278.488 288.411 283.450  4.078D-01  0.000D+00  1.007D-02  0.000D+00  5.571D-03  1.716D+00 10300  1.142D-02
  278.4885  0.107600D-02  0.109146D-02 -0.813941D+00
  278.8244  0.961357D-03  0.966464D-03 -0.268877D+00
  279.1598  0.767290D-03  0.730725D-03  0.194294D+01
  279.4948  0.553678D-03  0.563709D-03 -0.546552D+00
  279.8294  0.514088D-03  0.510297D-03  0.213191D+00
  280.1636  0.518473D-03  0.524425D-03 -0.339289D+00
  280.4975  0.639696D-03  0.636152D-03  0.195489D+00
  280.8309  0.890395D-03  0.895263D-03 -0.271121D+00
  281.1639  0.121465D-02  0.121129D-02  0.185207D+00
  281.4966  0.158897D-02  0.156223D-02  0.137059D+01
  281.8290  0.190648D-02  0.190186D-02  0.234719D+00
  282.1610  0.217859D-02  0.215390D-02  0.125432D+01
  282.4926  0.229842D-02  0.230322D-02 -0.244006D+00
  282.8239  0.247884D-02  0.245845D-02  0.102735D+01
  283.1549  0.260851D-02  0.265798D-02 -0.247004D+01
  283.4856  0.256707D-02  0.265306D-02 -0.429333D+01
  283.8160  0.257726D-02  0.260891D-02 -0.156662D+01
  284.1460  0.258935D-02  0.253948D-02  0.248971D+01
  284.4758  0.225163D-02  0.223818D-02  0.701792D+00
  284.8052  0.174091D-02  0.167330D-02  0.372930D+01
  285.1344  0.108360D-02  0.106580D-02  0.104134D+01
  285.4633  0.111709D-02  0.108544D-02  0.183357D+01
  285.7918  0.188939D-02  0.183799D-02  0.270626D+01
  286.1201  0.273369D-02  0.272513D-02  0.416613D+00
  286.4482  0.321126D-02  0.323420D-02 -0.107135D+01
  286.7759  0.331986D-02  0.339575D-02 -0.348843D+01
  287.1034  0.366086D-02  0.366314D-02 -0.104083D+00
  287.4306  0.380330D-02  0.380051D-02  0.123377D+00
  287.7575  0.343692D-02  0.338666D-02  0.209445D+01
  288.0841  0.274560D-02  0.278884D-02 -0.185486D+01
  288.4105  0.314444D-02  0.312342D-02  0.901605D+00
   31 281.829 291.659 286.744  4.029D-01  0.000D+00  7.032D-03  0.000D+00  6.562D-03  2.175D+00 10300  1.214D-02
  281.8290  0.190648D-02  0.188741D-02  0.969059D+00
  282.1610  0.217859D-02  0.214210D-02  0.185394D+01
  282.4926  0.229842D-02  0.229402D-02  0.223676D+00
  282.8239  0.247884D-02  0.245409D-02  0.124650D+01
  283.1549  0.260851D-02  0.266080D-02 -0.261090D+01
  283.4856  0.256707D-02  0.265587D-02 -0.443365D+01
  283.8160  0.257726D-02  0.261587D-02 -0.191150D+01
  284.1460  0.258935D-02  0.254964D-02  0.198241D+01
  284.4758  0.225163D-02  0.224667D-02  0.258765D+00
  284.8052  0.174091D-02  0.167598D-02  0.358109D+01
  285.1344  0.108360D-02  0.106063D-02  0.134404D+01
  285.4633  0.111709D-02  0.108757D-02  0.170980D+01
  285.7918  0.188939D-02  0.185342D-02  0.189378D+01
  286.1201  0.273369D-02  0.274474D-02 -0.538113D+00
  286.4482  0.321126D-02  0.324628D-02 -0.163578D+01
  286.7759  0.331986D-02  0.339535D-02 -0.346999D+01
  287.1034  0.366086D-02  0.365997D-02  0.405663D-01
  287.4306  0.380330D-02  0.378801D-02  0.675925D+00
  287.7575  0.343692D-02  0.335910D-02  0.324285D+01
  288.0841  0.274560D-02  0.274728D-02 -0.719835D-01
  288.4105  0.314444D-02  0.308281D-02  0.264410D+01
  288.7366  0.416036D-02  0.406150D-02  0.397603D+01
  289.0624  0.452518D-02  0.452542D-02 -0.920999D-02
  289.3880  0.499982D-02  0.500765D-02 -0.302287D+00
  289.7133  0.590144D-02  0.593747D-02 -0.130445D+01
  290.0383  0.693220D-02  0.692670D-02  0.199147D+00
  290.3630  0.747607D-02  0.753980D-02 -0.230690D+01
  290.6875  0.752614D-02  0.761092D-02 -0.306867D+01
  291.0116  0.741910D-02  0.748361D-02 -0.233526D+01
  291.3355  0.770571D-02  0.761490D-02  0.309364D+01
  291.6591  0.761420D-02  0.755253D-02  0.223245D+01
   31 285.134 294.878 290.006  3.803D-01  0.000D+00  4.372D-03  0.000D+00  7.870D-03  2.230D+00 10300  7.995D-03
  285.1344  0.108360D-02  0.103913D-02  0.260156D+01
  285.4633  0.111709D-02  0.106729D-02  0.288451D+01
  285.7918  0.188939D-02  0.187029D-02  0.100588D+01
  286.1201  0.273369D-02  0.278143D-02 -0.232347D+01
  286.4482  0.321126D-02  0.327166D-02 -0.282135D+01
  286.7759  0.331986D-02  0.338847D-02 -0.315389D+01
  287.1034  0.366086D-02  0.366526D-02 -0.200723D+00
  287.4306  0.380330D-02  0.380769D-02 -0.193847D+00
  287.7575  0.343692D-02  0.335814D-02  0.328271D+01
  288.0841  0.274560D-02  0.268736D-02  0.249873D+01
  288.4105  0.314444D-02  0.305027D-02  0.403997D+01
  288.7366  0.416036D-02  0.409232D-02  0.273670D+01
  289.0624  0.452518D-02  0.451338D-02  0.465026D+00
  289.3880  0.499982D-02  0.497758D-02  0.858717D+00
  289.7133  0.590144D-02  0.593312D-02 -0.114693D+01
  290.0383  0.693220D-02  0.694150D-02 -0.336580D+00
  290.3630  0.747607D-02  0.755955D-02 -0.302177D+01
  290.6875  0.752614D-02  0.761676D-02 -0.328016D+01
  291.0116  0.741910D-02  0.746301D-02 -0.158959D+01
  291.3355  0.770571D-02  0.763916D-02  0.226729D+01
  291.6591  0.761420D-02  0.755310D-02  0.221165D+01
  291.9824  0.764873D-02  0.755327D-02  0.325220D+01
  292.3054  0.741564D-02  0.742380D-02 -0.295386D+00
  292.6280  0.688731D-02  0.695022D-02 -0.227714D+01
  292.9504  0.737938D-02  0.744008D-02 -0.219708D+01
  293.2725  0.861561D-02  0.861285D-02  0.941027D-01
  293.5942  0.838080D-02  0.834510D-02  0.121610D+01
  293.9156  0.759003D-02  0.760198D-02 -0.432786D+00
  294.2367  0.825994D-02  0.817665D-02  0.283749D+01
  294.5574  0.865360D-02  0.862197D-02  0.107738D+01
  294.8778  0.815462D-02  0.823446D-02 -0.272032D+01
   31 288.411 298.060 293.235  3.705D-01  0.000D+00  1.147D-02  0.000D+00  9.701D-03  2.205D+00 10300  5.953D-03
  288.4105  0.314444D-02  0.304188D-02  0.440005D+01
  288.7366  0.416036D-02  0.413065D-02  0.119504D+01
  289.0624  0.452518D-02  0.454422D-02 -0.750080D+00
  289.3880  0.499982D-02  0.498711D-02  0.490551D+00
  289.7133  0.590144D-02  0.594542D-02 -0.159218D+01
  290.0383  0.693220D-02  0.696131D-02 -0.105377D+01
  290.3630  0.747607D-02  0.758364D-02 -0.389394D+01
  290.6875  0.752614D-02  0.763626D-02 -0.398608D+01
  291.0116  0.741910D-02  0.745096D-02 -0.115335D+01
  291.3355  0.770571D-02  0.763330D-02  0.246689D+01
  291.6591  0.761420D-02  0.753326D-02  0.292989D+01
  291.9824  0.764873D-02  0.752494D-02  0.421756D+01
  292.3054  0.741564D-02  0.741162D-02  0.145572D+00
  292.6280  0.688731D-02  0.690395D-02 -0.602311D+00
  292.9504  0.737938D-02  0.736501D-02  0.520376D+00
  293.2725  0.861561D-02  0.859554D-02  0.684002D+00
  293.5942  0.838080D-02  0.835359D-02  0.927099D+00
  293.9156  0.759003D-02  0.755601D-02  0.123140D+01
  294.2367  0.825994D-02  0.816392D-02  0.327138D+01
  294.5574  0.865360D-02  0.867285D-02 -0.655992D+00
  294.8778  0.815462D-02  0.824795D-02 -0.317983D+01
  295.1978  0.909215D-02  0.905581D-02  0.116927D+01
  295.5175  0.983112D-02  0.987617D-02 -0.144961D+01
  295.8367  0.104613D-01  0.104936D-01 -0.985410D+00
  296.1556  0.111191D-01  0.112035D-01 -0.257261D+01
  296.4741  0.102075D-01  0.102614D-01 -0.164290D+01
  296.7922  0.841706D-02  0.842541D-02 -0.284647D+00
  297.1099  0.880899D-02  0.872344D-02  0.275260D+01
  297.4271  0.106443D-01  0.107224D-01 -0.237852D+01
  297.7439  0.132204D-01  0.132150D-01  0.149420D+00
  298.0603  0.122518D-01  0.121493D-01  0.296784D+01
   31 291.659 301.196 296.428  3.863D-01  0.000D+00  9.387D-03  0.000D+00  1.255D-02  3.244D+00 10300  7.304D-03
  291.6591  0.761420D-02  0.760881D-02  0.195117D+00
  291.9824  0.764873D-02  0.759250D-02  0.191582D+01
  292.3054  0.741564D-02  0.745329D-02 -0.136291D+01
  292.6280  0.688731D-02  0.697994D-02 -0.335290D+01
  292.9504  0.737938D-02  0.743429D-02 -0.198768D+01
  293.2725  0.861561D-02  0.857214D-02  0.148107D+01
  293.5942  0.838080D-02  0.833593D-02  0.152875D+01
  293.9156  0.759003D-02  0.760409D-02 -0.509159D+00
  294.2367  0.825994D-02  0.814035D-02  0.407420D+01
  294.5574  0.865360D-02  0.859764D-02  0.190636D+01
  294.8778  0.815462D-02  0.825897D-02 -0.355511D+01
  295.1978  0.909215D-02  0.900659D-02  0.275292D+01
  295.5175  0.983112D-02  0.982200D-02  0.293517D+00
  295.8367  0.104613D-01  0.104586D-01  0.834078D-01
  296.1556  0.111191D-01  0.111187D-01  0.121881D-01
  296.4741  0.102075D-01  0.102047D-01  0.847069D-01
  296.7922  0.841706D-02  0.851431D-02 -0.331324D+01
  297.1099  0.880899D-02  0.882299D-02 -0.450356D+00
  297.4271  0.106443D-01  0.108611D-01 -0.660814D+01
  297.7439  0.132204D-01  0.132849D-01 -0.177843D+01
  298.0603  0.122518D-01  0.123129D-01 -0.176977D+01
  298.3762  0.961185D-02  0.949176D-02  0.386408D+01
  298.6916  0.988810D-02  0.964387D-02  0.744481D+01
  299.0065  0.130926D-01  0.123707D-01  0.580738D+01
  299.3210  0.139715D-01  0.133409D-01  0.507240D+01
  299.6349  0.138592D-01  0.135316D-01  0.263533D+01
  299.9483  0.133015D-01  0.133193D-01 -0.142869D+00
  300.2611  0.116647D-01  0.121647D-01 -0.402195D+01
  300.5734  0.135933D-01  0.141436D-01 -0.436611D+01
  300.8851  0.154891D-01  0.161382D-01 -0.508009D+01
  301.1962  0.185952D-01  0.184497D-01  0.112377D+01
   31 294.878 304.271 299.574  4.061D-01  0.000D+00  6.014D-03  0.000D+00  1.761D-02  8.290D+00 10000  1.965D-02
  294.8778  0.815462D-02  0.790249D-02  0.858983D+01
  295.1978  0.909215D-02  0.888709D-02  0.659816D+01
  295.5175  0.983112D-02  0.991016D-02 -0.254320D+01
  295.8367  0.104613D-01  0.106947D-01 -0.711394D+01
  296.1556  0.111191D-01  0.113294D-01 -0.640962D+01
  296.4741  0.102075D-01  0.103835D-01 -0.536323D+01
  296.7922  0.841706D-02  0.873629D-02 -0.108761D+02
  297.1099  0.880899D-02  0.895213D-02 -0.460583D+01
  297.4271  0.106443D-01  0.108556D-01 -0.644034D+01
  297.7439  0.132204D-01  0.129431D-01  0.764882D+01
  298.0603  0.122518D-01  0.119162D-01  0.971728D+01
  298.3762  0.961185D-02  0.931934D-02  0.941201D+01
  298.6916  0.988810D-02  0.943833D-02  0.137104D+02
  299.0065  0.130926D-01  0.118794D-01  0.975930D+01
  299.3210  0.139715D-01  0.129181D-01  0.847360D+01
  299.6349  0.138592D-01  0.132629D-01  0.479719D+01
  299.9483  0.133015D-01  0.131774D-01  0.998289D+00
  300.2611  0.116647D-01  0.125151D-01 -0.684019D+01
  300.5734  0.135933D-01  0.146946D-01 -0.873729D+01
  300.8851  0.154891D-01  0.172963D-01 -0.141444D+02
  301.1962  0.185952D-01  0.203390D-01 -0.134660D+02
  301.5067  0.205117D-01  0.222319D-01 -0.131091D+02
  301.8166  0.188542D-01  0.203776D-01 -0.116093D+02
  302.1259  0.183759D-01  0.193875D-01 -0.760870D+01
  302.4345  0.247159D-01  0.251172D-01 -0.301836D+01
  302.7424  0.331071D-01  0.333806D-01 -0.200523D+01
  303.0496  0.416485D-01  0.407076D-01  0.681133D+01
  303.3561  0.473962D-01  0.466411D-01  0.533385D+01
  303.6619  0.481387D-01  0.486281D-01 -0.345704D+01
  303.9669  0.480834D-01  0.482478D-01 -0.114712D+01
  304.2712  0.549500D-01  0.533979D-01  0.107016D+02
   31 298.060 307.267 302.664  3.808D-01  0.000D+00 -2.337D-02  0.000D+00  3.575D-02  1.858D+01 10300  3.063D-02
  298.0603  0.122518D-01  0.123994D-01 -0.427420D+01
  298.3762  0.961185D-02  0.946081D-02  0.485983D+01
  298.6916  0.988810D-02  0.990775D-02 -0.598848D+00
  299.0065  0.130926D-01  0.125533D-01  0.433844D+01
  299.3210  0.139715D-01  0.130851D-01  0.712998D+01
  299.6349  0.138592D-01  0.132779D-01  0.467610D+01
  299.9483  0.133015D-01  0.128301D-01  0.379238D+01
  300.2611  0.116647D-01  0.119362D-01 -0.218387D+01
  300.5734  0.135933D-01  0.143090D-01 -0.567789D+01
  300.8851  0.154891D-01  0.165337D-01 -0.817573D+01
  301.1962  0.185952D-01  0.194915D-01 -0.692151D+01
  301.5067  0.205117D-01  0.211014D-01 -0.449350D+01
  301.8166  0.188542D-01  0.188433D-01  0.831248D-01
  302.1259  0.183759D-01  0.182436D-01  0.995544D+00
  302.4345  0.247159D-01  0.247906D-01 -0.561425D+00
  302.7424  0.331071D-01  0.332043D-01 -0.712568D+00
  303.0496  0.416485D-01  0.406938D-01  0.691137D+01
  303.3561  0.473962D-01  0.472437D-01  0.107752D+01
  303.6619  0.481387D-01  0.492674D-01 -0.797277D+01
  303.9669  0.480834D-01  0.495107D-01 -0.995984D+01
  304.2712  0.549500D-01  0.567337D-01 -0.122989D+02
  304.5746  0.661106D-01  0.660952D-01  0.111126D+00
  304.8773  0.785419D-01  0.732704D-01  0.381649D+02
  305.1791  0.919920D-01  0.871334D-01  0.312668D+02
  305.4801  0.917502D-01  0.904431D-01  0.841200D+01
  305.7802  0.834972D-01  0.828392D-01  0.423448D+01
  306.0794  0.892985D-01  0.933916D-01 -0.263404D+02
  306.3777  0.100901D+00  0.111530D+00 -0.615593D+02
  306.6750  0.113056D+00  0.118740D+00 -0.299287D+02
  306.9713  0.141769D+00  0.139425D+00  0.113137D+02
  307.2667  0.172744D+00  0.162743D+00  0.445568D+02
   30 301.196 309.876 305.536  3.945D-01  0.000D+00 -5.075D-02  0.000D+00  9.338D-02  2.551D+01 10000  4.279D-02
  301.1962  0.185952D-01  0.182557D-01  0.262222D+01
  301.5067  0.205117D-01  0.200221D-01  0.373096D+01
  301.8166  0.188542D-01  0.182190D-01  0.484050D+01
  302.1259  0.183759D-01  0.186090D-01 -0.175321D+01
  302.4345  0.247159D-01  0.254883D-01 -0.580957D+01
  302.7424  0.331071D-01  0.339553D-01 -0.621880D+01
  303.0496  0.416485D-01  0.414213D-01  0.164480D+01
  303.3561  0.473962D-01  0.476766D-01 -0.198029D+01
  303.6619  0.481387D-01  0.492210D-01 -0.764508D+01
  303.9669  0.480834D-01  0.499938D-01 -0.133310D+02
  304.2712  0.549500D-01  0.574294D-01 -0.170954D+02
  304.5746  0.661106D-01  0.661565D-01 -0.332061D+00
  304.8773  0.785419D-01  0.739547D-01  0.332103D+02
  305.1791  0.919920D-01  0.868960D-01  0.327942D+02
  305.4801  0.917502D-01  0.886086D-01  0.202174D+02
  305.7802  0.834972D-01  0.825725D-01  0.595080D+01
  306.0794  0.892985D-01  0.943052D-01 -0.322197D+02
  306.3777  0.100901D+00  0.110746D+00 -0.570180D+02
  306.6750  0.113056D+00  0.119204D+00 -0.323694D+02
  306.9713  0.141769D+00  0.140568D+00  0.579531D+01
  307.2667  0.172744D+00  0.162674D+00  0.448644D+02
  307.5611  0.190528D+00  0.177158D+00  0.516215D+02
  307.8544  0.200110D+00  0.194310D+00  0.209973D+02
  308.1466  0.206326D+00  0.210364D+00 -0.146163D+02
  308.4378  0.222780D+00  0.233037D+00 -0.330048D+02
  308.7278  0.235764D+00  0.245545D+00 -0.283242D+02
  309.0168  0.221623D+00  0.231352D+00 -0.268313D+02
  309.3045  0.218136D+00  0.223368D+00 -0.126283D+02
  309.5910  0.248800D+00  0.237002D+00  0.253079D+02
  309.8763  0.268137D+00  0.244244D+00  0.461279D+02
   20 304.271 309.876 307.074  3.965D-01  0.000D+00 -7.103D-02  0.000D+00  1.490D-01  3.013D+01   300  5.722D-02
  304.2712  0.549500D-01  0.571783D-01 -0.153639D+02
  304.5746  0.661106D-01  0.667808D-01 -0.485197D+01
  304.8773  0.785419D-01  0.755901D-01  0.213705D+02
  305.1791  0.919920D-01  0.886064D-01  0.217872D+02
  305.4801  0.917502D-01  0.890226D-01  0.175534D+02
  305.7802  0.834972D-01  0.831959D-01  0.193923D+01
  306.0794  0.892985D-01  0.956609D-01 -0.409444D+02
  306.3777  0.100901D+00  0.110636D+00 -0.563822D+02
  306.6750  0.113056D+00  0.118946D+00 -0.310137D+02
  306.9713  0.141769D+00  0.140296D+00  0.710922D+01
  307.2667  0.172744D+00  0.161045D+00  0.521228D+02
  307.5611  0.190528D+00  0.175119D+00  0.594942D+02
  307.8544  0.200110D+00  0.192215D+00  0.285784D+02
  308.1466  0.206326D+00  0.208605D+00 -0.825209D+01
  308.4378  0.222780D+00  0.232173D+00 -0.302220D+02
  308.7278  0.235764D+00  0.243928D+00 -0.236437D+02
  309.0168  0.221623D+00  0.230502D+00 -0.244862D+02
  309.3045  0.218136D+00  0.225965D+00 -0.188937D+02
  309.5910  0.248800D+00  0.242059D+00  0.144583D+02
  309.8763  0.268137D+00  0.251744D+00  0.316482D+02
   31 310.126 314.857 312.492  3.081D-01  0.000D+00  2.763D-03  0.000D+00  5.485D-01  3.507D+01 10300  2.994D-02
  310.1263  0.343778D+00  0.336007D+00  0.606207D+01
  310.2850  0.375487D+00  0.382832D+00 -0.598607D+01
  310.4437  0.473125D+00  0.470018D+00  0.261031D+01
  310.6024  0.569416D+00  0.549318D+00  0.178936D+02
  310.7609  0.629164D+00  0.602106D+00  0.246253D+02
  310.9194  0.651092D+00  0.630165D+00  0.214261D+02
  311.0778  0.644185D+00  0.638047D+00  0.628448D+01
  311.2361  0.618736D+00  0.638211D+00 -0.196941D+02
  311.3944  0.595047D+00  0.634952D+00 -0.408573D+02
  311.5526  0.571203D+00  0.618084D+00 -0.492297D+02
  311.7106  0.541748D+00  0.583740D+00 -0.446689D+02
  311.8687  0.519725D+00  0.545229D+00 -0.278531D+02
  312.0266  0.512672D+00  0.523213D+00 -0.116671D+02
  312.1845  0.535921D+00  0.532508D+00  0.375169D+01
  312.3423  0.588503D+00  0.566130D+00  0.261798D+02
  312.5000  0.637020D+00  0.598400D+00  0.421781D+02
  312.6577  0.661624D+00  0.616640D+00  0.491275D+02
  312.8152  0.682084D+00  0.634054D+00  0.524537D+02
  312.9728  0.707637D+00  0.653049D+00  0.596160D+02
  313.1302  0.713594D+00  0.664622D+00  0.534823D+02
  313.2875  0.691580D+00  0.671562D+00  0.234239D+02
  313.4448  0.667667D+00  0.689684D+00 -0.257624D+02
  313.6020  0.676127D+00  0.735227D+00 -0.691536D+02
  313.7592  0.741651D+00  0.807286D+00 -0.716814D+02
  313.9162  0.826684D+00  0.876373D+00 -0.508742D+02
  314.0732  0.890222D+00  0.901796D+00 -0.118498D+02
  314.2301  0.870798D+00  0.855496D+00  0.156679D+02
  314.3870  0.774715D+00  0.760405D+00  0.156277D+02
  314.5437  0.715148D+00  0.708165D+00  0.762624D+01
  314.7004  0.778599D+00  0.765367D+00  0.135485D+02
  314.8570  0.916035D+00  0.892541D+00  0.240547D+02
   31 311.711 316.419 314.065  2.953D-01  0.000D+00 -3.470D-02  0.000D+00  7.059D-01  4.175D+01 10300  2.829D-02
  311.7106  0.541748D+00  0.567046D+00 -0.269112D+02
  311.8687  0.519725D+00  0.531110D+00 -0.124334D+02
  312.0266  0.512672D+00  0.517369D+00 -0.519859D+01
  312.1845  0.535921D+00  0.537579D+00 -0.182304D+01
  312.3423  0.588503D+00  0.578266D+00  0.119784D+02
  312.5000  0.637020D+00  0.609864D+00  0.296571D+02
  312.6577  0.661624D+00  0.627075D+00  0.377315D+02
  312.8152  0.682084D+00  0.647722D+00  0.375275D+02
  312.9728  0.707637D+00  0.668112D+00  0.431657D+02
  313.1302  0.713594D+00  0.677478D+00  0.394428D+02
  313.2875  0.691580D+00  0.683755D+00  0.915606D+01
  313.4448  0.667667D+00  0.705229D+00 -0.439521D+02
  313.6020  0.676127D+00  0.757663D+00 -0.954067D+02
  313.7592  0.741651D+00  0.833064D+00 -0.998335D+02
  313.9162  0.826684D+00  0.894105D+00 -0.690287D+02
  314.0732  0.890222D+00  0.899150D+00 -0.914008D+01
  314.2301  0.870798D+00  0.825863D+00  0.460077D+02
  314.3870  0.774715D+00  0.717042D+00  0.629853D+02
  314.5437  0.715148D+00  0.678012D+00  0.405559D+02
  314.7004  0.778599D+00  0.753240D+00  0.259643D+02
  314.8570  0.916035D+00  0.871992D+00  0.450931D+02
  315.0135  0.100677D+01  0.959948D+00  0.479357D+02
  315.1700  0.103370D+01  0.100040D+01  0.340984D+02
  315.3264  0.100651D+01  0.100440D+01  0.215376D+01
  315.4827  0.940466D+00  0.969212D+00 -0.294319D+02
  315.6390  0.841792D+00  0.879891D+00 -0.416082D+02
  315.7952  0.736039D+00  0.767967D+00 -0.348683D+02
  315.9513  0.681220D+00  0.706423D+00 -0.275241D+02
  316.1073  0.721018D+00  0.738139D+00 -0.186980D+02
  316.2632  0.841706D+00  0.838556D+00  0.322515D+01
  316.4191  0.975602D+00  0.943526D+00  0.328413D+02
   31 313.288 317.974 315.631  3.200D-01  0.000D+00 -4.792D-02  0.000D+00  8.755D-01  3.775D+01   300  2.361D-02
  313.2875  0.691580D+00  0.625649D+00  0.771473D+02
  313.4448  0.667667D+00  0.665838D+00  0.214017D+01
  313.6020  0.676127D+00  0.730670D+00 -0.638224D+02
  313.7592  0.741651D+00  0.810551D+00 -0.752475D+02
  313.9162  0.826684D+00  0.872215D+00 -0.466172D+02
  314.0732  0.890222D+00  0.877923D+00  0.125933D+02
  314.2301  0.870798D+00  0.813456D+00  0.587103D+02
  314.3870  0.774715D+00  0.726529D+00  0.526238D+02
  314.5437  0.715148D+00  0.704996D+00  0.110872D+02
  314.7004  0.778599D+00  0.777202D+00  0.143061D+01
  314.8570  0.916035D+00  0.887596D+00  0.291171D+02
  315.0135  0.100677D+01  0.971514D+00  0.360935D+02
  315.1700  0.103370D+01  0.101107D+01  0.231754D+02
  315.3264  0.100651D+01  0.101076D+01 -0.435478D+01
  315.4827  0.940466D+00  0.967631D+00 -0.278134D+02
  315.6390  0.841792D+00  0.877645D+00 -0.391558D+02
  315.7952  0.736039D+00  0.776668D+00 -0.443711D+02
  315.9513  0.681220D+00  0.726549D+00 -0.495043D+02
  316.1073  0.721018D+00  0.760600D+00 -0.432277D+02
  316.2632  0.841706D+00  0.853628D+00 -0.122072D+02
  316.4191  0.975602D+00  0.952125D+00  0.240368D+02
  316.5750  0.108187D+01  0.102884D+01  0.542990D+02
  316.7307  0.114835D+01  0.109599D+01  0.536031D+02
  316.8864  0.120178D+01  0.118214D+01  0.201129D+02
  317.0419  0.127844D+01  0.129253D+01 -0.144272D+02
  317.1974  0.137850D+01  0.139096D+01 -0.127576D+02
  317.3529  0.143194D+01  0.143518D+01 -0.332195D+01
  317.5083  0.140440D+01  0.142499D+01 -0.210817D+02
  317.6636  0.134414D+01  0.136141D+01 -0.176868D+02
  317.8188  0.124184D+01  0.123157D+01  0.105160D+02
  317.9739  0.109853D+01  0.108166D+01  0.172787D+02
   31 314.857 319.522 317.189  2.674D-01  0.000D+00 -4.193D-02  0.000D+00  9.889D-01  5.126D+01   300  2.541D-02
  314.8570  0.916035D+00  0.924074D+00 -0.823064D+01
  315.0135  0.100677D+01  0.999814D+00  0.711820D+01
  315.1700  0.103370D+01  0.102129D+01  0.127042D+02
  315.3264  0.100651D+01  0.101440D+01 -0.808217D+01
  315.4827  0.940466D+00  0.971632D+00 -0.319097D+02
  315.6390  0.841792D+00  0.869591D+00 -0.303592D+02
  315.7952  0.736039D+00  0.740879D+00 -0.528505D+01
  315.9513  0.681220D+00  0.675752D+00  0.597267D+01
  316.1073  0.721018D+00  0.717012D+00  0.437550D+01
  316.2632  0.841706D+00  0.828856D+00  0.131567D+02
  316.4191  0.975602D+00  0.939336D+00  0.371311D+02
  316.5750  0.108187D+01  0.101063D+01  0.729454D+02
  316.7307  0.114835D+01  0.107010D+01  0.801173D+02
  316.8864  0.120178D+01  0.115371D+01  0.492168D+02
  317.0419  0.127844D+01  0.128531D+01 -0.703128D+01
  317.1974  0.137850D+01  0.141401D+01 -0.363596D+02
  317.3529  0.143194D+01  0.146407D+01 -0.328968D+02
  317.5083  0.140440D+01  0.146136D+01 -0.583242D+02
  317.6636  0.134414D+01  0.142346D+01 -0.812130D+02
  317.8188  0.124184D+01  0.128648D+01 -0.457095D+02
  317.9739  0.109853D+01  0.109668D+01  0.189317D+01
  318.1290  0.998824D+00  0.100169D+01 -0.293184D+01
  318.2841  0.103146D+01  0.103939D+01 -0.812174D+01
  318.4390  0.115940D+01  0.115385D+01  0.568204D+01
  318.5939  0.130685D+01  0.129212D+01  0.150788D+02
  318.7487  0.145887D+01  0.143233D+01  0.241548D+02
  318.9034  0.159769D+01  0.153775D+01  0.545515D+02
  319.0580  0.161400D+01  0.150161D+01  0.102286D+03
  319.2126  0.145006D+01  0.134561D+01  0.100658D+03
  319.3671  0.125738D+01  0.128233D+01 -0.240424D+02
  319.5216  0.121775D+01  0.137772D+01 -0.154150D+03
   31 316.419 321.062 318.741  2.725D-01  0.000D+00  2.176D-02  0.000D+00  1.128D+00  8.236D+01 10300  4.280D-02
  316.4191  0.975602D+00  0.953980D+00  0.221372D+02
  316.5750  0.108187D+01  0.103883D+01  0.440690D+02
  316.7307  0.114835D+01  0.109533D+01  0.542845D+02
  316.8864  0.120178D+01  0.116110D+01  0.416500D+02
  317.0419  0.127844D+01  0.126915D+01  0.951117D+01
  317.1974  0.137850D+01  0.140276D+01 -0.248410D+02
  317.3529  0.143194D+01  0.147999D+01 -0.492015D+02
  317.5083  0.140440D+01  0.148332D+01 -0.808079D+02
  317.6636  0.134414D+01  0.145446D+01 -0.112948D+03
  317.8188  0.124184D+01  0.135305D+01 -0.113866D+03
  317.9739  0.109853D+01  0.116442D+01 -0.674557D+02
  318.1290  0.998824D+00  0.101395D+01 -0.154858D+02
  318.2841  0.103146D+01  0.994039D+00  0.383101D+02
  318.4390  0.115940D+01  0.107380D+01  0.876350D+02
  318.5939  0.130685D+01  0.119576D+01  0.113731D+03
  318.7487  0.145887D+01  0.132411D+01  0.122644D+03
  318.9034  0.159769D+01  0.143819D+01  0.145158D+03
  319.0580  0.161400D+01  0.145938D+01  0.140722D+03
  319.2126  0.145006D+01  0.133638D+01  0.109552D+03
  319.3671  0.125738D+01  0.121526D+01  0.405872D+02
  319.5216  0.121775D+01  0.124276D+01 -0.240965D+02
  319.6760  0.131729D+01  0.136544D+01 -0.438224D+02
  319.8303  0.143522D+01  0.151075D+01 -0.687458D+02
  319.9845  0.150160D+01  0.162393D+01 -0.111330D+03
  320.1386  0.153234D+01  0.167917D+01 -0.133637D+03
  320.2927  0.161141D+01  0.173953D+01 -0.116600D+03
  320.4467  0.176266D+01  0.183073D+01 -0.586868D+02
  320.6006  0.189647D+01  0.189662D+01 -0.120687D+00
  320.7545  0.192211D+01  0.187783D+01  0.362732D+02
  320.9083  0.183026D+01  0.174549D+01  0.730833D+02
  321.0621  0.166442D+01  0.154743D+01  0.100867D+03
   31 317.974 322.595 320.285  2.716D-01  0.000D+00  2.075D-02  0.000D+00  1.272D+00  8.698D+01 10300  4.446D-02
  317.9739  0.109853D+01  0.123456D+01 -0.139268D+03
  318.1290  0.998824D+00  0.106308D+01 -0.657878D+02
  318.2841  0.103146D+01  0.103353D+01 -0.212657D+01
  318.4390  0.115940D+01  0.110882D+01  0.517778D+02
  318.5939  0.130685D+01  0.122733D+01  0.814101D+02
  318.7487  0.145887D+01  0.135256D+01  0.967567D+02
  318.9034  0.159769D+01  0.146397D+01  0.121699D+03
  319.0580  0.161400D+01  0.148124D+01  0.120824D+03
  319.2126  0.145006D+01  0.135266D+01  0.938663D+02
  319.3671  0.125738D+01  0.122875D+01  0.275883D+02
  319.5216  0.121775D+01  0.125750D+01 -0.382991D+02
  319.6760  0.131729D+01  0.138242D+01 -0.592721D+02
  319.8303  0.143522D+01  0.153015D+01 -0.864001D+02
  319.9845  0.150160D+01  0.164523D+01 -0.130714D+03
  320.1386  0.153234D+01  0.170130D+01 -0.153773D+03
  320.2927  0.161141D+01  0.176311D+01 -0.138055D+03
  320.4467  0.176266D+01  0.185603D+01 -0.804986D+02
  320.6006  0.189647D+01  0.192225D+01 -0.211165D+02
  320.7545  0.192211D+01  0.190126D+01  0.170775D+02
  320.9083  0.183026D+01  0.176401D+01  0.571135D+02
  321.0621  0.166442D+01  0.155996D+01  0.900640D+02
  321.2157  0.151265D+01  0.139174D+01  0.104250D+03
  321.3693  0.144955D+01  0.132457D+01  0.113737D+03
  321.5228  0.149452D+01  0.136927D+01  0.107995D+03
  321.6763  0.161426D+01  0.149616D+01  0.101826D+03
  321.8297  0.172260D+01  0.165042D+01  0.622358D+02
  321.9829  0.175196D+01  0.177019D+01 -0.157204D+02
  322.1362  0.168315D+01  0.177353D+01 -0.779237D+02
  322.2893  0.158897D+01  0.167354D+01 -0.729211D+02
  322.4424  0.153406D+01  0.157052D+01 -0.314320D+02
  322.5955  0.146310D+01  0.146641D+01 -0.285002D+01
   31 319.522 324.122 321.822  4.168D-01  0.000D+00 -7.880D-04  0.000D+00  1.338D+00  6.755D+01   304  5.203D-02
  319.5216  0.121775D+01  0.113850D+01  0.763709D+02
  319.6760  0.131729D+01  0.126558D+01  0.470586D+02
  319.8303  0.143522D+01  0.140971D+01  0.232103D+02
  319.9845  0.150160D+01  0.154627D+01 -0.406487D+02
  320.1386  0.153234D+01  0.166388D+01 -0.119715D+03
  320.2927  0.161141D+01  0.176262D+01 -0.137613D+03
  320.4467  0.176266D+01  0.183511D+01 -0.624623D+02
  320.6006  0.189647D+01  0.186272D+01  0.276413D+02
  320.7545  0.192211D+01  0.182482D+01  0.796903D+02
  320.9083  0.183026D+01  0.172280D+01  0.926456D+02
  321.0621  0.166442D+01  0.159361D+01  0.610519D+02
  321.2157  0.151265D+01  0.148515D+01  0.237090D+02
  321.3693  0.144955D+01  0.143989D+01  0.879034D+01
  321.5228  0.149452D+01  0.146581D+01  0.247582D+02
  321.6763  0.161426D+01  0.154607D+01  0.587974D+02
  321.8297  0.172260D+01  0.163897D+01  0.721059D+02
  321.9829  0.175196D+01  0.170315D+01  0.420822D+02
  322.1362  0.168315D+01  0.171299D+01 -0.257267D+02
  322.2893  0.158897D+01  0.167152D+01 -0.711776D+02
  322.4424  0.153406D+01  0.160049D+01 -0.572714D+02
  322.5955  0.146310D+01  0.152009D+01 -0.491325D+02
  322.7484  0.135381D+01  0.145311D+01 -0.856166D+02
  322.9013  0.128828D+01  0.142114D+01 -0.120910D+03
  323.0541  0.138169D+01  0.143881D+01 -0.519852D+02
  323.2068  0.156221D+01  0.149013D+01  0.621407D+02
  323.3595  0.168160D+01  0.155220D+01  0.111571D+03
  323.5121  0.170025D+01  0.161402D+01  0.743440D+02
  323.6647  0.172735D+01  0.169174D+01  0.307072D+02
  323.8171  0.182818D+01  0.180377D+01  0.199951D+02
  323.9695  0.195163D+01  0.194955D+01  0.170410D+01
  324.1219  0.203537D+01  0.211320D+01 -0.607101D+02
   31 321.062 325.641 323.352  2.573D-01  0.000D+00 -8.001D-02  0.000D+00  1.424D+00  5.291D+01   300  3.221D-02
  321.0621  0.166442D+01  0.164853D+01  0.137016D+02
  321.2157  0.151265D+01  0.146195D+01  0.437164D+02
  321.3693  0.144955D+01  0.142104D+01  0.259482D+02
  321.5228  0.149452D+01  0.149414D+01  0.330232D+00
  321.6763  0.161426D+01  0.162223D+01 -0.687000D+01
  321.8297  0.172260D+01  0.175166D+01 -0.250536D+02
  321.9829  0.175196D+01  0.179859D+01 -0.402113D+02
  322.1362  0.168315D+01  0.171881D+01 -0.307430D+02
  322.2893  0.158897D+01  0.162124D+01 -0.278258D+02
  322.4424  0.153406D+01  0.155526D+01 -0.182803D+02
  322.5955  0.146310D+01  0.145605D+01  0.607898D+01
  322.7484  0.135381D+01  0.135298D+01  0.714353D+00
  322.9013  0.128828D+01  0.133822D+01 -0.454424D+02
  323.0541  0.138169D+01  0.145088D+01 -0.629632D+02
  323.2068  0.156221D+01  0.157759D+01 -0.132670D+02
  323.3595  0.168160D+01  0.159191D+01  0.773314D+02
  323.5121  0.170025D+01  0.157473D+01  0.108217D+03
  323.6647  0.172735D+01  0.163807D+01  0.769768D+02
  323.8171  0.182818D+01  0.176187D+01  0.543188D+02
  323.9695  0.195163D+01  0.189631D+01  0.453155D+02
  324.1219  0.203537D+01  0.200188D+01  0.261260D+02
  324.2741  0.206283D+01  0.204760D+01  0.118740D+02
  324.4263  0.207327D+01  0.208215D+01 -0.692596D+01
  324.5784  0.205903D+01  0.208902D+01 -0.233983D+02
  324.7305  0.197822D+01  0.199697D+01 -0.146234D+02
  324.8824  0.182706D+01  0.190267D+01 -0.651894D+02
  325.0344  0.175567D+01  0.189713D+01 -0.115871D+03
  325.1862  0.183052D+01  0.194111D+01 -0.905851D+02
  325.3380  0.197797D+01  0.201676D+01 -0.317749D+02
  325.4897  0.215235D+01  0.212275D+01  0.230869D+02
  325.6413  0.234719D+01  0.217866D+01  0.125492D+03
   31 322.595 327.154 324.875  2.302D-01  0.000D+00 -6.907D-03  0.000D+00  1.512D+00  6.480D+01 10300  3.217D-02
  322.5955  0.146310D+01  0.147838D+01 -0.131739D+02
  322.7484  0.135381D+01  0.139093D+01 -0.320089D+02
  322.9013  0.128828D+01  0.133480D+01 -0.423361D+02
  323.0541  0.138169D+01  0.140876D+01 -0.246373D+02
  323.2068  0.156221D+01  0.159971D+01 -0.323352D+02
  323.3595  0.168160D+01  0.167587D+01  0.493848D+01
  323.5121  0.170025D+01  0.161979D+01  0.693699D+02
  323.6647  0.172735D+01  0.162689D+01  0.866148D+02
  323.8171  0.182818D+01  0.173077D+01  0.797872D+02
  323.9695  0.195163D+01  0.185524D+01  0.789575D+02
  324.1219  0.203537D+01  0.197769D+01  0.450019D+02
  324.2741  0.206283D+01  0.203374D+01  0.226919D+02
  324.4263  0.207327D+01  0.204264D+01  0.238947D+02
  324.5784  0.205903D+01  0.208776D+01 -0.224116D+02
  324.7305  0.197822D+01  0.204264D+01 -0.502488D+02
  324.8824  0.182706D+01  0.191124D+01 -0.725762D+02
  325.0344  0.175567D+01  0.188237D+01 -0.103777D+03
  325.1862  0.183052D+01  0.194690D+01 -0.953267D+02
  325.3380  0.197797D+01  0.204742D+01 -0.568905D+02
  325.4897  0.215235D+01  0.221779D+01 -0.510520D+02
  325.6413  0.234719D+01  0.243498D+01 -0.653657D+02
  325.7928  0.253289D+01  0.256359D+01 -0.228614D+02
  325.9444  0.267257D+01  0.264514D+01  0.195371D+02
  326.0958  0.276908D+01  0.268448D+01  0.602555D+02
  326.2471  0.278359D+01  0.264741D+01  0.969893D+02
  326.3984  0.271823D+01  0.256863D+01  0.106557D+03
  326.5497  0.269182D+01  0.253318D+01  0.112990D+03
  326.7008  0.276934D+01  0.268758D+01  0.582319D+02
  326.8519  0.286776D+01  0.287506D+01 -0.520379D+01
  327.0029  0.282632D+01  0.290308D+01 -0.546727D+02
  327.1539  0.268180D+01  0.285230D+01 -0.121437D+03
   31 324.122 328.660 326.391  2.166D-01  0.000D+00  4.992D-02  0.000D+00  1.589D+00  6.599D+01 10000  3.586D-02
  324.1219  0.203537D+01  0.194995D+01  0.666356D+02
  324.2741  0.206283D+01  0.202121D+01  0.324654D+02
  324.4263  0.207327D+01  0.200754D+01  0.512767D+02
  324.5784  0.205903D+01  0.204111D+01  0.139742D+02
  324.7305  0.197822D+01  0.205729D+01 -0.616774D+02
  324.8824  0.182706D+01  0.192508D+01 -0.845115D+02
  325.0344  0.175567D+01  0.184964D+01 -0.769685D+02
  325.1862  0.183052D+01  0.190577D+01 -0.616399D+02
  325.3380  0.197797D+01  0.200417D+01 -0.214614D+02
  325.4897  0.215235D+01  0.215092D+01  0.111875D+01
  325.6413  0.234719D+01  0.239414D+01 -0.349574D+02
  325.7928  0.253289D+01  0.257825D+01 -0.337785D+02
  325.9444  0.267257D+01  0.267055D+01  0.143294D+01
  326.0958  0.276908D+01  0.274610D+01  0.163709D+02
  326.2471  0.278359D+01  0.272480D+01  0.418723D+02
  326.3984  0.271823D+01  0.264403D+01  0.528521D+02
  326.5497  0.269182D+01  0.253447D+01  0.112070D+03
  326.7008  0.276934D+01  0.258645D+01  0.130265D+03
  326.8519  0.286776D+01  0.277093D+01  0.689653D+02
  327.0029  0.282632D+01  0.280321D+01  0.164584D+02
  327.1539  0.268180D+01  0.267403D+01  0.553748D+01
  327.3047  0.261084D+01  0.259913D+01  0.834066D+01
  327.4556  0.265245D+01  0.268479D+01 -0.230335D+02
  327.6063  0.266678D+01  0.273903D+01 -0.514599D+02
  327.7570  0.256155D+01  0.266887D+01 -0.764429D+02
  327.9076  0.242800D+01  0.257578D+01 -0.105259D+03
  328.0581  0.236558D+01  0.252203D+01 -0.111430D+03
  328.2086  0.238604D+01  0.249722D+01 -0.791884D+02
  328.3590  0.246011D+01  0.245824D+01  0.133114D+01
  328.5094  0.248558D+01  0.240388D+01  0.581898D+02
  328.6596  0.244190D+01  0.223597D+01  0.146672D+03
   31 325.641 330.159 327.900  4.720D-01  0.000D+00 -2.786D-01  0.000D+00  1.596D+00  5.394D+01   303  8.014D-02
  325.6413  0.234719D+01  0.243509D+01 -0.654512D+02
  325.7928  0.253289D+01  0.256119D+01 -0.210780D+02
  325.9444  0.267257D+01  0.263594D+01  0.260866D+02
  326.0958  0.276908D+01  0.267690D+01  0.656594D+02
  326.2471  0.278359D+01  0.270656D+01  0.548635D+02
  326.3984  0.271823D+01  0.273602D+01 -0.126711D+02
  326.5497  0.269182D+01  0.275985D+01 -0.484532D+02
  326.7008  0.276934D+01  0.276976D+01 -0.294960D+00
  326.8519  0.286776D+01  0.276210D+01  0.752565D+02
  327.0029  0.282632D+01  0.274536D+01  0.576645D+02
  327.1539  0.268180D+01  0.272255D+01 -0.290215D+02
  327.3047  0.261084D+01  0.269513D+01 -0.600332D+02
  327.4556  0.265245D+01  0.265743D+01 -0.354598D+01
  327.6063  0.266678D+01  0.261032D+01  0.402151D+02
  327.7570  0.256155D+01  0.256104D+01  0.361373D+00
  327.9076  0.242800D+01  0.251287D+01 -0.604491D+02
  328.0581  0.236558D+01  0.246521D+01 -0.709575D+02
  328.2086  0.238604D+01  0.242293D+01 -0.262730D+02
  328.3590  0.246011D+01  0.240392D+01  0.400210D+02
  328.5094  0.248558D+01  0.242877D+01  0.404601D+02
  328.6596  0.244190D+01  0.250609D+01 -0.457249D+02
  328.8098  0.246546D+01  0.262450D+01 -0.113275D+03
  328.9600  0.267930D+01  0.275959D+01 -0.548046D+02
  329.1100  0.296712D+01  0.288844D+01  0.537058D+02
  329.2600  0.316481D+01  0.300518D+01  0.104600D+03
  329.4100  0.325097D+01  0.311396D+01  0.897802D+02
  329.5599  0.329811D+01  0.321672D+01  0.533320D+02
  329.7097  0.330648D+01  0.330654D+01 -0.373166D-01
  329.8594  0.332927D+01  0.337046D+01 -0.269887D+02
  330.0090  0.339065D+01  0.340711D+01 -0.107874D+02
  330.1586  0.333954D+01  0.343339D+01 -0.614928D+02
   31 327.154 331.651 329.402  2.827D-01  0.000D+00 -4.844D-02  0.000D+00  1.690D+00  5.174D+01 10300  2.898D-02
  327.1539  0.268180D+01  0.260699D+01  0.532878D+02
  327.3047  0.261084D+01  0.259738D+01  0.958456D+01
  327.4556  0.265245D+01  0.262643D+01  0.185309D+02
  327.6063  0.266678D+01  0.261322D+01  0.381531D+02
  327.7570  0.256155D+01  0.256172D+01 -0.124599D+00
  327.9076  0.242800D+01  0.252526D+01 -0.692717D+02
  328.0581  0.236558D+01  0.252075D+01 -0.110522D+03
  328.2086  0.238604D+01  0.252790D+01 -0.101036D+03
  328.3590  0.246011D+01  0.252107D+01 -0.434142D+02
  328.5094  0.248558D+01  0.246218D+01  0.166642D+02
  328.6596  0.244190D+01  0.239083D+01  0.363699D+02
  328.8098  0.246546D+01  0.245277D+01  0.903813D+01
  328.9600  0.267930D+01  0.268364D+01 -0.296074D+01
  329.1100  0.296712D+01  0.292160D+01  0.310731D+02
  329.2600  0.316481D+01  0.307493D+01  0.588981D+02
  329.4100  0.325097D+01  0.316608D+01  0.556280D+02
  329.5599  0.329811D+01  0.321561D+01  0.540551D+02
  329.7097  0.330648D+01  0.325047D+01  0.366990D+02
  329.8594  0.332927D+01  0.331114D+01  0.118791D+02
  330.0090  0.339065D+01  0.336487D+01  0.168902D+02
  330.1586  0.333954D+01  0.329478D+01  0.293330D+02
  330.3082  0.312312D+01  0.309306D+01  0.196966D+02
  330.4576  0.283400D+01  0.286544D+01 -0.205982D+02
  330.6071  0.262854D+01  0.270276D+01 -0.506627D+02
  330.7564  0.258408D+01  0.269158D+01 -0.733769D+02
  330.9056  0.266454D+01  0.280959D+01 -0.990049D+02
  331.0548  0.278022D+01  0.288364D+01 -0.677701D+02
  331.2040  0.278246D+01  0.282628D+01 -0.287104D+02
  331.3530  0.270425D+01  0.269397D+01  0.673428D+01
  331.5020  0.266903D+01  0.260365D+01  0.428381D+02
  331.6510  0.275061D+01  0.260970D+01  0.923341D+02
   31 328.660 333.137 330.898  2.489D-01  0.000D+00  8.597D-04  0.000D+00  1.679D+00  4.196D+01 10300  1.732D-02
  328.6596  0.244190D+01  0.252051D+01 -0.559934D+02
  328.8098  0.246546D+01  0.247763D+01 -0.866554D+01
  328.9600  0.267930D+01  0.269477D+01 -0.105577D+02
  329.1100  0.296712D+01  0.297737D+01 -0.699265D+01
  329.2600  0.316481D+01  0.313010D+01  0.227465D+02
  329.4100  0.325097D+01  0.321170D+01  0.257350D+02
  329.5599  0.329811D+01  0.324485D+01  0.348933D+02
  329.7097  0.330648D+01  0.324458D+01  0.405621D+02
  329.8594  0.332927D+01  0.326816D+01  0.400455D+02
  330.0090  0.339065D+01  0.333950D+01  0.335163D+02
  330.1586  0.333954D+01  0.332819D+01  0.743611D+01
  330.3082  0.312312D+01  0.312096D+01  0.141093D+01
  330.4576  0.283400D+01  0.287292D+01 -0.255041D+02
  330.6071  0.262854D+01  0.266473D+01 -0.247049D+02
  330.7564  0.258408D+01  0.258817D+01 -0.278925D+01
  330.9056  0.266454D+01  0.273128D+01 -0.455556D+02
  331.0548  0.278022D+01  0.289132D+01 -0.727989D+02
  331.2040  0.278246D+01  0.290497D+01 -0.802756D+02
  331.3530  0.270425D+01  0.280052D+01 -0.630832D+02
  331.5020  0.266903D+01  0.270672D+01 -0.246993D+02
  331.6510  0.275061D+01  0.275940D+01 -0.576225D+01
  331.7999  0.292188D+01  0.290470D+01  0.112600D+02
  331.9486  0.302936D+01  0.297077D+01  0.383964D+02
  332.0974  0.298646D+01  0.289709D+01  0.585572D+02
  332.2460  0.284445D+01  0.273854D+01  0.693981D+02
  332.3947  0.277892D+01  0.266610D+01  0.739267D+02
  332.5432  0.287682D+01  0.281478D+01  0.406532D+02
  332.6917  0.299673D+01  0.297863D+01  0.118634D+02
  332.8401  0.295926D+01  0.295273D+01  0.428377D+01
  332.9884  0.284704D+01  0.288955D+01 -0.278555D+02
  333.1367  0.284669D+01  0.297234D+01 -0.823360D+02
   31 330.159 334.616 332.387  2.510D-01  0.000D+00  1.856D-02  0.000D+00  1.718D+00  4.102D+01 10300  1.596D-02
  330.1586  0.333954D+01  0.327834D+01  0.401062D+02
  330.3082  0.312312D+01  0.309223D+01  0.202376D+02
  330.4576  0.283400D+01  0.284843D+01 -0.945325D+01
  330.6071  0.262854D+01  0.264331D+01 -0.100824D+02
  330.7564  0.258408D+01  0.255139D+01  0.223117D+02
  330.9056  0.266454D+01  0.267826D+01 -0.936951D+01
  331.0548  0.278022D+01  0.285431D+01 -0.485511D+02
  331.2040  0.278246D+01  0.289688D+01 -0.749768D+02
  331.3530  0.270425D+01  0.281197D+01 -0.705857D+02
  331.5020  0.266903D+01  0.271840D+01 -0.323552D+02
  331.6510  0.275061D+01  0.275833D+01 -0.505795D+01
  331.7999  0.292188D+01  0.290633D+01  0.101918D+02
  331.9486  0.302936D+01  0.298943D+01  0.261659D+02
  332.0974  0.298646D+01  0.293078D+01  0.364858D+02
  332.2460  0.284445D+01  0.277399D+01  0.461705D+02
  332.3947  0.277892D+01  0.267289D+01  0.694823D+02
  332.5432  0.287682D+01  0.278447D+01  0.605149D+02
  332.6917  0.299673D+01  0.294043D+01  0.368956D+02
  332.8401  0.295926D+01  0.291286D+01  0.304056D+02
  332.9884  0.284704D+01  0.281574D+01  0.205080D+02
  333.1367  0.284669D+01  0.284141D+01  0.345800D+01
  333.2849  0.290790D+01  0.293258D+01 -0.161712D+02
  333.4330  0.284617D+01  0.289407D+01 -0.313833D+02
  333.5811  0.261818D+01  0.268484D+01 -0.436817D+02
  333.7291  0.245683D+01  0.253012D+01 -0.480245D+02
  333.8771  0.250897D+01  0.260688D+01 -0.641576D+02
  334.0249  0.266048D+01  0.275437D+01 -0.615200D+02
  334.1728  0.276874D+01  0.280798D+01 -0.257163D+02
  334.3205  0.286145D+01  0.284878D+01  0.830424D+01
  334.4682  0.301115D+01  0.295260D+01  0.355244D+02
  334.6158  0.312044D+01  0.300978D+01  0.671414D+02
   24 331.651 335.058 333.355  2.530D-01  0.000D+00  1.265D-02  0.000D+00  1.723D+00  1.183D+01 10300  5.065D-03
  331.6510  0.275061D+01  0.273760D+01  0.852264D+01
  331.7999  0.292188D+01  0.293110D+01 -0.603631D+01
  331.9486  0.302936D+01  0.304385D+01 -0.949492D+01
  332.0974  0.298646D+01  0.299946D+01 -0.852083D+01
  332.2460  0.284445D+01  0.284731D+01 -0.187604D+01
  332.3947  0.277892D+01  0.275236D+01  0.174079D+02
  332.5432  0.287682D+01  0.286414D+01  0.830968D+01
  332.6917  0.299673D+01  0.300188D+01 -0.337079D+01
  332.8401  0.295926D+01  0.294981D+01  0.619484D+01
  332.9884  0.284704D+01  0.283533D+01  0.766996D+01
  333.1367  0.284669D+01  0.284426D+01  0.159617D+01
  333.2849  0.290790D+01  0.290966D+01 -0.115283D+01
  333.4330  0.284617D+01  0.284391D+01  0.148376D+01
  333.5811  0.261818D+01  0.262354D+01 -0.351451D+01
  333.7291  0.245683D+01  0.247325D+01 -0.107594D+02
  333.8771  0.250897D+01  0.255041D+01 -0.271521D+02
  334.0249  0.266048D+01  0.269570D+01 -0.230803D+02
  334.1728  0.276874D+01  0.276209D+01  0.435807D+01
  334.3205  0.286145D+01  0.283374D+01  0.181580D+02
  334.4682  0.301115D+01  0.298066D+01  0.184960D+02
  334.6158  0.312044D+01  0.309426D+01  0.158839D+02
  334.7634  0.305397D+01  0.304960D+01  0.264722D+01
  334.9109  0.285990D+01  0.286668D+01 -0.427033D+01
  335.0583  0.279110D+01  0.281532D+01 -0.152609D+02
