 rad_fit_vary
           0
 T T
nwave fwave lwave wave    hwe     asym  shift    squeeze      sin      rms   exval 
   31 263.694 274.326 269.010  4.066D-01  0.000D+00 -2.108D-02  0.000D+00  4.195D-03  2.461D+00 10300  2.909D-02
  263.6940  0.121169D-02  0.129608D-02 -0.438821D+01
  264.0618  0.176528D-02  0.163608D-02  0.557607D+01
  264.4285  0.162468D-02  0.165391D-02 -0.132463D+01
  264.7941  0.132834D-02  0.140006D-02 -0.376028D+01
  265.1586  0.149101D-02  0.139316D-02  0.554247D+01
  265.5221  0.166093D-02  0.160986D-02  0.302793D+01
  265.8846  0.158574D-02  0.162319D-02 -0.226229D+01
  266.2461  0.142402D-02  0.148500D-02 -0.398824D+01
  266.6066  0.145002D-02  0.141626D-02  0.223144D+01
  266.9662  0.146579D-02  0.143944D-02  0.174080D+01
  267.3248  0.149479D-02  0.151008D-02 -0.999996D+00
  267.6824  0.148518D-02  0.152220D-02 -0.249878D+01
  268.0392  0.143095D-02  0.142662D-02  0.295184D+00
  268.3951  0.144041D-02  0.144296D-02 -0.171841D+00
  268.7502  0.141881D-02  0.142829D-02 -0.639542D+00
  269.1043  0.139154D-02  0.138620D-02  0.360368D+00
  269.4577  0.138382D-02  0.138857D-02 -0.324249D+00
  269.8102  0.143363D-02  0.144840D-02 -0.100737D+01
  270.1620  0.164533D-02  0.162940D-02  0.100010D+01
  270.5129  0.171516D-02  0.167539D-02  0.254792D+01
  270.8631  0.159898D-02  0.158885D-02  0.649179D+00
  271.2126  0.157140D-02  0.153641D-02  0.221985D+01
  271.5613  0.137231D-02  0.138310D-02 -0.720186D+00
  271.9093  0.110687D-02  0.112737D-02 -0.139893D+01
  272.2566  0.108370D-02  0.107827D-02  0.362269D+00
  272.6032  0.121894D-02  0.127554D-02 -0.374060D+01
  272.9491  0.149353D-02  0.151789D-02 -0.156121D+01
  273.2944  0.146610D-02  0.146548D-02  0.395988D-01
  273.6390  0.121201D-02  0.117281D-02  0.259009D+01
  273.9830  0.974932D-03  0.948360D-03  0.181263D+01
  274.3264  0.834643D-03  0.852931D-03 -0.128911D+01
   31 267.325 277.729 272.527  4.008D-01  0.000D+00  8.868D-03  0.000D+00  4.414D-03  1.428D+00   304  1.665D-02
  267.3248  0.149479D-02  0.147631D-02  0.120839D+01
  267.6824  0.148518D-02  0.151374D-02 -0.192808D+01
  268.0392  0.143095D-02  0.141954D-02  0.778261D+00
  268.3951  0.144041D-02  0.143738D-02  0.204604D+00
  268.7502  0.141881D-02  0.143472D-02 -0.107324D+01
  269.1043  0.139154D-02  0.139037D-02  0.795021D-01
  269.4577  0.138382D-02  0.139536D-02 -0.787011D+00
  269.8102  0.143363D-02  0.144178D-02 -0.555915D+00
  270.1620  0.164533D-02  0.162654D-02  0.117993D+01
  270.5129  0.171516D-02  0.168902D-02  0.167459D+01
  270.8631  0.159898D-02  0.160105D-02 -0.132464D+00
  271.2126  0.157140D-02  0.154740D-02  0.152271D+01
  271.5613  0.137231D-02  0.140577D-02 -0.223449D+01
  271.9093  0.110687D-02  0.114341D-02 -0.249309D+01
  272.2566  0.108370D-02  0.106399D-02  0.131570D+01
  272.6032  0.121894D-02  0.124678D-02 -0.183946D+01
  272.9491  0.149353D-02  0.149523D-02 -0.108676D+00
  273.2944  0.146610D-02  0.147339D-02 -0.467126D+00
  273.6390  0.121201D-02  0.118252D-02  0.194848D+01
  273.9830  0.974932D-03  0.947456D-03  0.187430D+01
  274.3264  0.834643D-03  0.841596D-03 -0.490150D+00
  274.6692  0.830387D-03  0.832613D-03 -0.153534D+00
  275.0114  0.962637D-03  0.915953D-03  0.318457D+01
  275.3530  0.111869D-02  0.110123D-02  0.117800D+01
  275.6941  0.123171D-02  0.125856D-02 -0.175626D+01
  276.0346  0.157345D-02  0.155943D-02  0.871519D+00
  276.3746  0.167417D-02  0.170739D-02 -0.200729D+01
  276.7140  0.175346D-02  0.177175D-02 -0.106456D+01
  277.0529  0.177568D-02  0.178729D-02 -0.669454D+00
  277.3914  0.181383D-02  0.181216D-02  0.929611D-01
  277.7293  0.162941D-02  0.159542D-02  0.190780D+01
   31 270.863 281.084 275.973  4.107D-01  0.000D+00  1.286D-02  0.000D+00  4.724D-03  1.429D+00 10300  1.714D-02
  270.8631  0.159898D-02  0.158655D-02  0.796516D+00
  271.2126  0.157140D-02  0.153756D-02  0.214686D+01
  271.5613  0.137231D-02  0.140257D-02 -0.202031D+01
  271.9093  0.110687D-02  0.114992D-02 -0.293718D+01
  272.2566  0.108370D-02  0.106957D-02  0.943150D+00
  272.6032  0.121894D-02  0.124804D-02 -0.192317D+01
  272.9491  0.149353D-02  0.149123D-02  0.147460D+00
  273.2944  0.146610D-02  0.147324D-02 -0.457254D+00
  273.6390  0.121201D-02  0.118825D-02  0.157001D+01
  273.9830  0.974932D-03  0.951373D-03  0.160710D+01
  274.3264  0.834643D-03  0.842294D-03 -0.539315D+00
  274.6692  0.830387D-03  0.831358D-03 -0.670004D-01
  275.0114  0.962637D-03  0.913535D-03  0.334952D+01
  275.3530  0.111869D-02  0.109350D-02  0.169988D+01
  275.6941  0.123171D-02  0.125497D-02 -0.152121D+01
  276.0346  0.157345D-02  0.154726D-02  0.162894D+01
  276.3746  0.167417D-02  0.170194D-02 -0.167756D+01
  276.7140  0.175346D-02  0.177010D-02 -0.968670D+00
  277.0529  0.177568D-02  0.179289D-02 -0.992295D+00
  277.3914  0.181383D-02  0.181976D-02 -0.330003D+00
  277.7293  0.162941D-02  0.161626D-02  0.737879D+00
  278.0667  0.135198D-02  0.134888D-02  0.178614D+00
  278.4037  0.123281D-02  0.126125D-02 -0.163996D+01
  278.7402  0.117859D-02  0.116142D-02  0.990117D+00
  279.0763  0.929378D-03  0.912750D-03  0.976688D+00
  279.4119  0.697191D-03  0.689531D-03  0.471761D+00
  279.7471  0.601037D-03  0.604966D-03 -0.249207D+00
  280.0818  0.596781D-03  0.608789D-03 -0.777308D+00
  280.4162  0.747159D-03  0.712570D-03  0.217263D+01
  280.7501  0.985020D-03  0.995364D-03 -0.656185D+00
  281.0836  0.139107D-02  0.139410D-02 -0.181427D+00
   31 274.326 284.399 279.363  4.226D-01  0.000D+00 -2.692D-03  0.000D+00  5.422D-03  1.969D+00 10300  3.075D-02
  274.3264  0.834643D-03  0.835481D-03 -0.590582D-01
  274.6692  0.830387D-03  0.828133D-03  0.155411D+00
  275.0114  0.962637D-03  0.918511D-03  0.301009D+01
  275.3530  0.111869D-02  0.109375D-02  0.168323D+01
  275.6941  0.123171D-02  0.126875D-02 -0.242271D+01
  276.0346  0.157345D-02  0.155414D-02  0.120111D+01
  276.3746  0.167417D-02  0.170954D-02 -0.213696D+01
  276.7140  0.175346D-02  0.177730D-02 -0.138772D+01
  277.0529  0.177568D-02  0.180626D-02 -0.176310D+01
  277.3914  0.181383D-02  0.182134D-02 -0.418140D+00
  277.7293  0.162941D-02  0.161043D-02  0.106525D+01
  278.0667  0.135198D-02  0.135199D-02 -0.807141D-03
  278.4037  0.123281D-02  0.126085D-02 -0.161675D+01
  278.7402  0.117859D-02  0.114720D-02  0.180998D+01
  279.0763  0.929378D-03  0.895138D-03  0.201124D+01
  279.4119  0.697191D-03  0.677027D-03  0.124193D+01
  279.7471  0.601037D-03  0.592349D-03  0.551208D+00
  280.0818  0.596781D-03  0.594142D-03  0.170867D+00
  280.4162  0.747159D-03  0.695572D-03  0.324026D+01
  280.7501  0.985020D-03  0.960590D-03  0.154988D+01
  281.0836  0.139107D-02  0.131978D-02  0.426651D+01
  281.4168  0.175283D-02  0.171492D-02  0.218633D+01
  281.7496  0.209268D-02  0.211736D-02 -0.141052D+01
  282.0820  0.243142D-02  0.242922D-02  0.121164D+00
  282.4140  0.262467D-02  0.262305D-02  0.870268D-01
  282.7456  0.276669D-02  0.278503D-02 -0.994401D+00
  283.0769  0.295443D-02  0.300878D-02 -0.292196D+01
  283.4079  0.298611D-02  0.304878D-02 -0.328576D+01
  283.7385  0.294119D-02  0.297575D-02 -0.182706D+01
  284.0688  0.295680D-02  0.290622D-02  0.271906D+01
  284.3987  0.265793D-02  0.260272D-02  0.304573D+01
   31 277.729 287.681 282.705  4.242D-01  0.000D+00  1.375D-03  0.000D+00  6.211D-03  1.889D+00 10300  1.211D-02
  277.7293  0.162941D-02  0.161811D-02  0.634112D+00
  278.0667  0.135198D-02  0.136632D-02 -0.827317D+00
  278.4037  0.123281D-02  0.127743D-02 -0.257306D+01
  278.7402  0.117859D-02  0.116667D-02  0.687639D+00
  279.0763  0.929378D-03  0.913300D-03  0.944415D+00
  279.4119  0.697191D-03  0.690577D-03  0.407358D+00
  279.7471  0.601037D-03  0.602344D-03 -0.828999D-01
  280.0818  0.596781D-03  0.602323D-03 -0.358708D+00
  280.4162  0.747159D-03  0.702394D-03  0.281179D+01
  280.7501  0.985020D-03  0.966242D-03  0.119128D+01
  281.0836  0.139107D-02  0.132517D-02  0.394437D+01
  281.4168  0.175283D-02  0.171872D-02  0.196699D+01
  281.7496  0.209268D-02  0.211914D-02 -0.151228D+01
  282.0820  0.243142D-02  0.242909D-02  0.128364D+00
  282.4140  0.262467D-02  0.262158D-02  0.166070D+00
  282.7456  0.276669D-02  0.278148D-02 -0.801554D+00
  283.0769  0.295443D-02  0.300495D-02 -0.271598D+01
  283.4079  0.298611D-02  0.305170D-02 -0.343854D+01
  283.7385  0.294119D-02  0.298440D-02 -0.228436D+01
  284.0688  0.295680D-02  0.292417D-02  0.175405D+01
  284.3987  0.265793D-02  0.263346D-02  0.134990D+01
  284.7284  0.208937D-02  0.205286D-02  0.214455D+01
  285.0577  0.138004D-02  0.133829D-02  0.267539D+01
  285.3867  0.117228D-02  0.117717D-02 -0.326249D+00
  285.7153  0.190273D-02  0.187782D-02  0.149125D+01
  286.0437  0.293977D-02  0.289171D-02  0.258393D+01
  286.3718  0.359598D-02  0.357319D-02  0.114736D+01
  286.6996  0.380941D-02  0.382049D-02 -0.553562D+00
  287.0270  0.400156D-02  0.407709D-02 -0.371470D+01
  287.3542  0.429270D-02  0.431175D-02 -0.915912D+00
  287.6811  0.401212D-02  0.397528D-02  0.177028D+01
   31 281.084 290.935 286.009  4.045D-01  0.000D+00  3.705D-03  0.000D+00  7.179D-03  2.103D+00 10300  9.109D-03
  281.0836  0.139107D-02  0.135873D-02  0.193576D+01
  281.4168  0.175283D-02  0.174273D-02  0.582278D+00
  281.7496  0.209268D-02  0.213568D-02 -0.245811D+01
  282.0820  0.243142D-02  0.243260D-02 -0.649940D-01
  282.4140  0.262467D-02  0.261110D-02  0.729812D+00
  282.7456  0.276669D-02  0.275532D-02  0.616748D+00
  283.0769  0.295443D-02  0.298547D-02 -0.166897D+01
  283.4079  0.298611D-02  0.302877D-02 -0.223637D+01
  283.7385  0.294119D-02  0.295719D-02 -0.845634D+00
  284.0688  0.295680D-02  0.291576D-02  0.220616D+01
  284.3987  0.265793D-02  0.263485D-02  0.127310D+01
  284.7284  0.208937D-02  0.206034D-02  0.170489D+01
  285.0577  0.138004D-02  0.132004D-02  0.384453D+01
  285.3867  0.117228D-02  0.114070D-02  0.210892D+01
  285.7153  0.190273D-02  0.186900D-02  0.201919D+01
  286.0437  0.293977D-02  0.291819D-02  0.116045D+01
  286.3718  0.359598D-02  0.361291D-02 -0.852561D+00
  286.6996  0.380941D-02  0.384287D-02 -0.167167D+01
  287.0270  0.400156D-02  0.409466D-02 -0.457853D+01
  287.3542  0.429270D-02  0.435667D-02 -0.307456D+01
  287.6811  0.401212D-02  0.399942D-02  0.610106D+00
  288.0077  0.328230D-02  0.326415D-02  0.928661D+00
  288.3340  0.327394D-02  0.331786D-02 -0.224660D+01
  288.6600  0.457264D-02  0.443348D-02  0.626136D+01
  288.9858  0.511315D-02  0.508487D-02  0.125471D+01
  289.3113  0.553906D-02  0.553891D-02  0.650855D-02
  289.6365  0.646119D-02  0.647511D-02 -0.552013D+00
  289.9614  0.762449D-02  0.760658D-02  0.668418D+00
  290.2860  0.834012D-02  0.837622D-02 -0.134711D+01
  290.6104  0.854189D-02  0.854154D-02  0.122499D-01
  290.9345  0.831490D-02  0.831647D-02 -0.583842D-01
   31 284.399 294.160 289.279  3.837D-01  0.000D+00  6.393D-03  0.000D+00  8.557D-03  3.046D+00 10300  9.747D-03
  284.3987  0.265793D-02  0.267201D-02 -0.776683D+00
  284.7284  0.208937D-02  0.209813D-02 -0.514713D+00
  285.0577  0.138004D-02  0.131563D-02  0.412754D+01
  285.3867  0.117228D-02  0.110945D-02  0.419622D+01
  285.7153  0.190273D-02  0.186513D-02  0.225033D+01
  286.0437  0.293977D-02  0.294706D-02 -0.392004D+00
  286.3718  0.359598D-02  0.364560D-02 -0.249840D+01
  286.6996  0.380941D-02  0.384540D-02 -0.179773D+01
  287.0270  0.400156D-02  0.408339D-02 -0.402429D+01
  287.3542  0.429270D-02  0.437262D-02 -0.384113D+01
  287.6811  0.401212D-02  0.400282D-02  0.446790D+00
  288.0077  0.328230D-02  0.321603D-02  0.339020D+01
  288.3340  0.327394D-02  0.323365D-02  0.206170D+01
  288.6600  0.457264D-02  0.442546D-02  0.662239D+01
  288.9858  0.511315D-02  0.505490D-02  0.258435D+01
  289.3113  0.553906D-02  0.547869D-02  0.255362D+01
  289.6365  0.646119D-02  0.643985D-02  0.846321D+00
  289.9614  0.762449D-02  0.761706D-02  0.277189D+00
  290.2860  0.834012D-02  0.843961D-02 -0.371251D+01
  290.6104  0.854189D-02  0.865705D-02 -0.405874D+01
  290.9345  0.831490D-02  0.844752D-02 -0.494887D+01
  291.2583  0.861440D-02  0.858723D-02  0.957379D+00
  291.5819  0.870582D-02  0.858426D-02  0.428454D+01
  291.9051  0.853716D-02  0.850814D-02  0.108298D+01
  292.2281  0.855923D-02  0.848439D-02  0.279258D+01
  292.5508  0.790664D-02  0.795996D-02 -0.198947D+01
  292.8733  0.803275D-02  0.814590D-02 -0.422246D+01
  293.1954  0.950500D-02  0.950206D-02  0.103527D+00
  293.5173  0.985336D-02  0.971165D-02  0.499423D+01
  293.8388  0.871370D-02  0.873409D-02 -0.760698D+00
  294.1601  0.903999D-02  0.908321D-02 -0.152321D+01
   31 287.681 297.356 292.519  3.575D-01  0.000D+00  3.881D-03  0.000D+00  1.045D-02  2.844D+00 10300  6.993D-03
  287.6811  0.401212D-02  0.408973D-02 -0.373020D+01
  288.0077  0.328230D-02  0.321832D-02  0.327298D+01
  288.3340  0.327394D-02  0.320524D-02  0.351509D+01
  288.6600  0.457264D-02  0.452850D-02  0.198640D+01
  288.9858  0.511315D-02  0.510620D-02  0.308551D+00
  289.3113  0.553906D-02  0.548418D-02  0.232138D+01
  289.6365  0.646119D-02  0.646575D-02 -0.180885D+00
  289.9614  0.762449D-02  0.766357D-02 -0.145829D+01
  290.2860  0.834012D-02  0.847812D-02 -0.514974D+01
  290.6104  0.854189D-02  0.867617D-02 -0.473281D+01
  290.9345  0.831490D-02  0.839871D-02 -0.312771D+01
  291.2583  0.861440D-02  0.857785D-02  0.128800D+01
  291.5819  0.870582D-02  0.855103D-02  0.545543D+01
  291.9051  0.853716D-02  0.846561D-02  0.266990D+01
  292.2281  0.855923D-02  0.849044D-02  0.256683D+01
  292.5508  0.790664D-02  0.788328D-02  0.871907D+00
  292.8733  0.803275D-02  0.804662D-02 -0.517732D+00
  293.1954  0.950500D-02  0.956075D-02 -0.196494D+01
  293.5173  0.985336D-02  0.976316D-02  0.317903D+01
  293.8388  0.871370D-02  0.862578D-02  0.328105D+01
  294.1601  0.903999D-02  0.908331D-02 -0.152685D+01
  294.4811  0.992271D-02  0.995125D-02 -0.100597D+01
  294.8018  0.940096D-02  0.948645D-02 -0.301297D+01
  295.1222  0.999207D-02  0.100781D-01 -0.287162D+01
  295.4424  0.113682D-01  0.112858D-01  0.261127D+01
  295.7621  0.118742D-01  0.119075D-01 -0.105767D+01
  296.0816  0.128436D-01  0.129109D-01 -0.203451D+01
  296.4008  0.125267D-01  0.124240D-01  0.310283D+01
  296.7197  0.986912D-02  0.100043D-01 -0.451484D+01
  297.0382  0.989907D-02  0.989144D-02  0.254840D+00
  297.3564  0.119861D-01  0.118875D-01  0.312655D+01
   31 290.935 300.519 295.727  3.260D-01  0.000D+00  2.940D-04  0.000D+00  1.348D-02  7.460D+00 10000  8.850D-03
  290.9345  0.831490D-02  0.826280D-02  0.194432D+01
  291.2583  0.861440D-02  0.862283D-02 -0.297266D+00
  291.5819  0.870582D-02  0.863492D-02  0.249901D+01
  291.9051  0.853716D-02  0.857269D-02 -0.132612D+01
  292.2281  0.855923D-02  0.867789D-02 -0.442818D+01
  292.5508  0.790664D-02  0.793667D-02 -0.112054D+01
  292.8733  0.803275D-02  0.804061D-02 -0.293556D+00
  293.1954  0.950500D-02  0.973805D-02 -0.821370D+01
  293.5173  0.985336D-02  0.986630D-02 -0.456303D+00
  293.8388  0.871370D-02  0.844931D-02  0.986649D+01
  294.1601  0.903999D-02  0.901150D-02  0.100406D+01
  294.4811  0.992271D-02  0.994891D-02 -0.923220D+00
  294.8018  0.940096D-02  0.924900D-02  0.535570D+01
  295.1222  0.999207D-02  0.992160D-02  0.235279D+01
  295.4424  0.113682D-01  0.111671D-01  0.637881D+01
  295.7621  0.118742D-01  0.117351D-01  0.441200D+01
  296.0816  0.128436D-01  0.129096D-01 -0.199502D+01
  296.4008  0.125267D-01  0.125823D-01 -0.167723D+01
  296.7197  0.986912D-02  0.988476D-02 -0.522187D+00
  297.0382  0.989907D-02  0.100539D-01 -0.516827D+01
  297.3564  0.119861D-01  0.122564D-01 -0.857453D+01
  297.6743  0.159520D-01  0.163539D-01 -0.115905D+02
  297.9918  0.161002D-01  0.163618D-01 -0.721590D+01
  298.3090  0.120271D-01  0.120202D-01  0.216651D+00
  298.6258  0.115416D-01  0.114319D-01  0.347838D+01
  298.9423  0.161947D-01  0.159531D-01  0.666588D+01
  299.2584  0.188177D-01  0.181502D-01  0.169376D+02
  299.5741  0.188319D-01  0.180770D-01  0.191567D+02
  299.8895  0.193804D-01  0.194617D-01 -0.206132D+01
  300.2045  0.157282D-01  0.164153D-01 -0.189518D+02
  300.5190  0.193253D-01  0.202312D-01 -0.798213D+01
   31 294.160 303.641 298.901  3.091D-01  0.000D+00 -4.985D-03  0.000D+00  2.091D-02  1.743D+01 10300  1.825D-02
  294.1601  0.903999D-02  0.847457D-02  0.199282D+02
  294.4811  0.992271D-02  0.988171D-02  0.144511D+01
  294.8018  0.940096D-02  0.934806D-02  0.186444D+01
  295.1222  0.999207D-02  0.103139D-01 -0.107442D+02
  295.4424  0.113682D-01  0.116659D-01 -0.944324D+01
  295.7621  0.118742D-01  0.121945D-01 -0.101619D+02
  296.0816  0.128436D-01  0.133628D-01 -0.156855D+02
  296.4008  0.125267D-01  0.128831D-01 -0.107653D+02
  296.7197  0.986912D-02  0.977198D-02  0.324328D+01
  297.0382  0.989907D-02  0.994611D-02 -0.157062D+01
  297.3564  0.119861D-01  0.119465D-01  0.125635D+01
  297.6743  0.159520D-01  0.159844D-01 -0.934808D+00
  297.9918  0.161002D-01  0.157604D-01  0.937202D+01
  298.3090  0.120271D-01  0.113193D-01  0.224491D+02
  298.6258  0.115416D-01  0.108613D-01  0.215791D+02
  298.9423  0.161947D-01  0.156082D-01  0.161795D+02
  299.2584  0.188177D-01  0.178543D-01  0.244458D+02
  299.5741  0.188319D-01  0.179352D-01  0.227542D+02
  299.8895  0.193804D-01  0.200555D-01 -0.171296D+02
  300.2045  0.157282D-01  0.168397D-01 -0.306589D+02
  300.5190  0.193253D-01  0.220170D-01 -0.237173D+02
  300.8332  0.226213D-01  0.260281D-01 -0.300185D+02
  301.1470  0.288507D-01  0.318352D-01 -0.255858D+02
  301.4603  0.345080D-01  0.373426D-01 -0.239768D+02
  301.7732  0.318646D-01  0.342733D-01 -0.206500D+02
  302.0857  0.274494D-01  0.286877D-01 -0.107608D+02
  302.3977  0.392085D-01  0.415421D-01 -0.194798D+02
  302.7093  0.558320D-01  0.565159D-01 -0.542315D+01
  303.0204  0.723515D-01  0.700839D-01  0.179820D+02
  303.3310  0.850090D-01  0.819686D-01  0.241106D+02
  303.6411  0.877833D-01  0.864405D-01  0.106487D+02
   31 297.356 306.713 302.035  3.150D-01  0.000D+00  7.382D-03  0.000D+00  5.110D-02  3.266D+01 10000  2.112D-02
  297.3564  0.119861D-01  0.122805D-01 -0.933797D+01
  297.6743  0.159520D-01  0.163542D-01 -0.115969D+02
  297.9918  0.161002D-01  0.163354D-01 -0.648834D+01
  298.3090  0.120271D-01  0.117641D-01  0.834224D+01
  298.6258  0.115416D-01  0.109783D-01  0.178655D+02
  298.9423  0.161947D-01  0.154847D-01  0.195859D+02
  299.2584  0.188177D-01  0.178496D-01  0.245651D+02
  299.5741  0.188319D-01  0.177581D-01  0.272484D+02
  299.8895  0.193804D-01  0.198066D-01 -0.108140D+02
  300.2045  0.157282D-01  0.167199D-01 -0.273540D+02
  300.5190  0.193253D-01  0.213486D-01 -0.178278D+02
  300.8332  0.226213D-01  0.255414D-01 -0.257294D+02
  301.1470  0.288507D-01  0.310781D-01 -0.190953D+02
  301.4603  0.345080D-01  0.367591D-01 -0.190413D+02
  301.7732  0.318646D-01  0.343143D-01 -0.210017D+02
  302.0857  0.274494D-01  0.287770D-01 -0.115375D+02
  302.3977  0.392085D-01  0.409942D-01 -0.149063D+02
  302.7093  0.558320D-01  0.564895D-01 -0.521400D+01
  303.0204  0.723515D-01  0.708572D-01  0.118499D+02
  303.3310  0.850090D-01  0.833270D-01  0.133387D+02
  303.6411  0.877833D-01  0.892969D-01 -0.120029D+02
  303.9507  0.809107D-01  0.848619D-01 -0.313328D+02
  304.2598  0.918501D-01  0.964576D-01 -0.365375D+02
  304.5684  0.112657D+00  0.116344D+00 -0.292374D+02
  304.8765  0.128247D+00  0.121681D+00  0.462826D+02
  305.1840  0.164343D+00  0.150758D+00  0.957608D+02
  305.4909  0.166408D+00  0.157933D+00  0.597422D+02
  305.7973  0.138098D+00  0.133554D+00  0.320351D+02
  306.1031  0.152316D+00  0.153033D+00 -0.454658D+01
  306.4083  0.177048D+00  0.189091D+00 -0.764001D+02
  306.7129  0.181099D+00  0.188634D+00 -0.434521D+02
   31 300.519 309.722 305.121  3.046D-01  0.000D+00 -1.349D-02  0.000D+00  1.422D-01  4.402D+01 10000  2.690D-02
  300.5190  0.193253D-01  0.203278D-01 -0.883399D+01
  300.8332  0.226213D-01  0.233051D-01 -0.602558D+01
  301.1470  0.288507D-01  0.285119D-01  0.290528D+01
  301.4603  0.345080D-01  0.335666D-01  0.796359D+01
  301.7732  0.318646D-01  0.309871D-01  0.752259D+01
  302.0857  0.274494D-01  0.265229D-01  0.805170D+01
  302.3977  0.392085D-01  0.398584D-01 -0.542517D+01
  302.7093  0.558320D-01  0.551871D-01  0.511447D+01
  303.0204  0.723515D-01  0.696549D-01  0.213838D+02
  303.3310  0.850090D-01  0.831957D-01  0.143800D+02
  303.6411  0.877833D-01  0.886878D-01 -0.717238D+01
  303.9507  0.809107D-01  0.850832D-01 -0.330879D+02
  304.2598  0.918501D-01  0.985395D-01 -0.530476D+02
  304.5684  0.112657D+00  0.119257D+00 -0.523405D+02
  304.8765  0.128247D+00  0.123873D+00  0.308270D+02
  305.1840  0.164343D+00  0.156098D+00  0.581195D+02
  305.4909  0.166408D+00  0.159682D+00  0.474115D+02
  305.7973  0.138098D+00  0.133171D+00  0.347298D+02
  306.1031  0.152316D+00  0.158028D+00 -0.362377D+02
  306.4083  0.177048D+00  0.191179D+00 -0.896455D+02
  306.7129  0.181099D+00  0.188203D+00 -0.409674D+02
  307.0168  0.233243D+00  0.231109D+00  0.112814D+02
  307.3201  0.278750D+00  0.262842D+00  0.776309D+02
  307.6228  0.295033D+00  0.275104D+00  0.903099D+02
  307.9248  0.309708D+00  0.302607D+00  0.300335D+02
  308.2261  0.303687D+00  0.312329D+00 -0.365506D+02
  308.5268  0.339390D+00  0.354404D+00 -0.595303D+02
  308.8267  0.341455D+00  0.356983D+00 -0.547277D+02
  309.1259  0.298470D+00  0.311759D+00 -0.468384D+02
  309.4243  0.307139D+00  0.303642D+00  0.110940D+02
  309.7220  0.364658D+00  0.331948D+00  0.902226D+02
   21 303.641 309.722 306.682  3.051D-01  0.000D+00 -9.813D-03  0.000D+00  2.184D-01  5.185D+01 10300  3.456D-02
  303.6411  0.877833D-01  0.836691D-01  0.326261D+02
  303.9507  0.809107D-01  0.824421D-01 -0.121444D+02
  304.2598  0.918501D-01  0.970376D-01 -0.411371D+02
  304.5684  0.112657D+00  0.118907D+00 -0.495658D+02
  304.8765  0.128247D+00  0.124320D+00  0.276761D+02
  305.1840  0.164343D+00  0.156949D+00  0.521234D+02
  305.4909  0.166408D+00  0.161355D+00  0.356176D+02
  305.7973  0.138098D+00  0.134560D+00  0.249438D+02
  306.1031  0.152316D+00  0.158505D+00 -0.392594D+02
  306.4083  0.177048D+00  0.192166D+00 -0.959055D+02
  306.7129  0.181099D+00  0.188766D+00 -0.442179D+02
  307.0168  0.233243D+00  0.230817D+00  0.128233D+02
  307.3201  0.278750D+00  0.262692D+00  0.783620D+02
  307.6228  0.295033D+00  0.274554D+00  0.927993D+02
  307.9248  0.309708D+00  0.301688D+00  0.339216D+02
  308.2261  0.303687D+00  0.311497D+00 -0.330313D+02
  308.5268  0.339390D+00  0.353025D+00 -0.540644D+02
  308.8267  0.341455D+00  0.356880D+00 -0.543668D+02
  309.1259  0.298470D+00  0.312344D+00 -0.489004D+02
  309.4243  0.307139D+00  0.303801D+00  0.105879D+02
  309.7220  0.364658D+00  0.333298D+00  0.864979D+02
   31 310.014 314.763 312.388  2.819D-01  0.000D+00 -5.677D-03  0.000D+00  6.808D-01  3.518D+01 10300  2.295D-02
  310.0142  0.379246D+00  0.349385D+00  0.263951D+02
  310.1736  0.368464D+00  0.362405D+00  0.560436D+01
  310.3330  0.450045D+00  0.451382D+00 -0.127560D+01
  310.4922  0.581886D+00  0.570656D+00  0.111947D+02
  310.6515  0.673862D+00  0.661213D+00  0.133510D+02
  310.8106  0.729110D+00  0.722909D+00  0.695521D+01
  310.9696  0.754331D+00  0.755357D+00 -0.115026D+01
  311.1286  0.756538D+00  0.765588D+00 -0.101492D+02
  311.2874  0.742351D+00  0.774689D+00 -0.362662D+02
  311.4462  0.750627D+00  0.775530D+00 -0.297907D+02
  311.6049  0.719653D+00  0.751606D+00 -0.382238D+02
  311.7636  0.684186D+00  0.704584D+00 -0.261430D+02
  311.9221  0.646434D+00  0.660271D+00 -0.177337D+02
  312.0806  0.647695D+00  0.647744D+00 -0.626511D-01
  312.2390  0.697269D+00  0.679322D+00  0.230035D+02
  312.3973  0.766863D+00  0.732601D+00  0.439128D+02
  312.5556  0.806033D+00  0.764019D+00  0.538497D+02
  312.7137  0.819747D+00  0.778746D+00  0.490475D+02
  312.8718  0.846071D+00  0.802719D+00  0.486177D+02
  313.0298  0.872237D+00  0.822256D+00  0.560528D+02
  313.1877  0.856868D+00  0.826281D+00  0.343034D+02
  313.3456  0.817777D+00  0.829213D+00 -0.128261D+02
  313.5034  0.809343D+00  0.856089D+00 -0.524245D+02
  313.6611  0.851667D+00  0.924214D+00 -0.813604D+02
  313.8187  0.957751D+00  0.101661D+01 -0.660057D+02
  313.9762  0.104602D+01  0.108144D+01 -0.397146D+02
  314.1337  0.108346D+01  0.106948D+01  0.156742D+02
  314.2910  0.968706D+00  0.958791D+00  0.111192D+02
  314.4484  0.835037D+00  0.823302D+00  0.131601D+02
  314.6056  0.810368D+00  0.806564D+00  0.426590D+01
  314.7627  0.969179D+00  0.928941D+00  0.451251D+02
   31 311.605 316.330 313.967  2.680D-01  0.000D+00 -3.578D-02  0.000D+00  8.323D-01  4.280D+01 10300  2.269D-02
  311.6049  0.719653D+00  0.743150D+00 -0.281085D+02
  311.7636  0.684186D+00  0.692533D+00 -0.106975D+02
  311.9221  0.646434D+00  0.650930D+00 -0.576141D+01
  312.0806  0.647695D+00  0.647801D+00 -0.135111D+00
  312.2390  0.697269D+00  0.690169D+00  0.910013D+01
  312.3973  0.766863D+00  0.747628D+00  0.246529D+02
  312.5556  0.806033D+00  0.773036D+00  0.422927D+02
  312.7137  0.819747D+00  0.788085D+00  0.378751D+02
  312.8718  0.846071D+00  0.816532D+00  0.331270D+02
  313.0298  0.872237D+00  0.834475D+00  0.423497D+02
  313.1877  0.856868D+00  0.835638D+00  0.238094D+02
  313.3456  0.817777D+00  0.838293D+00 -0.230093D+02
  313.5034  0.809343D+00  0.871084D+00 -0.692403D+02
  313.6611  0.851667D+00  0.947288D+00 -0.107237D+03
  313.8187  0.957751D+00  0.104176D+01 -0.942115D+02
  313.9762  0.104602D+01  0.109553D+01 -0.555241D+02
  314.1337  0.108346D+01  0.106127D+01  0.248840D+02
  314.2910  0.968706D+00  0.923501D+00  0.506961D+02
  314.4484  0.835037D+00  0.783753D+00  0.575141D+02
  314.6056  0.810368D+00  0.794999D+00  0.172354D+02
  314.7627  0.969179D+00  0.932474D+00  0.411639D+02
  314.9198  0.111759D+01  0.106759D+01  0.560649D+02
  315.0768  0.118079D+01  0.113818D+01  0.477927D+02
  315.2337  0.117717D+01  0.115711D+01  0.225009D+02
  315.3906  0.112413D+01  0.114439D+01 -0.227218D+02
  315.5473  0.104539D+01  0.107575D+01 -0.340446D+02
  315.7040  0.901320D+00  0.940426D+00 -0.438573D+02
  315.8606  0.789876D+00  0.809216D+00 -0.216885D+02
  316.0172  0.757956D+00  0.779636D+00 -0.243127D+02
  316.1736  0.864986D+00  0.864531D+00  0.510341D+00
  316.3300  0.102127D+01  0.999117D+00  0.248493D+02
   31 313.188 317.890 315.539  2.776D-01  0.000D+00 -3.689D-02  0.000D+00  9.878D-01  4.114D+01 10300  2.108D-02
  313.1877  0.856868D+00  0.790826D+00  0.740655D+02
  313.3456  0.817777D+00  0.803255D+00  0.162855D+02
  313.5034  0.809343D+00  0.843026D+00 -0.377742D+02
  313.6611  0.851667D+00  0.922995D+00 -0.799936D+02
  313.8187  0.957751D+00  0.101900D+01 -0.686853D+02
  313.9762  0.104602D+01  0.107538D+01 -0.329205D+02
  314.1337  0.108346D+01  0.104605D+01  0.419565D+02
  314.2910  0.968706D+00  0.918477D+00  0.563303D+02
  314.4484  0.835037D+00  0.792138D+00  0.481099D+02
  314.6056  0.810368D+00  0.805311D+00  0.567094D+01
  314.7627  0.969179D+00  0.938989D+00  0.338571D+02
  314.9198  0.111759D+01  0.107401D+01  0.488671D+02
  315.0768  0.118079D+01  0.114851D+01  0.362049D+02
  315.2337  0.117717D+01  0.117050D+01  0.748167D+01
  315.3906  0.112413D+01  0.115714D+01 -0.370243D+02
  315.5473  0.104539D+01  0.108729D+01 -0.469903D+02
  315.7040  0.901320D+00  0.954162D+00 -0.592611D+02
  315.8606  0.789876D+00  0.827099D+00 -0.417445D+02
  316.0172  0.757956D+00  0.798696D+00 -0.456886D+02
  316.1736  0.864986D+00  0.881440D+00 -0.184528D+02
  316.3300  0.102127D+01  0.101295D+01  0.933476D+01
  316.4863  0.115179D+01  0.111681D+01  0.392361D+02
  316.6425  0.123943D+01  0.118325D+01  0.630127D+02
  316.7987  0.127947D+01  0.125019D+01  0.328402D+02
  316.9548  0.135994D+01  0.135483D+01  0.509263D+01
  317.1108  0.146460D+01  0.149314D+01 -0.284429D+02
  317.2667  0.158046D+01  0.158445D+01 -0.397426D+01
  317.4225  0.157581D+01  0.159079D+01 -0.149292D+02
  317.5783  0.153144D+01  0.155496D+01 -0.234461D+02
  317.7340  0.144041D+01  0.145201D+01 -0.115668D+02
  317.8897  0.128688D+01  0.125392D+01  0.347891D+02
   31 314.763 319.442 317.102  2.422D-01  0.000D+00 -4.499D-02  0.000D+00  1.085D+00  4.571D+01   300  1.805D-02
  314.7627  0.969179D+00  0.971264D+00 -0.233869D+01
  314.9198  0.111759D+01  0.110859D+01  0.100858D+02
  315.0768  0.118079D+01  0.116457D+01  0.182012D+02
  315.2337  0.117717D+01  0.117191D+01  0.589357D+01
  315.3906  0.112413D+01  0.115669D+01 -0.365236D+02
  315.5473  0.104539D+01  0.108146D+01 -0.404444D+02
  315.7040  0.901320D+00  0.928499D+00 -0.304812D+02
  315.8606  0.789876D+00  0.782791D+00  0.794574D+01
  316.0172  0.757956D+00  0.761209D+00 -0.364786D+01
  316.1736  0.864986D+00  0.859777D+00  0.584167D+01
  316.3300  0.102127D+01  0.100694D+01  0.160772D+02
  316.4863  0.115179D+01  0.110617D+01  0.511634D+02
  316.6425  0.123943D+01  0.116346D+01  0.852014D+02
  316.7987  0.127947D+01  0.122675D+01  0.591224D+02
  316.9548  0.135994D+01  0.133660D+01  0.232689D+02
  317.1108  0.146460D+01  0.150558D+01 -0.408468D+02
  317.2667  0.158046D+01  0.160959D+01 -0.290336D+02
  317.4225  0.157581D+01  0.160878D+01 -0.328689D+02
  317.5783  0.153144D+01  0.159244D+01 -0.608078D+02
  317.7340  0.144041D+01  0.151166D+01 -0.710298D+02
  317.8897  0.128688D+01  0.128626D+01  0.658304D+00
  318.0452  0.110033D+01  0.109082D+01  0.106593D+02
  318.2007  0.105619D+01  0.106481D+01 -0.966847D+01
  318.3561  0.116338D+01  0.116229D+01  0.122437D+01
  318.5114  0.131872D+01  0.130541D+01  0.132635D+02
  318.6667  0.146106D+01  0.145255D+01  0.847689D+01
  318.8219  0.162917D+01  0.160489D+01  0.242052D+02
  318.9770  0.172635D+01  0.167367D+01  0.525119D+02
  319.1320  0.161971D+01  0.152249D+01  0.969130D+02
  319.2870  0.137082D+01  0.134503D+01  0.257041D+02
  319.4419  0.125559D+01  0.138934D+01 -0.141179D+03
   31 316.330 320.987 318.658  2.415D-01  0.000D+00  6.791D-03  0.000D+00  1.204D+00  7.525D+01 10300  3.089D-02
  316.3300  0.102127D+01  0.101106D+01  0.114582D+02
  316.4863  0.115179D+01  0.113172D+01  0.225126D+02
  316.6425  0.123943D+01  0.119166D+01  0.535781D+02
  316.7987  0.127947D+01  0.124574D+01  0.378241D+02
  316.9548  0.135994D+01  0.132904D+01  0.308019D+02
  317.1108  0.146460D+01  0.148482D+01 -0.201472D+02
  317.2667  0.158046D+01  0.162015D+01 -0.395631D+02
  317.4225  0.157581D+01  0.163762D+01 -0.616122D+02
  317.5783  0.153144D+01  0.161296D+01 -0.812623D+02
  317.7340  0.144041D+01  0.156270D+01 -0.121908D+03
  317.8897  0.128688D+01  0.136993D+01 -0.876613D+02
  318.0452  0.110033D+01  0.113151D+01 -0.349671D+02
  318.2007  0.105619D+01  0.104305D+01  0.147331D+02
  318.3561  0.116338D+01  0.110113D+01  0.698125D+02
  318.5114  0.131872D+01  0.122549D+01  0.929393D+02
  318.6667  0.146106D+01  0.136070D+01  0.100042D+03
  318.8219  0.162917D+01  0.149784D+01  0.130922D+03
  318.9770  0.172635D+01  0.159887D+01  0.127078D+03
  319.1320  0.161971D+01  0.151105D+01  0.108316D+03
  319.2870  0.137082D+01  0.130054D+01  0.700543D+02
  319.4419  0.125559D+01  0.125653D+01 -0.996599D+00
  319.5967  0.133188D+01  0.137711D+01 -0.450894D+02
  319.7514  0.149487D+01  0.152750D+01 -0.325240D+02
  319.9061  0.157755D+01  0.167797D+01 -0.100105D+03
  320.0607  0.163634D+01  0.174299D+01 -0.106315D+03
  320.2152  0.164777D+01  0.177398D+01 -0.125816D+03
  320.3697  0.179460D+01  0.186268D+01 -0.678651D+02
  320.5240  0.193552D+01  0.195664D+01 -0.199458D+02
  320.6783  0.201883D+01  0.198105D+01  0.338893D+02
  320.8326  0.193607D+01  0.188105D+01  0.519588D+02
  320.9867  0.177182D+01  0.166791D+01  0.103589D+03
   31 317.890 322.524 320.207  2.528D-01  0.000D+00  3.811D-04  0.000D+00  1.322D+00  8.281D+01 10300  3.365D-02
  317.8897  0.128688D+01  0.139348D+01 -0.112517D+03
  318.0452  0.110033D+01  0.115902D+01 -0.658211D+02
  318.2007  0.105619D+01  0.107102D+01 -0.166301D+02
  318.3561  0.116338D+01  0.112560D+01  0.423636D+02
  318.5114  0.131872D+01  0.124744D+01  0.710579D+02
  318.6667  0.146106D+01  0.138128D+01  0.795287D+02
  318.8219  0.162917D+01  0.151619D+01  0.112628D+03
  318.9770  0.172635D+01  0.160230D+01  0.123662D+03
  319.1320  0.161971D+01  0.150878D+01  0.110583D+03
  319.2870  0.137082D+01  0.131759D+01  0.530544D+02
  319.4419  0.125559D+01  0.128152D+01 -0.273658D+02
  319.5967  0.133188D+01  0.139770D+01 -0.656115D+02
  319.7514  0.149487D+01  0.155183D+01 -0.567797D+02
  319.9061  0.157755D+01  0.169651D+01 -0.118592D+03
  320.0607  0.163634D+01  0.176493D+01 -0.128185D+03
  320.2152  0.164777D+01  0.180536D+01 -0.157100D+03
  320.3697  0.179460D+01  0.189534D+01 -0.100425D+03
  320.5240  0.193552D+01  0.198595D+01 -0.476232D+02
  320.6783  0.201883D+01  0.200378D+01  0.135001D+02
  320.8326  0.193607D+01  0.189794D+01  0.360129D+02
  320.9867  0.177182D+01  0.168520D+01  0.863490D+02
  321.1408  0.157006D+01  0.147389D+01  0.958662D+02
  321.2948  0.145830D+01  0.136069D+01  0.973031D+02
  321.4488  0.147138D+01  0.136905D+01  0.102016D+03
  321.6026  0.156509D+01  0.148052D+01  0.843061D+02
  321.7564  0.172587D+01  0.164136D+01  0.842520D+02
  321.9101  0.181454D+01  0.179764D+01  0.159618D+02
  322.0638  0.181084D+01  0.185743D+01 -0.440050D+02
  322.2173  0.168213D+01  0.176876D+01 -0.863609D+02
  322.3708  0.162223D+01  0.165404D+01 -0.317067D+02
  322.5243  0.154634D+01  0.156784D+01 -0.214384D+02
   31 319.442 324.055 321.748  3.163D-01  0.000D+00 -9.103D-03  0.000D+00  1.370D+00  6.598D+01 10300  3.680D-02
  319.4419  0.125559D+01  0.117205D+01  0.881784D+02
  319.5967  0.133188D+01  0.129294D+01  0.388207D+02
  319.7514  0.149487D+01  0.145568D+01  0.390667D+02
  319.9061  0.157755D+01  0.160755D+01 -0.299078D+02
  320.0607  0.163634D+01  0.171521D+01 -0.786170D+02
  320.2152  0.164777D+01  0.180030D+01 -0.152055D+03
  320.3697  0.179460D+01  0.189168D+01 -0.967784D+02
  320.5240  0.193552D+01  0.196604D+01 -0.288222D+02
  320.6783  0.201883D+01  0.196696D+01  0.465329D+02
  320.8326  0.193607D+01  0.186561D+01  0.665439D+02
  320.9867  0.177182D+01  0.168571D+01  0.858450D+02
  321.1408  0.157006D+01  0.150858D+01  0.612854D+02
  321.2948  0.145830D+01  0.140875D+01  0.493980D+02
  321.4488  0.147138D+01  0.141405D+01  0.571557D+02
  321.6026  0.156509D+01  0.151011D+01  0.548081D+02
  321.7564  0.172587D+01  0.164964D+01  0.759957D+02
  321.9101  0.181454D+01  0.177386D+01  0.384185D+02
  322.0638  0.181084D+01  0.181794D+01 -0.670701D+01
  322.2173  0.168213D+01  0.177145D+01 -0.890360D+02
  322.3708  0.162223D+01  0.168639D+01 -0.639603D+02
  322.5243  0.154634D+01  0.159689D+01 -0.503936D+02
  322.6777  0.145932D+01  0.149764D+01 -0.381937D+02
  322.8310  0.130871D+01  0.141861D+01 -0.109559D+03
  322.9842  0.133961D+01  0.141528D+01 -0.754379D+02
  323.1373  0.151434D+01  0.149294D+01  0.213342D+02
  323.2904  0.166810D+01  0.158046D+01  0.873718D+02
  323.4434  0.170152D+01  0.161866D+01  0.782526D+02
  323.5963  0.167015D+01  0.164982D+01  0.192047D+02
  323.7492  0.176110D+01  0.173385D+01  0.244553D+02
  323.9020  0.187523D+01  0.187648D+01 -0.112132D+01
  324.0547  0.200661D+01  0.204449D+01 -0.339880D+02
   31 320.987 325.578 323.282  2.428D-01  0.000D+00 -7.389D-02  0.000D+00  1.436D+00  4.476D+01   304  2.258D-02
  320.9867  0.177182D+01  0.178898D+01 -0.171065D+02
  321.1408  0.157006D+01  0.153260D+01  0.373408D+02
  321.2948  0.145830D+01  0.142490D+01  0.332922D+02
  321.4488  0.147138D+01  0.145701D+01  0.143232D+02
  321.6026  0.156509D+01  0.157752D+01 -0.123880D+02
  321.7564  0.172587D+01  0.172771D+01 -0.183260D+01
  321.9101  0.181454D+01  0.184637D+01 -0.300572D+02
  322.0638  0.181084D+01  0.182671D+01 -0.149939D+02
  322.2173  0.168213D+01  0.170642D+01 -0.242119D+02
  322.3708  0.162223D+01  0.163339D+01 -0.111167D+02
  322.5243  0.154634D+01  0.155733D+01 -0.109564D+02
  322.6777  0.145932D+01  0.143150D+01  0.277362D+02
  322.8310  0.130871D+01  0.135049D+01 -0.416530D+02
  322.9842  0.133961D+01  0.140214D+01 -0.623425D+02
  323.1373  0.151434D+01  0.156228D+01 -0.477939D+02
  323.2904  0.166810D+01  0.163321D+01  0.347810D+02
  323.4434  0.170152D+01  0.159264D+01  0.102823D+03
  323.5963  0.167015D+01  0.160512D+01  0.614173D+02
  323.7492  0.176110D+01  0.170870D+01  0.470147D+02
  323.9020  0.187523D+01  0.184036D+01  0.312821D+02
  324.0547  0.200661D+01  0.196753D+01  0.350599D+02
  324.2074  0.204074D+01  0.203378D+01  0.623817D+01
  324.3600  0.205697D+01  0.205595D+01  0.917395D+00
  324.5125  0.207400D+01  0.209485D+01 -0.187103D+02
  324.6649  0.202773D+01  0.204409D+01 -0.146747D+02
  324.8173  0.189856D+01  0.191549D+01 -0.151913D+02
  324.9696  0.175811D+01  0.186660D+01 -0.973396D+02
  325.1218  0.179909D+01  0.189784D+01 -0.885962D+02
  325.2740  0.192031D+01  0.195449D+01 -0.306630D+02
  325.4261  0.208408D+01  0.205606D+01  0.251480D+02
  325.5781  0.227285D+01  0.215910D+01  0.927712D+02
   31 322.524 327.095 324.809  2.248D-01  0.000D+00 -1.334D-02  0.000D+00  1.506D+00  5.811D+01 10300  2.536D-02
  322.5243  0.154634D+01  0.154359D+01  0.274069D+01
  322.6777  0.145932D+01  0.146379D+01 -0.445594D+01
  322.8310  0.130871D+01  0.136987D+01 -0.609690D+02
  322.9842  0.133961D+01  0.137074D+01 -0.310400D+02
  323.1373  0.151434D+01  0.153500D+01 -0.205999D+02
  323.2904  0.166810D+01  0.168584D+01 -0.176860D+02
  323.4434  0.170152D+01  0.165199D+01  0.467763D+02
  323.5963  0.167015D+01  0.160891D+01  0.578344D+02
  323.7492  0.176110D+01  0.168326D+01  0.698443D+02
  323.9020  0.187523D+01  0.180398D+01  0.639236D+02
  324.0547  0.200661D+01  0.192894D+01  0.696871D+02
  324.2074  0.204074D+01  0.201915D+01  0.193719D+02
  324.3600  0.205697D+01  0.202629D+01  0.275311D+02
  324.5125  0.207400D+01  0.206309D+01  0.978592D+01
  324.6649  0.202773D+01  0.207438D+01 -0.418498D+02
  324.8173  0.189856D+01  0.194860D+01 -0.448942D+02
  324.9696  0.175811D+01  0.186547D+01 -0.963257D+02
  325.1218  0.179909D+01  0.190622D+01 -0.961105D+02
  325.2740  0.192031D+01  0.199203D+01 -0.643485D+02
  325.4261  0.208408D+01  0.212702D+01 -0.385238D+02
  325.5781  0.227285D+01  0.234629D+01 -0.599006D+02
  325.7301  0.246192D+01  0.251265D+01 -0.413790D+02
  325.8820  0.262176D+01  0.259706D+01  0.201417D+02
  326.0338  0.271074D+01  0.266065D+01  0.390756D+02
  326.1855  0.276370D+01  0.264254D+01  0.945254D+02
  326.3372  0.268079D+01  0.257271D+01  0.843203D+02
  326.4888  0.260907D+01  0.249214D+01  0.912185D+02
  326.6403  0.265446D+01  0.257216D+01  0.642089D+02
  326.7918  0.278396D+01  0.278079D+01  0.236759D+01
  326.9432  0.281603D+01  0.286184D+01 -0.342447D+02
  327.0945  0.265060D+01  0.280135D+01 -0.117607D+03
   31 324.055 328.604 326.329  2.115D-01  0.000D+00  2.539D-02  0.000D+00  1.560D+00  5.973D+01   300  2.864D-02
  324.0547  0.200661D+01  0.193935D+01  0.603468D+02
  324.2074  0.204074D+01  0.202992D+01  0.970798D+01
  324.3600  0.205697D+01  0.202274D+01  0.307147D+02
  324.5125  0.207400D+01  0.202857D+01  0.407568D+02
  324.6649  0.202773D+01  0.207338D+01 -0.409528D+02
  324.8173  0.189856D+01  0.196468D+01 -0.593251D+02
  324.9696  0.175811D+01  0.184221D+01 -0.754581D+02
  325.1218  0.179909D+01  0.187281D+01 -0.661394D+02
  325.2740  0.192031D+01  0.196125D+01 -0.367339D+02
  325.4261  0.208408D+01  0.208178D+01  0.206365D+01
  325.5781  0.227285D+01  0.230426D+01 -0.256221D+02
  325.7301  0.246192D+01  0.251969D+01 -0.471142D+02
  325.8820  0.262176D+01  0.261259D+01  0.747562D+01
  326.0338  0.271074D+01  0.269822D+01  0.976545D+01
  326.1855  0.276370D+01  0.269779D+01  0.514232D+02
  326.3372  0.268079D+01  0.262673D+01  0.421715D+02
  326.4888  0.260907D+01  0.250881D+01  0.782124D+02
  326.6403  0.265446D+01  0.250057D+01  0.120064D+03
  326.7918  0.278396D+01  0.268584D+01  0.733565D+02
  326.9432  0.281603D+01  0.276396D+01  0.389303D+02
  327.0945  0.265060D+01  0.265471D+01 -0.320444D+01
  327.2458  0.254436D+01  0.253965D+01  0.367607D+01
  327.3970  0.256950D+01  0.260222D+01 -0.255277D+02
  327.5481  0.262948D+01  0.268096D+01 -0.401614D+02
  327.6992  0.255689D+01  0.263052D+01 -0.574416D+02
  327.8502  0.241534D+01  0.252967D+01 -0.891929D+02
  328.0011  0.233771D+01  0.246757D+01 -0.105915D+03
  328.1520  0.233203D+01  0.243942D+01 -0.875894D+02
  328.3027  0.240478D+01  0.240304D+01  0.135472D+01
  328.4535  0.244403D+01  0.235492D+01  0.695232D+02
  328.6041  0.238106D+01  0.222153D+01  0.124454D+03
   31 325.578 330.107 327.843  2.863D-01  0.000D+00 -5.990D-02  0.000D+00  1.583D+00  6.074D+01 10302  3.931D-02
  325.5781  0.227285D+01  0.234569D+01 -0.594130D+02
  325.7301  0.246192D+01  0.252665D+01 -0.527925D+02
  325.8820  0.262176D+01  0.264182D+01 -0.163688D+02
  326.0338  0.271074D+01  0.269082D+01  0.155403D+02
  326.1855  0.276370D+01  0.266763D+01  0.749520D+02
  326.3372  0.268079D+01  0.260110D+01  0.621711D+02
  326.4888  0.260907D+01  0.257099D+01  0.297060D+02
  326.6403  0.265446D+01  0.263226D+01  0.173200D+02
  326.7918  0.278396D+01  0.270983D+01  0.554195D+02
  326.9432  0.281603D+01  0.269249D+01  0.923650D+02
  327.0945  0.265060D+01  0.261975D+01  0.240695D+02
  327.2458  0.254436D+01  0.259760D+01 -0.415361D+02
  327.3970  0.256950D+01  0.262904D+01 -0.464463D+02
  327.5481  0.262948D+01  0.263110D+01 -0.126180D+01
  327.6992  0.255689D+01  0.258045D+01 -0.183757D+02
  327.8502  0.241534D+01  0.252548D+01 -0.859290D+02
  328.0011  0.233771D+01  0.249613D+01 -0.129215D+03
  328.1520  0.233203D+01  0.248562D+01 -0.125265D+03
  328.3027  0.240478D+01  0.246767D+01 -0.490614D+02
  328.4535  0.244403D+01  0.241003D+01  0.265272D+02
  328.6041  0.238106D+01  0.231921D+01  0.482493D+02
  328.7547  0.232857D+01  0.231666D+01  0.929301D+01
  328.9052  0.248202D+01  0.248833D+01 -0.472070D+01
  329.0557  0.279018D+01  0.271937D+01  0.529439D+02
  329.2061  0.301985D+01  0.288844D+01  0.982449D+02
  329.3564  0.311568D+01  0.299597D+01  0.859263D+02
  329.5066  0.315486D+01  0.306789D+01  0.624200D+02
  329.6568  0.318449D+01  0.312788D+01  0.406343D+02
  329.8069  0.316061D+01  0.321605D+01 -0.397906D+02
  329.9569  0.326370D+01  0.332930D+01 -0.452733D+02
  330.1069  0.325219D+01  0.336572D+01 -0.783498D+02
   31 327.095 331.603 329.349  2.587D-01  0.000D+00 -4.209D-02  0.000D+00  1.629D+00  4.841D+01 10300  2.319D-02
  327.0945  0.265060D+01  0.258496D+01  0.512131D+02
  327.2458  0.254436D+01  0.253150D+01  0.100298D+02
  327.3970  0.256950D+01  0.257143D+01 -0.150765D+01
  327.5481  0.262948D+01  0.258402D+01  0.354642D+02
  327.6992  0.255689D+01  0.253148D+01  0.198248D+02
  327.8502  0.241534D+01  0.247567D+01 -0.470668D+02
  328.0011  0.233771D+01  0.245707D+01 -0.973511D+02
  328.1520  0.233203D+01  0.246433D+01 -0.107900D+03
  328.3027  0.240478D+01  0.246921D+01 -0.502692D+02
  328.4535  0.244403D+01  0.243640D+01  0.595144D+01
  328.6041  0.238106D+01  0.233564D+01  0.354348D+02
  328.7547  0.232857D+01  0.230006D+01  0.222388D+02
  328.9052  0.248202D+01  0.248761D+01 -0.418330D+01
  329.0557  0.279018D+01  0.275900D+01  0.233128D+02
  329.2061  0.301985D+01  0.293425D+01  0.639953D+02
  329.3564  0.311568D+01  0.303661D+01  0.567554D+02
  329.5066  0.315486D+01  0.309318D+01  0.442695D+02
  329.6568  0.318449D+01  0.311712D+01  0.483528D+02
  329.8069  0.316061D+01  0.315838D+01  0.160286D+01
  329.9569  0.326370D+01  0.323742D+01  0.181324D+02
  330.1069  0.325219D+01  0.324218D+01  0.691093D+01
  330.2568  0.309574D+01  0.306682D+01  0.207600D+02
  330.4067  0.281256D+01  0.283011D+01 -0.131168D+02
  330.5565  0.254877D+01  0.262560D+01 -0.574364D+02
  330.7062  0.247879D+01  0.254073D+01 -0.463097D+02
  330.8558  0.252276D+01  0.264777D+01 -0.934588D+02
  331.0054  0.269032D+01  0.277623D+01 -0.642249D+02
  331.1549  0.273107D+01  0.276592D+01 -0.260550D+02
  331.3043  0.264256D+01  0.263550D+01  0.528064D+01
  331.4537  0.255610D+01  0.250482D+01  0.383426D+02
  331.6030  0.259898D+01  0.248725D+01  0.835338D+02
   31 328.604 333.093 330.848  2.359D-01  0.000D+00 -1.163D-02  0.000D+00  1.617D+00  3.721D+01 10300  1.339D-02
  328.6041  0.238106D+01  0.244432D+01 -0.493561D+02
  328.7547  0.232857D+01  0.233655D+01 -0.622683D+01
  328.9052  0.248202D+01  0.249284D+01 -0.809035D+01
  329.0557  0.279018D+01  0.280336D+01 -0.985210D+01
  329.2061  0.301985D+01  0.298657D+01  0.248764D+02
  329.3564  0.311568D+01  0.307610D+01  0.284123D+02
  329.5066  0.315486D+01  0.312808D+01  0.192197D+02
  329.6568  0.318449D+01  0.312709D+01  0.411973D+02
  329.8069  0.316061D+01  0.313733D+01  0.167089D+02
  329.9569  0.326370D+01  0.320313D+01  0.418028D+02
  330.1069  0.325219D+01  0.324938D+01  0.193905D+01
  330.2568  0.309574D+01  0.307993D+01  0.113527D+02
  330.4067  0.281256D+01  0.282526D+01 -0.948879D+01
  330.5565  0.254877D+01  0.260979D+01 -0.456202D+02
  330.7062  0.247879D+01  0.247026D+01  0.637777D+01
  330.8558  0.252276D+01  0.257568D+01 -0.395618D+02
  331.0054  0.269032D+01  0.276373D+01 -0.548810D+02
  331.1549  0.273107D+01  0.281055D+01 -0.594251D+02
  331.3043  0.264256D+01  0.271866D+01 -0.568956D+02
  331.4537  0.255610D+01  0.259606D+01 -0.298752D+02
  331.6030  0.259898D+01  0.260623D+01 -0.542116D+01
  331.7523  0.275361D+01  0.275047D+01  0.235136D+01
  331.9015  0.289359D+01  0.284562D+01  0.331041D+02
  332.0506  0.288468D+01  0.279921D+01  0.613427D+02
  332.1996  0.271783D+01  0.264488D+01  0.523562D+02
  332.3486  0.260481D+01  0.251830D+01  0.646761D+02
  332.4975  0.268031D+01  0.262785D+01  0.376573D+02
  332.6464  0.283968D+01  0.282821D+01  0.791024D+01
  332.7952  0.285607D+01  0.283089D+01  0.173806D+02
  332.9439  0.269490D+01  0.273837D+01 -0.312023D+02
  333.0926  0.268268D+01  0.278703D+01 -0.748973D+02
   31 330.107 334.576 332.341  2.347D-01  0.000D+00  2.765D-03  0.000D+00  1.636D+00  3.560D+01 10300  1.222D-02
  330.1069  0.325219D+01  0.321602D+01  0.249646D+02
  330.2568  0.309574D+01  0.306154D+01  0.245505D+02
  330.4067  0.281256D+01  0.280542D+01  0.534305D+01
  330.5565  0.254877D+01  0.259171D+01 -0.321018D+02
  330.7062  0.247879D+01  0.244081D+01  0.283911D+02
  330.8558  0.252276D+01  0.252874D+01 -0.446792D+01
  331.0054  0.269032D+01  0.272899D+01 -0.289098D+02
  331.1549  0.273107D+01  0.280044D+01 -0.518640D+02
  331.3043  0.264256D+01  0.272649D+01 -0.627473D+02
  331.4537  0.255610D+01  0.260625D+01 -0.374959D+02
  331.6030  0.259898D+01  0.260638D+01 -0.553576D+01
  331.7523  0.275361D+01  0.275199D+01  0.120968D+01
  331.9015  0.289359D+01  0.286303D+01  0.210886D+02
  332.0506  0.288468D+01  0.283016D+01  0.391324D+02
  332.1996  0.271783D+01  0.267874D+01  0.280595D+02
  332.3486  0.260481D+01  0.252987D+01  0.560324D+02
  332.4975  0.268031D+01  0.260538D+01  0.537833D+02
  332.6464  0.283968D+01  0.279946D+01  0.277529D+02
  332.7952  0.285607D+01  0.280136D+01  0.377550D+02
  332.9439  0.269490D+01  0.267800D+01  0.121253D+02
  333.0926  0.268268D+01  0.267528D+01  0.531006D+01
  333.2411  0.277095D+01  0.278678D+01 -0.109262D+02
  333.3897  0.277615D+01  0.279220D+01 -0.110764D+02
  333.5381  0.254302D+01  0.259492D+01 -0.372526D+02
  333.6865  0.234267D+01  0.239069D+01 -0.358952D+02
  333.8349  0.235379D+01  0.244342D+01 -0.670138D+02
  333.9832  0.253073D+01  0.261250D+01 -0.586933D+02
  334.1313  0.263799D+01  0.267367D+01 -0.246223D+02
  334.2795  0.270593D+01  0.269420D+01  0.809707D+01
  334.4276  0.283715D+01  0.279681D+01  0.278466D+02
  334.5756  0.298138D+01  0.288862D+01  0.616503D+02
   23 331.603 334.871 333.237  2.361D-01  0.000D+00 -4.601D-04  0.000D+00  1.646D+00  1.376D+01 10300  5.754D-03
  331.6030  0.259898D+01  0.258142D+01  0.131267D+02
  331.7523  0.275361D+01  0.276626D+01 -0.945576D+01
  331.9015  0.289359D+01  0.290413D+01 -0.727851D+01
  332.0506  0.288468D+01  0.288605D+01 -0.985675D+00
  332.1996  0.271783D+01  0.273859D+01 -0.148995D+02
  332.3486  0.260481D+01  0.259149D+01  0.996259D+01
  332.4975  0.268031D+01  0.266784D+01  0.895153D+01
  332.6464  0.283968D+01  0.285045D+01 -0.743374D+01
  332.7952  0.285607D+01  0.283315D+01  0.158193D+02
  332.9439  0.269490D+01  0.269459D+01  0.221169D+00
  333.0926  0.268268D+01  0.267845D+01  0.303493D+01
  333.2411  0.277095D+01  0.277053D+01  0.288176D+00
  333.3897  0.277615D+01  0.275507D+01  0.145489D+02
  333.5381  0.254302D+01  0.254670D+01 -0.264465D+01
  333.6865  0.234267D+01  0.234462D+01 -0.145700D+01
  333.8349  0.235379D+01  0.239817D+01 -0.331801D+02
  333.9832  0.253073D+01  0.256525D+01 -0.247800D+02
  334.1313  0.263799D+01  0.263623D+01  0.121414D+01
  334.2795  0.270593D+01  0.268099D+01  0.172091D+02
  334.4276  0.283715D+01  0.281906D+01  0.124898D+02
  334.5756  0.298138D+01  0.295838D+01  0.152909D+02
  334.7235  0.296286D+01  0.294566D+01  0.114341D+02
  334.8714  0.271586D+01  0.275050D+01 -0.239065D+02
