           0
 T T
nwave fwave lwave wave    hwe     asym  shift    squeeze      sin      rms   exval 
   28 269.215 278.490 273.853  2.919D-01  0.000D+00 -1.147D-02  0.000D+00  4.350D-03  7.419D+00 10000  0.000D+00
  269.2153  0.138773D-02  0.135507D-02  0.441146D+01
  269.5681  0.135570D-02  0.134848D-02  0.985604D+00
  269.9200  0.150776D-02  0.148323D-02  0.327703D+01
  270.2710  0.165783D-02  0.170719D-02 -0.625801D+01
  270.6212  0.159755D-02  0.168895D-02 -0.118301D+02
  270.9707  0.162310D-02  0.156000D-02  0.800052D+01
  271.3193  0.151010D-02  0.155921D-02 -0.642427D+01
  271.6671  0.135678D-02  0.133856D-02  0.240846D+01
  272.0143  0.110126D-02  0.990413D-03  0.149708D+02
  272.3606  0.112915D-02  0.109099D-02  0.515387D+01
  272.7063  0.130028D-02  0.129574D-02  0.613793D+00
  273.0512  0.148058D-02  0.159795D-02 -0.153502D+02
  273.3955  0.130928D-02  0.134586D-02 -0.488813D+01
  273.7392  0.110414D-02  0.102586D-02  0.104592D+02
  274.0822  0.940751D-03  0.841423D-03  0.137129D+02
  274.4245  0.864634D-03  0.779569D-03  0.116148D+02
  274.7663  0.799314D-03  0.778310D-03  0.289974D+01
  275.1075  0.933553D-03  0.917278D-03  0.210641D+01
  275.4481  0.104584D-02  0.107934D-02 -0.424740D+01
  275.7881  0.127851D-02  0.124559D-02  0.404904D+01
  276.1277  0.148922D-02  0.156885D-02 -0.933408D+01
  276.4666  0.163552D-02  0.165364D-02 -0.201064D+01
  276.8051  0.161248D-02  0.166764D-02 -0.595971D+01
  277.1431  0.173881D-02  0.173147D-02  0.792742D+00
  277.4806  0.174006D-02  0.177628D-02 -0.375010D+01
  277.8176  0.149606D-02  0.143347D-02  0.659040D+01
  278.1541  0.128804D-02  0.122640D-02  0.654672D+01
  278.4903  0.124090D-02  0.125440D-02 -0.142128D+01
   18 272.706 278.490 275.598  2.919D-01  0.000D+00 -2.201D-02  0.000D+00  4.444D-03  6.410D+00 10000  0.000D+00
  272.7063  0.130028D-02  0.123630D-02  0.864043D+01
  273.0512  0.148058D-02  0.157460D-02 -0.122969D+02
  273.3955  0.130928D-02  0.134664D-02 -0.499236D+01
  273.7392  0.110414D-02  0.104358D-02  0.809071D+01
  274.0822  0.940751D-03  0.865014D-03  0.104560D+02
  274.4245  0.864634D-03  0.806625D-03  0.792057D+01
  274.7663  0.799314D-03  0.799893D-03 -0.799378D-01
  275.1075  0.933553D-03  0.947967D-03 -0.186557D+01
  275.4481  0.104584D-02  0.108807D-02 -0.535457D+01
  275.7881  0.127851D-02  0.126355D-02  0.183989D+01
  276.1277  0.148922D-02  0.155380D-02 -0.756961D+01
  276.4666  0.163552D-02  0.163268D-02  0.315135D+00
  276.8051  0.161248D-02  0.163026D-02 -0.192100D+01
  277.1431  0.173881D-02  0.170330D-02  0.383632D+01
  277.4806  0.174006D-02  0.174830D-02 -0.852993D+00
  277.8176  0.149606D-02  0.142283D-02  0.771068D+01
  278.1541  0.128804D-02  0.125230D-02  0.379562D+01
  278.4903  0.124090D-02  0.131770D-02 -0.808730D+01
   31 281.164 291.980 286.572  2.919D-01  0.000D+00  1.752D-03  0.000D+00  7.119D-03  1.105D+01 10000  0.000D+00
  281.1644  0.132925D-02  0.136878D-02 -0.454734D+01
  281.4969  0.175410D-02  0.177423D-02 -0.227379D+01
  281.8292  0.210823D-02  0.214381D-02 -0.387813D+01
  282.1610  0.246362D-02  0.242103D-02  0.441059D+01
  282.4926  0.261262D-02  0.255343D-02  0.628586D+01
  282.8238  0.273966D-02  0.267105D-02  0.710434D+01
  283.1547  0.291654D-02  0.299786D-02 -0.841930D+01
  283.4853  0.290755D-02  0.289083D-02  0.170258D+01
  283.8156  0.289873D-02  0.285721D-02  0.429862D+01
  284.1456  0.281829D-02  0.282405D-02 -0.606439D+00
  284.4753  0.251563D-02  0.248579D-02  0.319575D+01
  285.7911  0.206900D-02  0.202386D-02  0.492057D+01
  286.1194  0.291384D-02  0.311540D-02 -0.203610D+02
  286.4473  0.350604D-02  0.364490D-02 -0.135850D+02
  286.7750  0.372467D-02  0.365308D-02  0.684281D+01
  287.1024  0.403742D-02  0.405455D-02 -0.158854D+01
  287.4296  0.417580D-02  0.429387D-02 -0.991240D+01
  287.7564  0.376570D-02  0.378565D-02 -0.172093D+01
  288.0830  0.314147D-02  0.275342D-02  0.346877D+02
  288.4094  0.356542D-02  0.325410D-02  0.270510D+02
  288.7354  0.463645D-02  0.474572D-02 -0.887376D+01
  289.0612  0.504637D-02  0.500130D-02  0.361305D+01
  289.3867  0.561283D-02  0.544087D-02  0.130286D+02
  289.7119  0.668314D-02  0.664018D-02  0.333674D+01
  290.0368  0.776821D-02  0.783435D-02 -0.483411D+01
  290.3615  0.835123D-02  0.852463D-02 -0.126736D+02
  290.6858  0.839442D-02  0.856064D-02 -0.121492D+02
  291.0099  0.829725D-02  0.819793D-02  0.725909D+01
  291.3336  0.854377D-02  0.864156D-02 -0.714688D+01
  291.6571  0.847899D-02  0.833493D-02  0.105291D+02
  291.9803  0.842321D-02  0.840775D-02  0.112976D+01
   31 284.475 295.194 289.835  2.919D-01  0.000D+00  7.766D-03  0.000D+00  8.689D-03  1.540D+01 10000  0.000D+00
  284.4753  0.251563D-02  0.242443D-02  0.976882D+01
  285.7911  0.206900D-02  0.199574D-02  0.798538D+01
  286.1194  0.291384D-02  0.309996D-02 -0.188007D+02
  286.4473  0.350604D-02  0.364804D-02 -0.138922D+02
  286.7750  0.372467D-02  0.366832D-02  0.538662D+01
  287.1024  0.403742D-02  0.405903D-02 -0.200387D+01
  287.4296  0.417580D-02  0.432155D-02 -0.122366D+02
  287.7564  0.376570D-02  0.381703D-02 -0.442890D+01
  288.0830  0.314147D-02  0.278254D-02  0.320853D+02
  288.4094  0.356542D-02  0.323307D-02  0.288784D+02
  288.7354  0.463645D-02  0.474715D-02 -0.899002D+01
  289.0612  0.504637D-02  0.500763D-02  0.310538D+01
  289.3867  0.561283D-02  0.543112D-02  0.137674D+02
  289.7119  0.668314D-02  0.661679D-02  0.515290D+01
  290.0368  0.776821D-02  0.781054D-02 -0.309401D+01
  290.3615  0.835123D-02  0.850469D-02 -0.112161D+02
  290.6858  0.839442D-02  0.855604D-02 -0.118128D+02
  291.0099  0.829725D-02  0.818220D-02  0.840850D+01
  291.3336  0.854377D-02  0.862262D-02 -0.576271D+01
  291.6571  0.847899D-02  0.833395D-02  0.106012D+02
  291.9803  0.842321D-02  0.839927D-02  0.174953D+01
  292.3032  0.826126D-02  0.838558D-02 -0.908662D+01
  292.6257  0.766384D-02  0.751453D-02  0.115952D+02
  292.9479  0.815509D-02  0.799624D-02  0.116104D+02
  293.2698  0.941830D-02  0.988402D-02 -0.321481D+02
  293.5914  0.928874D-02  0.939840D-02 -0.756932D+01
  293.9126  0.849159D-02  0.803677D-02  0.332424D+02
  294.2334  0.909080D-02  0.907185D-02  0.130811D+01
  294.5539  0.950288D-02  0.984885D-02 -0.238818D+02
  294.8741  0.904042D-02  0.867816D-02  0.250066D+02
  295.1938  0.100121D-01  0.101019D-01 -0.587134D+01
   31 288.735 298.368 293.552  2.919D-01  0.000D+00  2.718D-02  0.000D+00  1.098D-02  2.330D+01 10000  0.000D+00
  288.7354  0.463645D-02  0.471877D-02 -0.668511D+01
  289.0612  0.504637D-02  0.501887D-02  0.220449D+01
  289.3867  0.561283D-02  0.541043D-02  0.153351D+02
  289.7119  0.668314D-02  0.657146D-02  0.867324D+01
  290.0368  0.776821D-02  0.778531D-02 -0.124951D+01
  290.3615  0.835123D-02  0.850852D-02 -0.114959D+02
  290.6858  0.839442D-02  0.861264D-02 -0.159495D+02
  291.0099  0.829725D-02  0.820030D-02  0.708583D+01
  291.3336  0.854377D-02  0.861318D-02 -0.507259D+01
  291.6571  0.847899D-02  0.836376D-02  0.842227D+01
  291.9803  0.842321D-02  0.836982D-02  0.390260D+01
  292.3032  0.826126D-02  0.841237D-02 -0.110442D+02
  292.6257  0.766384D-02  0.753316D-02  0.101486D+02
  292.9479  0.815509D-02  0.787739D-02  0.202971D+02
  293.2698  0.941830D-02  0.978518D-02 -0.253250D+02
  293.5914  0.928874D-02  0.948363D-02 -0.134528D+02
  293.9126  0.849159D-02  0.801977D-02  0.344848D+02
  294.2334  0.909080D-02  0.898123D-02  0.756370D+01
  294.5539  0.950288D-02  0.985356D-02 -0.242074D+02
  294.8741  0.904042D-02  0.874242D-02  0.205708D+02
  295.1938  0.100121D-01  0.999546D-02  0.108968D+01
  295.5132  0.108956D-01  0.108530D-01  0.278898D+01
  295.8322  0.114535D-01  0.113957D-01  0.358830D+01
  296.1507  0.122830D-01  0.125071D-01 -0.139188D+02
  296.4689  0.113023D-01  0.117447D-01 -0.289275D+02
  296.7866  0.940031D-02  0.879911D-02  0.415001D+02
  297.1039  0.969362D-02  0.933297D-02  0.248954D+02
  297.4207  0.116784D-01  0.112806D-01  0.247164D+02
  297.7371  0.141562D-01  0.150642D-01 -0.537205D+02
  298.0530  0.133789D-01  0.139666D-01 -0.347720D+02
  298.3684  0.106149D-01  0.963544D-02  0.640549D+02
   31 291.980 301.492 296.736  2.919D-01  0.000D+00  2.601D-02  0.000D+00  1.416D-02  2.393D+01 10000  0.000D+00
  291.9803  0.842321D-02  0.838691D-02  0.265337D+01
  292.3032  0.826126D-02  0.842377D-02 -0.118781D+02
  292.6257  0.766384D-02  0.754115D-02  0.952817D+01
  292.9479  0.815509D-02  0.789163D-02  0.192564D+02
  293.2698  0.941830D-02  0.979788D-02 -0.262014D+02
  293.5914  0.928874D-02  0.948266D-02 -0.133855D+02
  293.9126  0.849159D-02  0.802223D-02  0.343048D+02
  294.2334  0.909080D-02  0.898737D-02  0.713967D+01
  294.5539  0.950288D-02  0.985357D-02 -0.242080D+02
  294.8741  0.904042D-02  0.873794D-02  0.208797D+02
  295.1938  0.100121D-01  0.100028D-01  0.608618D+00
  295.5132  0.108956D-01  0.108515D-01  0.288581D+01
  295.8322  0.114535D-01  0.113993D-01  0.336578D+01
  296.1507  0.122830D-01  0.125113D-01 -0.141837D+02
  296.4689  0.113023D-01  0.117371D-01 -0.284300D+02
  296.7866  0.940031D-02  0.880059D-02  0.413977D+02
  297.1039  0.969362D-02  0.934620D-02  0.239820D+02
  297.4207  0.116784D-01  0.113079D-01  0.230212D+02
  297.7371  0.141562D-01  0.151019D-01 -0.559542D+02
  298.0530  0.133789D-01  0.139838D-01 -0.357939D+02
  298.3684  0.106149D-01  0.965362D-02  0.628656D+02
  298.6833  0.108938D-01  0.945558D-02  0.244805D+02
  298.9977  0.137820D-01  0.134476D-01  0.561427D+01
  299.3115  0.148958D-01  0.143027D-01  0.995881D+01
  299.6248  0.148004D-01  0.138055D-01  0.167052D+02
  299.9375  0.137802D-01  0.147311D-01 -0.157536D+02
  300.2497  0.125331D-01  0.113914D-01  0.189147D+02
  300.5612  0.139925D-01  0.146597D-01 -0.109085D+02
  300.8722  0.159395D-01  0.159786D-01 -0.639181D+00
  301.1825  0.186477D-01  0.185312D-01  0.190335D+01
  301.4922  0.198983D-01  0.204529D-01 -0.906793D+01
   31 295.194 304.549 299.872  2.919D-01  0.000D+00  1.300D-02  0.000D+00  1.895D-02  2.855D+01 10000  0.000D+00
  295.1938  0.100121D-01  0.967153D-02  0.222732D+02
  295.5132  0.108956D-01  0.107355D-01  0.104707D+02
  295.8322  0.114535D-01  0.115486D-01 -0.591135D+01
  296.1507  0.122830D-01  0.127815D-01 -0.309666D+02
  296.4689  0.113023D-01  0.118567D-01 -0.362557D+02
  296.7866  0.940031D-02  0.892232D-02  0.329947D+02
  297.1039  0.969362D-02  0.949771D-02  0.135235D+02
  297.4207  0.116784D-01  0.114575D-01  0.137264D+02
  297.7371  0.141562D-01  0.150636D-01 -0.536869D+02
  298.0530  0.133789D-01  0.135285D-01 -0.885006D+01
  298.3684  0.106149D-01  0.926356D-02  0.883738D+02
  298.6833  0.108938D-01  0.923135D-02  0.282971D+02
  298.9977  0.137820D-01  0.130785D-01  0.118118D+02
  299.3115  0.148958D-01  0.136749D-01  0.204995D+02
  299.6248  0.148004D-01  0.134452D-01  0.227560D+02
  299.9375  0.137802D-01  0.142482D-01 -0.775350D+01
  300.2497  0.125331D-01  0.112844D-01  0.206873D+02
  300.5612  0.139925D-01  0.149813D-01 -0.161657D+02
  300.8722  0.159395D-01  0.165799D-01 -0.104700D+02
  301.1825  0.186477D-01  0.199262D-01 -0.209027D+02
  301.4922  0.198983D-01  0.225677D-01 -0.436419D+02
  301.8011  0.182626D-01  0.199078D-01 -0.268969D+02
  302.1095  0.183058D-01  0.160152D-01  0.374476D+02
  302.4171  0.235961D-01  0.234677D-01  0.207313D+01
  302.7240  0.312816D-01  0.310557D-01  0.355341D+01
  303.0302  0.384164D-01  0.380938D-01  0.500968D+01
  303.3356  0.430967D-01  0.439023D-01 -0.123570D+02
  303.6402  0.440361D-01  0.466260D-01 -0.392450D+02
  303.9440  0.441764D-01  0.428413D-01  0.197492D+02
  304.2470  0.496647D-01  0.478173D-01  0.270053D+02
  304.5492  0.588383D-01  0.582450D-01  0.837742D+01
   31 298.368 307.519 302.944  2.919D-01  0.000D+00 -4.582D-02  0.000D+00  3.581D-02  4.839D+01 10004  0.000D+00
  298.3684  0.106149D-01  0.103602D-01  0.166616D+02
  298.6833  0.108938D-01  0.113032D-01 -0.696707D+01
  298.9977  0.137820D-01  0.154558D-01 -0.281043D+02
  299.3115  0.148958D-01  0.147054D-01  0.319666D+01
  299.6248  0.148004D-01  0.150685D-01 -0.449999D+01
  299.9375  0.137802D-01  0.142567D-01 -0.789549D+01
  300.2497  0.125331D-01  0.118110D-01  0.119633D+02
  300.5612  0.139925D-01  0.156738D-01 -0.274875D+02
  300.8722  0.159395D-01  0.165456D-01 -0.990977D+01
  301.1825  0.186477D-01  0.199210D-01 -0.208171D+02
  301.4922  0.198983D-01  0.214818D-01 -0.258895D+02
  301.8011  0.182626D-01  0.177018D-01  0.916866D+01
  302.1095  0.183058D-01  0.156085D-01  0.440983D+02
  302.4171  0.235961D-01  0.235271D-01  0.111479D+01
  302.7240  0.312816D-01  0.308231D-01  0.721158D+01
  303.0302  0.384164D-01  0.368656D-01  0.240857D+02
  303.3356  0.430967D-01  0.434187D-01 -0.493860D+01
  303.6402  0.440361D-01  0.442070D-01 -0.258960D+01
  303.9440  0.441764D-01  0.424244D-01  0.259154D+02
  304.2470  0.496647D-01  0.494671D-01  0.288871D+01
  304.5492  0.588383D-01  0.597992D-01 -0.135674D+02
  304.8505  0.691527D-01  0.615156D-01  0.105436D+03
  305.1509  0.792836D-01  0.790036D-01  0.386527D+01
  305.4504  0.789417D-01  0.818286D-01 -0.398559D+02
  305.7490  0.729496D-01  0.683776D-01  0.631191D+02
  306.0466  0.769263D-01  0.800418D-01 -0.387106D+02
  306.3432  0.868413D-01  0.101916D+00 -0.187305D+03
  306.6388  0.980878D-01  0.100049D+00 -0.221549D+02
  306.9334  0.121841D+00  0.121950D+00 -0.113350D+01
  307.2269  0.150020D+00  0.145838D+00  0.399688D+02
  307.5194  0.166215D+00  0.153940D+00  0.101680D+03
   26 301.492 308.964 305.228  2.919D-01  0.000D+00 -7.351D-02  0.000D+00  7.516D-02  5.662D+01 10004  0.000D+00
  301.4922  0.198983D-01  0.213709D-01 -0.240756D+02
  301.8011  0.182626D-01  0.171791D-01  0.177136D+02
  302.1095  0.183058D-01  0.160928D-01  0.361803D+02
  302.4171  0.235961D-01  0.242419D-01 -0.104207D+02
  302.7240  0.312816D-01  0.317141D-01 -0.680303D+01
  303.0302  0.384164D-01  0.374502D-01  0.150057D+02
  303.3356  0.430967D-01  0.442646D-01 -0.179145D+02
  303.6402  0.440361D-01  0.439668D-01  0.104899D+01
  303.9440  0.441764D-01  0.429747D-01  0.177757D+02
  304.2470  0.496647D-01  0.506824D-01 -0.148766D+02
  304.5492  0.588383D-01  0.601400D-01 -0.183792D+02
  304.8505  0.691527D-01  0.624238D-01  0.928982D+02
  305.1509  0.792836D-01  0.802024D-01 -0.126848D+02
  305.4504  0.789417D-01  0.803618D-01 -0.196048D+02
  305.7490  0.729496D-01  0.670521D-01  0.814190D+02
  306.0466  0.769263D-01  0.820222D-01 -0.633175D+02
  306.3432  0.868413D-01  0.100622D+00 -0.171234D+03
  306.6388  0.980878D-01  0.987248D-01 -0.719521D+01
  306.9334  0.121841D+00  0.122415D+00 -0.594735D+01
  307.2269  0.150020D+00  0.143168D+00  0.654884D+02
  307.5194  0.166215D+00  0.150721D+00  0.128342D+03
  307.8107  0.175050D+00  0.168227D+00  0.529861D+02
  308.1009  0.180053D+00  0.177440D+00  0.190991D+02
  308.3900  0.194016D+00  0.198505D+00 -0.309827D+02
  308.6778  0.205191D+00  0.217026D+00 -0.735255D+02
  308.9645  0.195978D+00  0.197308D+00 -0.751515D+01
   16 304.549 308.964 306.757  2.919D-01  0.000D+00 -4.431D-02  0.000D+00  1.213D-01  6.581D+01 10004  0.000D+00
  304.5492  0.588383D-01  0.643817D-01 -0.782705D+02
  304.8505  0.691527D-01  0.623273D-01  0.942297D+02
  305.1509  0.792836D-01  0.774845D-01  0.248384D+02
  305.4504  0.789417D-01  0.794198D-01 -0.659991D+01
  305.7490  0.729496D-01  0.664084D-01  0.903059D+02
  306.0466  0.769263D-01  0.780995D-01 -0.145771D+02
  306.3432  0.868413D-01  0.100582D+00 -0.170729D+03
  306.6388  0.980878D-01  0.996341D-01 -0.174656D+02
  306.9334  0.121841D+00  0.122071D+00 -0.238553D+01
  307.2269  0.150020D+00  0.146508D+00  0.335699D+02
  307.5194  0.166215D+00  0.154355D+00  0.982427D+02
  307.8107  0.175050D+00  0.170966D+00  0.317137D+02
  308.1009  0.180053D+00  0.180488D+00 -0.318043D+01
  308.3900  0.194016D+00  0.195792D+00 -0.122558D+02
  308.6778  0.205191D+00  0.214633D+00 -0.586628D+02
  308.9645  0.195978D+00  0.192364D+00  0.204115D+02
   31 312.213 316.911 314.562  2.919D-01  0.000D+00 -5.888D-02  0.000D+00  8.279D-01  1.002D+02 10300  0.000D+00
  312.2131  0.588401D+00  0.612155D+00 -0.583787D+02
  312.3708  0.647000D+00  0.652969D+00 -0.136223D+02
  312.5283  0.691437D+00  0.675610D+00  0.358859D+02
  312.6858  0.716270D+00  0.689572D+00  0.625509D+02
  312.8432  0.743441D+00  0.710666D+00  0.767891D+02
  313.0005  0.765755D+00  0.727062D+00  0.906540D+02
  313.1578  0.762426D+00  0.732192D+00  0.708348D+02
  313.3151  0.734624D+00  0.740334D+00 -0.133788D+02
  313.4722  0.715370D+00  0.772408D+00 -0.133635D+03
  313.6292  0.743891D+00  0.839906D+00 -0.210895D+03
  313.7862  0.829455D+00  0.922896D+00 -0.205241D+03
  313.9431  0.925006D+00  0.975515D+00 -0.110942D+03
  314.0999  0.977909D+00  0.956443D+00  0.471507D+02
  314.2567  0.920957D+00  0.854783D+00  0.145350D+03
  314.4134  0.817489D+00  0.748249D+00  0.152083D+03
  314.5700  0.795535D+00  0.750521D+00  0.988727D+02
  314.7266  0.904672D+00  0.863450D+00  0.905439D+02
  314.8830  0.104872D+01  0.993096D+00  0.122171D+03
  315.0394  0.112825D+01  0.107658D+01  0.113503D+03
  315.1957  0.113905D+01  0.111071D+01  0.622497D+02
  315.3521  0.109172D+01  0.110814D+01 -0.360562D+02
  315.5082  0.100814D+01  0.105555D+01 -0.104127D+03
  315.6643  0.885598D+00  0.943897D+00 -0.128053D+03
  315.8204  0.781950D+00  0.829632D+00 -0.104733D+03
  315.9763  0.750729D+00  0.795620D+00 -0.986013D+02
  316.1323  0.830625D+00  0.867630D+00 -0.812819D+02
  316.2881  0.982768D+00  0.996496D+00 -0.301538D+02
  316.4438  0.112420D+01  0.111247D+01  0.257682D+02
  316.5995  0.123892D+01  0.119410D+01  0.926585D+02
  316.7551  0.130082D+01  0.127094D+01  0.617626D+02
  316.9106  0.136974D+01  0.138029D+01 -0.218086D+02
   31 313.786 318.462 316.124  2.919D-01  0.000D+00 -8.383D-02  0.000D+00  1.015D+00  7.545D+01 10300  0.000D+00
  313.7862  0.829455D+00  0.884370D+00 -0.120620D+03
  313.9431  0.925006D+00  0.953328D+00 -0.622106D+02
  314.0999  0.977909D+00  0.941700D+00  0.795330D+02
  314.2567  0.920957D+00  0.845053D+00  0.166722D+03
  314.4134  0.817489D+00  0.756081D+00  0.134881D+03
  314.5700  0.795535D+00  0.785582D+00  0.218633D+02
  314.7266  0.904672D+00  0.913996D+00 -0.204809D+02
  314.8830  0.104872D+01  0.104248D+01  0.137007D+02
  315.0394  0.112825D+01  0.111671D+01  0.253490D+02
  315.1957  0.113905D+01  0.114033D+01 -0.280695D+01
  315.3521  0.109172D+01  0.112444D+01 -0.718508D+02
  315.5082  0.100814D+01  0.105313D+01 -0.988241D+02
  315.6643  0.885598D+00  0.927419D+00 -0.918592D+02
  315.8204  0.781950D+00  0.813874D+00 -0.701210D+02
  315.9763  0.750729D+00  0.791678D+00 -0.899432D+02
  316.1323  0.830625D+00  0.870134D+00 -0.867824D+02
  316.2881  0.982768D+00  0.991744D+00 -0.197169D+02
  316.4438  0.112420D+01  0.109248D+01  0.696826D+02
  316.5995  0.123892D+01  0.116244D+01  0.158106D+03
  316.7551  0.130082D+01  0.123519D+01  0.135683D+03
  316.9106  0.136974D+01  0.134518D+01  0.507636D+02
  317.0661  0.147204D+01  0.148307D+01 -0.228166D+02
  317.2215  0.157380D+01  0.158162D+01 -0.161683D+02
  317.3768  0.159872D+01  0.160726D+01 -0.166705D+02
  317.5321  0.156228D+01  0.158666D+01 -0.476086D+02
  317.6873  0.147591D+01  0.149861D+01 -0.469299D+02
  317.8424  0.133879D+01  0.132524D+01  0.297593D+02
  317.9974  0.118206D+01  0.116590D+01  0.354806D+02
  318.1524  0.111746D+01  0.112797D+01 -0.231012D+02
  318.3073  0.119969D+01  0.121059D+01 -0.225335D+02
  318.4622  0.136560D+01  0.135931D+01  0.130116D+02
   31 315.352 320.007 317.679  2.919D-01  0.000D+00 -7.625D-02  0.000D+00  1.201D+00  1.457D+02 10300  0.000D+00
  315.3521  0.109172D+01  0.112858D+01 -0.809549D+02
  315.5082  0.100814D+01  0.103633D+01 -0.619285D+02
  315.6643  0.885598D+00  0.900063D+00 -0.317725D+02
  315.8204  0.781950D+00  0.780578D+00  0.301314D+01
  315.9763  0.750729D+00  0.751140D+00 -0.902394D+00
  316.1323  0.830625D+00  0.822554D+00  0.177259D+02
  316.2881  0.982768D+00  0.942097D+00  0.893320D+02
  316.4438  0.112420D+01  0.104802D+01  0.167344D+03
  316.5995  0.123892D+01  0.112718D+01  0.230986D+03
  316.7551  0.130082D+01  0.121042D+01  0.186887D+03
  316.9106  0.136974D+01  0.133229D+01  0.774213D+02
  317.0661  0.147204D+01  0.148688D+01 -0.306882D+02
  317.2215  0.157380D+01  0.160771D+01 -0.701187D+02
  317.3768  0.159872D+01  0.165338D+01 -0.106716D+03
  317.5321  0.156228D+01  0.164782D+01 -0.167008D+03
  317.6873  0.147591D+01  0.157048D+01 -0.195505D+03
  317.8424  0.133879D+01  0.139709D+01 -0.128051D+03
  317.9974  0.118206D+01  0.122650D+01 -0.976177D+02
  318.1524  0.111746D+01  0.117608D+01 -0.128765D+03
  318.3073  0.119969D+01  0.124898D+01 -0.101900D+03
  318.4622  0.136560D+01  0.138604D+01 -0.422570D+02
  318.6169  0.153601D+01  0.153697D+01 -0.188836D+01
  318.7716  0.171910D+01  0.166820D+01  0.993789D+02
  318.9262  0.185766D+01  0.170939D+01  0.274241D+03
  319.0807  0.180332D+01  0.159797D+01  0.400930D+03
  319.2352  0.157784D+01  0.144325D+01  0.262792D+03
  319.3896  0.140132D+01  0.141311D+01 -0.230151D+02
  319.5440  0.140573D+01  0.150016D+01 -0.184366D+03
  319.6982  0.154339D+01  0.161792D+01 -0.145521D+03
  319.8524  0.165837D+01  0.170322D+01 -0.829555D+02
  320.0066  0.171325D+01  0.172271D+01 -0.175011D+02
   31 316.911 321.544 319.227  2.919D-01  0.000D+00 -1.752D-02  0.000D+00  1.329D+00  1.943D+02 10300  0.000D+00
  316.9106  0.136974D+01  0.124381D+01  0.260321D+03
  317.0661  0.147204D+01  0.140879D+01  0.130753D+03
  317.2215  0.157380D+01  0.156524D+01  0.176863D+02
  317.3768  0.159872D+01  0.164587D+01 -0.920612D+02
  317.5321  0.156228D+01  0.165869D+01 -0.188225D+03
  317.6873  0.147591D+01  0.161182D+01 -0.280970D+03
  317.8424  0.133879D+01  0.146483D+01 -0.276850D+03
  317.9974  0.118206D+01  0.126935D+01 -0.191730D+03
  318.1524  0.111746D+01  0.116051D+01 -0.945601D+02
  318.3073  0.119969D+01  0.118526D+01  0.298286D+02
  318.4622  0.136560D+01  0.129570D+01  0.144503D+03
  318.6169  0.153601D+01  0.143546D+01  0.196308D+03
  318.7716  0.171910D+01  0.157118D+01  0.288798D+03
  318.9262  0.185766D+01  0.165567D+01  0.373619D+03
  319.0807  0.180332D+01  0.160555D+01  0.386131D+03
  319.2352  0.157784D+01  0.145704D+01  0.235856D+03
  319.3896  0.140132D+01  0.138499D+01  0.318910D+02
  319.5440  0.140573D+01  0.145565D+01 -0.974793D+02
  319.6982  0.154339D+01  0.160070D+01 -0.111907D+03
  319.8524  0.165837D+01  0.174902D+01 -0.167674D+03
  320.0066  0.171325D+01  0.185148D+01 -0.255669D+03
  320.1606  0.175896D+01  0.191964D+01 -0.297202D+03
  320.3146  0.189095D+01  0.201157D+01 -0.223106D+03
  320.4685  0.206999D+01  0.211862D+01 -0.899396D+02
  320.6224  0.219757D+01  0.217396D+01  0.414888D+02
  320.7762  0.218930D+01  0.212488D+01  0.113194D+03
  320.9298  0.205803D+01  0.196514D+01  0.163221D+03
  321.0835  0.186432D+01  0.177724D+01  0.161067D+03
  321.2371  0.171451D+01  0.166068D+01  0.995728D+02
  321.3906  0.168752D+01  0.167609D+01  0.211454D+02
  321.5440  0.176499D+01  0.182477D+01 -0.110581D+03
   31 318.462 323.074 320.768  2.919D-01  0.000D+00  2.621D-02  0.000D+00  1.477D+00  1.885D+02   300  0.000D+00
  318.4622  0.136560D+01  0.145094D+01 -0.176415D+03
  318.6169  0.153601D+01  0.155541D+01 -0.378790D+02
  318.7716  0.171910D+01  0.166565D+01  0.104365D+03
  318.9262  0.185766D+01  0.174331D+01  0.211504D+03
  319.0807  0.180332D+01  0.170631D+01  0.189394D+03
  319.2352  0.157784D+01  0.154398D+01  0.661217D+02
  319.3896  0.140132D+01  0.141768D+01 -0.319374D+02
  319.5440  0.140573D+01  0.144365D+01 -0.740422D+02
  319.6982  0.154339D+01  0.157176D+01 -0.553930D+02
  319.8524  0.165837D+01  0.172183D+01 -0.117389D+03
  320.0066  0.171325D+01  0.183774D+01 -0.230264D+03
  320.1606  0.175896D+01  0.190684D+01 -0.273536D+03
  320.3146  0.189095D+01  0.198578D+01 -0.175408D+03
  320.4685  0.206999D+01  0.208850D+01 -0.342381D+02
  320.6224  0.219757D+01  0.215596D+01  0.731153D+02
  320.7762  0.218930D+01  0.212609D+01  0.111063D+03
  320.9298  0.205803D+01  0.197734D+01  0.141775D+03
  321.0835  0.186432D+01  0.176909D+01  0.176147D+03
  321.2371  0.171451D+01  0.160343D+01  0.205460D+03
  321.3906  0.168752D+01  0.155137D+01  0.251829D+03
  321.5440  0.176499D+01  0.161910D+01  0.269840D+03
  321.6973  0.190966D+01  0.177579D+01  0.247614D+03
  321.8506  0.201619D+01  0.195699D+01  0.104018D+03
  322.0038  0.201088D+01  0.208588D+01 -0.131780D+03
  322.1570  0.189869D+01  0.208513D+01 -0.327617D+03
  322.3101  0.181375D+01  0.198049D+01 -0.292992D+03
  322.4630  0.174672D+01  0.186117D+01 -0.211698D+03
  322.6160  0.164928D+01  0.172889D+01 -0.147238D+03
  322.7689  0.151639D+01  0.157439D+01 -0.107276D+03
  322.9216  0.149381D+01  0.145540D+01  0.710479D+02
  323.0744  0.166026D+01  0.143314D+01  0.420094D+03
   31 320.007 324.598 322.302  2.919D-01  0.000D+00 -5.988D-02  0.000D+00  1.592D+00  2.065D+02   300  0.000D+00
  320.0066  0.171325D+01  0.173106D+01 -0.329388D+02
  320.1606  0.175896D+01  0.185011D+01 -0.168593D+03
  320.3146  0.189095D+01  0.198708D+01 -0.177816D+03
  320.4685  0.206999D+01  0.211145D+01 -0.766732D+02
  320.6224  0.219757D+01  0.215444D+01  0.758018D+02
  320.7762  0.218930D+01  0.207191D+01  0.206278D+03
  320.9298  0.205803D+01  0.188330D+01  0.307032D+03
  321.0835  0.186432D+01  0.168803D+01  0.326077D+03
  321.2371  0.171451D+01  0.157933D+01  0.250048D+03
  321.3906  0.168752D+01  0.159516D+01  0.170841D+03
  321.5440  0.176499D+01  0.172023D+01  0.827891D+02
  321.6973  0.190966D+01  0.189965D+01  0.185256D+02
  321.8506  0.201619D+01  0.206702D+01 -0.893149D+02
  322.0038  0.201088D+01  0.213408D+01 -0.216475D+03
  322.1570  0.189869D+01  0.207522D+01 -0.310195D+03
  322.3101  0.181375D+01  0.196920D+01 -0.273147D+03
  322.4630  0.174672D+01  0.186787D+01 -0.224084D+03
  322.6160  0.164928D+01  0.174376D+01 -0.174753D+03
  322.7689  0.151639D+01  0.162828D+01 -0.206958D+03
  322.9216  0.149381D+01  0.160405D+01 -0.203900D+03
  323.0744  0.166026D+01  0.169316D+01 -0.608589D+02
  323.2271  0.186828D+01  0.179637D+01  0.120336D+03
  323.3796  0.196940D+01  0.181915D+01  0.251458D+03
  323.5322  0.198218D+01  0.181809D+01  0.274615D+03
  323.6846  0.204894D+01  0.188451D+01  0.275176D+03
  323.8370  0.218399D+01  0.201888D+01  0.276313D+03
  323.9893  0.232471D+01  0.218113D+01  0.240280D+03
  324.1415  0.239866D+01  0.232681D+01  0.120252D+03
  324.2938  0.241693D+01  0.243549D+01 -0.310710D+02
  324.4459  0.243933D+01  0.253610D+01 -0.154584D+03
  324.5979  0.240109D+01  0.260858D+01 -0.331453D+03
   31 321.544 326.115 323.829  2.919D-01  0.000D+00 -9.788D-02  0.000D+00  1.694D+00  2.074D+02   300  0.000D+00
  321.5440  0.176499D+01  0.162609D+01  0.256919D+03
  321.6973  0.190966D+01  0.182251D+01  0.161210D+03
  321.8506  0.201619D+01  0.199269D+01  0.412969D+02
  322.0038  0.201088D+01  0.205195D+01 -0.721566D+02
  322.1570  0.189869D+01  0.200012D+01 -0.178245D+03
  322.3101  0.181375D+01  0.192045D+01 -0.187492D+03
  322.4630  0.174672D+01  0.183604D+01 -0.165207D+03
  322.6160  0.164928D+01  0.172406D+01 -0.138318D+03
  322.7689  0.151639D+01  0.163353D+01 -0.216664D+03
  322.9216  0.149381D+01  0.164885D+01 -0.286765D+03
  323.0744  0.166026D+01  0.175990D+01 -0.184303D+03
  323.2271  0.186828D+01  0.185015D+01  0.303278D+02
  323.3796  0.196940D+01  0.184965D+01  0.200415D+03
  323.5322  0.198218D+01  0.184947D+01  0.222084D+03
  323.6846  0.204894D+01  0.191944D+01  0.216723D+03
  323.8370  0.218399D+01  0.204026D+01  0.240535D+03
  323.9893  0.232471D+01  0.216586D+01  0.265821D+03
  324.1415  0.239866D+01  0.225523D+01  0.240040D+03
  324.2938  0.241693D+01  0.230329D+01  0.190168D+03
  324.4459  0.243933D+01  0.233271D+01  0.170321D+03
  324.5979  0.240109D+01  0.231613D+01  0.135726D+03
  324.7499  0.225876D+01  0.223996D+01  0.300191D+02
  324.9017  0.208448D+01  0.219414D+01 -0.183521D+03
  325.0536  0.205173D+01  0.223745D+01 -0.310799D+03
  325.2054  0.217400D+01  0.235044D+01 -0.295276D+03
  325.3571  0.235530D+01  0.252668D+01 -0.273775D+03
  325.5087  0.257348D+01  0.273835D+01 -0.251916D+03
  325.6602  0.279841D+01  0.291084D+01 -0.171791D+03
  325.8117  0.301047D+01  0.301616D+01 -0.868267D+01
  325.9631  0.317413D+01  0.305417D+01  0.175669D+03
  326.1145  0.327121D+01  0.302204D+01  0.364875D+03
   31 323.074 327.624 325.349  2.919D-01  0.000D+00  3.039D-02  0.000D+00  1.798D+00  1.859D+02   300  0.000D+00
  323.0744  0.166026D+01  0.184692D+01 -0.345260D+03
  323.2271  0.186828D+01  0.194086D+01 -0.121468D+03
  323.3796  0.196940D+01  0.199305D+01 -0.395685D+02
  323.5322  0.198218D+01  0.195780D+01  0.408075D+02
  323.6846  0.204894D+01  0.194561D+01  0.172929D+03
  323.8370  0.218399D+01  0.201260D+01  0.286815D+03
  323.9893  0.232471D+01  0.212780D+01  0.329524D+03
  324.1415  0.239866D+01  0.224251D+01  0.261319D+03
  324.2938  0.241693D+01  0.231870D+01  0.164386D+03
  324.4459  0.243933D+01  0.235935D+01  0.127759D+03
  324.5979  0.240109D+01  0.238419D+01  0.270005D+02
  324.7499  0.225876D+01  0.235703D+01 -0.156982D+03
  324.9017  0.208448D+01  0.228088D+01 -0.328674D+03
  325.0536  0.205173D+01  0.225253D+01 -0.336049D+03
  325.2054  0.217400D+01  0.231759D+01 -0.240289D+03
  325.3571  0.235530D+01  0.245260D+01 -0.155431D+03
  325.5087  0.257348D+01  0.265448D+01 -0.123769D+03
  325.6602  0.279841D+01  0.288379D+01 -0.130454D+03
  325.8117  0.301047D+01  0.306730D+01 -0.868259D+02
  325.9631  0.317413D+01  0.317994D+01 -0.850090D+01
  326.1145  0.327121D+01  0.322064D+01  0.740495D+02
  326.2658  0.326015D+01  0.318616D+01  0.108342D+03
  326.4170  0.317809D+01  0.310502D+01  0.107006D+03
  326.5682  0.319609D+01  0.306629D+01  0.190070D+03
  326.7192  0.332007D+01  0.313337D+01  0.262450D+03
  326.8703  0.339619D+01  0.323391D+01  0.228119D+03
  327.0212  0.328255D+01  0.323649D+01  0.647447D+02
  327.1721  0.311763D+01  0.316795D+01 -0.736866D+02
  327.3229  0.308569D+01  0.314847D+01 -0.919344D+02
  327.4737  0.314246D+01  0.319463D+01 -0.733379D+02
  327.6243  0.310764D+01  0.321521D+01 -0.157515D+03
   31 324.598 329.127 326.863  2.919D-01  0.000D+00  3.404D-02  0.000D+00  1.884D+00  1.836D+02 10300  0.000D+00
  324.5979  0.240109D+01  0.212384D+01  0.442888D+03
  324.7499  0.225876D+01  0.217759D+01  0.129653D+03
  324.9017  0.208448D+01  0.216830D+01 -0.140283D+03
  325.0536  0.205173D+01  0.218772D+01 -0.227586D+03
  325.2054  0.217400D+01  0.228762D+01 -0.190140D+03
  325.3571  0.235530D+01  0.244933D+01 -0.150221D+03
  325.5087  0.257348D+01  0.267212D+01 -0.150725D+03
  325.6602  0.279841D+01  0.291812D+01 -0.182910D+03
  325.8117  0.301047D+01  0.311167D+01 -0.154630D+03
  325.9631  0.317413D+01  0.322617D+01 -0.762040D+02
  326.1145  0.327121D+01  0.326073D+01  0.153498D+02
  326.2658  0.326015D+01  0.321422D+01  0.672551D+02
  326.4170  0.317809D+01  0.311546D+01  0.917188D+02
  326.5682  0.319609D+01  0.305481D+01  0.206878D+03
  326.7192  0.332007D+01  0.309814D+01  0.311975D+03
  326.8703  0.339619D+01  0.317630D+01  0.309105D+03
  327.0212  0.328255D+01  0.316037D+01  0.171753D+03
  327.1721  0.311763D+01  0.307466D+01  0.629260D+02
  327.3229  0.308569D+01  0.303789D+01  0.699911D+02
  327.4737  0.314246D+01  0.307005D+01  0.101789D+03
  327.6243  0.310764D+01  0.308479D+01  0.334598D+02
  327.7750  0.295892D+01  0.304284D+01 -0.122880D+03
  327.9255  0.281289D+01  0.299116D+01 -0.261038D+03
  328.0760  0.276296D+01  0.297095D+01 -0.304565D+03
  328.2264  0.281622D+01  0.297891D+01 -0.238222D+03
  328.3767  0.290755D+01  0.298603D+01 -0.114933D+03
  328.5270  0.290359D+01  0.295603D+01 -0.767862D+02
  328.6772  0.285275D+01  0.288449D+01 -0.464729D+02
  328.8273  0.295559D+01  0.289921D+01  0.825581D+02
  328.9774  0.325934D+01  0.312762D+01  0.185161D+03
  329.1274  0.357847D+01  0.347186D+01  0.149865D+03
   27 326.115 330.026 328.070  2.919D-01  0.000D+00 -1.265D-01  0.000D+00  1.878D+00  1.305D+02 10300  0.000D+00
  326.1145  0.327121D+01  0.338568D+01 -0.167609D+03
  326.2658  0.326015D+01  0.325462D+01  0.809980D+01
  326.4170  0.317809D+01  0.317584D+01  0.329470D+01
  326.5682  0.319609D+01  0.320869D+01 -0.184525D+02
  326.7192  0.332007D+01  0.327107D+01  0.688770D+02
  326.8703  0.339619D+01  0.323423D+01  0.227667D+03
  327.0212  0.328255D+01  0.313543D+01  0.206809D+03
  327.1721  0.311763D+01  0.309402D+01  0.345704D+02
  327.3229  0.308569D+01  0.311899D+01 -0.487664D+02
  327.4737  0.314246D+01  0.312055D+01  0.308088D+02
  327.6243  0.310764D+01  0.306543D+01  0.618163D+02
  327.7750  0.295892D+01  0.300401D+01 -0.660267D+02
  327.9255  0.281289D+01  0.297277D+01 -0.234106D+03
  328.0760  0.276296D+01  0.296640D+01 -0.297907D+03
  328.2264  0.281622D+01  0.295438D+01 -0.202302D+03
  328.3767  0.290755D+01  0.289976D+01  0.114002D+02
  328.5270  0.290359D+01  0.280613D+01  0.142702D+03
  328.6772  0.285275D+01  0.280491D+01  0.700529D+02
  328.8273  0.295559D+01  0.300435D+01 -0.713966D+02
  328.9774  0.325934D+01  0.329128D+01 -0.449055D+02
  329.1274  0.357847D+01  0.351402D+01  0.906011D+02
  329.2773  0.378721D+01  0.365910D+01  0.173162D+03
  329.4272  0.387583D+01  0.375674D+01  0.160972D+03
  329.5770  0.391407D+01  0.383420D+01  0.107951D+03
  329.7267  0.391722D+01  0.393640D+01 -0.249733D+02
  329.8764  0.397957D+01  0.406575D+01 -0.112180D+03
  330.0260  0.402194D+01  0.411035D+01 -0.115067D+03
   17 327.624 330.026 328.825  2.919D-01  0.000D+00 -3.178D-02  0.000D+00  1.954D+00  6.486D+01   300  0.000D+00
  327.6243  0.310764D+01  0.305633D+01  0.751404D+02
  327.7750  0.295892D+01  0.293931D+01  0.287100D+02
  327.9255  0.281289D+01  0.286728D+01 -0.796303D+02
  328.0760  0.276296D+01  0.285048D+01 -0.128156D+03
  328.2264  0.281622D+01  0.286646D+01 -0.735618D+02
  328.3767  0.290755D+01  0.287819D+01  0.429796D+02
  328.5270  0.290359D+01  0.284637D+01  0.837785D+02
  328.6772  0.285275D+01  0.281317D+01  0.579565D+02
  328.8273  0.295559D+01  0.293066D+01  0.365003D+02
  328.9774  0.325934D+01  0.323553D+01  0.334696D+02
  329.1274  0.357847D+01  0.355479D+01  0.332843D+02
  329.2773  0.378721D+01  0.377518D+01  0.162609D+02
  329.4272  0.387583D+01  0.390432D+01 -0.385053D+02
  329.5770  0.391407D+01  0.396338D+01 -0.666541D+02
  329.7267  0.391722D+01  0.397942D+01 -0.809662D+02
  329.8764  0.397957D+01  0.399260D+01 -0.169634D+02
  330.0260  0.402194D+01  0.395303D+01  0.896940D+02
