           0
 T T
nwave fwave lwave wave    hwe     asym  shift    squeeze      sin      rms   exval 
   29 269.104 278.740 273.922  2.919D-01  0.000D+00 -3.975D-03  0.000D+00  5.069D-03  6.272D+00 10000  0.000D+00
  269.1043  0.156754D-02  0.153822D-02  0.392714D+01
  269.4577  0.155883D-02  0.159256D-02 -0.456629D+01
  269.8102  0.161495D-02  0.158078D-02  0.462562D+01
  270.1620  0.185341D-02  0.188235D-02 -0.360750D+01
  270.5129  0.193207D-02  0.194639D-02 -0.182104D+01
  270.8631  0.180121D-02  0.177016D-02  0.394952D+01
  271.2126  0.177014D-02  0.177312D-02 -0.375102D+00
  271.5613  0.154587D-02  0.159684D-02 -0.675491D+01
  271.9093  0.124685D-02  0.123040D-02  0.222731D+01
  272.2566  0.122075D-02  0.115689D-02  0.846470D+01
  272.6032  0.137310D-02  0.138569D-02 -0.165041D+01
  272.9491  0.168242D-02  0.175607D-02 -0.936728D+01
  273.2944  0.165152D-02  0.169004D-02 -0.489905D+01
  273.6390  0.136529D-02  0.129120D-02  0.971795D+01
  273.9830  0.109823D-02  0.102999D-02  0.923963D+01
  274.3264  0.940202D-03  0.914951D-03  0.353280D+01
  274.6692  0.935407D-03  0.931394D-03  0.549357D+00
  275.0114  0.108438D-02  0.980200D-03  0.141059D+02
  275.3530  0.126017D-02  0.130025D-02 -0.536928D+01
  275.6941  0.138749D-02  0.132128D-02  0.859369D+01
  276.0346  0.177244D-02  0.184877D-02 -0.942290D+01
  276.3746  0.188591D-02  0.189806D-02 -0.145729D+01
  276.7140  0.197522D-02  0.201917D-02 -0.507670D+01
  277.0529  0.200026D-02  0.198660D-02  0.156406D+01
  277.3914  0.204323D-02  0.211570D-02 -0.800474D+01
  277.7293  0.183548D-02  0.179885D-02  0.408182D+01
  278.0667  0.152297D-02  0.143003D-02  0.106383D+02
  278.4037  0.138873D-02  0.141177D-02 -0.263723D+01
  278.7402  0.132765D-02  0.132396D-02  0.421618D+00
   19 272.603 278.740 275.672  2.919D-01  0.000D+00 -4.044D-03  0.000D+00  5.305D-03  6.370D+00 10000  0.000D+00
  272.6032  0.137310D-02  0.133164D-02  0.543900D+01
  272.9491  0.168242D-02  0.173204D-02 -0.631158D+01
  273.2944  0.165152D-02  0.169726D-02 -0.581687D+01
  273.6390  0.136529D-02  0.131188D-02  0.700607D+01
  273.9830  0.109823D-02  0.105312D-02  0.610882D+01
  274.3264  0.940202D-03  0.937372D-03  0.395921D+00
  274.6692  0.935407D-03  0.952880D-03 -0.239138D+01
  275.0114  0.108438D-02  0.998943D-03  0.115682D+02
  275.3530  0.126017D-02  0.131763D-02 -0.769660D+01
  275.6941  0.138749D-02  0.133033D-02  0.741964D+01
  276.0346  0.177244D-02  0.184913D-02 -0.946643D+01
  276.3746  0.188591D-02  0.188725D-02 -0.160456D+00
  276.7140  0.197522D-02  0.199868D-02 -0.270970D+01
  277.0529  0.200026D-02  0.196202D-02  0.437690D+01
  277.3914  0.204323D-02  0.209069D-02 -0.524213D+01
  277.7293  0.183548D-02  0.178468D-02  0.566111D+01
  278.0667  0.152297D-02  0.143022D-02  0.106169D+02
  278.4037  0.138873D-02  0.142958D-02 -0.467614D+01
  278.7402  0.132765D-02  0.136364D-02 -0.411968D+01
   31 281.084 291.905 286.494  2.919D-01  0.000D+00 -9.381D-03  0.000D+00  8.186D-03  1.158D+01 10000  0.000D+00
  281.0836  0.156700D-02  0.150725D-02  0.709864D+01
  281.4168  0.197451D-02  0.193419D-02  0.461516D+01
  281.7496  0.235734D-02  0.240732D-02 -0.566961D+01
  282.0820  0.273893D-02  0.275204D-02 -0.143565D+01
  282.4140  0.295662D-02  0.294754D-02  0.968941D+00
  282.7456  0.311660D-02  0.303898D-02  0.835432D+01
  283.0769  0.332808D-02  0.342721D-02 -0.105777D+02
  283.4079  0.336377D-02  0.342794D-02 -0.667728D+01
  283.7385  0.331317D-02  0.327630D-02  0.386835D+01
  284.0688  0.333075D-02  0.333409D-02 -0.357006D+00
  284.3987  0.299409D-02  0.297408D-02  0.219098D+01
  285.7153  0.214338D-02  0.207579D-02  0.802889D+01
  286.0437  0.331157D-02  0.339475D-02 -0.887615D+01
  286.3718  0.405077D-02  0.413549D-02 -0.846668D+01
  286.6996  0.429119D-02  0.424036D-02  0.503988D+01
  287.0270  0.450764D-02  0.449917D-02  0.826694D+00
  287.3542  0.483560D-02  0.500222D-02 -0.158943D+02
  287.6811  0.451954D-02  0.449648D-02  0.220002D+01
  288.0077  0.369742D-02  0.339750D-02  0.304552D+02
  288.3340  0.368801D-02  0.335979D-02  0.333291D+02
  288.6600  0.515096D-02  0.525175D-02 -0.900139D+01
  288.9858  0.575982D-02  0.568902D-02  0.623487D+01
  289.3113  0.623960D-02  0.605752D-02  0.152844D+02
  289.6365  0.727835D-02  0.729484D-02 -0.129741D+01
  289.9614  0.858877D-02  0.871139D-02 -0.908208D+01
  290.2860  0.939491D-02  0.961800D-02 -0.165236D+02
  290.6104  0.962220D-02  0.986811D-02 -0.172026D+02
  290.9345  0.936650D-02  0.936456D-02  0.143953D+00
  291.2583  0.970388D-02  0.977013D-02 -0.463484D+01
  291.5819  0.980686D-02  0.961984D-02  0.130834D+02
  291.9051  0.961687D-02  0.950521D-02  0.827029D+01
   31 284.399 295.122 289.760  2.919D-01  0.000D+00  6.000D-03  0.000D+00  9.893D-03  1.434D+01 10000  0.000D+00
  284.3987  0.299409D-02  0.295815D-02  0.393515D+01
  285.7153  0.214338D-02  0.203050D-02  0.134080D+02
  286.0437  0.331157D-02  0.337391D-02 -0.665270D+01
  286.3718  0.405077D-02  0.416072D-02 -0.109883D+02
  286.6996  0.429119D-02  0.429671D-02 -0.547619D+00
  287.0270  0.450764D-02  0.450998D-02 -0.228733D+00
  287.3542  0.483560D-02  0.506236D-02 -0.216313D+02
  287.6811  0.451954D-02  0.456968D-02 -0.478318D+01
  288.0077  0.369742D-02  0.348847D-02  0.212181D+02
  288.3340  0.368801D-02  0.330569D-02  0.388227D+02
  288.6600  0.515096D-02  0.521809D-02 -0.599524D+01
  288.9858  0.575982D-02  0.570001D-02  0.526640D+01
  289.3113  0.623960D-02  0.603593D-02  0.170970D+02
  289.6365  0.727835D-02  0.722948D-02  0.384641D+01
  289.9614  0.858877D-02  0.864700D-02 -0.431273D+01
  290.2860  0.939491D-02  0.958030D-02 -0.137313D+02
  290.6104  0.962220D-02  0.987345D-02 -0.175760D+02
  290.9345  0.936650D-02  0.936553D-02  0.722417D-01
  291.2583  0.970388D-02  0.973830D-02 -0.240830D+01
  291.5819  0.980686D-02  0.965695D-02  0.104872D+02
  291.9051  0.961687D-02  0.951103D-02  0.783969D+01
  292.2281  0.964173D-02  0.974222D-02 -0.744341D+01
  292.5508  0.890661D-02  0.880285D-02  0.768585D+01
  292.8733  0.904866D-02  0.882832D-02  0.163205D+02
  293.1954  0.107071D-01  0.110196D-01 -0.218565D+02
  293.5173  0.110995D-01  0.112773D-01 -0.124391D+02
  293.8388  0.981574D-02  0.938220D-02  0.321119D+02
  294.1601  0.101833D-01  0.101963D-01 -0.909058D+00
  294.4811  0.111777D-01  0.114507D-01 -0.191036D+02
  294.8018  0.105899D-01  0.104520D-01  0.964521D+01
  295.1222  0.112558D-01  0.112430D-01  0.850231D+00
   31 288.660 298.309 293.485  2.919D-01  0.000D+00  1.993D-02  0.000D+00  1.256D-02  1.553D+01 10000  0.000D+00
  288.6600  0.515096D-02  0.513073D-02  0.180647D+01
  288.9858  0.575982D-02  0.569406D-02  0.579036D+01
  289.3113  0.623960D-02  0.603239D-02  0.173942D+02
  289.6365  0.727835D-02  0.721097D-02  0.530300D+01
  289.9614  0.858877D-02  0.865533D-02 -0.492961D+01
  290.2860  0.939491D-02  0.962727D-02 -0.172100D+02
  290.6104  0.962220D-02  0.995274D-02 -0.231230D+02
  290.9345  0.936650D-02  0.942839D-02 -0.458405D+01
  291.2583  0.970388D-02  0.974696D-02 -0.301390D+01
  291.5819  0.980686D-02  0.970038D-02  0.744917D+01
  291.9051  0.961687D-02  0.948987D-02  0.940704D+01
  292.2281  0.964173D-02  0.973273D-02 -0.674011D+01
  292.5508  0.890661D-02  0.880541D-02  0.749623D+01
  292.8733  0.904866D-02  0.872326D-02  0.241023D+02
  293.1954  0.107071D-01  0.108524D-01 -0.101656D+02
  293.5173  0.110995D-01  0.112563D-01 -0.109635D+02
  293.8388  0.981574D-02  0.934945D-02  0.345376D+02
  294.1601  0.101833D-01  0.100588D-01  0.870751D+01
  294.4811  0.111777D-01  0.113708D-01 -0.135091D+02
  294.8018  0.105899D-01  0.104994D-01  0.633430D+01
  295.1222  0.112558D-01  0.111210D-01  0.893562D+01
  295.4424  0.128059D-01  0.127896D-01  0.102641D+01
  295.7621  0.133759D-01  0.132585D-01  0.739379D+01
  296.0816  0.144679D-01  0.147081D-01 -0.144032D+02
  296.4008  0.141110D-01  0.147270D-01 -0.369327D+02
  296.7197  0.111173D-01  0.110176D-01  0.660914D+01
  297.0382  0.111510D-01  0.111756D-01 -0.163005D+01
  297.3564  0.135020D-01  0.132834D-01  0.137602D+02
  297.6743  0.179695D-01  0.181085D-01 -0.795542D+01
  297.9918  0.181364D-01  0.184725D-01 -0.184028D+02
  298.3090  0.135481D-01  0.129681D-01  0.365182D+02
   31 291.905 301.460 296.683  2.919D-01  0.000D+00 -2.393D-03  0.000D+00  1.692D-02  2.301D+01 10300  0.000D+00
  291.9051  0.961687D-02  0.944854D-02  0.124683D+02
  292.2281  0.964173D-02  0.975244D-02 -0.820036D+01
  292.5508  0.890661D-02  0.884392D-02  0.464376D+01
  292.8733  0.904866D-02  0.894404D-02  0.774917D+01
  293.1954  0.107071D-01  0.111637D-01 -0.319392D+02
  293.5173  0.110995D-01  0.113003D-01 -0.140457D+02
  293.8388  0.981574D-02  0.938305D-02  0.320495D+02
  294.1601  0.101833D-01  0.102216D-01 -0.267707D+01
  294.4811  0.111777D-01  0.114012D-01 -0.156401D+02
  294.8018  0.105899D-01  0.103258D-01  0.184795D+02
  295.1222  0.112558D-01  0.112174D-01  0.254467D+01
  295.4424  0.128059D-01  0.126216D-01  0.116064D+02
  295.7621  0.133759D-01  0.131424D-01  0.147001D+02
  296.0816  0.144679D-01  0.145626D-01 -0.567953D+01
  296.4008  0.141110D-01  0.143266D-01 -0.129264D+02
  296.7197  0.111173D-01  0.107457D-01  0.246284D+02
  297.0382  0.111510D-01  0.112093D-01 -0.386190D+01
  297.3564  0.135020D-01  0.135596D-01 -0.362549D+01
  297.6743  0.179695D-01  0.186414D-01 -0.384591D+02
  297.9918  0.181364D-01  0.185855D-01 -0.245896D+02
  298.3090  0.135481D-01  0.131505D-01  0.250342D+02
  298.6258  0.130012D-01  0.125200D-01  0.302956D+02
  298.9423  0.182429D-01  0.182573D-01 -0.784963D+00
  299.2584  0.211976D-01  0.207333D-01  0.233865D+02
  299.5741  0.212136D-01  0.201873D-01  0.516899D+02
  299.8895  0.218315D-01  0.227524D-01 -0.463844D+02
  300.2045  0.177173D-01  0.180107D-01 -0.160621D+02
  300.5190  0.217694D-01  0.235969D-01 -0.319610D+02
  300.8332  0.254822D-01  0.269044D-01 -0.248724D+02
  301.1470  0.324996D-01  0.321538D-01  0.588398D+01
  301.4603  0.388723D-01  0.368543D-01  0.338812D+02
   31 295.122 304.568 299.845  2.919D-01  0.000D+00 -7.822D-03  0.000D+00  2.950D-02  3.593D+01 10000  0.000D+00
  295.1222  0.112558D-01  0.108220D-01  0.287497D+02
  295.4424  0.128059D-01  0.125845D-01  0.139385D+02
  295.7621  0.133759D-01  0.134122D-01 -0.228406D+01
  296.0816  0.144679D-01  0.150027D-01 -0.320677D+02
  296.4008  0.141110D-01  0.146984D-01 -0.352176D+02
  296.7197  0.111173D-01  0.109704D-01  0.973174D+01
  297.0382  0.111510D-01  0.113920D-01 -0.159676D+02
  297.3564  0.135020D-01  0.136577D-01 -0.980632D+01
  297.6743  0.179695D-01  0.185442D-01 -0.328936D+02
  297.9918  0.181364D-01  0.181453D-01 -0.487786D+00
  298.3090  0.135481D-01  0.127313D-01  0.514241D+02
  298.6258  0.130012D-01  0.121923D-01  0.509313D+02
  298.9423  0.182429D-01  0.178154D-01  0.234078D+02
  299.2584  0.211976D-01  0.201853D-01  0.509872D+02
  299.5741  0.212136D-01  0.199480D-01  0.637444D+02
  299.8895  0.218315D-01  0.226862D-01 -0.430495D+02
  300.2045  0.177173D-01  0.183316D-01 -0.336278D+02
  300.5190  0.217694D-01  0.247108D-01 -0.514410D+02
  300.8332  0.254822D-01  0.287630D-01 -0.573767D+02
  301.1470  0.324996D-01  0.354438D-01 -0.500992D+02
  301.4603  0.388723D-01  0.417048D-01 -0.475553D+02
  301.7732  0.358946D-01  0.380649D-01 -0.369303D+02
  302.0857  0.309210D-01  0.311208D-01 -0.344687D+01
  302.3977  0.441673D-01  0.466934D-01 -0.418528D+02
  302.7093  0.628932D-01  0.631640D-01 -0.426175D+01
  303.0204  0.815019D-01  0.785860D-01  0.458958D+02
  303.3310  0.957603D-01  0.923113D-01  0.542865D+02
  303.6411  0.988854D-01  0.975670D-01  0.207518D+02
  303.9507  0.911436D-01  0.914018D-01 -0.406281D+01
  304.2598  0.103467D+00  0.104723D+00 -0.197761D+02
  304.5684  0.126905D+00  0.127199D+00 -0.462685D+01
   31 298.309 307.623 302.966  2.919D-01  0.000D+00  3.695D-03  0.000D+00  7.742D-02  7.656D+01 10300  0.000D+00
  298.3090  0.135481D-01  0.141140D-01 -0.356229D+02
  298.6258  0.130012D-01  0.128654D-01  0.854980D+01
  298.9423  0.182429D-01  0.182597D-01 -0.920605D+00
  299.2584  0.211976D-01  0.205686D-01  0.316814D+02
  299.5741  0.212136D-01  0.197716D-01  0.726275D+02
  299.8895  0.218315D-01  0.224416D-01 -0.307295D+02
  300.2045  0.177173D-01  0.179068D-01 -0.103729D+02
  300.5190  0.217694D-01  0.236888D-01 -0.335681D+02
  300.8332  0.254822D-01  0.277989D-01 -0.405154D+02
  301.1470  0.324996D-01  0.340726D-01 -0.267661D+02
  301.4603  0.388723D-01  0.404969D-01 -0.272757D+02
  301.7732  0.358946D-01  0.375960D-01 -0.289508D+02
  302.0857  0.309210D-01  0.305289D-01  0.676260D+01
  302.3977  0.441673D-01  0.456066D-01 -0.238464D+02
  302.7093  0.628932D-01  0.624370D-01  0.717997D+01
  303.0204  0.815019D-01  0.788093D-01  0.423806D+02
  303.3310  0.957603D-01  0.930901D-01  0.420282D+02
  303.6411  0.988854D-01  0.100230D+00 -0.211684D+02
  303.9507  0.911436D-01  0.941595D-01 -0.474688D+02
  304.2598  0.103467D+00  0.108049D+00 -0.721308D+02
  304.5684  0.126905D+00  0.132835D+00 -0.933301D+02
  304.8765  0.144466D+00  0.135813D+00  0.121068D+03
  305.1840  0.185128D+00  0.173105D+00  0.168215D+03
  305.4909  0.187454D+00  0.180867D+00  0.921679D+02
  305.7973  0.155564D+00  0.149525D+00  0.844861D+02
  306.1031  0.171580D+00  0.175050D+00 -0.436923D+02
  306.4083  0.199440D+00  0.219212D+00 -0.248960D+03
  306.7129  0.204003D+00  0.213751D+00 -0.111580D+03
  307.0168  0.262742D+00  0.265052D+00 -0.242422D+02
  307.3201  0.314004D+00  0.307271D+00  0.652174D+02
  307.6228  0.332347D+00  0.322818D+00  0.856990D+02
   25 301.460 308.827 305.143  2.919D-01  0.000D+00 -3.685D-03  0.000D+00  1.622D-01  9.706D+01 10000  0.000D+00
  301.4603  0.388723D-01  0.413362D-01 -0.413664D+02
  301.7732  0.358946D-01  0.367203D-01 -0.140508D+02
  302.0857  0.309210D-01  0.295355D-01  0.238987D+02
  302.3977  0.441673D-01  0.442580D-01 -0.150359D+01
  302.7093  0.628932D-01  0.606578D-01  0.351848D+02
  303.0204  0.815019D-01  0.769058D-01  0.723408D+02
  303.3310  0.957603D-01  0.919407D-01  0.601197D+02
  303.6411  0.988854D-01  0.993663D-01 -0.756929D+01
  303.9507  0.911436D-01  0.945243D-01 -0.532100D+02
  304.2598  0.103467D+00  0.109711D+00 -0.982904D+02
  304.5684  0.126905D+00  0.135192D+00 -0.130432D+03
  304.8765  0.144466D+00  0.138724D+00  0.803441D+02
  305.1840  0.185128D+00  0.177407D+00  0.108023D+03
  305.4909  0.187454D+00  0.183504D+00  0.552758D+02
  305.7973  0.155564D+00  0.151058D+00  0.630353D+02
  306.1031  0.171580D+00  0.178086D+00 -0.819175D+02
  306.4083  0.199440D+00  0.219273D+00 -0.249734D+03
  306.7129  0.204003D+00  0.212071D+00 -0.923504D+02
  307.0168  0.262742D+00  0.261299D+00  0.151339D+02
  307.3201  0.314004D+00  0.297628D+00  0.158621D+03
  307.6228  0.332347D+00  0.308604D+00  0.213548D+03
  307.9248  0.348878D+00  0.339428D+00  0.793306D+02
  308.2261  0.342095D+00  0.346636D+00 -0.381209D+02
  308.5268  0.382313D+00  0.392581D+00 -0.808079D+02
  308.8267  0.384639D+00  0.395088D+00 -0.730957D+02
   15 304.568 308.827 306.698  2.919D-01  0.000D+00  3.771D-03  0.000D+00  2.506D-01  1.164D+02 10300  0.000D+00
  304.5684  0.126905D+00  0.135216D+00 -0.130812D+03
  304.8765  0.144466D+00  0.137677D+00  0.949845D+02
  305.1840  0.185128D+00  0.175354D+00  0.136751D+03
  305.4909  0.187454D+00  0.183316D+00  0.579046D+02
  305.7973  0.155564D+00  0.151552D+00  0.561293D+02
  306.1031  0.171580D+00  0.177131D+00 -0.698907D+02
  306.4083  0.199440D+00  0.221011D+00 -0.271613D+03
  306.7129  0.204003D+00  0.214128D+00 -0.115901D+03
  307.0168  0.262742D+00  0.263043D+00 -0.315937D+01
  307.3201  0.314004D+00  0.301203D+00  0.123997D+03
  307.6228  0.332347D+00  0.311562D+00  0.186938D+03
  307.9248  0.348878D+00  0.341252D+00  0.640161D+02
  308.2261  0.342095D+00  0.347029D+00 -0.414205D+02
  308.5268  0.382313D+00  0.388702D+00 -0.502812D+02
  308.8267  0.384639D+00  0.389751D+00 -0.357608D+02
   31 312.081 316.799 314.440  2.919D-01  0.000D+00 -3.514D-02  0.000D+00  9.816D-01  9.965D+01   300  0.000D+00
  312.0806  0.729611D+00  0.758026D+00 -0.722852D+02
  312.2390  0.785455D+00  0.797383D+00 -0.303446D+02
  312.3973  0.863849D+00  0.851322D+00  0.318674D+02
  312.5556  0.907974D+00  0.879918D+00  0.713729D+02
  312.7137  0.923422D+00  0.896542D+00  0.638222D+02
  312.8718  0.953075D+00  0.921226D+00  0.708933D+02
  313.0298  0.982551D+00  0.938104D+00  0.989351D+02
  313.1877  0.965238D+00  0.939713D+00  0.568171D+02
  313.3456  0.921202D+00  0.945287D+00 -0.536117D+02
  313.5034  0.911703D+00  0.981987D+00 -0.156448D+03
  313.6611  0.959379D+00  0.106256D+01 -0.229677D+03
  313.8187  0.107888D+01  0.115858D+01 -0.177406D+03
  313.9762  0.117832D+01  0.121163D+01 -0.741579D+02
  314.1337  0.122049D+01  0.117244D+01  0.106942D+03
  314.2910  0.109122D+01  0.103430D+01  0.126699D+03
  314.4484  0.940646D+00  0.902075D+00  0.858552D+02
  314.6056  0.912857D+00  0.910453D+00  0.535133D+01
  314.7627  0.109175D+01  0.104512D+01  0.103797D+03
  314.9198  0.125893D+01  0.118983D+01  0.153807D+03
  315.0768  0.133013D+01  0.127505D+01  0.122612D+03
  315.2337  0.132605D+01  0.130294D+01  0.514307D+02
  315.3906  0.126630D+01  0.128778D+01 -0.478235D+02
  315.5473  0.117760D+01  0.121241D+01 -0.774777D+02
  315.7040  0.101531D+01  0.107252D+01 -0.127345D+03
  315.8606  0.889774D+00  0.941362D+00 -0.114832D+03
  316.0172  0.853817D+00  0.912234D+00 -0.130033D+03
  316.1736  0.974383D+00  0.100233D+01 -0.622040D+02
  316.3300  0.115044D+01  0.114749D+01  0.657080D+01
  316.4863  0.129746D+01  0.127116D+01  0.585411D+02
  316.6425  0.139619D+01  0.135763D+01  0.858299D+02
  316.7987  0.144129D+01  0.144494D+01 -0.812206D+01
   31 313.661 318.356 316.009  2.919D-01  0.000D+00 -5.082D-02  0.000D+00  1.155D+00  7.790D+01 10300  0.000D+00
  313.6611  0.959379D+00  0.996629D+00 -0.829163D+02
  313.8187  0.107888D+01  0.111490D+01 -0.801875D+02
  313.9762  0.117832D+01  0.118409D+01 -0.128587D+02
  314.1337  0.122049D+01  0.115462D+01  0.146608D+03
  314.2910  0.109122D+01  0.102439D+01  0.148766D+03
  314.4484  0.940646D+00  0.908926D+00  0.706053D+02
  314.6056  0.912857D+00  0.939786D+00 -0.599431D+02
  314.7627  0.109175D+01  0.108775D+01  0.891985D+01
  314.9198  0.125893D+01  0.123284D+01  0.580741D+02
  315.0768  0.133013D+01  0.131268D+01  0.388556D+02
  315.2337  0.132605D+01  0.133334D+01 -0.162273D+02
  315.3906  0.126630D+01  0.130798D+01 -0.927894D+02
  315.5473  0.117760D+01  0.121733D+01 -0.884171D+02
  315.7040  0.101531D+01  0.106630D+01 -0.113487D+03
  315.8606  0.889774D+00  0.934557D+00 -0.996853D+02
  316.0172  0.853817D+00  0.912219D+00 -0.129999D+03
  316.1736  0.974383D+00  0.100419D+01 -0.663591D+02
  316.3300  0.115044D+01  0.114073D+01  0.216195D+02
  316.4863  0.129746D+01  0.124946D+01  0.106843D+03
  316.6425  0.139619D+01  0.132362D+01  0.161521D+03
  316.7987  0.144129D+01  0.140312D+01  0.849625D+02
  316.9548  0.153193D+01  0.152462D+01  0.144736D+02
  317.1108  0.164984D+01  0.167301D+01 -0.458505D+02
  317.2667  0.178035D+01  0.176873D+01  0.229934D+02
  317.4225  0.177511D+01  0.178246D+01 -0.145375D+02
  317.5783  0.172512D+01  0.174542D+01 -0.401616D+02
  317.7340  0.162258D+01  0.162878D+01 -0.122692D+02
  317.8897  0.144963D+01  0.142431D+01  0.530594D+02
  318.0452  0.123949D+01  0.125014D+01 -0.237199D+02
  318.2007  0.118977D+01  0.121407D+01 -0.540979D+02
  318.3561  0.131051D+01  0.130222D+01  0.184669D+02
   31 315.234 319.906 317.570  2.919D-01  0.000D+00 -4.864D-02  0.000D+00  1.291D+00  1.332D+02 10000  0.000D+00
  315.2337  0.132605D+01  0.133687D+01 -0.240803D+02
  315.3906  0.126630D+01  0.128929D+01 -0.511848D+02
  315.5473  0.117760D+01  0.118609D+01 -0.188849D+02
  315.7040  0.101531D+01  0.103121D+01 -0.353854D+02
  315.8606  0.889774D+00  0.899518D+00 -0.216903D+02
  316.0172  0.853817D+00  0.875870D+00 -0.490889D+02
  316.1736  0.974383D+00  0.965344D+00  0.201195D+02
  316.3300  0.115044D+01  0.110202D+01  0.107766D+03
  316.4863  0.129746D+01  0.121586D+01  0.181630D+03
  316.6425  0.139619D+01  0.129861D+01  0.217189D+03
  316.7987  0.144129D+01  0.138843D+01  0.117660D+03
  316.9548  0.153193D+01  0.152211D+01  0.194452D+02
  317.1108  0.164984D+01  0.168577D+01 -0.710954D+02
  317.2667  0.178035D+01  0.179892D+01 -0.367501D+02
  317.4225  0.177511D+01  0.182795D+01 -0.104548D+03
  317.5783  0.172512D+01  0.180226D+01 -0.152623D+03
  317.7340  0.162258D+01  0.169154D+01 -0.136437D+03
  317.8897  0.144963D+01  0.148437D+01 -0.727652D+02
  318.0452  0.123949D+01  0.130257D+01 -0.140427D+03
  318.2007  0.118977D+01  0.126046D+01 -0.157350D+03
  318.3561  0.131051D+01  0.134434D+01 -0.752887D+02
  318.5114  0.148550D+01  0.148771D+01 -0.437884D+01
  318.6667  0.164584D+01  0.164102D+01  0.953805D+01
  318.8219  0.183521D+01  0.176670D+01  0.135558D+03
  318.9770  0.194468D+01  0.178253D+01  0.320837D+03
  319.1320  0.182456D+01  0.164308D+01  0.359085D+03
  319.2870  0.154419D+01  0.149202D+01  0.103211D+03
  319.4419  0.141439D+01  0.148519D+01 -0.148329D+03
  319.5967  0.150033D+01  0.158955D+01 -0.176533D+03
  319.7514  0.168393D+01  0.171645D+01 -0.643474D+02
  319.9061  0.177706D+01  0.180283D+01 -0.509848D+02
   31 316.799 321.449 319.124  2.919D-01  0.000D+00 -6.704D-03  0.000D+00  1.389D+00  1.702D+02   300  0.000D+00
  316.7987  0.144129D+01  0.135166D+01  0.199503D+03
  316.9548  0.153193D+01  0.148123D+01  0.100319D+03
  317.1108  0.164984D+01  0.164901D+01  0.164251D+01
  317.2667  0.178035D+01  0.178637D+01 -0.119182D+02
  317.4225  0.177511D+01  0.183403D+01 -0.116586D+03
  317.5783  0.172512D+01  0.181719D+01 -0.182171D+03
  317.7340  0.162258D+01  0.172791D+01 -0.208414D+03
  317.8897  0.144963D+01  0.153260D+01 -0.173823D+03
  318.0452  0.123949D+01  0.132310D+01 -0.186126D+03
  318.2007  0.118977D+01  0.123502D+01 -0.100736D+03
  318.3561  0.131051D+01  0.128442D+01  0.580887D+02
  318.5114  0.148550D+01  0.141060D+01  0.148208D+03
  318.6667  0.164584D+01  0.155637D+01  0.177029D+03
  318.8219  0.183521D+01  0.168941D+01  0.288482D+03
  318.9770  0.194468D+01  0.174504D+01  0.395019D+03
  319.1320  0.182456D+01  0.165023D+01  0.344938D+03
  319.2870  0.154419D+01  0.149353D+01  0.100218D+03
  319.4419  0.141439D+01  0.145723D+01 -0.897555D+02
  319.5967  0.150033D+01  0.155886D+01 -0.115807D+03
  319.7514  0.168393D+01  0.171381D+01 -0.591325D+02
  319.9061  0.177706D+01  0.185478D+01 -0.153770D+03
  320.0607  0.184329D+01  0.194094D+01 -0.193207D+03
  320.2152  0.185617D+01  0.200757D+01 -0.299568D+03
  320.3697  0.202157D+01  0.210399D+01 -0.163076D+03
  320.5240  0.218031D+01  0.219662D+01 -0.305697D+02
  320.6783  0.227415D+01  0.221507D+01  0.105203D+03
  320.8326  0.218093D+01  0.211636D+01  0.121038D+03
  320.9867  0.199591D+01  0.192185D+01  0.146529D+03
  321.1408  0.176863D+01  0.173142D+01  0.736131D+02
  321.2948  0.164273D+01  0.163832D+01  0.872947D+01
  321.4488  0.165747D+01  0.168128D+01 -0.471009D+02
   31 318.356 322.984 320.670  2.919D-01  0.000D+00  3.445D-02  0.000D+00  1.504D+00  1.474D+02 10300  0.000D+00
  318.3561  0.131051D+01  0.142453D+01 -0.253806D+03
  318.5114  0.148550D+01  0.150791D+01 -0.443301D+02
  318.6667  0.164584D+01  0.162745D+01  0.363889D+02
  318.8219  0.183521D+01  0.174415D+01  0.180180D+03
  318.9770  0.194468D+01  0.180769D+01  0.271043D+03
  319.1320  0.182456D+01  0.173038D+01  0.186339D+03
  319.2870  0.154419D+01  0.155407D+01 -0.195595D+02
  319.4419  0.141439D+01  0.146596D+01 -0.108051D+03
  319.5967  0.150033D+01  0.153294D+01 -0.645314D+02
  319.7514  0.168393D+01  0.167951D+01  0.874003D+01
  319.9061  0.177706D+01  0.182932D+01 -0.103408D+03
  320.0607  0.184329D+01  0.193014D+01 -0.171831D+03
  320.2152  0.185617D+01  0.199460D+01 -0.273897D+03
  320.3697  0.202157D+01  0.208189D+01 -0.119355D+03
  320.5240  0.218031D+01  0.217976D+01  0.103360D+01
  320.6783  0.227415D+01  0.221721D+01  0.101400D+03
  320.8326  0.218093D+01  0.214148D+01  0.739479D+02
  320.9867  0.199591D+01  0.195188D+01  0.871116D+02
  321.1408  0.176863D+01  0.173656D+01  0.634499D+02
  321.2948  0.164273D+01  0.159412D+01  0.961970D+02
  321.4488  0.165747D+01  0.157624D+01  0.160724D+03
  321.6026  0.176303D+01  0.167392D+01  0.176329D+03
  321.7564  0.194415D+01  0.184023D+01  0.205621D+03
  321.9101  0.204403D+01  0.200747D+01  0.685343D+02
  322.0638  0.203986D+01  0.209043D+01 -0.947987D+02
  322.2173  0.189487D+01  0.203762D+01 -0.282430D+03
  322.3708  0.182740D+01  0.191397D+01 -0.171287D+03
  322.5243  0.174190D+01  0.178777D+01 -0.907521D+02
  322.6777  0.164389D+01  0.164057D+01  0.656653D+01
  322.8310  0.147423D+01  0.148569D+01 -0.226788D+02
  322.9842  0.150903D+01  0.139427D+01  0.227067D+03
   31 319.906 324.513 322.209  2.919D-01  0.000D+00 -2.669D-02  0.000D+00  1.574D+00  1.627D+02 10300  0.000D+00
  319.9061  0.177706D+01  0.174557D+01  0.622988D+02
  320.0607  0.184329D+01  0.186569D+01 -0.443234D+02
  320.2152  0.185617D+01  0.196859D+01 -0.222447D+03
  320.3697  0.202157D+01  0.209125D+01 -0.137875D+03
  320.5240  0.218031D+01  0.219319D+01 -0.241410D+02
  320.6783  0.227415D+01  0.220316D+01  0.126419D+03
  320.8326  0.218093D+01  0.208417D+01  0.181378D+03
  320.9867  0.199591D+01  0.187281D+01  0.243566D+03
  321.1408  0.176863D+01  0.167484D+01  0.185564D+03
  321.2948  0.164273D+01  0.157816D+01  0.127773D+03
  321.4488  0.165747D+01  0.160833D+01  0.972245D+02
  321.6026  0.176303D+01  0.174184D+01  0.419328D+02
  321.7564  0.194415D+01  0.192028D+01  0.472226D+02
  321.9101  0.204403D+01  0.207245D+01 -0.532822D+02
  322.0638  0.203986D+01  0.211186D+01 -0.134966D+03
  322.2173  0.189487D+01  0.203470D+01 -0.276651D+03
  322.3708  0.182740D+01  0.192826D+01 -0.199554D+03
  322.5243  0.174190D+01  0.182390D+01 -0.162231D+03
  322.6777  0.164389D+01  0.169685D+01 -0.104788D+03
  322.8310  0.147423D+01  0.159184D+01 -0.232716D+03
  322.9842  0.150903D+01  0.159048D+01 -0.161169D+03
  323.1373  0.170586D+01  0.168998D+01  0.314151D+02
  323.2904  0.187907D+01  0.177926D+01  0.197487D+03
  323.4434  0.191672D+01  0.178529D+01  0.246352D+03
  323.5963  0.188138D+01  0.179119D+01  0.169059D+03
  323.7492  0.198383D+01  0.187012D+01  0.202494D+03
  323.9020  0.211239D+01  0.200860D+01  0.184820D+03
  324.0547  0.226039D+01  0.216339D+01  0.172730D+03
  324.2074  0.229883D+01  0.229384D+01  0.889078D+01
  324.3600  0.231712D+01  0.239178D+01 -0.132947D+03
  324.5125  0.233630D+01  0.248107D+01 -0.257796D+03
   31 321.449 326.034 323.741  2.919D-01  0.000D+00 -6.875D-02  0.000D+00  1.644D+00  1.684D+02 10300  0.000D+00
  321.4488  0.165747D+01  0.157246D+01  0.168195D+03
  321.6026  0.176303D+01  0.172613D+01  0.730167D+02
  321.7564  0.194415D+01  0.190868D+01  0.701847D+02
  321.9101  0.204403D+01  0.204608D+01 -0.383703D+01
  322.0638  0.203986D+01  0.206242D+01 -0.422942D+02
  322.2173  0.189487D+01  0.198216D+01 -0.172709D+03
  322.3708  0.182740D+01  0.189268D+01 -0.129167D+03
  322.5243  0.174190D+01  0.179301D+01 -0.101122D+03
  322.6777  0.164389D+01  0.167320D+01 -0.579980D+02
  322.8310  0.147423D+01  0.159609D+01 -0.241130D+03
  322.9842  0.150903D+01  0.163314D+01 -0.245573D+03
  323.1373  0.170586D+01  0.174527D+01 -0.779859D+02
  323.2904  0.187907D+01  0.181169D+01  0.133312D+03
  323.4434  0.191672D+01  0.179964D+01  0.219456D+03
  323.5963  0.188138D+01  0.181077D+01  0.132364D+03
  323.7492  0.198383D+01  0.189412D+01  0.159755D+03
  323.9020  0.211239D+01  0.201660D+01  0.170584D+03
  324.0547  0.226039D+01  0.213339D+01  0.226153D+03
  324.2074  0.229883D+01  0.220806D+01  0.161650D+03
  324.3600  0.231712D+01  0.224833D+01  0.122494D+03
  324.5125  0.233630D+01  0.226876D+01  0.120267D+03
  324.6649  0.228418D+01  0.223289D+01  0.913348D+02
  324.8173  0.213867D+01  0.215356D+01 -0.265231D+02
  324.9696  0.198046D+01  0.212624D+01 -0.259592D+03
  325.1218  0.202663D+01  0.218218D+01 -0.277007D+03
  325.2740  0.216317D+01  0.230018D+01 -0.243977D+03
  325.4261  0.234766D+01  0.247478D+01 -0.226354D+03
  325.5781  0.256030D+01  0.266186D+01 -0.164410D+03
  325.7301  0.277328D+01  0.279550D+01 -0.359591D+02
  325.8820  0.295333D+01  0.285938D+01  0.152099D+03
  326.0338  0.305357D+01  0.285543D+01  0.306814D+03
   31 322.984 327.548 325.266  2.919D-01  0.000D+00  2.408D-02  0.000D+00  1.716D+00  1.651D+02 10304  0.000D+00
  322.9842  0.150903D+01  0.167826D+01 -0.334849D+03
  323.1373  0.170586D+01  0.175197D+01 -0.912406D+02
  323.2904  0.187907D+01  0.185433D+01  0.489602D+02
  323.4434  0.191672D+01  0.187479D+01  0.785951D+02
  323.5963  0.188138D+01  0.185135D+01  0.562924D+02
  323.7492  0.198383D+01  0.188499D+01  0.176016D+03
  323.9020  0.211239D+01  0.198542D+01  0.226097D+03
  324.0547  0.226039D+01  0.210799D+01  0.271379D+03
  324.2074  0.229883D+01  0.220923D+01  0.159559D+03
  324.3600  0.231712D+01  0.226225D+01  0.977132D+02
  324.5125  0.233630D+01  0.229664D+01  0.706296D+02
  324.6649  0.228418D+01  0.229992D+01 -0.280171D+02
  324.8173  0.213867D+01  0.223776D+01 -0.176445D+03
  324.9696  0.198046D+01  0.217060D+01 -0.338596D+03
  325.1218  0.202663D+01  0.218209D+01 -0.276836D+03
  325.2740  0.216317D+01  0.227287D+01 -0.195337D+03
  325.4261  0.234766D+01  0.242700D+01 -0.141271D+03
  325.5781  0.256030D+01  0.263368D+01 -0.118797D+03
  325.7301  0.277328D+01  0.282795D+01 -0.885021D+02
  325.8820  0.295333D+01  0.295917D+01 -0.944686D+01
  326.0338  0.305357D+01  0.302323D+01  0.469861D+02
  326.1855  0.311323D+01  0.301805D+01  0.147392D+03
  326.3372  0.301983D+01  0.294765D+01  0.111777D+03
  326.4888  0.293904D+01  0.287506D+01  0.990774D+02
  326.6403  0.299018D+01  0.288732D+01  0.159271D+03
  326.7918  0.313605D+01  0.298238D+01  0.228041D+03
  326.9432  0.317218D+01  0.303773D+01  0.199525D+03
  327.0945  0.298583D+01  0.299672D+01 -0.168592D+02
  327.2458  0.286615D+01  0.295107D+01 -0.131497D+03
  327.3970  0.289447D+01  0.298261D+01 -0.136478D+03
  327.5481  0.296204D+01  0.303795D+01 -0.117557D+03
   31 324.513 329.056 326.784  2.919D-01  0.000D+00  2.597D-02  0.000D+00  1.769D+00  1.647D+02 10000  0.000D+00
  324.5125  0.233630D+01  0.214585D+01  0.339138D+03
  324.6649  0.228418D+01  0.218845D+01  0.170487D+03
  324.8173  0.213867D+01  0.216220D+01 -0.419090D+02
  324.9696  0.198046D+01  0.212302D+01 -0.253868D+03
  325.1218  0.202663D+01  0.215456D+01 -0.227806D+03
  325.2740  0.216317D+01  0.226106D+01 -0.174306D+03
  325.4261  0.234766D+01  0.242777D+01 -0.142641D+03
  325.5781  0.256030D+01  0.264487D+01 -0.136911D+03
  325.7301  0.277328D+01  0.284752D+01 -0.120182D+03
  325.8820  0.295333D+01  0.298306D+01 -0.481265D+02
  326.0338  0.305357D+01  0.304699D+01  0.101887D+02
  326.1855  0.311323D+01  0.303749D+01  0.117285D+03
  326.3372  0.301983D+01  0.295890D+01  0.943581D+02
  326.4888  0.293904D+01  0.287481D+01  0.994621D+02
  326.6403  0.299018D+01  0.287261D+01  0.182059D+03
  326.7918  0.313605D+01  0.295139D+01  0.274023D+03
  326.9432  0.317218D+01  0.298994D+01  0.270436D+03
  327.0945  0.298583D+01  0.293209D+01  0.832150D+02
  327.2458  0.286615D+01  0.286799D+01 -0.285212D+01
  327.3970  0.289447D+01  0.287839D+01  0.249074D+02
  327.5481  0.296204D+01  0.291241D+01  0.768418D+02
  327.6992  0.288027D+01  0.289540D+01 -0.234299D+02
  327.8502  0.272081D+01  0.283960D+01 -0.183937D+03
  328.0011  0.263336D+01  0.280171D+01 -0.272530D+03
  328.1520  0.262697D+01  0.279284D+01 -0.268522D+03
  328.3027  0.270892D+01  0.279182D+01 -0.128375D+03
  328.4535  0.275313D+01  0.276832D+01 -0.235257D+02
  328.6041  0.268219D+01  0.269308D+01 -0.168639D+02
  328.7547  0.262307D+01  0.263071D+01 -0.118436D+02
  328.9052  0.279592D+01  0.272704D+01  0.102224D+03
  329.0557  0.314306D+01  0.298339D+01  0.236947D+03
   27 326.034 329.957 327.995  2.919D-01  0.000D+00 -6.708D-02  0.000D+00  1.761D+00  1.212D+02 10300  0.000D+00
  326.0338  0.305357D+01  0.316779D+01 -0.176875D+03
  326.1855  0.311323D+01  0.309816D+01  0.233413D+02
  326.3372  0.301983D+01  0.299117D+01  0.443752D+02
  326.4888  0.293904D+01  0.293749D+01  0.239952D+01
  326.6403  0.299018D+01  0.298550D+01  0.724087D+01
  326.7918  0.313605D+01  0.304708D+01  0.132030D+03
  326.9432  0.317218D+01  0.301137D+01  0.238635D+03
  327.0945  0.298583D+01  0.292516D+01  0.939507D+02
  327.2458  0.286615D+01  0.289844D+01 -0.499920D+02
  327.3970  0.289447D+01  0.292621D+01 -0.491512D+02
  327.5481  0.296204D+01  0.292426D+01  0.584971D+02
  327.6992  0.288027D+01  0.286957D+01  0.165662D+02
  327.8502  0.272081D+01  0.281364D+01 -0.143734D+03
  328.0011  0.263336D+01  0.278650D+01 -0.247909D+03
  328.1520  0.262697D+01  0.277991D+01 -0.247583D+03
  328.3027  0.270892D+01  0.276317D+01 -0.840108D+02
  328.4535  0.275313D+01  0.270285D+01  0.778600D+02
  328.6041  0.268219D+01  0.261342D+01  0.106499D+03
  328.7547  0.262307D+01  0.262963D+01 -0.101657D+02
  328.9052  0.279592D+01  0.283143D+01 -0.526940D+02
  329.0557  0.314306D+01  0.309208D+01  0.756560D+02
  329.2061  0.340177D+01  0.328481D+01  0.173570D+03
  329.3564  0.350973D+01  0.340755D+01  0.145568D+03
  329.5066  0.355386D+01  0.348941D+01  0.918045D+02
  329.6568  0.358724D+01  0.355684D+01  0.433109D+02
  329.8069  0.356034D+01  0.365323D+01 -0.132337D+03
  329.9569  0.367646D+01  0.376658D+01 -0.123441D+03
   17 327.548 329.957 328.753  2.919D-01  0.000D+00 -1.173D-02  0.000D+00  1.794D+00  6.161D+01   300  0.000D+00
  327.5481  0.296204D+01  0.294866D+01  0.207098D+02
  327.6992  0.288027D+01  0.284036D+01  0.617896D+02
  327.8502  0.272081D+01  0.274052D+01 -0.305184D+02
  328.0011  0.263336D+01  0.268976D+01 -0.913017D+02
  328.1520  0.262697D+01  0.268571D+01 -0.950860D+02
  328.3027  0.270892D+01  0.269807D+01  0.167903D+02
  328.4535  0.275313D+01  0.268993D+01  0.978715D+02
  328.6041  0.268219D+01  0.263889D+01  0.670502D+02
  328.7547  0.262307D+01  0.263598D+01 -0.199920D+02
  328.9052  0.279592D+01  0.281300D+01 -0.253352D+02
  329.0557  0.314306D+01  0.311184D+01  0.463383D+02
  329.2061  0.340177D+01  0.336434D+01  0.555489D+02
  329.3564  0.350973D+01  0.351774D+01 -0.114089D+02
  329.5066  0.355386D+01  0.359586D+01 -0.598388D+02
  329.6568  0.358724D+01  0.361687D+01 -0.422205D+02
  329.8069  0.356034D+01  0.361368D+01 -0.759993D+02
  329.9569  0.367646D+01  0.360320D+01  0.100356D+03
