           0
 T T
nwave fwave lwave wave    hwe     asym  shift    squeeze      sin      rms   exval 
   29 269.021 278.649 273.835  2.919D-01  0.000D+00  2.338D-02  0.000D+00  4.830D-03  5.407D+00 10000  0.000D+00
  269.0209  0.149267D-02  0.146939D-02  0.315678D+01
  269.3735  0.146980D-02  0.152931D-02 -0.807092D+01
  269.7254  0.149816D-02  0.145325D-02  0.615756D+01
  270.0764  0.172470D-02  0.171198D-02  0.167035D+01
  270.4268  0.181013D-02  0.184851D-02 -0.504301D+01
  270.7764  0.174632D-02  0.172770D-02  0.247230D+01
  271.1254  0.170289D-02  0.167002D-02  0.436514D+01
  271.4736  0.156392D-02  0.159407D-02 -0.400275D+01
  271.8212  0.127429D-02  0.130874D-02 -0.477463D+01
  272.1681  0.110625D-02  0.104176D-02  0.914023D+01
  272.5143  0.127854D-02  0.124917D-02  0.402681D+01
  272.8599  0.152954D-02  0.153665D-02 -0.954011D+00
  273.2049  0.164475D-02  0.172119D-02 -0.993913D+01
  273.5493  0.134466D-02  0.134749D-02 -0.388570D+00
  273.8931  0.105059D-02  0.104957D-02  0.146382D+00
  274.2363  0.922792D-03  0.897594D-03  0.365335D+01
  274.5789  0.919956D-03  0.889077D-03  0.447698D+01
  274.9209  0.946899D-03  0.880452D-03  0.931258D+01
  275.2624  0.113621D-02  0.117537D-02 -0.536965D+01
  275.6034  0.127340D-02  0.119696D-02  0.102575D+02
  275.9438  0.157616D-02  0.163705D-02 -0.745750D+01
  276.2837  0.180606D-02  0.177431D-02  0.381343D+01
  276.6231  0.188883D-02  0.193352D-02 -0.521880D+01
  276.9620  0.187891D-02  0.185484D-02  0.273473D+01
  277.3004  0.193669D-02  0.199057D-02 -0.580885D+01
  277.6384  0.184009D-02  0.185130D-02 -0.123008D+01
  277.9758  0.147494D-02  0.142347D-02  0.590184D+01
  278.3128  0.133633D-02  0.131038D-02  0.297568D+01
  278.6494  0.127535D-02  0.129405D-02 -0.220452D+01
   19 272.514 278.649 275.582  2.919D-01  0.000D+00  3.834D-02  0.000D+00  5.035D-03  5.292D+00 10000  0.000D+00
  272.5143  0.127854D-02  0.123440D-02  0.605221D+01
  272.8599  0.152954D-02  0.151273D-02  0.225576D+01
  273.2049  0.164475D-02  0.172563D-02 -0.105167D+02
  273.5493  0.134466D-02  0.136114D-02 -0.225951D+01
  273.8931  0.105059D-02  0.105929D-02 -0.124676D+01
  274.2363  0.922792D-03  0.902623D-03  0.292417D+01
  274.5789  0.919956D-03  0.888953D-03  0.449498D+01
  274.9209  0.946899D-03  0.880012D-03  0.937433D+01
  275.2624  0.113621D-02  0.116416D-02 -0.383260D+01
  275.6034  0.127340D-02  0.120111D-02  0.970081D+01
  275.9438  0.157616D-02  0.161762D-02 -0.507748D+01
  276.2837  0.180606D-02  0.177934D-02  0.320969D+01
  276.6231  0.188883D-02  0.193442D-02 -0.532389D+01
  276.9620  0.187891D-02  0.185788D-02  0.238969D+01
  277.3004  0.193669D-02  0.198633D-02 -0.535165D+01
  277.6384  0.184009D-02  0.186566D-02 -0.280484D+01
  277.9758  0.147494D-02  0.143270D-02  0.484445D+01
  278.3128  0.133633D-02  0.130219D-02  0.391484D+01
  278.6494  0.127535D-02  0.128784D-02 -0.147189D+01
   31 281.327 292.139 286.733  2.919D-01  0.000D+00  3.374D-03  0.000D+00  7.871D-03  1.271D+01 10000  0.000D+00
  281.3265  0.174118D-02  0.170134D-02  0.474133D+01
  281.6594  0.221835D-02  0.218692D-02  0.350858D+01
  281.9918  0.249753D-02  0.253030D-02 -0.365818D+01
  282.3239  0.276784D-02  0.276170D-02  0.668563D+00
  282.6557  0.293163D-02  0.283204D-02  0.106450D+02
  282.9871  0.306953D-02  0.313077D-02 -0.649068D+01
  283.3181  0.314327D-02  0.331285D-02 -0.178247D+02
  283.6488  0.310995D-02  0.306700D-02  0.443991D+01
  283.9792  0.316206D-02  0.318935D-02 -0.284476D+01
  284.3092  0.299243D-02  0.292918D-02  0.670431D+01
  284.6389  0.249700D-02  0.245829D-02  0.417327D+01
  285.9545  0.284140D-02  0.285626D-02 -0.154832D+01
  286.2827  0.371953D-02  0.377185D-02 -0.515643D+01
  286.6105  0.406163D-02  0.406127D-02  0.338739D-01
  286.9380  0.420503D-02  0.407435D-02  0.123940D+02
  287.2652  0.456114D-02  0.475128D-02 -0.176357D+02
  287.5921  0.442642D-02  0.446463D-02 -0.359655D+01
  287.9188  0.369737D-02  0.364436D-02  0.526479D+01
  288.2451  0.337937D-02  0.286870D-02  0.515319D+02
  288.5711  0.448704D-02  0.456026D-02 -0.694386D+01
  288.8969  0.537775D-02  0.539449D-02 -0.150786D+01
  289.2224  0.579182D-02  0.562715D-02  0.144244D+02
  289.5476  0.662581D-02  0.653970D-02  0.678808D+01
  289.8725  0.785242D-02  0.794368D-02 -0.719474D+01
  290.1971  0.882378D-02  0.901709D-02 -0.143437D+02
  290.5215  0.921551D-02  0.950082D-02 -0.211695D+02
  290.8456  0.911979D-02  0.908043D-02  0.292028D+01
  291.1693  0.920488D-02  0.916211D-02  0.317345D+01
  291.4928  0.942290D-02  0.938649D-02  0.270123D+01
  291.8161  0.918360D-02  0.901038D-02  0.128528D+02
  292.1390  0.927046D-02  0.930764D-02 -0.275882D+01
   31 284.639 295.353 289.996  2.919D-01  0.000D+00 -8.166D-04  0.000D+00  9.578D-03  1.447D+01 10000  0.000D+00
  284.6389  0.249700D-02  0.243700D-02  0.646800D+01
  285.9545  0.284140D-02  0.288749D-02 -0.480391D+01
  286.2827  0.371953D-02  0.380108D-02 -0.803683D+01
  286.6105  0.406163D-02  0.408362D-02 -0.208558D+01
  286.9380  0.420503D-02  0.410057D-02  0.990688D+01
  287.2652  0.456114D-02  0.477398D-02 -0.197403D+02
  287.5921  0.442642D-02  0.447003D-02 -0.410459D+01
  287.9188  0.369737D-02  0.363336D-02  0.635722D+01
  288.2451  0.337937D-02  0.287614D-02  0.507809D+02
  288.5711  0.448704D-02  0.457765D-02 -0.859338D+01
  288.8969  0.537775D-02  0.538410D-02 -0.572327D+00
  289.2224  0.579182D-02  0.561407D-02  0.155699D+02
  289.5476  0.662581D-02  0.653205D-02  0.739111D+01
  289.8725  0.785242D-02  0.792732D-02 -0.590481D+01
  290.1971  0.882378D-02  0.899001D-02 -0.123343D+02
  290.5215  0.921551D-02  0.946946D-02 -0.188428D+02
  290.8456  0.911979D-02  0.905326D-02  0.493621D+01
  291.1693  0.920488D-02  0.916462D-02  0.298715D+01
  291.4928  0.942290D-02  0.939521D-02  0.205476D+01
  291.8161  0.918360D-02  0.905240D-02  0.973534D+01
  292.1390  0.927046D-02  0.938239D-02 -0.830494D+01
  292.4617  0.873515D-02  0.869897D-02  0.285212D+01
  292.7841  0.844799D-02  0.824507D-02  0.159976D+02
  293.1061  0.987136D-02  0.100146D-01 -0.106294D+02
  293.4279  0.108197D-01  0.110897D-01 -0.189243D+02
  293.7495  0.961256D-02  0.931349D-02  0.221906D+02
  294.0707  0.953280D-02  0.938466D-02  0.109914D+02
  294.3916  0.105697D-01  0.107657D-01 -0.137288D+02
  294.7123  0.102932D-01  0.104387D-01 -0.101932D+02
  295.0326  0.103588D-01  0.100667D-01  0.204716D+02
  295.3527  0.119807D-01  0.120942D-01 -0.753615D+01
   31 288.897 298.536 293.716  2.919D-01  0.000D+00  8.144D-03  0.000D+00  1.221D-02  1.984D+01 10000  0.000D+00
  288.8969  0.537775D-02  0.526481D-02  0.101763D+02
  289.2224  0.579182D-02  0.555685D-02  0.205820D+02
  289.5476  0.662581D-02  0.650109D-02  0.983197D+01
  289.8725  0.785242D-02  0.794830D-02 -0.755879D+01
  290.1971  0.882378D-02  0.906537D-02 -0.179257D+02
  290.5215  0.921551D-02  0.957867D-02 -0.269461D+02
  290.8456  0.911979D-02  0.916890D-02 -0.364340D+01
  291.1693  0.920488D-02  0.923250D-02 -0.204986D+01
  291.4928  0.942290D-02  0.947030D-02 -0.351736D+01
  291.8161  0.918360D-02  0.907718D-02  0.789660D+01
  292.1390  0.927046D-02  0.937608D-02 -0.783662D+01
  292.4617  0.873515D-02  0.869285D-02  0.333499D+01
  292.7841  0.844799D-02  0.817110D-02  0.218289D+02
  293.1061  0.987136D-02  0.984925D-02  0.163994D+01
  293.4279  0.108197D-01  0.109751D-01 -0.108946D+02
  293.7495  0.961256D-02  0.924471D-02  0.272942D+02
  294.0707  0.953280D-02  0.923187D-02  0.223283D+02
  294.3916  0.105697D-01  0.106237D-01 -0.378139D+01
  294.7123  0.102932D-01  0.104089D-01 -0.810794D+01
  295.0326  0.103588D-01  0.998020D-02  0.265312D+02
  295.3527  0.119807D-01  0.121246D-01 -0.955114D+01
  295.6724  0.125763D-01  0.124277D-01  0.986338D+01
  295.9919  0.136150D-01  0.137618D-01 -0.926000D+01
  296.3110  0.140599D-01  0.145310D-01 -0.297112D+02
  296.6298  0.115092D-01  0.113609D-01  0.984280D+01
  296.9483  0.105839D-01  0.105046D-01  0.555898D+01
  297.2665  0.122324D-01  0.122172D-01  0.100682D+01
  297.5843  0.161391D-01  0.164910D-01 -0.211360D+02
  297.9019  0.182307D-01  0.189793D-01 -0.429209D+02
  298.2190  0.143364D-01  0.140798D-01  0.154121D+02
  298.5359  0.122289D-01  0.112923D-01  0.621758D+02
   31 292.139 301.684 296.912  2.919D-01  0.000D+00  1.037D-02  0.000D+00  1.678D-02  2.590D+01 10000  0.000D+00
  292.1390  0.927046D-02  0.921619D-02  0.402647D+01
  292.4617  0.873515D-02  0.870157D-02  0.264736D+01
  292.7841  0.844799D-02  0.826326D-02  0.145640D+02
  293.1061  0.987136D-02  0.100131D-01 -0.105163D+02
  293.4279  0.108197D-01  0.112102D-01 -0.273664D+02
  293.7495  0.961256D-02  0.944868D-02  0.121596D+02
  294.0707  0.953280D-02  0.938804D-02  0.107408D+02
  294.3916  0.105697D-01  0.107601D-01 -0.133381D+02
  294.7123  0.102932D-01  0.105054D-01 -0.148699D+02
  295.0326  0.103588D-01  0.998996D-02  0.258473D+02
  295.3527  0.119807D-01  0.120827D-01 -0.677504D+01
  295.6724  0.125763D-01  0.123239D-01  0.167537D+02
  295.9919  0.136150D-01  0.135928D-01  0.140253D+01
  296.3110  0.140599D-01  0.143357D-01 -0.173941D+02
  296.6298  0.115092D-01  0.112238D-01  0.189495D+02
  296.9483  0.105839D-01  0.103614D-01  0.155944D+02
  297.2665  0.122324D-01  0.120858D-01  0.973023D+01
  297.5843  0.161391D-01  0.163929D-01 -0.152417D+02
  297.9019  0.182307D-01  0.190719D-01 -0.482265D+02
  298.2190  0.143364D-01  0.143166D-01  0.119137D+01
  298.5359  0.122289D-01  0.115810D-01  0.430103D+02
  298.8524  0.161125D-01  0.157305D-01  0.229469D+02
  299.1685  0.205581D-01  0.205748D-01 -0.877925D+00
  299.4843  0.205457D-01  0.192517D-01  0.680095D+02
  299.7997  0.221233D-01  0.227343D-01 -0.308325D+02
  300.1148  0.184381D-01  0.189083D-01 -0.257873D+02
  300.4294  0.200813D-01  0.209129D-01 -0.437063D+02
  300.7437  0.246279D-01  0.266400D-01 -0.357478D+02
  301.0576  0.302416D-01  0.300362D-01  0.359679D+01
  301.3711  0.383297D-01  0.364123D-01  0.326841D+02
  301.6842  0.383616D-01  0.359873D-01  0.399316D+02
   31 295.353 304.791 300.072  2.919D-01  0.000D+00  1.531D-02  0.000D+00  3.065D-02  4.329D+01 10300  0.000D+00
  295.3527  0.119807D-01  0.114702D-01  0.338904D+02
  295.6724  0.125763D-01  0.122553D-01  0.213064D+02
  295.9919  0.136150D-01  0.138801D-01 -0.167229D+02
  296.3110  0.140599D-01  0.148571D-01 -0.502754D+02
  296.6298  0.115092D-01  0.117011D-01 -0.127404D+02
  296.9483  0.105839D-01  0.106655D-01 -0.571643D+01
  297.2665  0.122324D-01  0.122889D-01 -0.375089D+01
  297.5843  0.161391D-01  0.164169D-01 -0.166887D+02
  297.9019  0.182307D-01  0.189695D-01 -0.423573D+02
  298.2190  0.143364D-01  0.141347D-01  0.121138D+02
  298.5359  0.122289D-01  0.112573D-01  0.644965D+02
  298.8524  0.161125D-01  0.151359D-01  0.586584D+02
  299.1685  0.205581D-01  0.199220D-01  0.334301D+02
  299.4843  0.205457D-01  0.187562D-01  0.940482D+02
  299.7997  0.221233D-01  0.223710D-01 -0.125021D+02
  300.1148  0.184381D-01  0.190123D-01 -0.314899D+02
  300.4294  0.200813D-01  0.212438D-01 -0.610969D+02
  300.7437  0.246279D-01  0.278658D-01 -0.575248D+02
  301.0576  0.302416D-01  0.321974D-01 -0.342652D+02
  301.3711  0.383297D-01  0.402819D-01 -0.332755D+02
  301.6842  0.383616D-01  0.412544D-01 -0.486511D+02
  301.9969  0.310410D-01  0.322215D-01 -0.201220D+02
  302.3092  0.400314D-01  0.403518D-01 -0.531897D+01
  302.6210  0.585475D-01  0.584673D-01  0.126381D+01
  302.9324  0.787369D-01  0.767317D-01  0.316156D+02
  303.2433  0.941581D-01  0.891830D-01  0.784425D+02
  303.5538  0.103730D+00  0.103244D+00  0.765297D+01
  303.8639  0.936618D-01  0.953293D-01 -0.262914D+02
  304.1734  0.100238D+00  0.103131D+00 -0.456167D+02
  304.4825  0.124132D+00  0.127758D+00 -0.571790D+02
  304.7910  0.140581D+00  0.134537D+00  0.847088D+02
   31 298.536 307.847 303.192  2.919D-01  0.000D+00  4.100D-03  0.000D+00  8.533D-02  7.601D+01 10300  0.000D+00
  298.5359  0.122289D-01  0.124916D-01 -0.174442D+02
  298.8524  0.161125D-01  0.163741D-01 -0.157111D+02
  299.1685  0.205581D-01  0.206031D-01 -0.236671D+01
  299.4843  0.205457D-01  0.189076D-01  0.860932D+02
  299.7997  0.221233D-01  0.221794D-01 -0.283097D+01
  300.1148  0.184381D-01  0.183818D-01  0.308639D+01
  300.4294  0.200813D-01  0.208578D-01 -0.408141D+02
  300.7437  0.246279D-01  0.269479D-01 -0.412162D+02
  301.0576  0.302416D-01  0.313318D-01 -0.190994D+02
  301.3711  0.383297D-01  0.391146D-01 -0.133786D+02
  301.6842  0.383616D-01  0.398266D-01 -0.246392D+02
  301.9969  0.310410D-01  0.312012D-01 -0.273053D+01
  302.3092  0.400314D-01  0.403000D-01 -0.445823D+01
  302.6210  0.585475D-01  0.582698D-01  0.437871D+01
  302.9324  0.787369D-01  0.766852D-01  0.323492D+02
  303.2433  0.941581D-01  0.896653D-01  0.708376D+02
  303.5538  0.103730D+00  0.103707D+00  0.360350D+00
  303.8639  0.936618D-01  0.961145D-01 -0.386721D+02
  304.1734  0.100238D+00  0.105261D+00 -0.791978D+02
  304.4825  0.124132D+00  0.131148D+00 -0.110624D+03
  304.7910  0.140581D+00  0.137710D+00  0.402483D+02
  305.0991  0.178833D+00  0.165566D+00  0.185934D+03
  305.4067  0.198030D+00  0.190623D+00  0.934226D+02
  305.7137  0.166177D+00  0.162339D+00  0.537861D+02
  306.0202  0.165787D+00  0.162952D+00  0.397387D+02
  306.3261  0.204234D+00  0.221853D+00 -0.222243D+03
  306.6316  0.205244D+00  0.219283D+00 -0.160987D+03
  306.9364  0.251614D+00  0.253542D+00 -0.202623D+02
  307.2406  0.316614D+00  0.310724D+00  0.571478D+02
  307.5443  0.338345D+00  0.326188D+00  0.109533D+03
  307.8473  0.359031D+00  0.360184D+00 -0.103931D+02
   24 301.684 308.753 305.218  2.919D-01  0.000D+00 -1.112D-02  0.000D+00  1.702D-01  9.940D+01 10000  0.000D+00
  301.6842  0.383616D-01  0.412970D-01 -0.493674D+02
  301.9969  0.310410D-01  0.310880D-01 -0.802013D+00
  302.3092  0.400314D-01  0.405976D-01 -0.939783D+01
  302.6210  0.585475D-01  0.575750D-01  0.153330D+02
  302.9324  0.787369D-01  0.753869D-01  0.528196D+02
  303.2433  0.941581D-01  0.886443D-01  0.869365D+02
  303.5538  0.103730D+00  0.102247D+00  0.233872D+02
  303.8639  0.936618D-01  0.954069D-01 -0.275160D+02
  304.1734  0.100238D+00  0.106244D+00 -0.946989D+02
  304.4825  0.124132D+00  0.133208D+00 -0.143100D+03
  304.7910  0.140581D+00  0.139193D+00  0.194623D+02
  305.0991  0.178833D+00  0.170016D+00  0.123567D+03
  305.4067  0.198030D+00  0.192473D+00  0.700874D+02
  305.7137  0.166177D+00  0.162261D+00  0.548780D+02
  306.0202  0.165787D+00  0.166798D+00 -0.141706D+02
  306.3261  0.204234D+00  0.223158D+00 -0.238703D+03
  306.6316  0.205244D+00  0.217628D+00 -0.142011D+03
  306.9364  0.251614D+00  0.253149D+00 -0.161290D+02
  307.2406  0.316614D+00  0.303879D+00  0.123565D+03
  307.5443  0.338345D+00  0.314837D+00  0.211803D+03
  307.8473  0.359031D+00  0.344118D+00  0.134364D+03
  308.1497  0.354316D+00  0.358616D+00 -0.361636D+02
  308.4515  0.382943D+00  0.392585D+00 -0.760160D+02
  308.7527  0.407723D+00  0.418856D+00 -0.826046D+02
   31 312.141 316.860 314.501  2.919D-01  0.000D+00 -3.079D-02  0.000D+00  9.916D-01  1.054D+02   300  0.000D+00
  312.1410  0.746245D+00  0.784877D+00 -0.984481D+02
  312.2994  0.829378D+00  0.832769D+00 -0.864220D+01
  312.4578  0.890265D+00  0.878497D+00  0.299897D+02
  312.6161  0.928730D+00  0.896891D+00  0.811377D+02
  312.7743  0.935200D+00  0.914555D+00  0.526106D+02
  312.9324  0.981552D+00  0.937429D+00  0.112441D+03
  313.0905  0.987667D+00  0.946797D+00  0.104153D+03
  313.2485  0.958332D+00  0.945673D+00  0.322590D+02
  313.4063  0.919867D+00  0.958714D+00 -0.989951D+02
  313.5641  0.922526D+00  0.101097D+01 -0.225379D+03
  313.7219  0.101266D+01  0.110234D+01 -0.213298D+03
  313.8796  0.112602D+01  0.118989D+01 -0.142433D+03
  314.0371  0.122209D+01  0.121432D+01  0.173307D+02
  314.1946  0.119745D+01  0.113520D+01  0.138805D+03
  314.3521  0.102205D+01  0.981236D+00  0.970866D+02
  314.5094  0.907371D+00  0.888791D+00  0.441897D+02
  314.6667  0.957179D+00  0.953731D+00  0.820197D+01
  314.8239  0.118398D+01  0.110687D+01  0.171936D+03
  314.9810  0.129591D+01  0.123370D+01  0.138736D+03
  315.1380  0.134572D+01  0.129642D+01  0.109931D+03
  315.2950  0.131063D+01  0.130892D+01  0.379819D+01
  315.4518  0.124779D+01  0.127488D+01 -0.603999D+02
  315.6086  0.112699D+01  0.117183D+01 -0.999854D+02
  315.7654  0.959927D+00  0.102268D+01 -0.139932D+03
  315.9220  0.861373D+00  0.919803D+00 -0.130287D+03
  316.0786  0.880339D+00  0.936373D+00 -0.124944D+03
  316.2351  0.104988D+01  0.105716D+01 -0.162189D+02
  316.3915  0.121562D+01  0.120099D+01  0.326067D+02
  316.5479  0.134688D+01  0.130810D+01  0.864653D+02
  316.7042  0.142230D+01  0.138835D+01  0.757047D+02
  316.8604  0.146989D+01  0.148623D+01 -0.364253D+02
   31 313.722 318.418 316.070  2.919D-01  0.000D+00 -4.950D-02  0.000D+00  1.162D+00  7.950D+01 10300  0.000D+00
  313.7219  0.101266D+01  0.105575D+01 -0.102494D+03
  313.8796  0.112602D+01  0.116102D+01 -0.780604D+02
  314.0371  0.122209D+01  0.119586D+01  0.584754D+02
  314.1946  0.119745D+01  0.112057D+01  0.171418D+03
  314.3521  0.102205D+01  0.975409D+00  0.110945D+03
  314.5094  0.907371D+00  0.904883D+00  0.591686D+01
  314.6667  0.957179D+00  0.992552D+00 -0.841319D+02
  314.8239  0.118398D+01  0.115290D+01  0.692906D+02
  314.9810  0.129591D+01  0.127526D+01  0.460538D+02
  315.1380  0.134572D+01  0.132987D+01  0.353412D+02
  315.2950  0.131063D+01  0.133313D+01 -0.501889D+02
  315.4518  0.124779D+01  0.128597D+01 -0.851331D+02
  315.6086  0.112699D+01  0.116662D+01 -0.883709D+02
  315.7654  0.959927D+00  0.101039D+01 -0.112515D+03
  315.9220  0.861373D+00  0.913339D+00 -0.115875D+03
  316.0786  0.880339D+00  0.938897D+00 -0.130572D+03
  316.2351  0.104988D+01  0.105992D+01 -0.223840D+02
  316.3915  0.121562D+01  0.119254D+01  0.514690D+02
  316.5479  0.134688D+01  0.128554D+01  0.136755D+03
  316.7042  0.142230D+01  0.135718D+01  0.145192D+03
  316.8604  0.146989D+01  0.145103D+01  0.420626D+02
  317.0164  0.158440D+01  0.158992D+01 -0.115845D+02
  317.1725  0.171902D+01  0.172907D+01 -0.199050D+02
  317.3285  0.180783D+01  0.179177D+01  0.318298D+02
  317.4844  0.175758D+01  0.178290D+01 -0.501989D+02
  317.6402  0.171052D+01  0.172109D+01 -0.209556D+02
  317.7959  0.157084D+01  0.156328D+01  0.158615D+02
  317.9516  0.136531D+01  0.135014D+01  0.338267D+02
  318.1072  0.119098D+01  0.122302D+01 -0.714396D+02
  318.2627  0.122634D+01  0.124238D+01 -0.357591D+02
  318.4181  0.137798D+01  0.136219D+01  0.352215D+02
   31 315.295 319.968 317.632  2.919D-01  0.000D+00 -4.792D-02  0.000D+00  1.303D+00  1.347D+02 10000  0.000D+00
  315.2950  0.131063D+01  0.133020D+01 -0.436491D+02
  315.4518  0.124779D+01  0.126385D+01 -0.358165D+02
  315.6086  0.112699D+01  0.113493D+01 -0.177044D+02
  315.7654  0.959927D+00  0.976588D+00 -0.371521D+02
  315.9220  0.861373D+00  0.879381D+00 -0.401553D+02
  316.0786  0.880339D+00  0.903066D+00 -0.506764D+02
  316.2351  0.104988D+01  0.102203D+01  0.621050D+02
  316.3915  0.121562D+01  0.115628D+01  0.132304D+03
  316.5479  0.134688D+01  0.125544D+01  0.203890D+03
  316.7042  0.142230D+01  0.133599D+01  0.192439D+03
  316.8604  0.146989D+01  0.144033D+01  0.659036D+02
  317.0164  0.158440D+01  0.159193D+01 -0.158115D+02
  317.1725  0.171902D+01  0.174688D+01 -0.552114D+02
  317.3285  0.180783D+01  0.182574D+01 -0.354973D+02
  317.4844  0.175758D+01  0.183004D+01 -0.143625D+03
  317.6402  0.171052D+01  0.177739D+01 -0.132555D+03
  317.7959  0.157084D+01  0.162205D+01 -0.107466D+03
  317.9516  0.136531D+01  0.140390D+01 -0.860535D+02
  318.1072  0.119098D+01  0.127010D+01 -0.176415D+03
  318.2627  0.122634D+01  0.128521D+01 -0.131270D+03
  318.4181  0.137798D+01  0.140060D+01 -0.504189D+02
  318.5735  0.155356D+01  0.155187D+01  0.375749D+01
  318.7288  0.171601D+01  0.170018D+01  0.313791D+02
  318.8840  0.191409D+01  0.179510D+01  0.235848D+03
  319.0392  0.193802D+01  0.174495D+01  0.382684D+03
  319.1942  0.171309D+01  0.157458D+01  0.274521D+03
  319.3492  0.145367D+01  0.147231D+01 -0.415682D+02
  319.5042  0.143214D+01  0.151978D+01 -0.195423D+03
  319.6590  0.157642D+01  0.164232D+01 -0.130609D+03
  319.8138  0.174641D+01  0.175917D+01 -0.252962D+02
  319.9684  0.180455D+01  0.181761D+01 -0.258909D+02
   31 316.860 321.511 319.186  2.919D-01  0.000D+00 -8.083D-03  0.000D+00  1.399D+00  1.709D+02   300  0.000D+00
  316.8604  0.146989D+01  0.138911D+01  0.180132D+03
  317.0164  0.158440D+01  0.154039D+01  0.923552D+02
  317.1725  0.171902D+01  0.171102D+01  0.158662D+02
  317.3285  0.180783D+01  0.181627D+01 -0.167275D+02
  317.4844  0.175758D+01  0.183516D+01 -0.153781D+03
  317.6402  0.171052D+01  0.179743D+01 -0.172262D+03
  317.7959  0.157084D+01  0.166553D+01 -0.198722D+03
  317.9516  0.136531D+01  0.144638D+01 -0.180774D+03
  318.1072  0.119098D+01  0.127495D+01 -0.187241D+03
  318.2627  0.122634D+01  0.124857D+01 -0.495700D+02
  318.4181  0.137798D+01  0.133779D+01  0.896214D+02
  318.5735  0.155356D+01  0.147735D+01  0.169932D+03
  318.7288  0.171601D+01  0.162322D+01  0.183913D+03
  318.8840  0.191409D+01  0.173686D+01  0.351287D+03
  319.0392  0.193802D+01  0.173314D+01  0.406095D+03
  319.1942  0.171309D+01  0.158883D+01  0.246289D+03
  319.3492  0.145367D+01  0.146432D+01 -0.237542D+02
  319.5042  0.143214D+01  0.149195D+01 -0.133371D+03
  319.6590  0.157642D+01  0.162571D+01 -0.976865D+02
  319.8138  0.174641D+01  0.178176D+01 -0.700585D+02
  319.9684  0.180455D+01  0.190108D+01 -0.191333D+03
  320.1231  0.185427D+01  0.196910D+01 -0.227594D+03
  320.2776  0.190417D+01  0.204543D+01 -0.279997D+03
  320.4321  0.209826D+01  0.214758D+01 -0.926156D+02
  320.5865  0.223679D+01  0.221597D+01  0.390812D+02
  320.7409  0.225885D+01  0.218725D+01  0.134464D+03
  320.8951  0.212875D+01  0.203913D+01  0.168279D+03
  321.0493  0.189566D+01  0.183243D+01  0.125312D+03
  321.2034  0.170413D+01  0.167301D+01  0.616940D+02
  321.3575  0.161834D+01  0.163659D+01 -0.361724D+02
  321.5115  0.169970D+01  0.173372D+01 -0.674221D+02
   31 318.418 323.047 320.733  2.919D-01  0.000D+00  3.099D-02  0.000D+00  1.507D+00  1.488D+02 10300  0.000D+00
  318.4181  0.137798D+01  0.146704D+01 -0.198582D+03
  318.5735  0.155356D+01  0.157253D+01 -0.422990D+02
  318.7288  0.171601D+01  0.169387D+01  0.438754D+02
  318.8840  0.191409D+01  0.179607D+01  0.233934D+03
  319.0392  0.193802D+01  0.180587D+01  0.261934D+03
  319.1942  0.171309D+01  0.166632D+01  0.926859D+02
  319.3492  0.145367D+01  0.150207D+01 -0.107918D+03
  319.5042  0.143214D+01  0.148290D+01 -0.113202D+03
  319.6590  0.157642D+01  0.159391D+01 -0.346633D+02
  319.8138  0.174641D+01  0.174765D+01 -0.245579D+01
  319.9684  0.180455D+01  0.187971D+01 -0.148971D+03
  320.1231  0.185427D+01  0.195579D+01 -0.201213D+03
  320.2776  0.190417D+01  0.202466D+01 -0.238814D+03
  320.4321  0.209826D+01  0.212102D+01 -0.427322D+02
  320.5865  0.223679D+01  0.220159D+01  0.660910D+02
  320.7409  0.225885D+01  0.219482D+01  0.120238D+03
  320.8951  0.212875D+01  0.206582D+01  0.118165D+03
  321.0493  0.189566D+01  0.185279D+01  0.849657D+02
  321.2034  0.170413D+01  0.165894D+01  0.895830D+02
  321.3575  0.161834D+01  0.156899D+01  0.978262D+02
  321.5115  0.169970D+01  0.160538D+01  0.186961D+03
  321.6653  0.182139D+01  0.174283D+01  0.155697D+03
  321.8192  0.200946D+01  0.192143D+01  0.165297D+03
  321.9729  0.205944D+01  0.206804D+01 -0.161516D+02
  322.1266  0.199155D+01  0.209533D+01 -0.194862D+03
  322.2802  0.186677D+01  0.200350D+01 -0.256755D+03
  322.4338  0.179737D+01  0.188030D+01 -0.155719D+03
  322.5872  0.172257D+01  0.175338D+01 -0.610608D+02
  322.7406  0.156951D+01  0.160052D+01 -0.614568D+02
  322.8940  0.145979D+01  0.146698D+01 -0.142647D+02
  323.0472  0.157110D+01  0.142494D+01  0.289707D+03
   31 319.968 324.576 322.272  2.919D-01  0.000D+00 -2.618D-02  0.000D+00  1.579D+00  1.597D+02 10300  0.000D+00
  319.9684  0.180455D+01  0.179505D+01  0.188206D+02
  320.1231  0.185427D+01  0.190129D+01 -0.932050D+02
  320.2776  0.190417D+01  0.201349D+01 -0.216694D+03
  320.4321  0.209826D+01  0.213817D+01 -0.749422D+02
  320.5865  0.223679D+01  0.221135D+01  0.477668D+02
  320.7409  0.225885D+01  0.217255D+01  0.162053D+03
  320.8951  0.212875D+01  0.200612D+01  0.230263D+03
  321.0493  0.189566D+01  0.178786D+01  0.213656D+03
  321.2034  0.170413D+01  0.162355D+01  0.159714D+03
  321.3575  0.161834D+01  0.157958D+01  0.768323D+02
  321.5115  0.169970D+01  0.165697D+01  0.847002D+02
  321.6653  0.182139D+01  0.181747D+01  0.775882D+01
  321.8192  0.200946D+01  0.199593D+01  0.254044D+02
  321.9729  0.205944D+01  0.211247D+01 -0.995627D+02
  322.1266  0.199155D+01  0.209816D+01 -0.200174D+03
  322.2802  0.186677D+01  0.199699D+01 -0.244518D+03
  322.4338  0.179737D+01  0.189413D+01 -0.181696D+03
  322.5872  0.172257D+01  0.177896D+01 -0.111762D+03
  322.7406  0.156951D+01  0.165021D+01 -0.159959D+03
  322.8940  0.145979D+01  0.157909D+01 -0.236462D+03
  323.0472  0.157110D+01  0.162666D+01 -0.110116D+03
  323.2004  0.179631D+01  0.173561D+01  0.113974D+03
  323.3535  0.191383D+01  0.178862D+01  0.223344D+03
  323.5065  0.189654D+01  0.177858D+01  0.210432D+03
  323.6595  0.189770D+01  0.180778D+01  0.160398D+03
  323.8124  0.202860D+01  0.191389D+01  0.204625D+03
  323.9652  0.217696D+01  0.205987D+01  0.208873D+03
  324.1180  0.227835D+01  0.220532D+01  0.130282D+03
  324.2707  0.231469D+01  0.231351D+01  0.210968D+01
  324.4233  0.231717D+01  0.240149D+01 -0.150415D+03
  324.5758  0.234279D+01  0.247516D+01 -0.236140D+03
   31 321.511 326.097 323.804  2.919D-01  0.000D+00 -6.500D-02  0.000D+00  1.645D+00  1.691D+02 10304  0.000D+00
  321.5115  0.169970D+01  0.160804D+01  0.181685D+03
  321.6653  0.182139D+01  0.178552D+01  0.710866D+02
  321.8192  0.200946D+01  0.196672D+01  0.802412D+02
  321.9729  0.205944D+01  0.206812D+01 -0.162893D+02
  322.1266  0.199155D+01  0.204184D+01 -0.944332D+02
  322.2802  0.186677D+01  0.195300D+01 -0.161931D+03
  322.4338  0.179737D+01  0.186475D+01 -0.126521D+03
  322.5872  0.172257D+01  0.175479D+01 -0.638724D+02
  322.7406  0.156951D+01  0.163987D+01 -0.139463D+03
  322.8940  0.145979D+01  0.160193D+01 -0.281733D+03
  323.0472  0.157110D+01  0.168019D+01 -0.216213D+03
  323.2004  0.179631D+01  0.178671D+01  0.180231D+02
  323.3535  0.191383D+01  0.181407D+01  0.177959D+03
  323.5065  0.189654D+01  0.179738D+01  0.176893D+03
  323.6595  0.189770D+01  0.183496D+01  0.111913D+03
  323.8124  0.202860D+01  0.193722D+01  0.163007D+03
  323.9652  0.217696D+01  0.206070D+01  0.207387D+03
  324.1180  0.227835D+01  0.216291D+01  0.205925D+03
  324.2707  0.231469D+01  0.221704D+01  0.174186D+03
  324.4233  0.231717D+01  0.225194D+01  0.116363D+03
  324.5758  0.234279D+01  0.225541D+01  0.155864D+03
  324.7283  0.223103D+01  0.219375D+01  0.664938D+02
  324.8807  0.206104D+01  0.212647D+01 -0.116730D+03
  325.0331  0.196931D+01  0.213565D+01 -0.296724D+03
  325.1853  0.209560D+01  0.222158D+01 -0.224730D+03
  325.3375  0.222473D+01  0.236843D+01 -0.256327D+03
  325.4896  0.244630D+01  0.256502D+01 -0.192513D+03
  325.6417  0.264988D+01  0.274765D+01 -0.158544D+03
  325.7937  0.286977D+01  0.286736D+01  0.390787D+01
  325.9456  0.300350D+01  0.292062D+01  0.134414D+03
  326.0974  0.309098D+01  0.290602D+01  0.286903D+03
   31 323.047 327.612 325.330  2.919D-01  0.000D+00  2.622D-02  0.000D+00  1.717D+00  1.572D+02 10304  0.000D+00
  323.0472  0.157110D+01  0.173231D+01 -0.319522D+03
  323.2004  0.179631D+01  0.182555D+01 -0.549098D+02
  323.3535  0.191383D+01  0.189658D+01  0.307669D+02
  323.5065  0.189654D+01  0.187667D+01  0.354490D+02
  323.6595  0.189770D+01  0.186222D+01  0.632876D+02
  323.8124  0.202860D+01  0.192149D+01  0.191071D+03
  323.9652  0.217696D+01  0.203220D+01  0.258232D+03
  324.1180  0.227835D+01  0.214792D+01  0.232673D+03
  324.2707  0.231469D+01  0.222810D+01  0.154463D+03
  324.4233  0.231717D+01  0.226999D+01  0.841702D+02
  324.5758  0.234279D+01  0.229531D+01  0.846813D+02
  324.7283  0.223103D+01  0.227509D+01 -0.786011D+02
  324.8807  0.206104D+01  0.219938D+01 -0.246784D+03
  325.0331  0.196931D+01  0.215947D+01 -0.339222D+03
  325.1853  0.209560D+01  0.220921D+01 -0.202664D+03
  325.3375  0.222473D+01  0.232731D+01 -0.182988D+03
  325.4896  0.244630D+01  0.250951D+01 -0.102500D+03
  325.6417  0.264988D+01  0.272419D+01 -0.120500D+03
  325.7937  0.286977D+01  0.289783D+01 -0.455167D+02
  325.9456  0.300350D+01  0.300432D+01 -0.131476D+01
  326.0974  0.309098D+01  0.304273D+01  0.748494D+02
  326.2492  0.309967D+01  0.301032D+01  0.138597D+03
  326.4009  0.296469D+01  0.292877D+01  0.582391D+02
  326.5526  0.294891D+01  0.288094D+01  0.110221D+03
  326.7041  0.303665D+01  0.293364D+01  0.159786D+03
  326.8557  0.319352D+01  0.302742D+01  0.246923D+03
  327.0071  0.310702D+01  0.303575D+01  0.105951D+03
  327.1584  0.292480D+01  0.297116D+01 -0.719144D+02
  327.3097  0.286604D+01  0.294824D+01 -0.127501D+03
  327.4609  0.295121D+01  0.299209D+01 -0.634041D+02
  327.6121  0.294838D+01  0.301846D+01 -0.108708D+03
   31 324.576 329.120 326.848  2.919D-01  0.000D+00  3.059D-02  0.000D+00  1.772D+00  1.613D+02 10300  0.000D+00
  324.5758  0.234279D+01  0.212780D+01  0.383499D+03
  324.7283  0.223103D+01  0.215943D+01  0.127721D+03
  324.8807  0.206104D+01  0.212716D+01 -0.117960D+03
  325.0331  0.196931D+01  0.211730D+01 -0.263999D+03
  325.1853  0.209560D+01  0.218830D+01 -0.165350D+03
  325.3375  0.222473D+01  0.232329D+01 -0.175803D+03
  325.4896  0.244630D+01  0.251828D+01 -0.116730D+03
  325.6417  0.264988D+01  0.274411D+01 -0.152803D+03
  325.7937  0.286977D+01  0.292527D+01 -0.900152D+02
  325.9456  0.300350D+01  0.303400D+01 -0.494590D+02
  326.0974  0.309098D+01  0.306971D+01  0.329913D+02
  326.2492  0.309967D+01  0.303014D+01  0.107843D+03
  326.4009  0.296469D+01  0.293684D+01  0.451518D+02
  326.5526  0.294891D+01  0.287317D+01  0.122831D+03
  326.7041  0.303665D+01  0.290782D+01  0.199844D+03
  326.8557  0.319352D+01  0.298515D+01  0.309758D+03
  327.0071  0.310702D+01  0.297998D+01  0.188856D+03
  327.1584  0.292480D+01  0.290146D+01  0.362135D+02
  327.3097  0.286604D+01  0.286248D+01  0.551974D+01
  327.4609  0.295121D+01  0.289157D+01  0.925221D+02
  327.6121  0.294838D+01  0.290859D+01  0.617203D+02
  327.7632  0.283307D+01  0.286985D+01 -0.570477D+02
  327.9142  0.266442D+01  0.281690D+01 -0.247275D+03
  328.0652  0.263827D+01  0.279159D+01 -0.248634D+03
  328.2161  0.265121D+01  0.279231D+01 -0.228821D+03
  328.3669  0.275411D+01  0.279087D+01 -0.596121D+02
  328.5176  0.274019D+01  0.275430D+01 -0.218790D+02
  328.6683  0.264749D+01  0.267487D+01 -0.443997D+02
  328.8189  0.265440D+01  0.266773D+01 -0.216094D+02
  328.9695  0.293881D+01  0.285412D+01  0.125896D+03
  329.1199  0.327719D+01  0.314569D+01  0.195481D+03
   26 326.097 329.871 327.984  2.919D-01  0.000D+00 -5.932D-02  0.000D+00  1.761D+00  1.213D+02 10300  0.000D+00
  326.0974  0.309098D+01  0.318142D+01 -0.140285D+03
  326.2492  0.309967D+01  0.308096D+01  0.290159D+02
  326.4009  0.296469D+01  0.297586D+01 -0.181202D+02
  326.5526  0.294891D+01  0.295642D+01 -0.121803D+02
  326.7041  0.303665D+01  0.302288D+01  0.213569D+02
  326.8557  0.319352D+01  0.305071D+01  0.212298D+03
  327.0071  0.310702D+01  0.298091D+01  0.187465D+03
  327.1584  0.292480D+01  0.290465D+01  0.312652D+02
  327.3097  0.286604D+01  0.290479D+01 -0.601075D+02
  327.4609  0.295121D+01  0.293087D+01  0.315601D+02
  327.6121  0.294838D+01  0.290660D+01  0.648086D+02
  327.7632  0.283307D+01  0.284380D+01 -0.166403D+02
  327.9142  0.266442D+01  0.279942D+01 -0.218935D+03
  328.0652  0.263827D+01  0.278463D+01 -0.237353D+03
  328.2161  0.265121D+01  0.277867D+01 -0.206693D+03
  328.3669  0.275411D+01  0.275093D+01  0.515665D+01
  328.5176  0.274019D+01  0.267234D+01  0.105254D+03
  328.6683  0.264749D+01  0.260592D+01  0.674100D+02
  328.8189  0.265440D+01  0.269623D+01 -0.678366D+02
  328.9695  0.293881D+01  0.294549D+01 -0.993651D+01
  329.1199  0.327719D+01  0.319030D+01  0.129162D+03
  329.2704  0.347864D+01  0.335603D+01  0.182263D+03
  329.4207  0.353297D+01  0.346441D+01  0.101907D+03
  329.5710  0.359580D+01  0.354004D+01  0.828883D+02
  329.7212  0.357675D+01  0.361512D+01 -0.570474D+02
  329.8713  0.360555D+01  0.372812D+01 -0.182197D+03
   16 327.612 329.871 328.742  2.919D-01  0.000D+00  2.905D-03  0.000D+00  1.801D+00  5.584D+01   300  0.000D+00
  327.6121  0.294838D+01  0.292772D+01  0.320506D+02
  327.7632  0.283307D+01  0.280417D+01  0.448307D+02
  327.9142  0.266442D+01  0.271340D+01 -0.794320D+02
  328.0652  0.263827D+01  0.267834D+01 -0.649741D+02
  328.2161  0.265121D+01  0.268599D+01 -0.563986D+02
  328.3669  0.275411D+01  0.270155D+01  0.852228D+02
  328.5176  0.274019D+01  0.268533D+01  0.850936D+02
  328.6683  0.264749D+01  0.264001D+01  0.121236D+02
  328.8189  0.265440D+01  0.269305D+01 -0.626796D+02
  328.9695  0.293881D+01  0.293475D+01  0.602874D+01
  329.1199  0.327719D+01  0.323844D+01  0.575919D+02
  329.2704  0.347864D+01  0.345804D+01  0.306172D+02
  329.4207  0.353297D+01  0.357702D+01 -0.654862D+02
  329.5710  0.359580D+01  0.361836D+01 -0.335272D+02
  329.7212  0.357675D+01  0.360265D+01 -0.384980D+02
  329.8713  0.360555D+01  0.356643D+01  0.581608D+02
