 rad_fit_vary
           0
 T T
nwave fwave lwave wave    hwe     asym  shift    squeeze      sin      rms   exval 
   31 264.308 274.888 269.598  3.761D-01  0.000D+00 -4.384D-02  0.000D+00  3.014D-03  1.564D+00 10300  2.048D-02
  264.3076  0.126366D-02  0.126633D-02 -0.132774D+00
  264.6730  0.101034D-02  0.107432D-02 -0.359583D+01
  265.0374  0.103032D-02  0.973745D-03  0.352675D+01
  265.4006  0.118228D-02  0.113463D-02  0.308272D+01
  265.7629  0.116624D-02  0.119061D-02 -0.167088D+01
  266.1242  0.107013D-02  0.109043D-02 -0.143451D+01
  266.4846  0.101107D-02  0.101046D-02  0.450725D-01
  266.8440  0.101924D-02  0.101572D-02  0.271308D+00
  267.2024  0.106532D-02  0.105369D-02  0.896114D+00
  267.5600  0.109536D-02  0.110237D-02 -0.546259D+00
  267.9166  0.994883D-03  0.101962D-02 -0.192731D+01
  268.2724  0.103455D-02  0.101940D-02  0.119445D+01
  268.6273  0.106240D-02  0.102972D-02  0.249024D+01
  268.9814  0.969508D-03  0.987786D-03 -0.144065D+01
  269.3347  0.100115D-02  0.995064D-03  0.479957D+00
  269.6871  0.998529D-03  0.100209D-02 -0.277817D+00
  270.0388  0.111257D-02  0.113813D-02 -0.196930D+01
  270.3896  0.121247D-02  0.121587D-02 -0.259554D+00
  270.7398  0.115384D-02  0.115813D-02 -0.326502D+00
  271.0892  0.114553D-02  0.111940D-02  0.192698D+01
  271.4378  0.105234D-02  0.104587D-02  0.493153D+00
  271.7858  0.878945D-03  0.857564D-03  0.161110D+01
  272.1331  0.732964D-03  0.746747D-03 -0.108628D+01
  272.4796  0.841028D-03  0.861224D-03 -0.153879D+01
  272.8256  0.104490D-02  0.105124D-02 -0.472447D+00
  273.1708  0.108690D-02  0.109906D-02 -0.905797D+00
  273.5155  0.913653D-03  0.890421D-03  0.177010D+01
  273.8595  0.714881D-03  0.699595D-03  0.119111D+01
  274.2029  0.601567D-03  0.602579D-03 -0.815776D-01
  274.5457  0.587859D-03  0.583610D-03  0.342764D+00
  274.8879  0.597484D-03  0.611776D-03 -0.116671D+01
   31 267.917 278.281 273.099  3.654D-01  0.000D+00 -7.482D-03  0.000D+00  3.173D-03  1.041D+00 10300  1.267D-02
  267.9166  0.994883D-03  0.101342D-02 -0.144448D+01
  268.2724  0.103455D-02  0.101125D-02  0.183681D+01
  268.6273  0.106240D-02  0.103421D-02  0.214849D+01
  268.9814  0.969508D-03  0.992600D-03 -0.182003D+01
  269.3347  0.100115D-02  0.100137D-02 -0.170184D-01
  269.6871  0.998529D-03  0.998259D-03  0.210521D-01
  270.0388  0.111257D-02  0.112894D-02 -0.126112D+01
  270.3896  0.121247D-02  0.122175D-02 -0.707545D+00
  270.7398  0.115384D-02  0.116695D-02 -0.998950D+00
  271.0892  0.114553D-02  0.111945D-02  0.192317D+01
  271.4378  0.105234D-02  0.105739D-02 -0.384383D+00
  271.7858  0.878945D-03  0.873380D-03  0.419322D+00
  272.1331  0.732964D-03  0.734253D-03 -0.101583D+00
  272.4796  0.841028D-03  0.834742D-03  0.478911D+00
  272.8256  0.104490D-02  0.102057D-02  0.181388D+01
  273.1708  0.108690D-02  0.110378D-02 -0.125763D+01
  273.5155  0.913653D-03  0.905286D-03  0.637488D+00
  273.8595  0.714881D-03  0.708503D-03  0.497000D+00
  274.2029  0.601567D-03  0.605181D-03 -0.291502D+00
  274.5457  0.587859D-03  0.584909D-03  0.237991D+00
  274.8879  0.597484D-03  0.607000D-03 -0.776774D+00
  275.2296  0.742152D-03  0.747925D-03 -0.439865D+00
  275.5707  0.818569D-03  0.828467D-03 -0.754127D+00
  275.9113  0.105030D-02  0.104453D-02  0.411995D+00
  276.2513  0.118957D-02  0.118016D-02  0.658769D+00
  276.5908  0.122909D-02  0.124781D-02 -0.128341D+01
  276.9298  0.125709D-02  0.124475D-02  0.838018D+00
  277.2683  0.127255D-02  0.129261D-02 -0.130985D+01
  277.6063  0.121816D-02  0.120211D-02  0.104801D+01
  277.9438  0.973300D-03  0.969710D-03  0.243681D+00
  278.2809  0.877340D-03  0.877529D-03 -0.127778D-01
   31 271.438 281.628 276.533  3.707D-01  0.000D+00 -6.425D-03  0.000D+00  3.396D-03  1.052D+00 10300  1.335D-02
  271.4378  0.105234D-02  0.106459D-02 -0.933333D+00
  271.7858  0.878945D-03  0.878244D-03  0.527909D-01
  272.1331  0.732964D-03  0.738539D-03 -0.439411D+00
  272.4796  0.841028D-03  0.835040D-03  0.456201D+00
  272.8256  0.104490D-02  0.101810D-02  0.199789D+01
  273.1708  0.108690D-02  0.109858D-02 -0.870139D+00
  273.5155  0.913653D-03  0.903415D-03  0.780015D+00
  273.8595  0.714881D-03  0.707192D-03  0.599156D+00
  274.2029  0.601567D-03  0.603635D-03 -0.166787D+00
  274.5457  0.587859D-03  0.582761D-03  0.411284D+00
  274.8879  0.597484D-03  0.606244D-03 -0.715056D+00
  275.2296  0.742152D-03  0.744318D-03 -0.165027D+00
  275.5707  0.818569D-03  0.828859D-03 -0.784007D+00
  275.9113  0.105030D-02  0.104216D-02  0.581716D+00
  276.2513  0.118957D-02  0.118143D-02  0.569506D+00
  276.5908  0.122909D-02  0.125050D-02 -0.146815D+01
  276.9298  0.125709D-02  0.125211D-02  0.338483D+00
  277.2683  0.127255D-02  0.130057D-02 -0.182975D+01
  277.6063  0.121816D-02  0.121300D-02  0.336791D+00
  277.9438  0.973300D-03  0.983967D-03 -0.724264D+00
  278.2809  0.877340D-03  0.891342D-03 -0.950564D+00
  278.6175  0.900091D-03  0.856895D-03  0.282095D+01
  278.9537  0.711089D-03  0.698170D-03  0.885841D+00
  279.2894  0.520192D-03  0.508056D-03  0.849161D+00
  279.6247  0.416299D-03  0.423595D-03 -0.536785D+00
  279.9596  0.433274D-03  0.408783D-03  0.172426D+01
  280.2940  0.435331D-03  0.446546D-03 -0.806992D+00
  280.6281  0.602151D-03  0.593848D-03  0.599289D+00
  280.9618  0.866549D-03  0.853499D-03  0.932121D+00
  281.2950  0.113970D-02  0.112694D-02  0.866039D+00
  281.6280  0.142087D-02  0.144632D-02 -0.167849D+01
   31 274.888 284.938 279.913  3.941D-01  0.000D+00 -1.259D-02  0.000D+00  3.919D-03  1.553D+00 10000  2.297D-02
  274.8879  0.597484D-03  0.597680D-03 -0.160222D-01
  275.2296  0.742152D-03  0.727623D-03  0.110693D+01
  275.5707  0.818569D-03  0.827484D-03 -0.679230D+00
  275.9113  0.105030D-02  0.103233D-02  0.128331D+01
  276.2513  0.118957D-02  0.117771D-02  0.830007D+00
  276.5908  0.122909D-02  0.124770D-02 -0.127569D+01
  276.9298  0.125709D-02  0.126095D-02 -0.261587D+00
  277.2683  0.127255D-02  0.130301D-02 -0.198911D+01
  277.6063  0.121816D-02  0.121259D-02  0.363283D+00
  277.9438  0.973300D-03  0.996741D-03 -0.159148D+01
  278.2809  0.877340D-03  0.901576D-03 -0.164542D+01
  278.6175  0.900091D-03  0.856986D-03  0.281495D+01
  278.9537  0.711089D-03  0.698540D-03  0.860488D+00
  279.2894  0.520192D-03  0.513230D-03  0.487086D+00
  279.6247  0.416299D-03  0.426240D-03 -0.731347D+00
  279.9596  0.433274D-03  0.410218D-03  0.162323D+01
  280.2940  0.435331D-03  0.449857D-03 -0.104522D+01
  280.6281  0.602151D-03  0.596268D-03  0.424583D+00
  280.9618  0.866549D-03  0.843778D-03  0.162644D+01
  281.2950  0.113970D-02  0.110974D-02  0.203352D+01
  281.6280  0.142087D-02  0.140694D-02  0.918333D+00
  281.9605  0.165099D-02  0.165536D-02 -0.279863D+00
  282.2927  0.184131D-02  0.182242D-02  0.119884D+01
  282.6245  0.195418D-02  0.192369D-02  0.188354D+01
  282.9559  0.207785D-02  0.208885D-02 -0.673156D+00
  283.2870  0.211781D-02  0.219203D-02 -0.454437D+01
  283.6178  0.209112D-02  0.212956D-02 -0.235335D+01
  283.9482  0.212320D-02  0.211833D-02  0.295679D+00
  284.2784  0.199691D-02  0.197644D-02  0.123167D+01
  284.6082  0.164005D-02  0.163233D-02  0.504496D+00
  284.9376  0.112118D-02  0.108843D-02  0.226784D+01
   31 278.281 288.216 283.248  4.001D-01  0.000D+00 -5.821D-03  0.000D+00  4.507D-03  1.708D+00 10300  1.020D-02
  278.2809  0.877340D-03  0.909551D-03 -0.218681D+01
  278.6175  0.900091D-03  0.865840D-03  0.223675D+01
  278.9537  0.711089D-03  0.710567D-03  0.357701D-01
  279.2894  0.520192D-03  0.523884D-03 -0.258382D+00
  279.6247  0.416299D-03  0.433272D-03 -0.124872D+01
  279.9596  0.433274D-03  0.415686D-03  0.123823D+01
  280.2940  0.435331D-03  0.454619D-03 -0.138788D+01
  280.6281  0.602151D-03  0.599409D-03  0.197924D+00
  280.9618  0.866549D-03  0.846231D-03  0.145126D+01
  281.2950  0.113970D-02  0.111307D-02  0.180776D+01
  281.6280  0.142087D-02  0.140929D-02  0.763153D+00
  281.9605  0.165099D-02  0.165810D-02 -0.455432D+00
  282.2927  0.184131D-02  0.182527D-02  0.101814D+01
  282.6245  0.195418D-02  0.192671D-02  0.169714D+01
  282.9559  0.207785D-02  0.208701D-02 -0.560963D+00
  283.2870  0.211781D-02  0.219123D-02 -0.449484D+01
  283.6178  0.209112D-02  0.213256D-02 -0.253718D+01
  283.9482  0.212320D-02  0.211824D-02  0.301110D+00
  284.2784  0.199691D-02  0.198133D-02  0.937309D+00
  284.6082  0.164005D-02  0.164289D-02 -0.184896D+00
  284.9376  0.112118D-02  0.110601D-02  0.105037D+01
  285.2668  0.821486D-03  0.773589D-03  0.353153D+01
  285.5956  0.112978D-02  0.109821D-02  0.220900D+01
  285.9241  0.183737D-02  0.183526D-02  0.135048D+00
  286.2524  0.245819D-02  0.244406D-02  0.835179D+00
  286.5803  0.269444D-02  0.269244D-02  0.115981D+00
  286.9079  0.277377D-02  0.281513D-02 -0.236343D+01
  287.2353  0.306515D-02  0.306696D-02 -0.100835D+00
  287.5623  0.299413D-02  0.297356D-02  0.115599D+01
  287.8891  0.252600D-02  0.248993D-02  0.213233D+01
  288.2156  0.217716D-02  0.222007D-02 -0.260348D+01
   31 281.628 291.465 286.546  3.949D-01  0.000D+00 -6.363D-03  0.000D+00  5.270D-03  2.223D+00 10300  1.144D-02
  281.6280  0.142087D-02  0.141119D-02  0.637912D+00
  281.9605  0.165099D-02  0.165678D-02 -0.370972D+00
  282.2927  0.184131D-02  0.182120D-02  0.127648D+01
  282.6245  0.195418D-02  0.191927D-02  0.215675D+01
  282.9559  0.207785D-02  0.208025D-02 -0.147165D+00
  283.2870  0.211781D-02  0.218618D-02 -0.418606D+01
  283.6178  0.209112D-02  0.212577D-02 -0.212148D+01
  283.9482  0.212320D-02  0.211596D-02  0.439442D+00
  284.2784  0.199691D-02  0.198129D-02  0.939425D+00
  284.6082  0.164005D-02  0.164485D-02 -0.312833D+00
  284.9376  0.112118D-02  0.110484D-02  0.113163D+01
  285.2668  0.821486D-03  0.768398D-03  0.391431D+01
  285.5956  0.112978D-02  0.109893D-02  0.215850D+01
  285.9241  0.183737D-02  0.184495D-02 -0.485855D+00
  286.2524  0.245819D-02  0.245807D-02  0.718860D-02
  286.5803  0.269444D-02  0.270403D-02 -0.557534D+00
  286.9079  0.277377D-02  0.282158D-02 -0.273163D+01
  287.2353  0.306515D-02  0.307751D-02 -0.689099D+00
  287.5623  0.299413D-02  0.297834D-02  0.887141D+00
  287.8891  0.252600D-02  0.248357D-02  0.250814D+01
  288.2156  0.217716D-02  0.219936D-02 -0.134702D+01
  288.5418  0.292719D-02  0.288851D-02  0.217427D+01
  288.8677  0.361101D-02  0.352619D-02  0.447379D+01
  289.1933  0.382786D-02  0.381044D-02  0.824090D+00
  289.5187  0.433435D-02  0.436654D-02 -0.149130D+01
  289.8438  0.516983D-02  0.520860D-02 -0.177208D+01
  290.1685  0.592817D-02  0.590343D-02  0.106027D+01
  290.4930  0.613817D-02  0.620488D-02 -0.285893D+01
  290.8173  0.601276D-02  0.610139D-02 -0.379863D+01
  291.1412  0.606234D-02  0.609262D-02 -0.129764D+01
  291.4649  0.628109D-02  0.615706D-02  0.531548D+01
   31 284.938 294.686 289.812  3.745D-01  0.000D+00 -6.643D-05  0.000D+00  6.329D-03  2.797D+00 10300  1.044D-02
  284.9376  0.112118D-02  0.112800D-02 -0.472642D+00
  285.2668  0.821486D-03  0.752337D-03  0.509853D+01
  285.5956  0.112978D-02  0.108580D-02  0.307744D+01
  285.9241  0.183737D-02  0.185703D-02 -0.125977D+01
  286.2524  0.245819D-02  0.248612D-02 -0.165115D+01
  286.5803  0.269444D-02  0.272569D-02 -0.181593D+01
  286.9079  0.277377D-02  0.281804D-02 -0.252942D+01
  287.2353  0.306515D-02  0.309849D-02 -0.185849D+01
  287.5623  0.299413D-02  0.300176D-02 -0.428790D+00
  287.8891  0.252600D-02  0.249064D-02  0.209006D+01
  288.2156  0.217716D-02  0.214252D-02  0.210231D+01
  288.5418  0.292719D-02  0.287375D-02  0.300373D+01
  288.8677  0.361101D-02  0.352735D-02  0.441283D+01
  289.1933  0.382786D-02  0.378141D-02  0.219695D+01
  289.5187  0.433435D-02  0.433094D-02  0.158047D+00
  289.8438  0.516983D-02  0.519253D-02 -0.103750D+01
  290.1685  0.592817D-02  0.590953D-02  0.798896D+00
  290.4930  0.613817D-02  0.623466D-02 -0.413509D+01
  290.8173  0.601276D-02  0.612391D-02 -0.476345D+01
  291.1412  0.606234D-02  0.612887D-02 -0.285124D+01
  291.4649  0.628109D-02  0.623699D-02  0.189009D+01
  291.7883  0.623297D-02  0.613052D-02  0.439045D+01
  292.1114  0.627526D-02  0.619376D-02  0.349302D+01
  292.4342  0.592526D-02  0.589743D-02  0.119273D+01
  292.7567  0.559275D-02  0.570135D-02 -0.465406D+01
  293.0790  0.646484D-02  0.654620D-02 -0.348683D+01
  293.4010  0.726548D-02  0.719622D-02  0.279361D+01
  293.7226  0.653922D-02  0.651959D-02  0.841175D+00
  294.0440  0.636276D-02  0.636866D-02 -0.253031D+00
  294.3651  0.712256D-02  0.704344D-02  0.319137D+01
  294.6858  0.696214D-02  0.703365D-02 -0.288458D+01
   31 288.216 297.876 293.046  3.353D-01  0.000D+00  7.566D-03  0.000D+00  7.817D-03  3.788D+00 10300  9.087D-03
  288.2156  0.217716D-02  0.206074D-02  0.706484D+01
  288.5418  0.292719D-02  0.291654D-02  0.598542D+00
  288.8677  0.361101D-02  0.360563D-02  0.283492D+00
  289.1933  0.382786D-02  0.380194D-02  0.122590D+01
  289.5187  0.433435D-02  0.434372D-02 -0.434086D+00
  289.8438  0.516983D-02  0.523917D-02 -0.316953D+01
  290.1685  0.592817D-02  0.597231D-02 -0.189150D+01
  290.4930  0.613817D-02  0.630583D-02 -0.718510D+01
  290.8173  0.601276D-02  0.613010D-02 -0.502896D+01
  291.1412  0.606234D-02  0.610934D-02 -0.201408D+01
  291.4649  0.628109D-02  0.625437D-02  0.114509D+01
  291.7883  0.623297D-02  0.606897D-02  0.702821D+01
  292.1114  0.627526D-02  0.618645D-02  0.380589D+01
  292.4342  0.592526D-02  0.586279D-02  0.267706D+01
  292.7567  0.559275D-02  0.555128D-02  0.177754D+01
  293.0790  0.646484D-02  0.646811D-02 -0.139817D+00
  293.4010  0.726548D-02  0.726172D-02  0.151454D+00
  293.7226  0.653922D-02  0.642906D-02  0.472116D+01
  294.0440  0.636276D-02  0.624098D-02  0.521910D+01
  294.3651  0.712256D-02  0.706269D-02  0.241492D+01
  294.6858  0.696214D-02  0.707099D-02 -0.439045D+01
  295.0063  0.682943D-02  0.685038D-02 -0.845079D+00
  295.3264  0.803548D-02  0.802230D-02  0.502139D+00
  295.6463  0.839132D-02  0.840844D-02 -0.652209D+00
  295.9658  0.907528D-02  0.916757D-02 -0.333054D+01
  296.2850  0.941799D-02  0.957377D-02 -0.562193D+01
  296.6038  0.781236D-02  0.790413D-02 -0.349624D+01
  296.9224  0.689214D-02  0.701070D-02 -0.478208D+01
  297.2405  0.800048D-02  0.801338D-02 -0.491359D+00
  297.5584  0.104695D-01  0.104583D-01  0.383498D+00
  297.8759  0.122413D-01  0.119879D-01  0.827575D+01
   31 291.465 301.030 296.247  3.327D-01  0.000D+00 -2.279D-03  0.000D+00  1.029D-02  6.137D+00 10000  9.373D-03
  291.4649  0.628109D-02  0.621844D-02  0.268515D+01
  291.7883  0.623297D-02  0.612964D-02  0.442825D+01
  292.1114  0.627526D-02  0.631412D-02 -0.166529D+01
  292.4342  0.592526D-02  0.598727D-02 -0.265768D+01
  292.7567  0.559275D-02  0.568952D-02 -0.414709D+01
  293.0790  0.646484D-02  0.665193D-02 -0.801788D+01
  293.4010  0.726548D-02  0.738677D-02 -0.489238D+01
  293.7226  0.653922D-02  0.645819D-02  0.347253D+01
  294.0440  0.636276D-02  0.627444D-02  0.378490D+01
  294.3651  0.712256D-02  0.705520D-02  0.271682D+01
  294.6858  0.696214D-02  0.697377D-02 -0.469031D+00
  295.0063  0.682943D-02  0.675477D-02  0.301164D+01
  295.3264  0.803548D-02  0.788749D-02  0.563775D+01
  295.6463  0.839132D-02  0.823378D-02  0.600152D+01
  295.9658  0.907528D-02  0.899879D-02  0.276045D+01
  296.2850  0.941799D-02  0.939554D-02  0.810319D+00
  296.6038  0.781236D-02  0.773956D-02  0.277312D+01
  296.9224  0.689214D-02  0.699858D-02 -0.429322D+01
  297.2405  0.800048D-02  0.813616D-02 -0.516846D+01
  297.5584  0.104695D-01  0.108139D-01 -0.118083D+02
  297.8759  0.122413D-01  0.125022D-01 -0.851685D+01
  298.1930  0.989196D-02  0.992206D-02 -0.103225D+01
  298.5098  0.814486D-02  0.811840D-02  0.100776D+01
  298.8262  0.104709D-01  0.104705D-01  0.143856D-01
  299.1422  0.137420D-01  0.134767D-01  0.826956D+01
  299.4578  0.138237D-01  0.133296D-01  0.153995D+02
  299.7730  0.150662D-01  0.148295D-01  0.676162D+01
  300.0879  0.127678D-01  0.132369D-01 -0.146197D+02
  300.4023  0.135509D-01  0.140593D-01 -0.464813D+01
  300.7163  0.169678D-01  0.176732D-01 -0.636379D+01
  301.0298  0.205583D-01  0.201637D-01  0.351385D+01
   31 294.686 304.140 299.413  3.166D-01  0.000D+00 -6.834D-03  0.000D+00  1.776D-02  1.446D+01 10300  1.802D-02
  294.6858  0.696214D-02  0.663657D-02  0.131321D+02
  295.0063  0.682943D-02  0.668948D-02  0.564507D+01
  295.3264  0.803548D-02  0.814437D-02 -0.414826D+01
  295.6463  0.839132D-02  0.853711D-02 -0.555378D+01
  295.9658  0.907528D-02  0.938086D-02 -0.110284D+02
  296.2850  0.941799D-02  0.977368D-02 -0.128366D+02
  296.6038  0.781236D-02  0.781904D-02 -0.254637D+00
  296.9224  0.689214D-02  0.700804D-02 -0.467511D+01
  297.2405  0.800048D-02  0.804205D-02 -0.158352D+01
  297.5584  0.104695D-01  0.106281D-01 -0.543744D+01
  297.8759  0.122413D-01  0.122054D-01  0.117274D+01
  298.1930  0.989196D-02  0.943022D-02  0.158308D+02
  298.5098  0.814486D-02  0.766037D-02  0.184566D+02
  298.8262  0.104709D-01  0.101332D-01  0.115804D+02
  299.1422  0.137420D-01  0.132823D-01  0.143268D+02
  299.4578  0.138237D-01  0.130924D-01  0.227917D+02
  299.7730  0.150662D-01  0.151904D-01 -0.354947D+01
  300.0879  0.127678D-01  0.135911D-01 -0.256609D+02
  300.4023  0.135509D-01  0.150305D-01 -0.135277D+02
  300.7163  0.169678D-01  0.196604D-01 -0.242934D+02
  301.0298  0.205583D-01  0.230677D-01 -0.223475D+02
  301.3430  0.265448D-01  0.287054D-01 -0.187540D+02
  301.6557  0.271908D-01  0.295425D-01 -0.206738D+02
  301.9679  0.224206D-01  0.240310D-01 -0.141572D+02
  302.2796  0.276079D-01  0.291208D-01 -0.131311D+02
  302.5909  0.408337D-01  0.421585D-01 -0.112155D+02
  302.9017  0.561463D-01  0.550007D-01  0.981956D+01
  303.2120  0.679006D-01  0.646353D-01  0.279877D+02
  303.5218  0.757027D-01  0.739271D-01  0.152194D+02
  303.8311  0.699714D-01  0.699191D-01  0.448633D+00
  304.1398  0.734423D-01  0.746124D-01 -0.100301D+02
   31 297.876 307.195 302.535  3.155D-01  0.000D+00 -8.393D-03  0.000D+00  4.965D-02  2.971D+01 10300  2.128D-02
  297.8759  0.122413D-01  0.127333D-01 -0.160650D+02
  298.1930  0.989196D-02  0.978801D-02  0.356385D+01
  298.5098  0.814486D-02  0.790035D-02  0.931460D+01
  298.8262  0.104709D-01  0.103665D-01  0.357853D+01
  299.1422  0.137420D-01  0.134150D-01  0.101929D+02
  299.4578  0.138237D-01  0.130434D-01  0.243180D+02
  299.7730  0.150662D-01  0.149998D-01  0.189642D+01
  300.0879  0.127678D-01  0.132674D-01 -0.155721D+02
  300.4023  0.135509D-01  0.146297D-01 -0.986327D+01
  300.7163  0.169678D-01  0.190653D-01 -0.189244D+02
  301.0298  0.205583D-01  0.223571D-01 -0.160185D+02
  301.3430  0.265448D-01  0.278763D-01 -0.115577D+02
  301.6557  0.271908D-01  0.287705D-01 -0.138872D+02
  301.9679  0.224206D-01  0.234971D-01 -0.946349D+01
  302.2796  0.276079D-01  0.287886D-01 -0.102481D+02
  302.5909  0.408337D-01  0.420023D-01 -0.989350D+01
  302.9017  0.561463D-01  0.552832D-01  0.739779D+01
  303.2120  0.679006D-01  0.655513D-01  0.201363D+02
  303.5218  0.757027D-01  0.757129D-01 -0.874120D-01
  303.8311  0.699714D-01  0.722337D-01 -0.193910D+02
  304.1398  0.734423D-01  0.779472D-01 -0.386131D+02
  304.4480  0.915695D-01  0.958632D-01 -0.327133D+02
  304.7556  0.105905D+00  0.103998D+00  0.145291D+02
  305.0627  0.133264D+00  0.122154D+00  0.761759D+02
  305.3691  0.152120D+00  0.142718D+00  0.644674D+02
  305.6750  0.130201D+00  0.126268D+00  0.269727D+02
  305.9803  0.125476D+00  0.123696D+00  0.122083D+02
  306.2849  0.154191D+00  0.164742D+00 -0.657755D+02
  306.5889  0.159062D+00  0.170228D+00 -0.696092D+02
  306.8923  0.189949D+00  0.191356D+00 -0.803491D+01
  307.1950  0.242246D+00  0.236156D+00  0.321203D+02
   30 301.030 309.887 305.458  3.119D-01  0.000D+00 -2.572D-02  0.000D+00  1.389D-01  4.306D+01 10000  2.940D-02
  301.0298  0.205583D-01  0.212271D-01 -0.595563D+01
  301.3430  0.265448D-01  0.261931D-01  0.305279D+01
  301.6557  0.271908D-01  0.267281D-01  0.406776D+01
  301.9679  0.224206D-01  0.218872D-01  0.468939D+01
  302.2796  0.276079D-01  0.281287D-01 -0.451988D+01
  302.5909  0.408337D-01  0.412119D-01 -0.320183D+01
  302.9017  0.561463D-01  0.546644D-01  0.127015D+02
  303.2120  0.679006D-01  0.653339D-01  0.219997D+02
  303.5218  0.757027D-01  0.756276D-01  0.644117D+00
  303.8311  0.699714D-01  0.721907D-01 -0.190224D+02
  304.1398  0.734423D-01  0.792056D-01 -0.493999D+02
  304.4480  0.915695D-01  0.980410D-01 -0.493062D+02
  304.7556  0.105905D+00  0.105313D+00  0.450763D+01
  305.0627  0.133264D+00  0.125417D+00  0.538037D+02
  305.3691  0.152120D+00  0.144334D+00  0.533894D+02
  305.6750  0.130201D+00  0.125707D+00  0.308132D+02
  305.9803  0.125476D+00  0.125583D+00 -0.730277D+00
  306.2849  0.154191D+00  0.166410D+00 -0.761720D+02
  306.5889  0.159062D+00  0.168691D+00 -0.600267D+02
  306.8923  0.189949D+00  0.191268D+00 -0.753665D+01
  307.1950  0.242246D+00  0.233072D+00  0.483902D+02
  307.4970  0.264879D+00  0.246458D+00  0.902268D+02
  307.7983  0.281256D+00  0.268656D+00  0.576008D+02
  308.0990  0.282000D+00  0.286294D+00 -0.184027D+02
  308.3988  0.297575D+00  0.310613D+00 -0.525895D+02
  308.6980  0.324905D+00  0.341146D+00 -0.618728D+02
  308.9964  0.294834D+00  0.310326D+00 -0.559127D+02
  309.2940  0.271690D+00  0.279962D+00 -0.283622D+02
  309.5909  0.320048D+00  0.308824D+00  0.349840D+02
  309.8869  0.335726D+00  0.303994D+00  0.870352D+02
   20 304.140 309.887 307.013  3.162D-01  0.000D+00 -3.271D-02  0.000D+00  2.147D-01  4.873D+01 10300  3.782D-02
  304.1398  0.734423D-01  0.728938D-01  0.470146D+01
  304.4480  0.915695D-01  0.951721D-01 -0.274482D+02
  304.7556  0.105905D+00  0.105525D+00  0.289198D+01
  305.0627  0.133264D+00  0.128178D+00  0.348740D+02
  305.3691  0.152120D+00  0.147195D+00  0.337718D+02
  305.6750  0.130201D+00  0.128159D+00  0.139992D+02
  305.9803  0.125476D+00  0.129117D+00 -0.249686D+02
  306.2849  0.154191D+00  0.168553D+00 -0.895316D+02
  306.5889  0.159062D+00  0.169792D+00 -0.668916D+02
  306.8923  0.189949D+00  0.192305D+00 -0.134607D+02
  307.1950  0.242246D+00  0.231807D+00  0.550594D+02
  307.4970  0.264879D+00  0.244282D+00  0.100882D+03
  307.7983  0.281256D+00  0.265743D+00  0.709176D+02
  308.0990  0.282000D+00  0.282648D+00 -0.277628D+01
  308.3988  0.297575D+00  0.308169D+00 -0.427302D+02
  308.6980  0.324905D+00  0.337619D+00 -0.484343D+02
  308.9964  0.294834D+00  0.308633D+00 -0.498019D+02
  309.2940  0.271690D+00  0.282323D+00 -0.364576D+02
  309.5909  0.320048D+00  0.313836D+00  0.193628D+02
  309.8869  0.335726D+00  0.311954D+00  0.652024D+02
   31 310.108 314.855 312.481  2.741D-01  0.000D+00 -1.146D-02  0.000D+00  6.541D-01  3.982D+01 10000  2.218D-02
  310.1077  0.347874D+00  0.319611D+00  0.281099D+02
  310.2671  0.384894D+00  0.379247D+00  0.582512D+01
  310.4264  0.503924D+00  0.495684D+00  0.878123D+01
  310.5856  0.610828D+00  0.596548D+00  0.162914D+02
  310.7448  0.675360D+00  0.666268D+00  0.110204D+02
  310.9038  0.713058D+00  0.710859D+00  0.266582D+01
  311.0628  0.722829D+00  0.725997D+00 -0.384071D+01
  311.2217  0.715318D+00  0.734718D+00 -0.235157D+02
  311.3806  0.710652D+00  0.742402D+00 -0.384865D+02
  311.5393  0.700662D+00  0.729649D+00 -0.401573D+02
  311.6980  0.656109D+00  0.690840D+00 -0.481142D+02
  311.8566  0.624026D+00  0.641589D+00 -0.243310D+02
  312.0151  0.607328D+00  0.614483D+00 -0.991165D+01
  312.1735  0.632557D+00  0.628969D+00  0.497146D+01
  312.3318  0.707735D+00  0.678615D+00  0.403410D+02
  312.4901  0.752944D+00  0.719647D+00  0.461273D+02
  312.6483  0.780725D+00  0.733501D+00  0.654215D+02
  312.8064  0.790350D+00  0.751887D+00  0.532849D+02
  312.9644  0.826590D+00  0.775236D+00  0.711432D+02
  313.1224  0.823965D+00  0.784186D+00  0.551069D+02
  313.2803  0.795454D+00  0.783919D+00  0.159800D+02
  313.4380  0.770954D+00  0.797613D+00 -0.369317D+02
  313.5958  0.783933D+00  0.848351D+00 -0.892399D+02
  313.7534  0.873403D+00  0.935224D+00 -0.799337D+02
  313.9109  0.964914D+00  0.101799D+01 -0.643400D+02
  314.0684  0.103929D+01  0.104258D+01 -0.398542D+01
  314.2258  0.985404D+00  0.973413D+00  0.145347D+02
  314.3832  0.842121D+00  0.832445D+00  0.125118D+02
  314.5404  0.771246D+00  0.759912D+00  0.157009D+02
  314.6976  0.851674D+00  0.845849D+00  0.753166D+01
  314.8547  0.103564D+01  0.100495D+01  0.372112D+02
   31 311.698 316.421 314.060  2.638D-01  0.000D+00 -3.623D-02  0.000D+00  8.031D-01  4.862D+01 10300  2.277D-02
  311.6980  0.656109D+00  0.681221D+00 -0.347883D+02
  311.8566  0.624026D+00  0.632539D+00 -0.117932D+02
  312.0151  0.607328D+00  0.611382D+00 -0.561589D+01
  312.1735  0.632557D+00  0.634668D+00 -0.292411D+01
  312.3318  0.707735D+00  0.691735D+00  0.221647D+02
  312.4901  0.752944D+00  0.730408D+00  0.312197D+02
  312.6483  0.780725D+00  0.741663D+00  0.541145D+02
  312.8064  0.790350D+00  0.764937D+00  0.352060D+02
  312.9644  0.826590D+00  0.789382D+00  0.515456D+02
  313.1224  0.823965D+00  0.796131D+00  0.385602D+02
  313.2803  0.795454D+00  0.794572D+00  0.122269D+01
  313.4380  0.770954D+00  0.810927D+00 -0.553761D+02
  313.5958  0.783933D+00  0.867571D+00 -0.115866D+03
  313.7534  0.873403D+00  0.957928D+00 -0.109290D+03
  313.9109  0.964914D+00  0.103397D+01 -0.837089D+02
  314.0684  0.103929D+01  0.104174D+01 -0.296783D+01
  314.2258  0.985404D+00  0.948020D+00  0.453157D+02
  314.3832  0.842121D+00  0.790809D+00  0.663466D+02
  314.5404  0.771246D+00  0.732221D+00  0.540633D+02
  314.6976  0.851674D+00  0.832836D+00  0.243566D+02
  314.8547  0.103564D+01  0.978815D+00  0.688868D+02
  315.0117  0.111746D+01  0.107550D+01  0.508622D+02
  315.1686  0.114633D+01  0.111083D+01  0.430310D+02
  315.3255  0.110688D+01  0.111339D+01 -0.789002D+01
  315.4822  0.104549D+01  0.107598D+01 -0.369578D+02
  315.6389  0.926924D+00  0.969492D+00 -0.515997D+02
  315.7956  0.797277D+00  0.826122D+00 -0.349642D+02
  315.9521  0.729100D+00  0.750355D+00 -0.294458D+02
  316.1086  0.777006D+00  0.794300D+00 -0.209633D+02
  316.2650  0.929768D+00  0.918950D+00  0.131139D+02
  316.4213  0.106357D+01  0.104152D+01  0.267241D+02
   31 313.280 317.980 315.630  2.826D-01  0.000D+00 -4.300D-02  0.000D+00  9.609D-01  4.311D+01 10300  1.876D-02
  313.2803  0.795454D+00  0.736165D+00  0.821354D+02
  313.4380  0.770954D+00  0.769388D+00  0.216982D+01
  313.5958  0.783933D+00  0.837530D+00 -0.742496D+02
  313.7534  0.873403D+00  0.932589D+00 -0.765262D+02
  313.9109  0.964914D+00  0.101014D+01 -0.548195D+02
  314.0684  0.103929D+01  0.102034D+01  0.229688D+02
  314.2258  0.985404D+00  0.934278D+00  0.619728D+02
  314.3832  0.842121D+00  0.800729D+00  0.535195D+02
  314.5404  0.771246D+00  0.757401D+00  0.191802D+02
  314.6976  0.851674D+00  0.852790D+00 -0.144293D+01
  314.8547  0.103564D+01  0.992195D+00  0.526674D+02
  315.0117  0.111746D+01  0.108747D+01  0.363509D+02
  315.1686  0.114633D+01  0.112568D+01  0.250330D+02
  315.3255  0.110688D+01  0.112549D+01 -0.225482D+02
  315.4822  0.104549D+01  0.108101D+01 -0.430553D+02
  315.6389  0.926924D+00  0.971884D+00 -0.544989D+02
  315.7956  0.797277D+00  0.838239D+00 -0.496529D+02
  315.9521  0.729100D+00  0.769187D+00 -0.555350D+02
  316.1086  0.777006D+00  0.811480D+00 -0.417881D+02
  316.2650  0.929768D+00  0.928001D+00  0.214190D+01
  316.4213  0.106357D+01  0.104232D+01  0.257541D+02
  316.5776  0.117295D+01  0.111796D+01  0.666518D+02
  316.7337  0.122851D+01  0.117942D+01  0.595022D+02
  316.8898  0.128065D+01  0.126563D+01  0.181961D+02
  317.0458  0.137989D+01  0.139341D+01 -0.163986D+02
  317.2018  0.149889D+01  0.151036D+01 -0.130918D+02
  317.3576  0.154964D+01  0.154994D+01 -0.330272D+00
  317.5134  0.150523D+01  0.153221D+01 -0.290679D+02
  317.6691  0.144653D+01  0.146792D+01 -0.244024D+02
  317.8248  0.131754D+01  0.131194D+01  0.679563D+01
  317.9803  0.113999D+01  0.111920D+01  0.251990D+02
   31 314.855 319.532 317.193  2.496D-01  0.000D+00 -4.388D-02  0.000D+00  1.064D+00  5.686D+01   304  2.142D-02
  314.8547  0.103564D+01  0.103475D+01  0.107986D+01
  315.0117  0.111746D+01  0.111610D+01  0.164846D+01
  315.1686  0.114633D+01  0.113198D+01  0.173942D+02
  315.3255  0.110688D+01  0.112282D+01 -0.193118D+02
  315.4822  0.104549D+01  0.107530D+01 -0.361391D+02
  315.6389  0.926924D+00  0.956981D+00 -0.364336D+02
  315.7956  0.797277D+00  0.801891D+00 -0.559260D+01
  315.9521  0.729100D+00  0.726320D+00  0.385110D+01
  316.1086  0.777006D+00  0.776689D+00  0.384261D+00
  316.2650  0.929768D+00  0.907110D+00  0.274659D+02
  316.4213  0.106357D+01  0.102910D+01  0.417804D+02
  316.5776  0.117295D+01  0.109882D+01  0.898493D+02
  316.7337  0.122851D+01  0.115854D+01  0.848157D+02
  316.8898  0.128065D+01  0.124382D+01  0.446346D+02
  317.0458  0.137989D+01  0.139233D+01 -0.150782D+02
  317.2018  0.149889D+01  0.153494D+01 -0.411273D+02
  317.3576  0.154964D+01  0.157494D+01 -0.272682D+02
  317.5134  0.150523D+01  0.156410D+01 -0.634271D+02
  317.6691  0.144653D+01  0.152663D+01 -0.913776D+02
  317.8248  0.131754D+01  0.136368D+01 -0.559327D+02
  317.9803  0.113999D+01  0.113996D+01  0.391004D-01
  318.1358  0.102237D+01  0.104198D+01 -0.237626D+02
  318.2913  0.108187D+01  0.109114D+01 -0.112308D+02
  318.4466  0.122144D+01  0.121522D+01  0.753854D+01
  318.6018  0.137216D+01  0.135571D+01  0.187680D+02
  318.7570  0.151938D+01  0.149800D+01  0.230383D+02
  318.9122  0.167753D+01  0.160697D+01  0.760325D+02
  319.0672  0.165493D+01  0.154445D+01  0.119043D+03
  319.2222  0.144318D+01  0.134652D+01  0.104149D+03
  319.3770  0.124856D+01  0.128387D+01 -0.402793D+02
  319.5319  0.125578D+01  0.139405D+01 -0.157751D+03
   31 316.421 321.076 318.749  2.493D-01  0.000D+00  9.106D-04  0.000D+00  1.179D+00  8.353D+01 10300  3.193D-02
  316.4213  0.106357D+01  0.104618D+01  0.210818D+02
  316.5776  0.117295D+01  0.112769D+01  0.548558D+02
  316.7337  0.122851D+01  0.118289D+01  0.553053D+02
  316.8898  0.128065D+01  0.125279D+01  0.337704D+02
  317.0458  0.137989D+01  0.137979D+01  0.112826D+00
  317.2018  0.149889D+01  0.153294D+01 -0.388476D+02
  317.3576  0.154964D+01  0.159606D+01 -0.500202D+02
  317.5134  0.150523D+01  0.158060D+01 -0.812048D+02
  317.6691  0.144653D+01  0.154971D+01 -0.117706D+03
  317.8248  0.131754D+01  0.141986D+01 -0.124029D+03
  317.9803  0.113999D+01  0.118621D+01 -0.560263D+02
  318.1358  0.102237D+01  0.103621D+01 -0.167768D+02
  318.2913  0.108187D+01  0.104452D+01  0.452846D+02
  318.4466  0.122144D+01  0.114624D+01  0.911560D+02
  318.6018  0.137216D+01  0.127699D+01  0.108571D+03
  318.7570  0.151938D+01  0.140739D+01  0.120661D+03
  318.9122  0.167753D+01  0.152742D+01  0.161750D+03
  319.0672  0.165493D+01  0.152199D+01  0.143236D+03
  319.2222  0.144318D+01  0.134217D+01  0.108830D+03
  319.3770  0.124856D+01  0.122228D+01  0.299875D+02
  319.5319  0.125578D+01  0.129311D+01 -0.425874D+02
  319.6866  0.139359D+01  0.143262D+01 -0.420493D+02
  319.8412  0.152579D+01  0.158545D+01 -0.642810D+02
  319.9958  0.157450D+01  0.168808D+01 -0.122383D+03
  320.1504  0.160469D+01  0.172404D+01 -0.128595D+03
  320.3048  0.168563D+01  0.179269D+01 -0.109286D+03
  320.4592  0.184546D+01  0.189586D+01 -0.514404D+02
  320.6135  0.196344D+01  0.195695D+01  0.629647D+01
  320.7677  0.195105D+01  0.191522D+01  0.347472D+02
  320.9219  0.182228D+01  0.175018D+01  0.699184D+02
  321.0760  0.162139D+01  0.153184D+01  0.964856D+02
   31 317.980 322.613 320.297  2.391D-01  0.000D+00  2.196D-03  0.000D+00  1.299D+00  8.606D+01 10300  3.341D-02
  317.9803  0.113999D+01  0.125571D+01 -0.140269D+03
  318.1358  0.102237D+01  0.107799D+01 -0.674227D+02
  318.2913  0.108187D+01  0.107928D+01  0.314622D+01
  318.4466  0.122144D+01  0.117944D+01  0.509066D+02
  318.6018  0.137216D+01  0.130617D+01  0.752868D+02
  318.7570  0.151938D+01  0.143292D+01  0.931605D+02
  318.9122  0.167753D+01  0.155651D+01  0.130407D+03
  319.0672  0.165493D+01  0.155437D+01  0.108357D+03
  319.2222  0.144318D+01  0.135430D+01  0.957668D+02
  319.3770  0.124856D+01  0.122300D+01  0.291634D+02
  319.5319  0.125578D+01  0.130184D+01 -0.525513D+02
  319.6866  0.139359D+01  0.144500D+01 -0.553914D+02
  319.8412  0.152579D+01  0.160356D+01 -0.837946D+02
  319.9958  0.157450D+01  0.171012D+01 -0.146130D+03
  320.1504  0.160469D+01  0.173931D+01 -0.145049D+03
  320.3048  0.168563D+01  0.180802D+01 -0.124934D+03
  320.4592  0.184546D+01  0.191539D+01 -0.713823D+02
  320.6135  0.196344D+01  0.197869D+01 -0.147809D+02
  320.7677  0.195105D+01  0.193541D+01  0.151603D+02
  320.9219  0.182228D+01  0.176050D+01  0.599012D+02
  321.0760  0.162139D+01  0.152832D+01  0.100280D+03
  321.2300  0.147424D+01  0.136799D+01  0.114479D+03
  321.3839  0.142101D+01  0.132409D+01  0.104435D+03
  321.5378  0.150261D+01  0.139958D+01  0.111006D+03
  321.6916  0.162737D+01  0.154841D+01  0.805947D+02
  321.8453  0.176824D+01  0.171641D+01  0.529079D+02
  321.9989  0.179756D+01  0.183741D+01 -0.386475D+02
  322.1525  0.170772D+01  0.180149D+01 -0.957149D+02
  322.3060  0.161927D+01  0.166594D+01 -0.476313D+02
  322.4594  0.155000D+01  0.157882D+01 -0.310478D+02
  322.6128  0.148131D+01  0.147291D+01  0.905819D+01
   31 319.532 324.142 321.837  3.334D-01  0.000D+00 -1.969D-02  0.000D+00  1.354D+00  6.880D+01   304  3.842D-02
  319.5319  0.125578D+01  0.119032D+01  0.746789D+02
  319.6866  0.139359D+01  0.134249D+01  0.550674D+02
  319.8412  0.152579D+01  0.150144D+01  0.262408D+02
  319.9958  0.157450D+01  0.162964D+01 -0.594076D+02
  320.1504  0.160469D+01  0.172804D+01 -0.132912D+03
  320.3048  0.168563D+01  0.182046D+01 -0.137628D+03
  320.4592  0.184546D+01  0.190458D+01 -0.603428D+02
  320.6135  0.196344D+01  0.193611D+01  0.265099D+02
  320.7677  0.195105D+01  0.187586D+01  0.729104D+02
  320.9219  0.182228D+01  0.172901D+01  0.904386D+02
  321.0760  0.162139D+01  0.155480D+01  0.717493D+02
  321.2300  0.147424D+01  0.142899D+01  0.487556D+02
  321.3839  0.142101D+01  0.139801D+01  0.247849D+02
  321.5378  0.150261D+01  0.146133D+01  0.444718D+02
  321.6916  0.162737D+01  0.158316D+01  0.451269D+02
  321.8453  0.176824D+01  0.171092D+01  0.585169D+02
  321.9989  0.179756D+01  0.178172D+01  0.153590D+02
  322.1525  0.170772D+01  0.176610D+01 -0.595893D+02
  322.3060  0.161927D+01  0.169294D+01 -0.752003D+02
  322.4594  0.155000D+01  0.160377D+01 -0.579389D+02
  322.6128  0.148131D+01  0.150938D+01 -0.302355D+02
  322.7661  0.134080D+01  0.142280D+01 -0.883482D+02
  322.9193  0.128422D+01  0.138916D+01 -0.113068D+03
  323.0724  0.141299D+01  0.143476D+01 -0.234599D+02
  323.2255  0.159959D+01  0.151602D+01  0.810375D+02
  323.3785  0.168373D+01  0.157002D+01  0.110273D+03
  323.5314  0.166332D+01  0.160122D+01  0.602120D+02
  323.6843  0.169503D+01  0.166235D+01  0.316910D+02
  323.8371  0.181061D+01  0.177971D+01  0.299667D+02
  323.9898  0.194004D+01  0.193365D+01  0.589967D+01
  324.1424  0.201354D+01  0.209150D+01 -0.687318D+02
   31 321.076 325.665 323.370  2.303D-01  0.000D+00 -6.850D-02  0.000D+00  1.422D+00  5.298D+01   300  2.415D-02
  321.0760  0.162139D+01  0.160619D+01  0.163728D+02
  321.2300  0.147424D+01  0.143237D+01  0.451109D+02
  321.3839  0.142101D+01  0.140475D+01  0.175176D+02
  321.5378  0.150261D+01  0.149705D+01  0.598476D+01
  321.6916  0.162737D+01  0.163855D+01 -0.114128D+02
  321.8453  0.176824D+01  0.178858D+01 -0.207590D+02
  321.9989  0.179756D+01  0.184577D+01 -0.467573D+02
  322.1525  0.170772D+01  0.174005D+01 -0.330019D+02
  322.3060  0.161927D+01  0.163244D+01 -0.134386D+02
  322.4594  0.155000D+01  0.158270D+01 -0.352303D+02
  322.6128  0.148131D+01  0.146865D+01  0.136414D+02
  322.7661  0.134080D+01  0.134889D+01 -0.871129D+01
  322.9193  0.128422D+01  0.132653D+01 -0.455887D+02
  323.0724  0.141299D+01  0.146201D+01 -0.528181D+02
  323.2255  0.159959D+01  0.160593D+01 -0.615083D+01
  323.3785  0.168373D+01  0.158947D+01  0.914108D+02
  323.5314  0.166332D+01  0.155194D+01  0.108009D+03
  323.6843  0.169503D+01  0.162452D+01  0.683775D+02
  323.8371  0.181061D+01  0.175154D+01  0.572810D+02
  323.9898  0.194004D+01  0.188607D+01  0.498439D+02
  324.1424  0.201354D+01  0.199094D+01  0.199241D+02
  324.2950  0.203636D+01  0.201707D+01  0.170060D+02
  324.4475  0.205080D+01  0.205797D+01 -0.632394D+01
  324.5999  0.204890D+01  0.207640D+01 -0.242383D+02
  324.7523  0.193814D+01  0.196040D+01 -0.215818D+02
  324.9046  0.179136D+01  0.186216D+01 -0.686553D+02
  325.0568  0.174316D+01  0.187696D+01 -0.129753D+03
  325.2090  0.185735D+01  0.193150D+01 -0.719054D+02
  325.3610  0.198758D+01  0.201675D+01 -0.269415D+02
  325.5131  0.218672D+01  0.215639D+01  0.267318D+02
  325.6650  0.236383D+01  0.223192D+01  0.116291D+03
   31 322.613 327.181 324.897  2.156D-01  0.000D+00 -1.575D-02  0.000D+00  1.495D+00  6.617D+01 10300  2.610D-02
  322.6128  0.148131D+01  0.149188D+01 -0.113800D+02
  322.7661  0.134080D+01  0.138246D+01 -0.448875D+02
  322.9193  0.128422D+01  0.132530D+01 -0.442675D+02
  323.0724  0.141299D+01  0.142629D+01 -0.143348D+02
  323.2255  0.159959D+01  0.162909D+01 -0.286100D+02
  323.3785  0.168373D+01  0.166171D+01  0.213549D+02
  323.5314  0.166332D+01  0.158385D+01  0.770574D+02
  323.6843  0.169503D+01  0.161333D+01  0.792281D+02
  323.8371  0.181061D+01  0.172977D+01  0.783900D+02
  323.9898  0.194004D+01  0.185175D+01  0.815338D+02
  324.1424  0.201354D+01  0.197452D+01  0.343948D+02
  324.2950  0.203636D+01  0.200740D+01  0.255310D+02
  324.4475  0.205080D+01  0.201803D+01  0.288884D+02
  324.5999  0.204890D+01  0.207503D+01 -0.230314D+02
  324.7523  0.193814D+01  0.199853D+01 -0.585577D+02
  324.9046  0.179136D+01  0.186208D+01 -0.685851D+02
  325.0568  0.174316D+01  0.186684D+01 -0.119938D+03
  325.2090  0.185735D+01  0.194503D+01 -0.850247D+02
  325.3610  0.198758D+01  0.204952D+01 -0.572043D+02
  325.5131  0.218672D+01  0.224306D+01 -0.496759D+02
  325.6650  0.236383D+01  0.245957D+01 -0.843967D+02
  325.8169  0.255189D+01  0.255717D+01 -0.445306D+01
  325.9687  0.266833D+01  0.263697D+01  0.264472D+02
  326.1204  0.273943D+01  0.265326D+01  0.726619D+02
  326.2720  0.272339D+01  0.259698D+01  0.102155D+03
  326.4236  0.261095D+01  0.250019D+01  0.933949D+02
  326.5752  0.262305D+01  0.248085D+01  0.119914D+03
  326.7266  0.271894D+01  0.267458D+01  0.358445D+02
  326.8780  0.282897D+01  0.282472D+01  0.343396D+01
  327.0293  0.271908D+01  0.279174D+01 -0.587104D+02
  327.1805  0.256946D+01  0.272135D+01 -0.122745D+03
   31 324.142 328.689 326.416  2.185D-01  0.000D+00  3.645D-02  0.000D+00  1.560D+00  6.942D+01 10300  3.286D-02
  324.1424  0.201354D+01  0.193349D+01  0.705673D+02
  324.2950  0.203636D+01  0.199027D+01  0.406292D+02
  324.4475  0.205080D+01  0.198262D+01  0.601035D+02
  324.5999  0.204890D+01  0.203299D+01  0.140254D+02
  324.7523  0.193814D+01  0.201780D+01 -0.772490D+02
  324.9046  0.179136D+01  0.188027D+01 -0.862189D+02
  325.0568  0.174316D+01  0.184286D+01 -0.966800D+02
  325.2090  0.185735D+01  0.191335D+01 -0.543104D+02
  325.3610  0.198758D+01  0.201692D+01 -0.271019D+02
  325.5131  0.218672D+01  0.218288D+01  0.338096D+01
  325.6650  0.236383D+01  0.242521D+01 -0.541109D+02
  325.8169  0.255189D+01  0.257054D+01 -0.157269D+02
  325.9687  0.266833D+01  0.265476D+01  0.114434D+02
  326.1204  0.273943D+01  0.270399D+01  0.298812D+02
  326.2720  0.272339D+01  0.265874D+01  0.522428D+02
  326.4236  0.261095D+01  0.256232D+01  0.410061D+02
  326.5752  0.262305D+01  0.247134D+01  0.127934D+03
  326.7266  0.271894D+01  0.257394D+01  0.117175D+03
  326.8780  0.282897D+01  0.272824D+01  0.814048D+02
  327.0293  0.271908D+01  0.270641D+01  0.102405D+02
  327.1805  0.256946D+01  0.257035D+01 -0.718706D+00
  327.3317  0.253825D+01  0.254338D+01 -0.414653D+01
  327.4828  0.261627D+01  0.263821D+01 -0.177318D+02
  327.6339  0.259323D+01  0.265889D+01 -0.530629D+02
  327.7849  0.247838D+01  0.257612D+01 -0.789848D+02
  327.9358  0.235216D+01  0.249901D+01 -0.123830D+03
  328.0866  0.233146D+01  0.246433D+01 -0.112047D+03
  328.2374  0.236354D+01  0.244787D+01 -0.711131D+02
  328.3881  0.244659D+01  0.241595D+01  0.247589D+02
  328.5387  0.242042D+01  0.235702D+01  0.512303D+02
  328.6893  0.234283D+01  0.216902D+01  0.146564D+03
   31 325.665 330.191 327.928  2.843D-01  0.000D+00 -6.833D-02  0.000D+00  1.583D+00  6.616D+01   300  3.951D-02
  325.6650  0.236383D+01  0.247081D+01 -0.943115D+02
  325.8169  0.255189D+01  0.260491D+01 -0.447166D+02
  325.9687  0.266833D+01  0.267609D+01 -0.653800D+01
  326.1204  0.273943D+01  0.267667D+01  0.529217D+02
  326.2720  0.272339D+01  0.261649D+01  0.863882D+02
  326.4236  0.261095D+01  0.255940D+01  0.434663D+02
  326.5752  0.262305D+01  0.258808D+01  0.294926D+02
  326.7266  0.271894D+01  0.267722D+01  0.337101D+02
  326.8780  0.282897D+01  0.270184D+01  0.102739D+03
  327.0293  0.271908D+01  0.263715D+01  0.662096D+02
  327.1805  0.256946D+01  0.258798D+01 -0.149710D+02
  327.3317  0.253825D+01  0.261090D+01 -0.587117D+02
  327.4828  0.261627D+01  0.263647D+01 -0.163210D+02
  327.6339  0.259323D+01  0.260466D+01 -0.923920D+01
  327.7849  0.247838D+01  0.254606D+01 -0.546875D+02
  327.9358  0.235216D+01  0.250904D+01 -0.132285D+03
  328.0866  0.233146D+01  0.249769D+01 -0.140173D+03
  328.2374  0.236354D+01  0.248822D+01 -0.105132D+03
  328.3881  0.244659D+01  0.245138D+01 -0.386555D+01
  328.5387  0.242042D+01  0.236466D+01  0.450563D+02
  328.6893  0.234283D+01  0.230983D+01  0.278310D+02
  328.8398  0.240036D+01  0.242082D+01 -0.165355D+02
  328.9902  0.267417D+01  0.265333D+01  0.168426D+02
  329.1405  0.295206D+01  0.285196D+01  0.808854D+02
  329.2908  0.311021D+01  0.297682D+01  0.103482D+03
  329.4410  0.315834D+01  0.305859D+01  0.773802D+02
  329.5912  0.320537D+01  0.311586D+01  0.694375D+02
  329.7413  0.318568D+01  0.318354D+01  0.166150D+01
  329.8913  0.323877D+01  0.328917D+01 -0.375969D+02
  330.0413  0.331679D+01  0.336296D+01 -0.344438D+02
  330.1912  0.319596D+01  0.330331D+01 -0.800721D+02
   31 327.181 331.686 329.433  2.555D-01  0.000D+00 -4.959D-02  0.000D+00  1.643D+00  5.401D+01 10300  2.347D-02
  327.1805  0.256946D+01  0.249742D+01  0.582123D+02
  327.3317  0.253825D+01  0.252539D+01  0.103903D+02
  327.4828  0.261627D+01  0.257241D+01  0.354410D+02
  327.6339  0.259323D+01  0.254819D+01  0.363975D+02
  327.7849  0.247838D+01  0.249187D+01 -0.108980D+02
  327.9358  0.235216D+01  0.246346D+01 -0.938536D+02
  328.0866  0.233146D+01  0.246907D+01 -0.116040D+03
  328.2374  0.236354D+01  0.248050D+01 -0.986259D+02
  328.3881  0.244659D+01  0.247288D+01 -0.212391D+02
  328.5387  0.242042D+01  0.239508D+01  0.204779D+02
  328.6893  0.234283D+01  0.230245D+01  0.340480D+02
  328.8398  0.240036D+01  0.240348D+01 -0.251598D+01
  328.9902  0.267417D+01  0.267942D+01 -0.424400D+01
  329.1405  0.295206D+01  0.289991D+01  0.421409D+02
  329.2908  0.311021D+01  0.302119D+01  0.690608D+02
  329.4410  0.315834D+01  0.309447D+01  0.495474D+02
  329.5912  0.320537D+01  0.312457D+01  0.626874D+02
  329.7413  0.318568D+01  0.315156D+01  0.264683D+02
  329.8913  0.323877D+01  0.322051D+01  0.136150D+02
  330.0413  0.331679D+01  0.327839D+01  0.286394D+02
  330.1912  0.319596D+01  0.316910D+01  0.200368D+02
  330.3410  0.296926D+01  0.293461D+01  0.268845D+02
  330.4907  0.265725D+01  0.271350D+01 -0.454598D+02
  330.6404  0.250485D+01  0.256271D+01 -0.467587D+02
  330.7900  0.251083D+01  0.260766D+01 -0.782509D+02
  330.9396  0.263523D+01  0.276717D+01 -0.102359D+03
  331.0891  0.275153D+01  0.282482D+01 -0.568565D+02
  331.2385  0.270508D+01  0.273737D+01 -0.250460D+02
  331.3878  0.260285D+01  0.259372D+01  0.738197D+01
  331.5371  0.258659D+01  0.253538D+01  0.413894D+02
  331.6863  0.270756D+01  0.259270D+01  0.891065D+02
   31 328.689 333.175 330.932  2.341D-01  0.000D+00 -9.081D-03  0.000D+00  1.628D+00  4.259D+01 10300  1.445D-02
  328.6893  0.234283D+01  0.240740D+01 -0.544447D+02
  328.8398  0.240036D+01  0.241782D+01 -0.141038D+02
  328.9902  0.267417D+01  0.269968D+01 -0.206168D+02
  329.1405  0.295206D+01  0.295482D+01 -0.223173D+01
  329.2908  0.311021D+01  0.306364D+01  0.361291D+02
  329.4410  0.315834D+01  0.313256D+01  0.199995D+02
  329.5912  0.320537D+01  0.314751D+01  0.448845D+02
  329.7413  0.318568D+01  0.314313D+01  0.330086D+02
  329.8913  0.323877D+01  0.317925D+01  0.443993D+02
  330.0413  0.331679D+01  0.326304D+01  0.400935D+02
  330.1912  0.319596D+01  0.320188D+01 -0.441623D+01
  330.3410  0.296926D+01  0.295112D+01  0.140722D+02
  330.4907  0.265725D+01  0.272204D+01 -0.523541D+02
  330.6404  0.250485D+01  0.252550D+01 -0.166881D+02
  330.7900  0.251083D+01  0.251543D+01 -0.371492D+01
  330.9396  0.263523D+01  0.271062D+01 -0.584906D+02
  331.0891  0.275153D+01  0.283884D+01 -0.677325D+02
  331.2385  0.270508D+01  0.280366D+01 -0.764706D+02
  331.3878  0.260285D+01  0.267355D+01 -0.571319D+02
  331.5371  0.258659D+01  0.260667D+01 -0.162257D+02
  331.6863  0.270756D+01  0.271150D+01 -0.305083D+01
  331.8355  0.288089D+01  0.285604D+01  0.185385D+02
  331.9846  0.294141D+01  0.287486D+01  0.496463D+02
  332.1336  0.283845D+01  0.275922D+01  0.590984D+02
  332.2826  0.265944D+01  0.258664D+01  0.543054D+02
  332.4315  0.266877D+01  0.257259D+01  0.746197D+02
  332.5803  0.281213D+01  0.277868D+01  0.249464D+02
  332.7290  0.291778D+01  0.288549D+01  0.240861D+02
  332.8777  0.279725D+01  0.279374D+01  0.262010D+01
  333.0264  0.271478D+01  0.275086D+01 -0.269132D+02
  333.1749  0.276743D+01  0.287836D+01 -0.827505D+02
   31 330.191 334.657 332.424  2.356D-01  0.000D+00  5.729D-03  0.000D+00  1.659D+00  4.049D+01 10300  1.301D-02
  330.1912  0.319596D+01  0.315139D+01  0.332490D+02
  330.3410  0.296926D+01  0.291921D+01  0.388277D+02
  330.4907  0.265725D+01  0.269429D+01 -0.299281D+02
  330.6404  0.250485D+01  0.250278D+01  0.167302D+01
  330.7900  0.251083D+01  0.247389D+01  0.298517D+02
  330.9396  0.263523D+01  0.266386D+01 -0.222089D+02
  331.0891  0.275153D+01  0.281359D+01 -0.481432D+02
  331.2385  0.270508D+01  0.280262D+01 -0.756701D+02
  331.3878  0.260285D+01  0.268620D+01 -0.673560D+02
  331.5371  0.258659D+01  0.261316D+01 -0.214686D+02
  331.6863  0.270756D+01  0.270785D+01 -0.218464D+00
  331.8355  0.288089D+01  0.286102D+01  0.148172D+02
  331.9846  0.294141D+01  0.289746D+01  0.327808D+02
  332.1336  0.283845D+01  0.279193D+01  0.347039D+02
  332.2826  0.265944D+01  0.261467D+01  0.333914D+02
  332.4315  0.266877D+01  0.256915D+01  0.772840D+02
  332.5803  0.281213D+01  0.275189D+01  0.449370D+02
  332.7290  0.291778D+01  0.286355D+01  0.404578D+02
  332.8777  0.279725D+01  0.276630D+01  0.230899D+02
  333.0264  0.271478D+01  0.268679D+01  0.208844D+02
  333.1749  0.276743D+01  0.276878D+01 -0.101112D+01
  333.3234  0.284640D+01  0.285191D+01 -0.410975D+01
  333.4719  0.269801D+01  0.274312D+01 -0.336464D+02
  333.6202  0.244528D+01  0.250260D+01 -0.427570D+02
  333.7685  0.236201D+01  0.242427D+01 -0.482983D+02
  333.9167  0.248203D+01  0.258153D+01 -0.742245D+02
  334.0649  0.264821D+01  0.270982D+01 -0.459598D+02
  334.2130  0.270268D+01  0.273405D+01 -0.234007D+02
  334.3611  0.282277D+01  0.280239D+01  0.146391D+02
  334.5090  0.296540D+01  0.293264D+01  0.235340D+02
  334.6569  0.305480D+01  0.295879D+01  0.665014D+02
   23 331.686 334.953 333.319  2.366D-01  0.000D+00 -3.408D-03  0.000D+00  1.666D+00  1.351D+01 10300  4.991D-03
  331.6863  0.270756D+01  0.269970D+01  0.609841D+01
  331.8355  0.288089D+01  0.288867D+01 -0.580512D+01
  331.9846  0.294141D+01  0.294370D+01 -0.171094D+01
  332.1336  0.283845D+01  0.284542D+01 -0.519606D+01
  332.2826  0.265944D+01  0.267270D+01 -0.989457D+01
  332.4315  0.266877D+01  0.264148D+01  0.211732D+02
  332.5803  0.281213D+01  0.282546D+01 -0.994785D+01
  332.7290  0.291778D+01  0.291288D+01  0.365616D+01
  332.8777  0.279725D+01  0.279241D+01  0.361037D+01
  333.0264  0.271478D+01  0.270435D+01  0.778316D+01
  333.1749  0.276743D+01  0.277385D+01 -0.478981D+01
  333.3234  0.284640D+01  0.282928D+01  0.127729D+02
  333.4719  0.269801D+01  0.269258D+01  0.405182D+01
  333.6202  0.244528D+01  0.244584D+01 -0.416013D+00
  333.7685  0.236201D+01  0.237934D+01 -0.134466D+02
  333.9167  0.248203D+01  0.253556D+01 -0.399269D+02
  334.0649  0.264821D+01  0.265759D+01 -0.699509D+01
  334.2130  0.270268D+01  0.269384D+01  0.659464D+01
  334.3611  0.282277D+01  0.279121D+01  0.226746D+02
  334.5090  0.296540D+01  0.295611D+01  0.666953D+01
  334.6569  0.305480D+01  0.302370D+01  0.215358D+02
  334.8048  0.288191D+01  0.289729D+01 -0.110510D+02
  334.9526  0.267132D+01  0.268773D+01 -0.122409D+02
