 solar_fit_vary
           0
 T T
nw  fwave  lwave  avgwav    hwe     asym  shift    squeeze      sin      rms   exval  std
   31 263.962 274.593 269.278  4.282D-01  0.000D+00 -4.358D-02  0.000D+00  9.868D-01  2.465D+03 10300  2.362D-02
  263.9623  0.506851D+00  0.483932D+00  0.657676D+03
  264.3308  0.502623D+00  0.492869D+00  0.268469D+04
  264.6982  0.397208D+00  0.415744D+00 -0.510165D+04
  265.0645  0.402022D+00  0.380628D+00  0.588834D+04
  265.4296  0.433190D+00  0.422357D+00  0.298145D+04
  265.7935  0.413626D+00  0.428234D+00 -0.402048D+04
  266.1564  0.372844D+00  0.387749D+00 -0.410228D+04
  266.5182  0.357746D+00  0.357470D+00  0.759680D+02
  266.8789  0.350339D+00  0.354245D+00 -0.112443D+04
  267.2387  0.359785D+00  0.363946D+00 -0.114533D+04
  267.5974  0.361903D+00  0.367798D+00 -0.162259D+04
  267.9552  0.342530D+00  0.343976D+00 -0.441586D+03
  268.3120  0.350100D+00  0.340684D+00  0.274746D+04
  268.6678  0.343190D+00  0.338342D+00  0.147979D+04
  269.0227  0.329049D+00  0.327088D+00  0.690381D+03
  269.3768  0.327949D+00  0.326033D+00  0.677692D+03
  269.7299  0.337581D+00  0.335868D+00  0.540190D+03
  270.0822  0.383625D+00  0.374908D+00  0.239932D+04
  270.4337  0.395798D+00  0.392557D+00  0.891991D+03
  270.7844  0.374457D+00  0.375944D+00 -0.409192D+03
  271.1342  0.367308D+00  0.361530D+00  0.159021D+04
  271.4833  0.337163D+00  0.330512D+00  0.209684D+04
  271.8317  0.271957D+00  0.273125D+00 -0.459965D+03
  272.1792  0.245158D+00  0.250142D+00 -0.202581D+04
  272.5261  0.275178D+00  0.287019D+00 -0.465603D+04
  272.8722  0.330523D+00  0.340056D+00 -0.324130D+04
  273.2177  0.336621D+00  0.338737D+00 -0.665175D+03
  273.5625  0.276306D+00  0.274818D+00  0.585038D+03
  273.9066  0.223992D+00  0.217451D+00  0.272758D+04
  274.2501  0.192136D+00  0.188236D+00  0.178883D+04
  274.5930  0.182246D+00  0.181367D+00  0.403289D+03
   31 267.597 277.990 272.794  4.035D-01  0.000D+00  2.310D-03  0.000D+00  1.007D+00  1.307D+03   300  1.216D-02
  267.5974  0.361903D+00  0.363003D+00 -0.302761D+03
  267.9552  0.342530D+00  0.342602D+00 -0.218265D+02
  268.3120  0.350100D+00  0.341273D+00  0.257556D+04
  268.6678  0.343190D+00  0.344476D+00 -0.392592D+03
  269.0227  0.329049D+00  0.332589D+00 -0.124573D+04
  269.3768  0.327949D+00  0.332299D+00 -0.153920D+04
  269.7299  0.337581D+00  0.336526D+00  0.332729D+03
  270.0822  0.383625D+00  0.376261D+00  0.202678D+04
  270.4337  0.395798D+00  0.398975D+00 -0.874429D+03
  270.7844  0.374457D+00  0.380492D+00 -0.166095D+04
  271.1342  0.367308D+00  0.364094D+00  0.884594D+03
  271.4833  0.337163D+00  0.336568D+00  0.187564D+03
  271.8317  0.271957D+00  0.276453D+00 -0.177061D+04
  272.1792  0.245158D+00  0.241958D+00  0.130088D+04
  272.5261  0.275178D+00  0.273948D+00  0.483574D+03
  272.8722  0.330523D+00  0.329077D+00  0.491545D+03
  273.2177  0.336621D+00  0.339705D+00 -0.969378D+03
  273.5625  0.276306D+00  0.277689D+00 -0.543925D+03
  273.9066  0.223992D+00  0.218265D+00  0.238801D+04
  274.2501  0.192136D+00  0.187415D+00  0.216543D+04
  274.5930  0.182246D+00  0.180528D+00  0.788185D+03
  274.9352  0.188207D+00  0.191117D+00 -0.133472D+04
  275.2769  0.232022D+00  0.228301D+00  0.150066D+04
  275.6180  0.251259D+00  0.256692D+00 -0.213614D+04
  275.9585  0.316257D+00  0.314952D+00  0.454469D+03
  276.2985  0.344628D+00  0.349468D+00 -0.143303D+04
  276.6379  0.360422D+00  0.362660D+00 -0.615948D+03
  276.9768  0.355393D+00  0.361413D+00 -0.165679D+04
  277.3152  0.367040D+00  0.365779D+00  0.347058D+03
  277.6531  0.333618D+00  0.329805D+00  0.116569D+04
  277.9905  0.270209D+00  0.268077D+00  0.749538D+03
   31 271.134 281.340 276.237  3.942D-01  0.000D+00  7.556D-03  0.000D+00  9.911D-01  1.145D+03 10300  1.081D-02
  271.1342  0.367308D+00  0.364290D+00  0.830704D+03
  271.4833  0.337163D+00  0.338116D+00 -0.300433D+03
  271.8317  0.271957D+00  0.277568D+00 -0.220971D+04
  272.1792  0.245158D+00  0.241157D+00  0.162646D+04
  272.5261  0.275178D+00  0.273445D+00  0.681278D+03
  272.8722  0.330523D+00  0.329805D+00  0.244031D+03
  273.2177  0.336621D+00  0.342492D+00 -0.184568D+04
  273.5625  0.276306D+00  0.279214D+00 -0.114352D+04
  273.9066  0.223992D+00  0.218870D+00  0.213567D+04
  274.2501  0.192136D+00  0.187533D+00  0.211132D+04
  274.5930  0.182246D+00  0.180548D+00  0.778665D+03
  274.9352  0.188207D+00  0.190142D+00 -0.887468D+03
  275.2769  0.232022D+00  0.228283D+00  0.150792D+04
  275.6180  0.251259D+00  0.255143D+00 -0.152712D+04
  275.9585  0.316257D+00  0.314621D+00  0.569590D+03
  276.2985  0.344628D+00  0.349178D+00 -0.134713D+04
  276.6379  0.360422D+00  0.362957D+00 -0.697485D+03
  276.9768  0.355393D+00  0.361095D+00 -0.156929D+04
  277.3152  0.367040D+00  0.367094D+00 -0.148352D+02
  277.6531  0.333618D+00  0.332078D+00  0.470739D+03
  277.9905  0.270209D+00  0.269043D+00  0.409938D+03
  278.3274  0.243857D+00  0.242741D+00  0.408172D+03
  278.6638  0.229875D+00  0.226269D+00  0.140093D+04
  278.9999  0.182388D+00  0.179732D+00  0.109663D+04
  279.3354  0.129720D+00  0.130830D+00 -0.352163D+03
  279.6706  0.105938D+00  0.108984D+00 -0.102507D+04
  280.0053  0.102852D+00  0.104808D+00 -0.683945D+03
  280.3396  0.112084D+00  0.115338D+00 -0.113701D+04
  280.6735  0.152374D+00  0.153672D+00 -0.422087D+03
  281.0070  0.216110D+00  0.214896D+00  0.377275D+03
  281.3401  0.280086D+00  0.280043D+00  0.121742D+02
   31 274.593 284.652 279.623  3.682D-01  0.000D+00  5.534D-03  0.000D+00  9.988D-01  1.055D+03 10300  1.051D-02
  274.5930  0.182246D+00  0.180804D+00  0.661383D+03
  274.9352  0.188207D+00  0.188096D+00  0.511676D+02
  275.2769  0.232022D+00  0.229796D+00  0.897863D+03
  275.6180  0.251259D+00  0.251548D+00 -0.113267D+03
  275.9585  0.316257D+00  0.316213D+00  0.151698D+02
  276.2985  0.344628D+00  0.348340D+00 -0.109918D+04
  276.6379  0.360422D+00  0.363507D+00 -0.848941D+03
  276.9768  0.355393D+00  0.359305D+00 -0.107665D+04
  277.3152  0.367040D+00  0.369377D+00 -0.643272D+03
  277.6531  0.333618D+00  0.333700D+00 -0.250493D+02
  277.9905  0.270209D+00  0.266982D+00  0.113447D+04
  278.3274  0.243857D+00  0.243011D+00  0.309557D+03
  278.6638  0.229875D+00  0.228639D+00  0.480297D+03
  278.9999  0.182388D+00  0.180030D+00  0.973678D+03
  279.3354  0.129720D+00  0.129421D+00  0.949315D+02
  279.6706  0.105938D+00  0.108416D+00 -0.834008D+03
  280.0053  0.102852D+00  0.104133D+00 -0.447796D+03
  280.3396  0.112084D+00  0.113598D+00 -0.529024D+03
  280.6735  0.152374D+00  0.151394D+00  0.318680D+03
  281.0070  0.216110D+00  0.212204D+00  0.121312D+04
  281.3401  0.280086D+00  0.273559D+00  0.184992D+04
  281.6729  0.345678D+00  0.341997D+00  0.102418D+04
  282.0053  0.393580D+00  0.394303D+00 -0.199032D+03
  282.3373  0.425879D+00  0.425652D+00  0.624180D+02
  282.6690  0.442278D+00  0.440265D+00  0.553862D+03
  283.0004  0.472102D+00  0.473911D+00 -0.497874D+03
  283.3314  0.472784D+00  0.486390D+00 -0.374481D+04
  283.6620  0.456361D+00  0.460545D+00 -0.115157D+04
  283.9924  0.457990D+00  0.453234D+00  0.130895D+04
  284.3224  0.414933D+00  0.411055D+00  0.106747D+04
  284.6521  0.333213D+00  0.329417D+00  0.106952D+04
   31 277.990 287.933 282.962  3.655D-01  0.000D+00 -5.039D-03  0.000D+00  9.975D-01  8.729D+02 10000  6.636D-03
  277.9905  0.270209D+00  0.268824D+00  0.487095D+03
  278.3274  0.243857D+00  0.246037D+00 -0.797145D+03
  278.6638  0.229875D+00  0.230807D+00 -0.361812D+03
  278.9999  0.182388D+00  0.180255D+00  0.880667D+03
  279.3354  0.129720D+00  0.129409D+00  0.987726D+02
  279.6706  0.105938D+00  0.108924D+00 -0.100496D+04
  280.0053  0.102852D+00  0.104741D+00 -0.660540D+03
  280.3396  0.112084D+00  0.114532D+00 -0.855615D+03
  280.6735  0.152374D+00  0.153278D+00 -0.293979D+03
  281.0070  0.216110D+00  0.214001D+00  0.655122D+03
  281.3401  0.280086D+00  0.275007D+00  0.143967D+04
  281.6729  0.345678D+00  0.342733D+00  0.819444D+03
  282.0053  0.393580D+00  0.393845D+00 -0.728737D+02
  282.3373  0.425879D+00  0.424055D+00  0.502196D+03
  282.6690  0.442278D+00  0.438513D+00  0.103619D+04
  283.0004  0.472102D+00  0.473232D+00 -0.310773D+03
  283.3314  0.472784D+00  0.484801D+00 -0.330732D+04
  283.6620  0.456361D+00  0.460076D+00 -0.102248D+04
  283.9924  0.457990D+00  0.454718D+00  0.900555D+03
  284.3224  0.414933D+00  0.413006D+00  0.530558D+03
  284.6521  0.333213D+00  0.331336D+00  0.528874D+03
  284.9815  0.210563D+00  0.208350D+00  0.701294D+03
  285.3106  0.147159D+00  0.146760D+00  0.140425D+03
  285.6394  0.229761D+00  0.230424D+00 -0.207965D+03
  285.9679  0.379241D+00  0.379568D+00 -0.900042D+02
  286.2961  0.485996D+00  0.483356D+00  0.726431D+03
  286.6240  0.511053D+00  0.510967D+00  0.235332D+02
  286.9516  0.522890D+00  0.524124D+00 -0.339486D+03
  287.2790  0.567980D+00  0.567518D+00  0.127050D+03
  287.6060  0.528861D+00  0.527778D+00  0.298095D+03
  287.9328  0.419868D+00  0.421849D+00 -0.545284D+03
   31 281.340 291.186 286.263  3.608D-01  0.000D+00 -2.837D-03  0.000D+00  9.925D-01  1.055D+03 10000  5.805D-03
  281.3401  0.280086D+00  0.275580D+00  0.127706D+04
  281.6729  0.345678D+00  0.343482D+00  0.611013D+03
  282.0053  0.393580D+00  0.394488D+00 -0.249945D+03
  282.3373  0.425879D+00  0.424690D+00  0.327170D+03
  282.6690  0.442278D+00  0.438512D+00  0.103657D+04
  283.0004  0.472102D+00  0.473566D+00 -0.402874D+03
  283.3314  0.472784D+00  0.485733D+00 -0.356407D+04
  283.6620  0.456361D+00  0.460197D+00 -0.105579D+04
  283.9924  0.457990D+00  0.455648D+00  0.644631D+03
  284.3224  0.414933D+00  0.414132D+00  0.220496D+03
  284.6521  0.333213D+00  0.332952D+00  0.735434D+02
  284.9815  0.210563D+00  0.208923D+00  0.519759D+03
  285.3106  0.147159D+00  0.145518D+00  0.577442D+03
  285.6394  0.229761D+00  0.229241D+00  0.163214D+03
  285.9679  0.379241D+00  0.379319D+00 -0.214108D+02
  286.2961  0.485996D+00  0.483540D+00  0.675879D+03
  286.6240  0.511053D+00  0.510555D+00  0.136908D+03
  286.9516  0.522890D+00  0.522047D+00  0.232072D+03
  287.2790  0.567980D+00  0.565889D+00  0.575532D+03
  287.6060  0.528861D+00  0.525412D+00  0.949245D+03
  287.9328  0.419868D+00  0.418532D+00  0.367808D+03
  288.2593  0.368541D+00  0.369204D+00 -0.182439D+03
  288.5856  0.514575D+00  0.509091D+00  0.150929D+04
  288.9115  0.595640D+00  0.592120D+00  0.968818D+03
  289.2372  0.619737D+00  0.620480D+00 -0.204351D+03
  289.5626  0.703760D+00  0.707237D+00 -0.956965D+03
  289.8878  0.825128D+00  0.830667D+00 -0.152473D+04
  290.2126  0.912440D+00  0.916877D+00 -0.122137D+04
  290.5372  0.934060D+00  0.936663D+00 -0.716311D+03
  290.8615  0.891334D+00  0.892676D+00 -0.369206D+03
  291.1856  0.891228D+00  0.882630D+00  0.236665D+04
   31 284.652 294.410 289.531  3.495D-01  0.000D+00  7.506D-04  0.000D+00  9.933D-01  1.090D+03 10300  4.472D-03
  284.6521  0.333213D+00  0.336236D+00 -0.851759D+03
  284.9815  0.210563D+00  0.209861D+00  0.222370D+03
  285.3106  0.147159D+00  0.142763D+00  0.154631D+04
  285.6394  0.229761D+00  0.227371D+00  0.750235D+03
  285.9679  0.379241D+00  0.380227D+00 -0.271466D+03
  286.2961  0.485996D+00  0.486213D+00 -0.598109D+02
  286.6240  0.511053D+00  0.512751D+00 -0.467472D+03
  286.9516  0.522890D+00  0.521932D+00  0.263825D+03
  287.2790  0.567980D+00  0.569488D+00 -0.415144D+03
  287.6060  0.528861D+00  0.528704D+00  0.431857D+02
  287.9328  0.419868D+00  0.420164D+00 -0.813708D+02
  288.2593  0.368541D+00  0.364092D+00  0.122451D+04
  288.5856  0.514575D+00  0.510261D+00  0.118749D+04
  288.9115  0.595640D+00  0.593283D+00  0.648658D+03
  289.2372  0.619737D+00  0.618938D+00  0.220170D+03
  289.5626  0.703760D+00  0.705344D+00 -0.435978D+03
  289.8878  0.825128D+00  0.830056D+00 -0.135660D+04
  290.2126  0.912440D+00  0.917288D+00 -0.133443D+04
  290.5372  0.934060D+00  0.938645D+00 -0.126188D+04
  290.8615  0.891334D+00  0.892329D+00 -0.273792D+03
  291.1856  0.891228D+00  0.882958D+00  0.227624D+04
  291.5093  0.885618D+00  0.875112D+00  0.289167D+04
  291.8328  0.839810D+00  0.838930D+00  0.242016D+03
  292.1559  0.830137D+00  0.832632D+00 -0.686664D+03
  292.4789  0.757533D+00  0.762710D+00 -0.142492D+04
  292.8015  0.721978D+00  0.728149D+00 -0.169838D+04
  293.1238  0.839410D+00  0.839917D+00 -0.139655D+03
  293.4458  0.888969D+00  0.882220D+00  0.185740D+04
  293.7675  0.757101D+00  0.757144D+00 -0.118699D+02
  294.0889  0.740293D+00  0.744173D+00 -0.106778D+04
  294.4100  0.810457D+00  0.809370D+00  0.298978D+03
   31 287.933 297.603 292.768  3.383D-01  0.000D+00  2.935D-03  0.000D+00  9.911D-01  1.120D+03 10300  3.894D-03
  287.9328  0.419868D+00  0.422993D+00 -0.860098D+03
  288.2593  0.368541D+00  0.359867D+00  0.238754D+04
  288.5856  0.514575D+00  0.513033D+00  0.424436D+03
  288.9115  0.595640D+00  0.595228D+00  0.113382D+03
  289.2372  0.619737D+00  0.617891D+00  0.508132D+03
  289.5626  0.703760D+00  0.704151D+00 -0.107506D+03
  289.8878  0.825128D+00  0.830206D+00 -0.139775D+04
  290.2126  0.912440D+00  0.917955D+00 -0.151810D+04
  290.5372  0.934060D+00  0.940275D+00 -0.171052D+04
  290.8615  0.891334D+00  0.891236D+00  0.269533D+02
  291.1856  0.891228D+00  0.882107D+00  0.251061D+04
  291.5093  0.885618D+00  0.875919D+00  0.266937D+04
  291.8328  0.839810D+00  0.837498D+00  0.636405D+03
  292.1559  0.830137D+00  0.834259D+00 -0.113459D+04
  292.4789  0.757533D+00  0.762267D+00 -0.130318D+04
  292.8015  0.721978D+00  0.723886D+00 -0.524977D+03
  293.1238  0.839410D+00  0.840008D+00 -0.164688D+03
  293.4458  0.888969D+00  0.886258D+00  0.745986D+03
  293.7675  0.757101D+00  0.753992D+00  0.855572D+03
  294.0889  0.740293D+00  0.741170D+00 -0.241261D+03
  294.4100  0.810457D+00  0.809962D+00  0.136187D+03
  294.7308  0.763015D+00  0.766104D+00 -0.850194D+03
  295.0513  0.745329D+00  0.748720D+00 -0.933342D+03
  295.3714  0.843090D+00  0.839306D+00  0.104129D+04
  295.6912  0.851143D+00  0.850267D+00  0.241249D+03
  296.0107  0.896263D+00  0.899281D+00 -0.830683D+03
  296.3298  0.884875D+00  0.882490D+00  0.656378D+03
  296.6485  0.684773D+00  0.685580D+00 -0.221979D+03
  296.9669  0.613561D+00  0.616287D+00 -0.750162D+03
  297.2849  0.690040D+00  0.693185D+00 -0.865505D+03
  297.6026  0.878941D+00  0.875173D+00  0.103694D+04
   31 291.186 300.756 295.971  3.302D-01  0.000D+00  6.203D-03  0.000D+00  9.989D-01  5.052D+03 10000  1.260D-02
  291.1856  0.891228D+00  0.902574D+00 -0.312271D+04
  291.5093  0.885618D+00  0.888263D+00 -0.728024D+03
  291.8328  0.839810D+00  0.840384D+00 -0.158097D+03
  292.1559  0.830137D+00  0.833886D+00 -0.103187D+04
  292.4789  0.757533D+00  0.757095D+00  0.120545D+03
  292.8015  0.721978D+00  0.713370D+00  0.236926D+04
  293.1238  0.839410D+00  0.828927D+00  0.288531D+04
  293.4458  0.888969D+00  0.878108D+00  0.298925D+04
  293.7675  0.757101D+00  0.742966D+00  0.389031D+04
  294.0889  0.740293D+00  0.730831D+00  0.260434D+04
  294.4100  0.810457D+00  0.804107D+00  0.174770D+04
  294.7308  0.763015D+00  0.762637D+00  0.104069D+03
  295.0513  0.745329D+00  0.743471D+00  0.511433D+03
  295.3714  0.843090D+00  0.842267D+00  0.226436D+03
  295.6912  0.851143D+00  0.854003D+00 -0.787126D+03
  296.0107  0.896263D+00  0.909216D+00 -0.356531D+04
  296.3298  0.884875D+00  0.900975D+00 -0.443138D+04
  296.6485  0.684773D+00  0.698591D+00 -0.380332D+04
  296.9669  0.613561D+00  0.629686D+00 -0.443805D+04
  297.2849  0.690040D+00  0.710005D+00 -0.549506D+04
  297.6026  0.878941D+00  0.903492D+00 -0.675744D+04
  297.9199  0.937783D+00  0.949934D+00 -0.334436D+04
  298.2367  0.690470D+00  0.689870D+00  0.165140D+03
  298.5532  0.562274D+00  0.552311D+00  0.274215D+04
  298.8692  0.719984D+00  0.691030D+00  0.796923D+04
  299.1848  0.860214D+00  0.803716D+00  0.155503D+05
  299.5001  0.779478D+00  0.734610D+00  0.123492D+05
  299.8148  0.762260D+00  0.759942D+00  0.638076D+03
  300.1291  0.597599D+00  0.610836D+00 -0.364327D+04
  300.4428  0.605654D+00  0.627883D+00 -0.611821D+04
  300.7562  0.683756D+00  0.712146D+00 -0.781419D+04
   31 294.410 303.860 299.135  3.331D-01  0.000D+00  2.124D-03  0.000D+00  9.947D-01  6.671D+03 10000  1.621D-02
  294.4100  0.810457D+00  0.792059D+00  0.506374D+04
  294.7308  0.763015D+00  0.755862D+00  0.196868D+04
  295.0513  0.745329D+00  0.744325D+00  0.276367D+03
  295.3714  0.843090D+00  0.843246D+00 -0.431593D+02
  295.6912  0.851143D+00  0.857469D+00 -0.174097D+04
  296.0107  0.896263D+00  0.912431D+00 -0.444998D+04
  296.3298  0.884875D+00  0.899981D+00 -0.415783D+04
  296.6485  0.684773D+00  0.697121D+00 -0.339870D+04
  296.9669  0.613561D+00  0.629022D+00 -0.425534D+04
  297.2849  0.690040D+00  0.708503D+00 -0.508159D+04
  297.6026  0.878941D+00  0.897792D+00 -0.518847D+04
  297.9199  0.937783D+00  0.935499D+00  0.628579D+03
  298.2367  0.690470D+00  0.678026D+00  0.342513D+04
  298.5532  0.562274D+00  0.545722D+00  0.455579D+04
  298.8692  0.719984D+00  0.682578D+00  0.102957D+05
  299.1848  0.860214D+00  0.789989D+00  0.193285D+05
  299.5001  0.779478D+00  0.725941D+00  0.147352D+05
  299.8148  0.762260D+00  0.750986D+00  0.310298D+04
  300.1291  0.597599D+00  0.608341D+00 -0.295667D+04
  300.4428  0.605654D+00  0.633234D+00 -0.759105D+04
  300.7562  0.683756D+00  0.723532D+00 -0.109479D+05
  301.0690  0.733124D+00  0.774728D+00 -0.114510D+05
  301.3814  0.817846D+00  0.849443D+00 -0.869676D+04
  301.6932  0.745714D+00  0.764813D+00 -0.525688D+04
  302.0045  0.577818D+00  0.572374D+00  0.149850D+04
  302.3152  0.660604D+00  0.646686D+00  0.383073D+04
  302.6254  0.850856D+00  0.830989D+00  0.546792D+04
  302.9351  0.990466D+00  0.968712D+00  0.377648D+04
  303.2441  0.105010D+01  0.103543D+01  0.226857D+04
  303.5525  0.104991D+01  0.105766D+01 -0.118636D+04
  303.8604  0.924713D+00  0.922998D+00  0.345143D+03
   31 297.603 306.901 302.252  3.449D-01  0.000D+00 -5.702D-04  0.000D+00  9.900D-01  6.903D+03 10300  1.836D-02
  297.6026  0.878941D+00  0.919395D+00 -0.111344D+05
  297.9199  0.937783D+00  0.943579D+00 -0.159537D+04
  298.2367  0.690470D+00  0.687340D+00  0.861479D+03
  298.5532  0.562274D+00  0.556561D+00  0.157251D+04
  298.8692  0.719984D+00  0.686696D+00  0.916201D+04
  299.1848  0.860214D+00  0.787033D+00  0.201422D+05
  299.5001  0.779478D+00  0.731419D+00  0.132274D+05
  299.8148  0.762260D+00  0.746117D+00  0.444312D+04
  300.1291  0.597599D+00  0.613750D+00 -0.444550D+04
  300.4428  0.605654D+00  0.637510D+00 -0.876803D+04
  300.7562  0.683756D+00  0.725288D+00 -0.114313D+05
  301.0690  0.733124D+00  0.780227D+00 -0.129645D+05
  301.3814  0.817846D+00  0.850985D+00 -0.912101D+04
  301.6932  0.745714D+00  0.765069D+00 -0.532712D+04
  302.0045  0.577818D+00  0.581872D+00 -0.111568D+04
  302.3152  0.660604D+00  0.653489D+00  0.195815D+04
  302.6254  0.850856D+00  0.835493D+00  0.422831D+04
  302.9351  0.990466D+00  0.968675D+00  0.378289D+04
  303.2441  0.105010D+01  0.103379D+01  0.252136D+04
  303.5525  0.104991D+01  0.104471D+01  0.795143D+03
  303.8604  0.924713D+00  0.913227D+00  0.231119D+04
  304.1676  0.916374D+00  0.895069D+00  0.433266D+04
  304.4741  0.995516D+00  0.977181D+00  0.284873D+04
  304.7800  0.100382D+01  0.967561D+00  0.551972D+04
  305.0851  0.106289D+01  0.103222D+01  0.433991D+04
  305.3897  0.105567D+01  0.106669D+01 -0.155579D+04
  305.6935  0.854491D+00  0.874594D+00 -0.369139D+04
  305.9965  0.802596D+00  0.803196D+00 -0.131910D+03
  306.2988  0.918745D+00  0.936293D+00 -0.254098D+04
  306.6004  0.885795D+00  0.904461D+00 -0.257045D+04
  306.9011  0.926373D+00  0.933664D+00 -0.100343D+04
   31 300.756 309.861 305.309  3.485D-01  0.000D+00 -1.238D-02  0.000D+00  1.016D+00  1.577D+03 10300  6.097D-03
  300.7562  0.683756D+00  0.671494D+00  0.337484D+04
  301.0690  0.733124D+00  0.742721D+00 -0.264142D+04
  301.3814  0.817846D+00  0.821408D+00 -0.980414D+03
  301.6932  0.745714D+00  0.743574D+00  0.589038D+03
  302.0045  0.577818D+00  0.577392D+00  0.117315D+03
  302.3152  0.660604D+00  0.664109D+00 -0.964707D+03
  302.6254  0.850856D+00  0.850870D+00 -0.380226D+01
  302.9351  0.990466D+00  0.987200D+00  0.566954D+03
  303.2441  0.105010D+01  0.105596D+01 -0.905809D+03
  303.5525  0.104991D+01  0.106044D+01 -0.161176D+04
  303.8604  0.924713D+00  0.928136D+00 -0.688668D+03
  304.1676  0.916374D+00  0.913483D+00  0.587956D+03
  304.4741  0.995516D+00  0.992101D+00  0.530617D+03
  304.7800  0.100382D+01  0.977609D+00  0.399021D+04
  305.0851  0.106289D+01  0.104318D+01  0.278872D+04
  305.3897  0.105567D+01  0.106172D+01 -0.854489D+03
  305.6935  0.854491D+00  0.864481D+00 -0.183426D+04
  305.9965  0.802596D+00  0.802107D+00  0.107591D+03
  306.2988  0.918745D+00  0.924485D+00 -0.831087D+03
  306.6004  0.885795D+00  0.887588D+00 -0.247012D+03
  306.9011  0.926373D+00  0.919585D+00  0.934128D+03
  307.2011  0.102835D+01  0.101641D+01  0.164294D+04
  307.5002  0.101345D+01  0.101087D+01  0.355327D+03
  307.7985  0.100758D+01  0.101619D+01 -0.118525D+04
  308.0959  0.998268D+00  0.101336D+01 -0.207251D+04
  308.3925  0.100664D+01  0.102405D+01 -0.239589D+04
  308.6881  0.104812D+01  0.104516D+01  0.406125D+03
  308.9828  0.928314D+00  0.917409D+00  0.150074D+04
  309.2766  0.785735D+00  0.788077D+00 -0.322247D+03
  309.5694  0.788404D+00  0.790138D+00 -0.170080D+03
  309.8612  0.787512D+00  0.761134D+00  0.233135D+04
   21 303.860 309.861 306.861  3.474D-01  0.000D+00 -2.138D-02  0.000D+00  9.948D-01  1.354D+03 10300  7.902D-03
  303.8604  0.924713D+00  0.925643D+00 -0.187049D+03
  304.1676  0.916374D+00  0.918810D+00 -0.495322D+03
  304.4741  0.995516D+00  0.999840D+00 -0.671852D+03
  304.7800  0.100382D+01  0.983298D+00  0.312426D+04
  305.0851  0.106289D+01  0.105384D+01  0.128032D+04
  305.3897  0.105567D+01  0.106495D+01 -0.131106D+04
  305.6935  0.854491D+00  0.861961D+00 -0.137168D+04
  305.9965  0.802596D+00  0.806846D+00 -0.934558D+03
  306.2988  0.918745D+00  0.927312D+00 -0.124047D+04
  306.6004  0.885795D+00  0.884602D+00  0.164216D+03
  306.9011  0.926373D+00  0.919895D+00  0.891519D+03
  307.2011  0.102835D+01  0.101303D+01  0.210910D+04
  307.5002  0.101345D+01  0.100435D+01  0.125290D+04
  307.7985  0.100758D+01  0.101061D+01 -0.417488D+03
  308.0959  0.998268D+00  0.100666D+01 -0.115329D+04
  308.3925  0.100664D+01  0.102139D+01 -0.202959D+04
  308.6881  0.104812D+01  0.104211D+01  0.826174D+03
  308.9828  0.928314D+00  0.914496D+00  0.190162D+04
  309.2766  0.785735D+00  0.791837D+00 -0.839745D+03
  309.5694  0.788404D+00  0.802635D+00 -0.139548D+04
  309.8612  0.787512D+00  0.776603D+00  0.964202D+03
   31 310.208 314.948 312.578  2.367D-01  0.000D+00  1.113D-02  0.000D+00  9.931D-01  1.610D+03   300  8.360D-03
  310.2083  0.810932D+00  0.824688D+00 -0.107087D+04
  310.3674  0.101552D+01  0.105183D+01 -0.271351D+04
  310.5264  0.126632D+01  0.129091D+01 -0.166162D+04
  310.6854  0.141049D+01  0.139867D+01  0.788551D+03
  310.8443  0.147961D+01  0.146321D+01  0.109428D+04
  311.0031  0.149312D+01  0.145925D+01  0.228551D+04
  311.1617  0.146620D+01  0.140496D+01  0.437181D+04
  311.3204  0.140944D+01  0.138334D+01  0.202903D+04
  311.4789  0.135760D+01  0.134275D+01  0.115657D+04
  311.6375  0.123227D+01  0.125654D+01 -0.192063D+04
  311.7959  0.110177D+01  0.112934D+01 -0.235420D+04
  311.9542  0.991914D+00  0.101912D+01 -0.264257D+04
  312.1124  0.955391D+00  0.977017D+00 -0.210444D+04
  312.2706  0.100715D+01  0.101470D+01 -0.721254D+03
  312.4287  0.107157D+01  0.109211D+01 -0.180114D+04
  312.5867  0.109616D+01  0.109952D+01 -0.278767D+03
  312.7447  0.108808D+01  0.108299D+01  0.425895D+03
  312.9025  0.110917D+01  0.110587D+01  0.273574D+03
  313.0603  0.112258D+01  0.111103D+01  0.946961D+03
  313.2180  0.110133D+01  0.108885D+01  0.102660D+04
  313.3756  0.107309D+01  0.106325D+01  0.825553D+03
  313.5331  0.108700D+01  0.107604D+01  0.906085D+03
  313.6906  0.116337D+01  0.115102D+01  0.994038D+03
  313.8480  0.126907D+01  0.125967D+01  0.731364D+03
  314.0054  0.132677D+01  0.132267D+01  0.319162D+03
  314.1626  0.128243D+01  0.128268D+01 -0.192294D+02
  314.3198  0.107385D+01  0.110299D+01 -0.249998D+04
  314.4769  0.884021D+00  0.873639D+00  0.915097D+03
  314.6339  0.854095D+00  0.858104D+00 -0.390144D+03
  314.7908  0.102579D+01  0.102063D+01  0.453741D+03
  314.9476  0.117021D+01  0.117536D+01 -0.408428D+03
   31 311.796 316.512 314.154  2.430D-01  0.000D+00  2.880D-03  0.000D+00  9.973D-01  5.804D+02 10300  3.278D-03
  311.7959  0.110177D+01  0.108713D+01  0.125054D+04
  311.9542  0.991914D+00  0.992984D+00 -0.103919D+03
  312.1124  0.955391D+00  0.963222D+00 -0.762092D+03
  312.2706  0.100715D+01  0.100913D+01 -0.189172D+03
  312.4287  0.107157D+01  0.108597D+01 -0.126261D+04
  312.5867  0.109616D+01  0.109601D+01  0.128446D+02
  312.7447  0.108808D+01  0.108710D+01  0.821825D+02
  312.9025  0.110917D+01  0.111088D+01 -0.141110D+03
  313.0603  0.112258D+01  0.111609D+01  0.531831D+03
  313.2180  0.110133D+01  0.109460D+01  0.553304D+03
  313.3756  0.107309D+01  0.107119D+01  0.158958D+03
  313.5331  0.108700D+01  0.108764D+01 -0.528194D+02
  313.6906  0.116337D+01  0.116394D+01 -0.456157D+02
  313.8480  0.126907D+01  0.126902D+01  0.340636D+01
  314.0054  0.132677D+01  0.132379D+01  0.232384D+03
  314.1626  0.128243D+01  0.127341D+01  0.704100D+03
  314.3198  0.107385D+01  0.108693D+01 -0.112145D+04
  314.4769  0.884021D+00  0.871136D+00  0.113578D+04
  314.6339  0.854095D+00  0.864841D+00 -0.104572D+04
  314.7908  0.102579D+01  0.102100D+01  0.421475D+03
  314.9476  0.117021D+01  0.116651D+01  0.293477D+03
  315.1044  0.122860D+01  0.122676D+01  0.144045D+03
  315.2611  0.122664D+01  0.122746D+01 -0.636471D+02
  315.4178  0.119967D+01  0.120496D+01 -0.342742D+03
  315.5743  0.112616D+01  0.112726D+01 -0.875919D+02
  315.7308  0.961422D+00  0.969682D+00 -0.735602D+03
  315.8872  0.806535D+00  0.804498D+00  0.198234D+03
  316.0435  0.748403D+00  0.755022D+00 -0.644070D+03
  316.1998  0.836950D+00  0.830836D+00  0.593828D+03
  316.3560  0.964539D+00  0.963763D+00  0.676205D+02
  316.5120  0.105999D+01  0.105693D+01  0.234610D+03
   31 313.376 318.069 315.722  2.439D-01  0.000D+00  1.725D-03  0.000D+00  1.001D+00  5.085D+02 10300  2.614D-03
  313.3756  0.107309D+01  0.107071D+01  0.199311D+03
  313.5331  0.108700D+01  0.108858D+01 -0.130319D+03
  313.6906  0.116337D+01  0.116580D+01 -0.195776D+03
  313.8480  0.126907D+01  0.127097D+01 -0.148429D+03
  314.0054  0.132677D+01  0.132507D+01  0.132469D+03
  314.1626  0.128243D+01  0.127346D+01  0.700927D+03
  314.3198  0.107385D+01  0.108600D+01 -0.104202D+04
  314.4769  0.884021D+00  0.871774D+00  0.107953D+04
  314.6339  0.854095D+00  0.866580D+00 -0.121488D+04
  314.7908  0.102579D+01  0.102199D+01  0.334162D+03
  314.9476  0.117021D+01  0.116627D+01  0.312407D+03
  315.1044  0.122860D+01  0.122553D+01  0.239557D+03
  315.2611  0.122664D+01  0.122577D+01  0.678885D+02
  315.4178  0.119967D+01  0.120259D+01 -0.189432D+03
  315.5743  0.112616D+01  0.112415D+01  0.159868D+03
  315.7308  0.961422D+00  0.966705D+00 -0.470504D+03
  315.8872  0.806535D+00  0.803027D+00  0.341346D+03
  316.0435  0.748403D+00  0.755019D+00 -0.643800D+03
  316.1998  0.836950D+00  0.831778D+00  0.502344D+03
  316.3560  0.964539D+00  0.965220D+00 -0.592769D+02
  316.5120  0.105999D+01  0.105934D+01  0.497382D+02
  316.6681  0.110900D+01  0.110499D+01  0.320073D+03
  316.8240  0.114126D+01  0.115084D+01 -0.749265D+03
  316.9799  0.123692D+01  0.123127D+01  0.440387D+03
  317.1357  0.136365D+01  0.136906D+01 -0.420951D+03
  317.2914  0.146111D+01  0.146195D+01 -0.648317D+02
  317.4470  0.145490D+01  0.145299D+01  0.147157D+03
  317.6026  0.143083D+01  0.142045D+01  0.804669D+03
  317.7581  0.133834D+01  0.134692D+01 -0.668218D+03
  317.9135  0.115306D+01  0.114893D+01  0.327198D+03
  318.0689  0.949222D+00  0.951880D+00 -0.237151D+03
   31 314.948 319.618 317.283  2.451D-01  0.000D+00  1.174D-03  0.000D+00  1.002D+00  4.126D+02 10300  2.393D-03
  314.9476  0.117021D+01  0.117088D+01 -0.532768D+02
  315.1044  0.122860D+01  0.122825D+01  0.276938D+02
  315.2611  0.122664D+01  0.122698D+01 -0.263432D+02
  315.4178  0.119967D+01  0.120220D+01 -0.164084D+03
  315.5743  0.112616D+01  0.112244D+01  0.296255D+03
  315.7308  0.961422D+00  0.964874D+00 -0.307395D+03
  315.8872  0.806535D+00  0.802235D+00  0.418401D+03
  316.0435  0.748403D+00  0.754751D+00 -0.617651D+03
  316.1998  0.836950D+00  0.831414D+00  0.537712D+03
  316.3560  0.964539D+00  0.964265D+00  0.238335D+02
  316.5120  0.105999D+01  0.105833D+01  0.127073D+03
  316.6681  0.110900D+01  0.110457D+01  0.352873D+03
  316.8240  0.114126D+01  0.115104D+01 -0.764907D+03
  316.9799  0.123692D+01  0.123232D+01  0.358675D+03
  317.1357  0.136365D+01  0.136983D+01 -0.481273D+03
  317.2914  0.146111D+01  0.146229D+01 -0.910796D+02
  317.4470  0.145490D+01  0.145384D+01  0.817708D+02
  317.6026  0.143083D+01  0.142100D+01  0.761953D+03
  317.7581  0.133834D+01  0.134589D+01 -0.587926D+03
  317.9135  0.115306D+01  0.114780D+01  0.416723D+03
  318.0689  0.949222D+00  0.951383D+00 -0.192821D+03
  318.2242  0.887884D+00  0.894916D+00 -0.682204D+03
  318.3794  0.950878D+00  0.950338D+00  0.480359D+02
  318.5345  0.105051D+01  0.104922D+01  0.104517D+03
  318.6896  0.114856D+01  0.115078D+01 -0.174194D+03
  318.8445  0.126334D+01  0.125185D+01  0.894167D+03
  318.9994  0.129853D+01  0.130065D+01 -0.165046D+03
  319.1542  0.118495D+01  0.118750D+01 -0.198895D+03
  319.3091  0.102711D+01  0.102190D+01  0.423810D+03
  319.4637  0.999416D+00  0.100716D+01 -0.632312D+03
  319.6183  0.109921D+01  0.109716D+01  0.158585D+03
   31 316.512 321.160 318.836  2.444D-01  0.000D+00  1.066D-03  0.000D+00  1.002D+00  5.173D+02 10300  3.159D-03
  316.5120  0.105999D+01  0.105851D+01  0.113701D+03
  316.6681  0.110900D+01  0.110464D+01  0.347952D+03
  316.8240  0.114126D+01  0.115100D+01 -0.761868D+03
  316.9799  0.123692D+01  0.123208D+01  0.376933D+03
  317.1357  0.136365D+01  0.136986D+01 -0.483469D+03
  317.2914  0.146111D+01  0.146221D+01 -0.843855D+02
  317.4470  0.145490D+01  0.145309D+01  0.139411D+03
  317.6026  0.143083D+01  0.142011D+01  0.830772D+03
  317.7581  0.133834D+01  0.134525D+01 -0.537665D+03
  317.9135  0.115306D+01  0.114663D+01  0.508665D+03
  318.0689  0.949222D+00  0.949915D+00 -0.617783D+02
  318.2242  0.887884D+00  0.893818D+00 -0.575636D+03
  318.3794  0.950878D+00  0.949680D+00  0.106711D+03
  318.5345  0.105051D+01  0.104896D+01  0.126233D+03
  318.6896  0.114856D+01  0.115095D+01 -0.187820D+03
  318.8445  0.126334D+01  0.125294D+01  0.809785D+03
  318.9994  0.129853D+01  0.130327D+01 -0.368386D+03
  319.1542  0.118495D+01  0.119060D+01 -0.441135D+03
  319.3091  0.102711D+01  0.102504D+01  0.168104D+03
  319.4637  0.999416D+00  0.101214D+01 -0.103912D+04
  319.6183  0.109921D+01  0.110493D+01 -0.441937D+03
  319.7728  0.123325D+01  0.121593D+01  0.134803D+04
  319.9273  0.130968D+01  0.131416D+01 -0.348888D+03
  320.0817  0.135554D+01  0.134376D+01  0.915544D+03
  320.2360  0.135939D+01  0.136407D+01 -0.364443D+03
  320.3903  0.142212D+01  0.142611D+01 -0.296545D+03
  320.5444  0.147930D+01  0.148095D+01 -0.115391D+03
  320.6985  0.148044D+01  0.147569D+01  0.329281D+03
  320.8526  0.137263D+01  0.137630D+01 -0.280098D+03
  321.0065  0.120738D+01  0.120468D+01  0.210633D+03
  321.1604  0.104860D+01  0.104987D+01 -0.100219D+03
   31 318.069 322.695 320.382  2.446D-01  0.000D+00 -3.812D-04  0.000D+00  9.955D-01  4.926D+02 10300  3.347D-03
  318.0689  0.949222D+00  0.946572D+00  0.236481D+03
  318.2242  0.887884D+00  0.892504D+00 -0.448221D+03
  318.3794  0.950878D+00  0.949406D+00  0.131038D+03
  318.5345  0.105051D+01  0.104909D+01  0.115785D+03
  318.6896  0.114856D+01  0.115133D+01 -0.217884D+03
  318.8445  0.126334D+01  0.125342D+01  0.771911D+03
  318.9994  0.129853D+01  0.130262D+01 -0.318190D+03
  319.1542  0.118495D+01  0.118875D+01 -0.297084D+03
  319.3091  0.102711D+01  0.102424D+01  0.233164D+03
  319.4637  0.999416D+00  0.101283D+01 -0.109529D+04
  319.6183  0.109921D+01  0.110580D+01 -0.508966D+03
  319.7728  0.123325D+01  0.121679D+01  0.128120D+04
  319.9273  0.130968D+01  0.131439D+01 -0.367166D+03
  320.0817  0.135554D+01  0.134346D+01  0.938743D+03
  320.2360  0.135939D+01  0.136414D+01 -0.370114D+03
  320.3903  0.142212D+01  0.142636D+01 -0.314958D+03
  320.5444  0.147930D+01  0.148083D+01 -0.106767D+03
  320.6985  0.148044D+01  0.147495D+01  0.380416D+03
  320.8526  0.137263D+01  0.137496D+01 -0.177614D+03
  321.0065  0.120738D+01  0.120344D+01  0.306749D+03
  321.1604  0.104860D+01  0.104963D+01 -0.815455D+02
  321.3142  0.970017D+00  0.975067D+00 -0.409607D+03
  321.4680  0.992574D+00  0.990836D+00  0.140041D+03
  321.6216  0.107136D+01  0.107861D+01 -0.570858D+03
  321.7752  0.120288D+01  0.119787D+01  0.389472D+03
  321.9288  0.131432D+01  0.131180D+01  0.195610D+03
  322.0822  0.134443D+01  0.134700D+01 -0.198904D+03
  322.2356  0.127602D+01  0.127521D+01  0.629991D+02
  322.3889  0.120762D+01  0.120196D+01  0.440145D+03
  322.5421  0.114058D+01  0.115066D+01 -0.784258D+03
  322.6953  0.106502D+01  0.106007D+01  0.388288D+03
   31 319.618 324.223 321.921  2.454D-01  0.000D+00 -9.798D-04  0.000D+00  9.843D-01  4.800D+02 10300  4.008D-03
  319.6183  0.109921D+01  0.110925D+01 -0.775792D+03
  319.7728  0.123325D+01  0.121987D+01  0.104129D+04
  319.9273  0.130968D+01  0.131650D+01 -0.531153D+03
  320.0817  0.135554D+01  0.134508D+01  0.813122D+03
  320.2360  0.135939D+01  0.136556D+01 -0.480467D+03
  320.3903  0.142212D+01  0.142719D+01 -0.376899D+03
  320.5444  0.147930D+01  0.148083D+01 -0.106383D+03
  320.6985  0.148044D+01  0.147415D+01  0.436145D+03
  320.8526  0.137263D+01  0.137355D+01 -0.707043D+02
  321.0065  0.120738D+01  0.120217D+01  0.405570D+03
  321.1604  0.104860D+01  0.104882D+01 -0.175549D+02
  321.3142  0.970017D+00  0.974617D+00 -0.373105D+03
  321.4680  0.992574D+00  0.990697D+00  0.151231D+03
  321.6216  0.107136D+01  0.107850D+01 -0.562068D+03
  321.7752  0.120288D+01  0.119783D+01  0.392986D+03
  321.9288  0.131432D+01  0.131147D+01  0.221424D+03
  322.0822  0.134443D+01  0.134642D+01 -0.154138D+03
  322.2356  0.127602D+01  0.127527D+01  0.587096D+02
  322.3889  0.120762D+01  0.120270D+01  0.382851D+03
  322.5421  0.114058D+01  0.115143D+01 -0.844302D+03
  322.6953  0.106502D+01  0.106133D+01  0.289666D+03
  322.8484  0.963709D+00  0.975345D+00 -0.940536D+03
  323.0014  0.964407D+00  0.962628D+00  0.143518D+03
  323.1544  0.104946D+01  0.104547D+01  0.313558D+03
  323.3073  0.111508D+01  0.111608D+01 -0.776418D+02
  323.4600  0.110207D+01  0.109432D+01  0.603243D+03
  323.6128  0.106716D+01  0.106736D+01 -0.159578D+02
  323.7654  0.110601D+01  0.110671D+01 -0.538283D+02
  323.9181  0.118114D+01  0.118037D+01  0.596287D+02
  324.0706  0.126622D+01  0.125897D+01  0.557942D+03
  324.2230  0.130550D+01  0.131438D+01 -0.653001D+03
   31 321.160 325.744 323.452  2.448D-01  0.000D+00 -4.288D-03  0.000D+00  9.840D-01  4.267D+02 10300  3.904D-03
  321.1604  0.104860D+01  0.104428D+01  0.341685D+03
  321.3142  0.970017D+00  0.972247D+00 -0.180887D+03
  321.4680  0.992574D+00  0.990419D+00  0.173615D+03
  321.6216  0.107136D+01  0.107969D+01 -0.655698D+03
  321.7752  0.120288D+01  0.119960D+01  0.255102D+03
  321.9288  0.131432D+01  0.131308D+01  0.961076D+02
  322.0822  0.134443D+01  0.134605D+01 -0.125471D+03
  322.2356  0.127602D+01  0.127353D+01  0.193848D+03
  322.3889  0.120762D+01  0.120216D+01  0.424831D+03
  322.5421  0.114058D+01  0.115109D+01 -0.818248D+03
  322.6953  0.106502D+01  0.106015D+01  0.382679D+03
  322.8484  0.963709D+00  0.974831D+00 -0.898938D+03
  323.0014  0.964407D+00  0.964198D+00  0.168548D+02
  323.1544  0.104946D+01  0.104883D+01  0.495598D+02
  323.3073  0.111508D+01  0.111771D+01 -0.204543D+03
  323.4600  0.110207D+01  0.109357D+01  0.662065D+03
  323.6128  0.106716D+01  0.106704D+01  0.890178D+01
  323.7654  0.110601D+01  0.110687D+01 -0.663168D+02
  323.9181  0.118114D+01  0.117981D+01  0.103035D+03
  324.0706  0.126622D+01  0.125673D+01  0.730209D+03
  324.2230  0.130550D+01  0.130922D+01 -0.273490D+03
  324.3754  0.132953D+01  0.132368D+01  0.414349D+03
  324.5277  0.134995D+01  0.134608D+01  0.267388D+03
  324.6800  0.133811D+01  0.134566D+01 -0.454419D+03
  324.8322  0.128381D+01  0.127931D+01  0.330659D+03
  324.9843  0.122765D+01  0.123540D+01 -0.601200D+03
  325.1363  0.125334D+01  0.126170D+01 -0.636779D+03
  325.2883  0.131443D+01  0.132163D+01 -0.516119D+03
  325.4402  0.142107D+01  0.141620D+01  0.328474D+03
  325.5920  0.154868D+01  0.155031D+01 -0.107152D+03
  325.7437  0.166106D+01  0.165284D+01  0.533223D+03
   31 322.695 327.258 324.976  2.414D-01  0.000D+00 -1.406D-03  0.000D+00  9.916D-01  5.118D+02   300  4.641D-03
  322.6953  0.106502D+01  0.106456D+01  0.357319D+02
  322.8484  0.963709D+00  0.975951D+00 -0.989463D+03
  323.0014  0.964407D+00  0.961861D+00  0.205421D+03
  323.1544  0.104946D+01  0.104669D+01  0.217073D+03
  323.3073  0.111508D+01  0.111889D+01 -0.296622D+03
  323.4600  0.110207D+01  0.109355D+01  0.663572D+03
  323.6128  0.106716D+01  0.106451D+01  0.205841D+03
  323.7654  0.110601D+01  0.110432D+01  0.131492D+03
  323.9181  0.118114D+01  0.117746D+01  0.285771D+03
  324.0706  0.126622D+01  0.125537D+01  0.835023D+03
  324.2230  0.130550D+01  0.130942D+01 -0.288068D+03
  324.3754  0.132953D+01  0.132376D+01  0.408609D+03
  324.5277  0.134995D+01  0.134747D+01  0.171314D+03
  324.6800  0.133811D+01  0.135038D+01 -0.738659D+03
  324.8322  0.128381D+01  0.128313D+01  0.496646D+02
  324.9843  0.122765D+01  0.123792D+01 -0.796861D+03
  325.1363  0.125334D+01  0.126477D+01 -0.870494D+03
  325.2883  0.131443D+01  0.132540D+01 -0.786140D+03
  325.4402  0.142107D+01  0.142024D+01  0.562243D+02
  325.5920  0.154868D+01  0.155729D+01 -0.564516D+03
  325.7437  0.166106D+01  0.166278D+01 -0.111719D+03
  325.8954  0.172617D+01  0.171654D+01  0.624278D+03
  326.0471  0.174547D+01  0.174404D+01  0.925175D+02
  326.1986  0.173787D+01  0.171950D+01  0.118620D+04
  326.3501  0.165845D+01  0.165708D+01  0.884277D+02
  326.5015  0.160173D+01  0.159364D+01  0.524632D+03
  326.6528  0.161979D+01  0.161577D+01  0.260552D+03
  326.8041  0.168880D+01  0.169537D+01 -0.418012D+03
  326.9553  0.170173D+01  0.170425D+01 -0.161475D+03
  327.1064  0.162840D+01  0.163431D+01 -0.382970D+03
  327.2575  0.159323D+01  0.159448D+01 -0.812385D+02
   31 324.223 328.764 326.494  2.436D-01  0.000D+00  3.960D-03  0.000D+00  9.974D-01  5.165D+02 10300  5.213D-03
  324.2230  0.130550D+01  0.130094D+01  0.335623D+03
  324.3754  0.132953D+01  0.131921D+01  0.731289D+03
  324.5277  0.134995D+01  0.134364D+01  0.436344D+03
  324.6800  0.133811D+01  0.134988D+01 -0.708141D+03
  324.8322  0.128381D+01  0.128645D+01 -0.194159D+03
  324.9843  0.122765D+01  0.124023D+01 -0.975862D+03
  325.1363  0.125334D+01  0.126492D+01 -0.881440D+03
  325.2883  0.131443D+01  0.132490D+01 -0.750284D+03
  325.4402  0.142107D+01  0.141793D+01  0.211972D+03
  325.5920  0.154868D+01  0.155319D+01 -0.295931D+03
  325.7437  0.166106D+01  0.165999D+01  0.689960D+02
  325.8954  0.172617D+01  0.171476D+01  0.739789D+03
  326.0471  0.174547D+01  0.174214D+01  0.215607D+03
  326.1986  0.173787D+01  0.171938D+01  0.119406D+04
  326.3501  0.165845D+01  0.165762D+01  0.535721D+02
  326.5015  0.160173D+01  0.159384D+01  0.511714D+03
  326.6528  0.161979D+01  0.161181D+01  0.518048D+03
  326.8041  0.168880D+01  0.169032D+01 -0.968468D+02
  326.9553  0.170173D+01  0.170310D+01 -0.881368D+02
  327.1064  0.162840D+01  0.163712D+01 -0.565713D+03
  327.2575  0.159323D+01  0.159706D+01 -0.248502D+03
  327.4085  0.162398D+01  0.163188D+01 -0.487313D+03
  327.5594  0.165979D+01  0.166041D+01 -0.397942D+02
  327.7103  0.163525D+01  0.163332D+01  0.124643D+03
  327.8611  0.158784D+01  0.159218D+01 -0.282027D+03
  328.0118  0.157121D+01  0.157308D+01 -0.120610D+03
  328.1624  0.156392D+01  0.157341D+01 -0.615578D+03
  328.3130  0.158138D+01  0.157409D+01  0.472966D+03
  328.4635  0.156260D+01  0.156014D+01  0.160044D+03
  328.6140  0.148726D+01  0.149311D+01 -0.379353D+03
  328.7643  0.143621D+01  0.142658D+01  0.624909D+03
   31 325.744 330.264 328.004  2.497D-01  0.000D+00 -1.109D-03  0.000D+00  9.968D-01  4.656D+02 10300  4.652D-03
  325.7437  0.166106D+01  0.167535D+01 -0.927462D+03
  325.8954  0.172617D+01  0.172603D+01  0.876283D+01
  326.0471  0.174547D+01  0.174755D+01 -0.134510D+03
  326.1986  0.173787D+01  0.172046D+01  0.112448D+04
  326.3501  0.165845D+01  0.165650D+01  0.126456D+03
  326.5015  0.160173D+01  0.159551D+01  0.403300D+03
  326.6528  0.161979D+01  0.161504D+01  0.308253D+03
  326.8041  0.168880D+01  0.168786D+01  0.596872D+02
  326.9553  0.170173D+01  0.169653D+01  0.334215D+03
  327.1064  0.162840D+01  0.163408D+01 -0.368211D+03
  327.2575  0.159323D+01  0.159859D+01 -0.347875D+03
  327.4085  0.162398D+01  0.163224D+01 -0.509576D+03
  327.5594  0.165979D+01  0.165801D+01  0.113440D+03
  327.7103  0.163525D+01  0.163233D+01  0.188540D+03
  327.8611  0.158784D+01  0.159364D+01 -0.376146D+03
  328.0118  0.157121D+01  0.157576D+01 -0.293674D+03
  328.1624  0.156392D+01  0.157646D+01 -0.813481D+03
  328.3130  0.158138D+01  0.157732D+01  0.263468D+03
  328.4635  0.156260D+01  0.156076D+01  0.119921D+03
  328.6140  0.148726D+01  0.149373D+01 -0.420062D+03
  328.7643  0.143621D+01  0.143541D+01  0.520614D+02
  328.9147  0.152002D+01  0.151985D+01  0.110107D+02
  329.0649  0.169114D+01  0.169099D+01  0.908994D+01
  329.2151  0.182039D+01  0.180452D+01  0.912143D+03
  329.3652  0.187098D+01  0.186298D+01  0.457596D+03
  329.5153  0.189642D+01  0.189507D+01  0.771214D+02
  329.6652  0.190779D+01  0.190162D+01  0.351785D+03
  329.8151  0.190571D+01  0.191381D+01 -0.461367D+03
  329.9650  0.196468D+01  0.195622D+01  0.477269D+03
  330.1147  0.196433D+01  0.198070D+01 -0.920439D+03
  330.2645  0.189316D+01  0.189132D+01  0.104713D+03
   31 327.258 331.758 329.508  2.461D-01  0.000D+00 -5.403D-03  0.000D+00  1.003D+00  4.730D+02   300  4.065D-03
  327.2575  0.159323D+01  0.158854D+01  0.303809D+03
  327.4085  0.162398D+01  0.162781D+01 -0.235832D+03
  327.5594  0.165979D+01  0.165517D+01  0.294886D+03
  327.7103  0.163525D+01  0.162897D+01  0.406296D+03
  327.8611  0.158784D+01  0.159133D+01 -0.226492D+03
  328.0118  0.157121D+01  0.157547D+01 -0.275268D+03
  328.1624  0.156392D+01  0.157751D+01 -0.881840D+03
  328.3130  0.158138D+01  0.157886D+01  0.163200D+03
  328.4635  0.156260D+01  0.156253D+01  0.453511D+01
  328.6140  0.148726D+01  0.149281D+01 -0.359869D+03
  328.7643  0.143621D+01  0.143351D+01  0.175009D+03
  328.9147  0.152002D+01  0.152371D+01 -0.239326D+03
  329.0649  0.169114D+01  0.169760D+01 -0.391654D+03
  329.2151  0.182039D+01  0.180746D+01  0.743103D+03
  329.3652  0.187098D+01  0.186375D+01  0.413121D+03
  329.5153  0.189642D+01  0.189422D+01  0.125648D+03
  329.6652  0.190779D+01  0.189864D+01  0.521510D+03
  329.8151  0.190571D+01  0.190997D+01 -0.242341D+03
  329.9650  0.196468D+01  0.195280D+01  0.670267D+03
  330.1147  0.196433D+01  0.197677D+01 -0.699478D+03
  330.2645  0.189316D+01  0.188193D+01  0.638903D+03
  330.4141  0.174197D+01  0.173512D+01  0.406556D+03
  330.5637  0.158749D+01  0.160743D+01 -0.127352D+04
  330.7132  0.153971D+01  0.153309D+01  0.429392D+03
  330.8626  0.158386D+01  0.159508D+01 -0.727861D+03
  331.0120  0.170223D+01  0.170541D+01 -0.188127D+03
  331.1613  0.174037D+01  0.173644D+01  0.229924D+03
  331.3105  0.167985D+01  0.168316D+01 -0.201439D+03
  331.4597  0.161070D+01  0.161246D+01 -0.113214D+03
  331.6088  0.161895D+01  0.161600D+01  0.188514D+03
  331.7578  0.169977D+01  0.169353D+01  0.373886D+03
   31 328.764 333.245 331.004  2.447D-01  0.000D+00  1.476D-04  0.000D+00  9.982D-01  4.856D+02 10300  3.605D-03
  328.7643  0.143621D+01  0.144088D+01 -0.302693D+03
  328.9147  0.152002D+01  0.152415D+01 -0.267757D+03
  329.0649  0.169114D+01  0.169864D+01 -0.454733D+03
  329.2151  0.182039D+01  0.180993D+01  0.601279D+03
  329.3652  0.187098D+01  0.186535D+01  0.321565D+03
  329.5153  0.189642D+01  0.189560D+01  0.468888D+02
  329.6652  0.190779D+01  0.189882D+01  0.511373D+03
  329.8151  0.190571D+01  0.190798D+01 -0.129325D+03
  329.9650  0.196468D+01  0.194914D+01  0.876186D+03
  330.1147  0.196433D+01  0.197632D+01 -0.673846D+03
  330.2645  0.189316D+01  0.188514D+01  0.456260D+03
  330.4141  0.174197D+01  0.173756D+01  0.261640D+03
  330.5637  0.158749D+01  0.160945D+01 -0.140250D+04
  330.7132  0.153971D+01  0.153093D+01  0.569244D+03
  330.8626  0.158386D+01  0.158964D+01 -0.375107D+03
  331.0120  0.170223D+01  0.170349D+01 -0.743219D+02
  331.1613  0.174037D+01  0.173963D+01  0.432761D+02
  331.3105  0.167985D+01  0.168982D+01 -0.605570D+03
  331.4597  0.161070D+01  0.161902D+01 -0.533509D+03
  331.6088  0.161895D+01  0.162111D+01 -0.138784D+03
  331.7578  0.169977D+01  0.170158D+01 -0.108497D+03
  331.9068  0.176402D+01  0.175718D+01  0.395751D+03
  332.0557  0.173924D+01  0.172776D+01  0.668862D+03
  332.2046  0.162883D+01  0.163199D+01 -0.196151D+03
  332.3533  0.155598D+01  0.154854D+01  0.482153D+03
  332.5021  0.159993D+01  0.159345D+01  0.407590D+03
  332.6507  0.168942D+01  0.169314D+01 -0.218639D+03
  332.7993  0.169666D+01  0.168833D+01  0.484696D+03
  332.9478  0.162131D+01  0.162211D+01 -0.482623D+02
  333.0962  0.162040D+01  0.162310D+01 -0.162091D+03
  333.2446  0.167464D+01  0.168273D+01 -0.471076D+03
   31 330.264 334.725 332.495  2.435D-01  0.000D+00  1.702D-03  0.000D+00  9.969D-01  4.697D+02 10300  3.341D-03
  330.2645  0.189316D+01  0.188207D+01  0.630818D+03
  330.4141  0.174197D+01  0.173538D+01  0.391100D+03
  330.5637  0.158749D+01  0.160820D+01 -0.132238D+04
  330.7132  0.153971D+01  0.152873D+01  0.712067D+03
  330.8626  0.158386D+01  0.158731D+01 -0.224006D+03
  331.0120  0.170223D+01  0.170302D+01 -0.469270D+02
  331.1613  0.174037D+01  0.174070D+01 -0.193263D+02
  331.3105  0.167985D+01  0.169146D+01 -0.705464D+03
  331.4597  0.161070D+01  0.161986D+01 -0.587659D+03
  331.6088  0.161895D+01  0.162094D+01 -0.127544D+03
  331.7578  0.169977D+01  0.170185D+01 -0.124226D+03
  331.9068  0.176402D+01  0.175845D+01  0.322538D+03
  332.0557  0.173924D+01  0.172948D+01  0.569147D+03
  332.2046  0.162883D+01  0.163310D+01 -0.265045D+03
  332.3533  0.155598D+01  0.154737D+01  0.557992D+03
  332.5021  0.159993D+01  0.159066D+01  0.583656D+03
  332.6507  0.168942D+01  0.169111D+01 -0.994524D+02
  332.7993  0.169666D+01  0.168613D+01  0.612662D+03
  332.9478  0.162131D+01  0.161766D+01  0.219469D+03
  333.0962  0.162040D+01  0.161639D+01  0.241505D+03
  333.2446  0.167464D+01  0.167526D+01 -0.356215D+02
  333.3929  0.167196D+01  0.167309D+01 -0.652824D+02
  333.5412  0.154889D+01  0.155947D+01 -0.654621D+03
  333.6894  0.145149D+01  0.145109D+01  0.255204D+02
  333.8375  0.147602D+01  0.148549D+01 -0.595329D+03
  333.9855  0.157806D+01  0.158760D+01 -0.573107D+03
  334.1335  0.163245D+01  0.163485D+01 -0.138928D+03
  334.2814  0.166386D+01  0.166417D+01 -0.181529D+02
  334.4293  0.173847D+01  0.174076D+01 -0.129876D+03
  334.5771  0.181722D+01  0.180998D+01  0.405498D+03
  334.7248  0.179077D+01  0.178401D+01  0.378387D+03
   23 331.758 335.020 333.389  2.450D-01  0.000D+00 -1.369D-03  0.000D+00  9.956D-01  3.069D+02   300  2.450D-03
  331.7578  0.169977D+01  0.170270D+01 -0.175214D+03
  331.9068  0.176402D+01  0.176078D+01  0.187624D+03
  332.0557  0.173924D+01  0.173250D+01  0.392978D+03
  332.2046  0.162883D+01  0.163703D+01 -0.508594D+03
  332.3533  0.155598D+01  0.155424D+01  0.113036D+03
  332.5021  0.159993D+01  0.159962D+01  0.193484D+02
  332.6507  0.168942D+01  0.169714D+01 -0.453796D+03
  332.7993  0.169666D+01  0.168890D+01  0.451017D+03
  332.9478  0.162131D+01  0.162041D+01  0.538027D+02
  333.0962  0.162040D+01  0.161934D+01  0.642345D+02
  333.2446  0.167464D+01  0.167517D+01 -0.305538D+02
  333.3929  0.167196D+01  0.166854D+01  0.198054D+03
  333.5412  0.154889D+01  0.155308D+01 -0.259339D+03
  333.6894  0.145149D+01  0.144736D+01  0.267513D+03
  333.8375  0.147602D+01  0.148293D+01 -0.434789D+03
  333.9855  0.157806D+01  0.158285D+01 -0.287807D+03
  334.1335  0.163245D+01  0.162952D+01  0.169326D+03
  334.2814  0.166386D+01  0.166126D+01  0.149195D+03
  334.4293  0.173847D+01  0.174011D+01 -0.926619D+02
  334.5771  0.181722D+01  0.181036D+01  0.384325D+03
  334.7248  0.179077D+01  0.178624D+01  0.253476D+03
  334.8725  0.164497D+01  0.165709D+01 -0.694037D+03
  335.0201  0.157180D+01  0.156781D+01  0.231131D+03
