 solar_fit_vary
           0
 T T
nw  fwave  lwave  avgwav    hwe     asym  shift    squeeze      sin      rms   exval  std
   31 263.858 274.840 269.349  4.076D-01  0.000D+00 -1.672D-02  0.000D+00  1.005D+00  3.164D+03 10300  3.095D-02
  263.8580  0.349805D+00  0.381128D+00 -0.849816D+04
  264.2265  0.459987D+00  0.431516D+00  0.780088D+04
  264.5939  0.373259D+00  0.393848D+00 -0.564125D+04
  264.9602  0.351289D+00  0.339796D+00  0.320856D+04
  265.3253  0.408055D+00  0.375050D+00  0.904320D+04
  265.6894  0.412682D+00  0.411777D+00  0.248095D+03
  266.0524  0.378076D+00  0.389094D+00 -0.301870D+04
  266.4144  0.356438D+00  0.355767D+00  0.183727D+03
  267.1353  0.353828D+00  0.359272D+00 -0.151998D+04
  267.4942  0.372564D+00  0.375709D+00 -0.861724D+03
  267.8523  0.345493D+00  0.357578D+00 -0.357770D+04
  268.2094  0.348395D+00  0.345376D+00  0.876507D+03
  268.5655  0.349751D+00  0.349115D+00  0.183330D+03
  268.9208  0.331876D+00  0.336602D+00 -0.163864D+04
  269.2752  0.332092D+00  0.332347D+00 -0.882658D+02
  269.6287  0.328698D+00  0.332278D+00 -0.128599D+04
  269.9814  0.372342D+00  0.364075D+00  0.226503D+04
  270.3332  0.400068D+00  0.395514D+00  0.124787D+04
  270.6843  0.383915D+00  0.384144D+00 -0.565072D+02
  271.0345  0.368803D+00  0.364746D+00  0.111162D+04
  271.3840  0.350645D+00  0.344437D+00  0.177627D+04
  271.7328  0.292833D+00  0.290344D+00  0.964793D+03
  272.0808  0.240175D+00  0.243055D+00 -0.117146D+04
  272.4281  0.261167D+00  0.263314D+00 -0.840312D+03
  272.7746  0.311642D+00  0.316670D+00 -0.183328D+04
  273.1205  0.346840D+00  0.345641D+00  0.350330D+03
  273.4657  0.295036D+00  0.294643D+00  0.147712D+03
  273.8103  0.233561D+00  0.230338D+00  0.131456D+04
  274.1542  0.195004D+00  0.192715D+00  0.104525D+04
  274.4975  0.181704D+00  0.181339D+00  0.166769D+03
  274.8401  0.182749D+00  0.186386D+00 -0.166087D+04
   31 267.852 278.236 273.044  3.876D-01  0.000D+00  1.031D-03  0.000D+00  1.003D+00  9.842D+02 10300  9.842D-03
  267.8523  0.345493D+00  0.350335D+00 -0.143365D+04
  268.2094  0.348395D+00  0.339530D+00  0.257422D+04
  268.5655  0.349751D+00  0.347411D+00  0.674451D+03
  268.9208  0.331876D+00  0.336079D+00 -0.145718D+04
  269.2752  0.332092D+00  0.333076D+00 -0.340378D+03
  269.6287  0.328698D+00  0.332025D+00 -0.119532D+04
  269.9814  0.372342D+00  0.363896D+00  0.231393D+04
  270.3332  0.400068D+00  0.399274D+00  0.217724D+03
  270.6843  0.383915D+00  0.388235D+00 -0.106175D+04
  271.0345  0.368803D+00  0.367079D+00  0.472624D+03
  271.3840  0.350645D+00  0.349013D+00  0.466845D+03
  271.7328  0.292833D+00  0.294534D+00 -0.659140D+03
  272.0808  0.240175D+00  0.241237D+00 -0.431746D+03
  272.4281  0.261167D+00  0.259806D+00  0.533011D+03
  272.7746  0.311642D+00  0.313109D+00 -0.535019D+03
  273.1205  0.346840D+00  0.348067D+00 -0.358361D+03
  273.4657  0.295036D+00  0.296825D+00 -0.672522D+03
  273.8103  0.233561D+00  0.230620D+00  0.119950D+04
  274.1542  0.195004D+00  0.191931D+00  0.140317D+04
  274.4975  0.181704D+00  0.180237D+00  0.670022D+03
  274.8401  0.182749D+00  0.183839D+00 -0.497616D+03
  275.1822  0.218419D+00  0.218281D+00  0.588429D+02
  275.5237  0.246765D+00  0.246580D+00  0.722265D+02
  275.8646  0.296935D+00  0.298489D+00 -0.565821D+03
  276.2050  0.345043D+00  0.345127D+00 -0.249443D+02
  276.5447  0.359600D+00  0.362893D+00 -0.902515D+03
  276.8840  0.361419D+00  0.362764D+00 -0.368492D+03
  277.2227  0.368880D+00  0.369875D+00 -0.272832D+03
  277.5610  0.354602D+00  0.350076D+00  0.124034D+04
  277.8987  0.287811D+00  0.285273D+00  0.869532D+03
  278.2359  0.246213D+00  0.248476D+00 -0.853643D+03
   31 271.384 281.584 276.484  3.827D-01  0.000D+00  6.334D-03  0.000D+00  9.935D-01  7.772D+02 10300  7.598D-03
  271.3840  0.350645D+00  0.348120D+00  0.722303D+03
  271.7328  0.292833D+00  0.294689D+00 -0.719228D+03
  272.0808  0.240175D+00  0.240331D+00 -0.634401D+02
  272.4281  0.261167D+00  0.258742D+00  0.949229D+03
  272.7746  0.311642D+00  0.312293D+00 -0.237643D+03
  273.1205  0.346840D+00  0.349427D+00 -0.755566D+03
  273.4657  0.295036D+00  0.298471D+00 -0.129116D+04
  273.8103  0.233561D+00  0.231653D+00  0.778505D+03
  274.1542  0.195004D+00  0.192520D+00  0.113433D+04
  274.4975  0.181704D+00  0.180578D+00  0.514620D+03
  274.8401  0.182749D+00  0.183708D+00 -0.438129D+03
  275.1822  0.218419D+00  0.218201D+00  0.930951D+02
  275.5237  0.246765D+00  0.246351D+00  0.161800D+03
  275.8646  0.296935D+00  0.297776D+00 -0.306138D+03
  276.2050  0.345043D+00  0.345143D+00 -0.298437D+02
  276.5447  0.359600D+00  0.362755D+00 -0.864550D+03
  276.8840  0.361419D+00  0.362175D+00 -0.207048D+03
  277.2227  0.368880D+00  0.369153D+00 -0.750155D+02
  277.5610  0.354602D+00  0.350182D+00  0.121141D+04
  277.8987  0.287811D+00  0.284578D+00  0.110737D+04
  278.2359  0.246213D+00  0.246990D+00 -0.292921D+03
  278.5727  0.235373D+00  0.235075D+00  0.115537D+03
  278.9090  0.197381D+00  0.195762D+00  0.634981D+03
  279.2448  0.141327D+00  0.141576D+00 -0.113871D+03
  279.5803  0.108489D+00  0.112497D+00 -0.219613D+04
  279.9152  0.101996D+00  0.104815D+00 -0.932006D+03
  280.2498  0.107893D+00  0.110297D+00 -0.798768D+03
  280.5839  0.137790D+00  0.139608D+00 -0.597446D+03
  280.9176  0.199400D+00  0.198151D+00  0.379864D+03
  281.2509  0.264405D+00  0.260709D+00  0.107348D+04
  281.5839  0.331411D+00  0.331923D+00 -0.137817D+03
   31 274.840 284.893 279.867  3.777D-01  0.000D+00 -5.995D-04  0.000D+00  1.005D+00  1.044D+03 10300  1.384D-02
  274.8401  0.182749D+00  0.182336D+00  0.188594D+03
  275.1822  0.218419D+00  0.217877D+00  0.231482D+03
  275.5237  0.246765D+00  0.245259D+00  0.589306D+03
  275.8646  0.296935D+00  0.298271D+00 -0.486657D+03
  276.2050  0.345043D+00  0.345062D+00 -0.568307D+01
  276.5447  0.359600D+00  0.363080D+00 -0.953510D+03
  276.8840  0.361419D+00  0.362358D+00 -0.257177D+03
  277.2227  0.368880D+00  0.370522D+00 -0.450037D+03
  277.5610  0.354602D+00  0.351033D+00  0.978283D+03
  277.8987  0.287811D+00  0.284335D+00  0.119052D+04
  278.2359  0.246213D+00  0.247836D+00 -0.612030D+03
  278.5727  0.235373D+00  0.236357D+00 -0.381364D+03
  278.9090  0.197381D+00  0.195857D+00  0.598034D+03
  279.2448  0.141327D+00  0.141057D+00  0.123329D+03
  279.5803  0.108489D+00  0.112396D+00 -0.214069D+04
  279.9152  0.101996D+00  0.104813D+00 -0.931332D+03
  280.2498  0.107893D+00  0.110215D+00 -0.771389D+03
  280.5839  0.137790D+00  0.139557D+00 -0.580759D+03
  280.9176  0.199400D+00  0.197510D+00  0.574948D+03
  281.2509  0.264405D+00  0.257921D+00  0.188321D+04
  281.5839  0.331411D+00  0.326236D+00  0.139382D+04
  281.9164  0.385789D+00  0.383328D+00  0.674343D+03
  282.2486  0.422641D+00  0.420626D+00  0.552180D+03
  282.5804  0.441116D+00  0.437313D+00  0.104197D+04
  282.9118  0.464671D+00  0.465397D+00 -0.198942D+03
  283.2430  0.479388D+00  0.490288D+00 -0.298668D+04
  283.5737  0.461888D+00  0.468642D+00 -0.185055D+04
  283.9041  0.461559D+00  0.459130D+00  0.665367D+03
  284.2342  0.433161D+00  0.428981D+00  0.114529D+04
  284.5639  0.358808D+00  0.358029D+00  0.213524D+03
  284.8934  0.244537D+00  0.242453D+00  0.653376D+03
   31 278.236 288.171 283.203  3.674D-01  0.000D+00 -4.286D-03  0.000D+00  1.002D+00  9.736D+02 10300  6.076D-03
  278.2359  0.246213D+00  0.246009D+00  0.769367D+02
  278.5727  0.235373D+00  0.236304D+00 -0.360755D+03
  278.9090  0.197381D+00  0.195435D+00  0.763518D+03
  279.2448  0.141327D+00  0.140133D+00  0.545388D+03
  279.5803  0.108489D+00  0.112081D+00 -0.196823D+04
  279.9152  0.101996D+00  0.104780D+00 -0.920441D+03
  280.2498  0.107893D+00  0.110177D+00 -0.758689D+03
  280.5839  0.137790D+00  0.139720D+00 -0.634320D+03
  280.9176  0.199400D+00  0.198497D+00  0.274509D+03
  281.2509  0.264405D+00  0.258443D+00  0.173154D+04
  281.5839  0.331411D+00  0.327217D+00  0.112970D+04
  281.9164  0.385789D+00  0.383845D+00  0.532598D+03
  282.2486  0.422641D+00  0.420708D+00  0.529720D+03
  282.5804  0.441116D+00  0.436367D+00  0.130125D+04
  282.9118  0.464671D+00  0.465049D+00 -0.103610D+03
  283.2430  0.479388D+00  0.490709D+00 -0.310193D+04
  283.5737  0.461888D+00  0.467455D+00 -0.152512D+04
  283.9041  0.461559D+00  0.459934D+00  0.445206D+03
  284.2342  0.433161D+00  0.430211D+00  0.808173D+03
  284.5639  0.358808D+00  0.359741D+00 -0.255599D+03
  284.8934  0.244537D+00  0.242806D+00  0.542571D+03
  285.2225  0.152684D+00  0.150293D+00  0.828177D+03
  285.5513  0.195700D+00  0.196950D+00 -0.415046D+03
  285.8798  0.339270D+00  0.340510D+00 -0.354469D+03
  286.2080  0.466001D+00  0.464001D+00  0.548003D+03
  286.5359  0.511411D+00  0.509986D+00  0.390440D+03
  286.8635  0.517541D+00  0.515870D+00  0.457740D+03
  287.1908  0.558441D+00  0.560755D+00 -0.633952D+03
  287.5178  0.549286D+00  0.546909D+00  0.651208D+03
  287.8446  0.453659D+00  0.454467D+00 -0.221166D+03
  288.1710  0.366145D+00  0.368372D+00 -0.610169D+03
   31 281.584 291.420 286.502  3.668D-01  0.000D+00 -4.977D-04  0.000D+00  9.945D-01  1.089D+03 10300  6.166D-03
  281.5839  0.331411D+00  0.327194D+00  0.113586D+04
  281.9164  0.385789D+00  0.383886D+00  0.521297D+03
  282.2486  0.422641D+00  0.420865D+00  0.486657D+03
  282.5804  0.441116D+00  0.436510D+00  0.126202D+04
  282.9118  0.464671D+00  0.464913D+00 -0.665392D+02
  283.2430  0.479388D+00  0.491208D+00 -0.323881D+04
  283.5737  0.461888D+00  0.468148D+00 -0.171513D+04
  283.9041  0.461559D+00  0.460587D+00  0.266290D+03
  284.2342  0.433161D+00  0.431493D+00  0.456904D+03
  284.5639  0.358808D+00  0.361479D+00 -0.731902D+03
  284.8934  0.244537D+00  0.244725D+00 -0.588834D+02
  285.2225  0.152684D+00  0.150789D+00  0.656422D+03
  285.5513  0.195700D+00  0.195872D+00 -0.569073D+02
  285.8798  0.339270D+00  0.339214D+00  0.159878D+02
  286.2080  0.466001D+00  0.463403D+00  0.711879D+03
  286.5359  0.511411D+00  0.509766D+00  0.450806D+03
  286.8635  0.517541D+00  0.514707D+00  0.776464D+03
  287.1908  0.558441D+00  0.558581D+00 -0.384370D+02
  287.5178  0.549286D+00  0.544773D+00  0.123643D+04
  287.8446  0.453659D+00  0.452275D+00  0.379408D+03
  288.1710  0.366145D+00  0.364171D+00  0.540756D+03
  288.4972  0.464318D+00  0.464886D+00 -0.155803D+03
  288.8231  0.587009D+00  0.580259D+00  0.184955D+04
  289.1487  0.611868D+00  0.610727D+00  0.312604D+03
  289.4741  0.674712D+00  0.677423D+00 -0.742797D+03
  289.7992  0.794954D+00  0.798848D+00 -0.106708D+04
  290.1240  0.897955D+00  0.900620D+00 -0.730266D+03
  290.4485  0.938396D+00  0.941832D+00 -0.941665D+03
  290.7728  0.905453D+00  0.911508D+00 -0.165915D+04
  291.0968  0.886317D+00  0.885892D+00  0.116369D+03
  291.4205  0.897393D+00  0.888471D+00  0.244459D+04
   31 284.893 294.642 289.768  3.539D-01  0.000D+00  3.277D-03  0.000D+00  9.951D-01  1.085D+03 10300  4.725D-03
  284.8934  0.244537D+00  0.247684D+00 -0.986171D+03
  285.2225  0.152684D+00  0.148669D+00  0.139092D+04
  285.5513  0.195700D+00  0.193529D+00  0.720785D+03
  285.8798  0.339270D+00  0.339673D+00 -0.115285D+03
  286.2080  0.466001D+00  0.466471D+00 -0.128764D+03
  286.5359  0.511411D+00  0.513083D+00 -0.458080D+03
  286.8635  0.517541D+00  0.514705D+00  0.777006D+03
  287.1908  0.558441D+00  0.561855D+00 -0.935552D+03
  287.5178  0.549286D+00  0.548872D+00  0.113521D+03
  287.8446  0.453659D+00  0.455638D+00 -0.542095D+03
  288.1710  0.366145D+00  0.359424D+00  0.184162D+04
  288.4972  0.464318D+00  0.464098D+00  0.601772D+02
  288.8231  0.587009D+00  0.583060D+00  0.108199D+04
  289.1487  0.611868D+00  0.610049D+00  0.498216D+03
  289.4741  0.674712D+00  0.675242D+00 -0.145232D+03
  289.7992  0.794954D+00  0.797868D+00 -0.798381D+03
  290.1240  0.897955D+00  0.900806D+00 -0.781233D+03
  290.4485  0.938396D+00  0.942301D+00 -0.106996D+04
  290.7728  0.905453D+00  0.910051D+00 -0.125984D+04
  291.0968  0.886317D+00  0.882152D+00  0.114129D+04
  291.4205  0.897393D+00  0.887078D+00  0.282608D+04
  291.7439  0.851001D+00  0.847894D+00  0.851188D+03
  292.0671  0.837412D+00  0.840473D+00 -0.838831D+03
  292.3900  0.786214D+00  0.790485D+00 -0.117020D+04
  292.7126  0.721152D+00  0.727093D+00 -0.162772D+04
  293.0349  0.802014D+00  0.803787D+00 -0.485701D+03
  293.3570  0.901562D+00  0.894027D+00  0.206451D+04
  293.6788  0.798077D+00  0.795887D+00  0.600240D+03
  294.0003  0.727032D+00  0.732588D+00 -0.152211D+04
  294.3215  0.798940D+00  0.796994D+00  0.533105D+03
  294.6424  0.791314D+00  0.792239D+00 -0.253444D+03
   31 288.171 298.152 293.162  3.352D-01  0.000D+00  1.047D-02  0.000D+00  9.917D-01  1.459D+03   304  4.765D-03
  288.1710  0.366145D+00  0.353513D+00  0.346114D+04
  288.4972  0.464318D+00  0.463081D+00  0.338882D+03
  288.8231  0.587009D+00  0.588598D+00 -0.435405D+03
  289.1487  0.611868D+00  0.610716D+00  0.315645D+03
  289.4741  0.674712D+00  0.673415D+00  0.355466D+03
  289.7992  0.794954D+00  0.798636D+00 -0.100899D+04
  290.1240  0.897955D+00  0.903592D+00 -0.154446D+04
  290.4485  0.938396D+00  0.946841D+00 -0.231405D+04
  290.7728  0.905453D+00  0.912321D+00 -0.188176D+04
  291.0968  0.886317D+00  0.880336D+00  0.163870D+04
  291.4205  0.897393D+00  0.889918D+00  0.204815D+04
  291.7439  0.851001D+00  0.845570D+00  0.148806D+04
  292.0671  0.837412D+00  0.840826D+00 -0.935367D+03
  292.3900  0.786214D+00  0.791632D+00 -0.148429D+04
  292.7126  0.721152D+00  0.719964D+00  0.325572D+03
  293.0349  0.802014D+00  0.797064D+00  0.135639D+04
  293.3570  0.901562D+00  0.898555D+00  0.823670D+03
  293.6788  0.798077D+00  0.794588D+00  0.955972D+03
  294.0003  0.727032D+00  0.724017D+00  0.826227D+03
  294.3215  0.798940D+00  0.795567D+00  0.923996D+03
  294.6424  0.791314D+00  0.795168D+00 -0.105616D+04
  294.9631  0.729668D+00  0.728744D+00  0.253388D+03
  295.6034  0.851622D+00  0.846924D+00  0.128725D+04
  295.9231  0.886991D+00  0.888125D+00 -0.310772D+03
  296.2425  0.911266D+00  0.914376D+00 -0.852253D+03
  296.5616  0.747018D+00  0.754986D+00 -0.218342D+04
  296.8803  0.609763D+00  0.620030D+00 -0.281298D+04
  297.1987  0.665076D+00  0.669544D+00 -0.117088D+04
  297.5168  0.829885D+00  0.832774D+00 -0.791624D+03
  297.8346  0.971030D+00  0.962844D+00  0.224305D+04
  298.1520  0.765439D+00  0.762680D+00  0.755937D+03
   31 291.420 301.305 296.363  3.226D-01  0.000D+00  3.360D-03  0.000D+00  1.009D+00  5.242D+03 10300  1.297D-02
  291.4205  0.897393D+00  0.909788D+00 -0.339618D+04
  291.7439  0.851001D+00  0.852230D+00 -0.336745D+03
  292.0671  0.837412D+00  0.844353D+00 -0.190187D+04
  292.3900  0.786214D+00  0.787967D+00 -0.480304D+03
  292.7126  0.721152D+00  0.711179D+00  0.273240D+04
  293.0349  0.802014D+00  0.792058D+00  0.272783D+04
  293.3570  0.901562D+00  0.894527D+00  0.192735D+04
  293.6788  0.798077D+00  0.781841D+00  0.444858D+04
  294.0003  0.727032D+00  0.714826D+00  0.334434D+04
  294.3215  0.798940D+00  0.793176D+00  0.157915D+04
  294.6424  0.791314D+00  0.792485D+00 -0.320988D+03
  294.9631  0.729668D+00  0.722546D+00  0.195154D+04
  295.6034  0.851622D+00  0.850566D+00  0.289437D+03
  295.9231  0.886991D+00  0.897627D+00 -0.291429D+04
  296.2425  0.911266D+00  0.929195D+00 -0.491248D+04
  296.5616  0.747018D+00  0.759947D+00 -0.354259D+04
  296.8803  0.609763D+00  0.626303D+00 -0.453184D+04
  297.1987  0.665076D+00  0.681690D+00 -0.435389D+04
  297.5168  0.829885D+00  0.852868D+00 -0.629723D+04
  297.8346  0.971030D+00  0.988165D+00 -0.469470D+04
  298.1520  0.765439D+00  0.767277D+00 -0.503517D+03
  298.4691  0.561560D+00  0.558480D+00  0.844029D+03
  298.7858  0.663707D+00  0.642720D+00  0.575046D+04
  299.1021  0.864054D+00  0.808855D+00  0.151241D+05
  299.4180  0.799942D+00  0.747171D+00  0.144587D+05
  299.7336  0.780225D+00  0.767801D+00  0.340403D+04
  300.0488  0.641566D+00  0.654257D+00 -0.347724D+04
  300.3636  0.572672D+00  0.596052D+00 -0.640594D+04
  300.6779  0.682023D+00  0.709033D+00 -0.740058D+04
  300.9919  0.708823D+00  0.729508D+00 -0.566762D+04
  301.3054  0.816986D+00  0.805137D+00  0.324659D+04
   31 294.642 304.415 299.529  3.224D-01  0.000D+00  7.925D-04  0.000D+00  9.978D-01  6.676D+03 10000  1.591D-02
  294.6424  0.791314D+00  0.778283D+00  0.357026D+04
  294.9631  0.729668D+00  0.716097D+00  0.371862D+04
  295.6034  0.851622D+00  0.850147D+00  0.404084D+03
  295.9231  0.886991D+00  0.898973D+00 -0.328311D+04
  296.2425  0.911266D+00  0.929818D+00 -0.508328D+04
  296.5616  0.747018D+00  0.757846D+00 -0.296690D+04
  296.8803  0.609763D+00  0.624955D+00 -0.416260D+04
  297.1987  0.665076D+00  0.679415D+00 -0.375755D+04
  297.5168  0.829885D+00  0.848613D+00 -0.513139D+04
  297.8346  0.971030D+00  0.978322D+00 -0.199804D+04
  298.1520  0.765439D+00  0.755643D+00  0.268410D+04
  298.4691  0.561560D+00  0.550268D+00  0.309398D+04
  298.7858  0.663707D+00  0.635095D+00  0.783963D+04
  299.1021  0.864054D+00  0.798176D+00  0.180501D+05
  299.4180  0.799942D+00  0.737631D+00  0.170728D+05
  299.7336  0.780225D+00  0.761918D+00  0.501604D+04
  300.0488  0.641566D+00  0.651188D+00 -0.263640D+04
  300.3636  0.572672D+00  0.600642D+00 -0.766353D+04
  300.6779  0.682023D+00  0.721960D+00 -0.109423D+05
  300.9919  0.708823D+00  0.753822D+00 -0.123294D+05
  301.3054  0.816986D+00  0.847021D+00 -0.822957D+04
  301.6185  0.790604D+00  0.809802D+00 -0.526023D+04
  301.9311  0.599460D+00  0.602899D+00 -0.942343D+03
  302.2433  0.609751D+00  0.600957D+00  0.240960D+04
  302.5550  0.816123D+00  0.796552D+00  0.536229D+04
  302.8662  0.975227D+00  0.948618D+00  0.534968D+04
  303.1770  0.104357D+01  0.101872D+01  0.476013D+04
  303.4872  0.108335D+01  0.107373D+01  0.159358D+04
  303.7969  0.944327D+00  0.943472D+00  0.225965D+03
  304.1061  0.894718D+00  0.896922D+00 -0.603711D+03
  304.4148  0.983803D+00  0.993941D+00 -0.210278D+04
   31 298.152 307.469 302.810  3.147D-01  0.000D+00 -1.510D-02  0.000D+00  9.926D-01  5.594D+03 10300  1.344D-02
  298.1520  0.765439D+00  0.798485D+00 -0.905433D+04
  298.4691  0.561560D+00  0.573548D+00 -0.328453D+04
  298.7858  0.663707D+00  0.667530D+00 -0.104743D+04
  299.1021  0.864054D+00  0.821601D+00  0.116320D+05
  299.4180  0.799942D+00  0.738147D+00  0.169313D+05
  299.7336  0.780225D+00  0.767258D+00  0.355274D+04
  300.0488  0.641566D+00  0.635974D+00  0.153234D+04
  300.3636  0.572672D+00  0.598826D+00 -0.716592D+04
  300.6779  0.682023D+00  0.718247D+00 -0.992495D+04
  300.9919  0.708823D+00  0.748261D+00 -0.108057D+05
  301.3054  0.816986D+00  0.843129D+00 -0.716303D+04
  301.6185  0.790604D+00  0.798841D+00 -0.225673D+04
  301.9311  0.599460D+00  0.587146D+00  0.337382D+04
  302.2433  0.609751D+00  0.606635D+00  0.853876D+03
  302.5550  0.816123D+00  0.805037D+00  0.303761D+04
  302.8662  0.975227D+00  0.957610D+00  0.354183D+04
  303.1770  0.104357D+01  0.102321D+01  0.390038D+04
  303.4872  0.108335D+01  0.107598D+01  0.122084D+04
  303.7969  0.944327D+00  0.931912D+00  0.327954D+04
  304.1061  0.894718D+00  0.891254D+00  0.949294D+03
  304.4148  0.983803D+00  0.987238D+00 -0.712524D+03
  304.7229  0.999203D+00  0.983462D+00  0.313599D+04
  305.0304  0.103097D+01  0.102609D+01  0.861424D+03
  305.3374  0.109696D+01  0.111069D+01 -0.189780D+04
  305.6438  0.896228D+00  0.905626D+00 -0.255339D+04
  305.9496  0.774064D+00  0.779402D+00 -0.146238D+04
  306.2548  0.926115D+00  0.947351D+00 -0.398722D+04
  306.5593  0.893728D+00  0.902471D+00 -0.147570D+04
  306.8631  0.900569D+00  0.903863D+00 -0.451228D+03
  307.1664  0.103447D+01  0.102136D+01  0.179681D+04
  307.4689  0.101873D+01  0.996645D+00  0.302505D+04
   29 301.305 309.863 305.584  3.223D-01  0.000D+00 -9.848D-03  0.000D+00  1.016D+00  1.203D+03 10300  3.905D-03
  301.3054  0.816986D+00  0.818613D+00 -0.445902D+03
  301.6185  0.790604D+00  0.790805D+00 -0.549995D+02
  301.9311  0.599460D+00  0.594888D+00  0.125272D+04
  302.2433  0.609751D+00  0.612020D+00 -0.621641D+03
  302.5550  0.816123D+00  0.814243D+00  0.515009D+03
  302.8662  0.975227D+00  0.970814D+00  0.887363D+03
  303.1770  0.104357D+01  0.104095D+01  0.502130D+03
  303.4872  0.108335D+01  0.109053D+01 -0.118943D+04
  303.7969  0.944327D+00  0.948619D+00 -0.113357D+04
  304.1061  0.894718D+00  0.900047D+00 -0.146005D+04
  304.4148  0.983803D+00  0.987994D+00 -0.869366D+03
  304.7229  0.999203D+00  0.984826D+00  0.286420D+04
  305.0304  0.103097D+01  0.101939D+01  0.204542D+04
  305.3374  0.109696D+01  0.109729D+01 -0.454188D+02
  305.6438  0.896228D+00  0.900372D+00 -0.112586D+04
  305.9496  0.774064D+00  0.773810D+00  0.697126D+02
  306.2548  0.926115D+00  0.929042D+00 -0.549575D+03
  306.5593  0.893728D+00  0.896113D+00 -0.402635D+03
  306.8631  0.900569D+00  0.899638D+00  0.127626D+03
  307.1664  0.103447D+01  0.102107D+01  0.183534D+04
  307.4689  0.101873D+01  0.101279D+01  0.812928D+03
  307.7708  0.101584D+01  0.101457D+01  0.173804D+03
  308.0719  0.101224D+01  0.101704D+01 -0.656812D+03
  308.3723  0.997627D+00  0.101504D+01 -0.238512D+04
  308.6720  0.106260D+01  0.105902D+01  0.489819D+03
  308.9709  0.935840D+00  0.924946D+00  0.149244D+04
  309.2690  0.770840D+00  0.777736D+00 -0.944685D+03
  309.5664  0.781618D+00  0.791712D+00 -0.138286D+04
  309.8629  0.774414D+00  0.758662D+00  0.181773D+04
   19 304.415 309.863 307.139  3.218D-01  0.000D+00 -1.060D-02  0.000D+00  9.956D-01  1.292D+03 10300  5.982D-03
  304.4148  0.983803D+00  0.991900D+00 -0.167963D+04
  304.7229  0.999203D+00  0.987926D+00  0.224664D+04
  305.0304  0.103097D+01  0.102273D+01  0.145620D+04
  305.3374  0.109696D+01  0.110012D+01 -0.436948D+03
  305.6438  0.896228D+00  0.901452D+00 -0.141929D+04
  305.9496  0.774064D+00  0.774698D+00 -0.173502D+03
  306.2548  0.926115D+00  0.930196D+00 -0.766232D+03
  306.5593  0.893728D+00  0.895912D+00 -0.368769D+03
  306.8631  0.900569D+00  0.899400D+00  0.160222D+03
  307.1664  0.103447D+01  0.102041D+01  0.192635D+04
  307.4689  0.101873D+01  0.101137D+01  0.100751D+04
  307.7708  0.101584D+01  0.101311D+01  0.374075D+03
  308.0719  0.101224D+01  0.101540D+01 -0.432731D+03
  308.3723  0.997627D+00  0.101372D+01 -0.220442D+04
  308.6720  0.106260D+01  0.105805D+01  0.623019D+03
  308.9709  0.935840D+00  0.924243D+00  0.158874D+04
  309.2690  0.770840D+00  0.777911D+00 -0.968729D+03
  309.5664  0.781618D+00  0.793434D+00 -0.161884D+04
  309.8629  0.774414D+00  0.761161D+00  0.152943D+04
   31 310.026 314.774 312.400  2.326D-01  0.000D+00  4.755D-03  0.000D+00  1.004D+00  1.094D+03   300  5.775D-03
  310.0264  0.753706D+00  0.770126D+00 -0.127245D+04
  310.1859  0.736759D+00  0.729713D+00  0.546019D+03
  310.3451  0.919300D+00  0.934559D+00 -0.118253D+04
  310.5044  0.117097D+01  0.118235D+01 -0.806408D+03
  310.6635  0.131742D+01  0.130430D+01  0.879232D+03
  310.8226  0.138615D+01  0.138301D+01  0.214003D+03
  310.9816  0.140538D+01  0.140176D+01  0.255512D+03
  311.1405  0.138777D+01  0.135946D+01  0.209568D+04
  311.2994  0.135889D+01  0.134876D+01  0.785200D+03
  311.4581  0.135496D+01  0.132311D+01  0.246834D+04
  311.6168  0.124893D+01  0.125078D+01 -0.143442D+03
  311.7754  0.111835D+01  0.113193D+01 -0.115364D+04
  311.9340  0.100019D+01  0.102165D+01 -0.198324D+04
  312.0924  0.958058D+00  0.976712D+00 -0.180019D+04
  312.2507  0.100579D+01  0.101091D+01 -0.482320D+03
  312.4091  0.107879D+01  0.109532D+01 -0.146449D+04
  312.5673  0.110012D+01  0.111042D+01 -0.877139D+03
  312.7254  0.109432D+01  0.109073D+01  0.305112D+03
  312.8834  0.111212D+01  0.111440D+01 -0.189855D+03
  313.0414  0.113099D+01  0.112310D+01  0.644356D+03
  313.1993  0.111027D+01  0.110122D+01  0.745074D+03
  313.3571  0.107861D+01  0.107326D+01  0.447389D+03
  313.5148  0.108958D+01  0.108012D+01  0.777531D+03
  313.6725  0.115787D+01  0.115105D+01  0.528269D+03
  313.8301  0.127003D+01  0.126135D+01  0.672282D+03
  313.9876  0.133327D+01  0.133109D+01  0.168714D+03
  314.1450  0.131134D+01  0.129933D+01  0.930860D+03
  314.3024  0.110393D+01  0.112759D+01 -0.191165D+04
  314.4597  0.895275D+00  0.884285D+00  0.104105D+04
  314.6168  0.840047D+00  0.851480D+00 -0.110752D+04
  314.7740  0.101310D+01  0.101455D+01 -0.122541D+03
   31 311.617 316.341 313.979  2.346D-01  0.000D+00  5.877D-04  0.000D+00  1.001D+00  7.191D+02 10300  3.911D-03
  311.6168  0.124893D+01  0.122969D+01  0.149058D+04
  311.7754  0.111835D+01  0.111476D+01  0.304774D+03
  311.9340  0.100019D+01  0.100968D+01 -0.876692D+03
  312.0924  0.958058D+00  0.969117D+00 -0.106723D+04
  312.2507  0.100579D+01  0.100678D+01 -0.927951D+02
  312.4091  0.107879D+01  0.109108D+01 -0.108879D+04
  312.5673  0.110012D+01  0.110604D+01 -0.504601D+03
  312.7254  0.109432D+01  0.108978D+01  0.385519D+03
  312.8834  0.111212D+01  0.111501D+01 -0.240580D+03
  313.0414  0.113099D+01  0.112375D+01  0.591141D+03
  313.1993  0.111027D+01  0.110263D+01  0.629004D+03
  313.3571  0.107861D+01  0.107595D+01  0.222185D+03
  313.5148  0.108958D+01  0.108516D+01  0.363334D+03
  313.6725  0.115787D+01  0.115773D+01  0.108714D+02
  313.8301  0.127003D+01  0.126704D+01  0.231375D+03
  313.9876  0.133327D+01  0.133341D+01 -0.107578D+02
  314.1450  0.131134D+01  0.129680D+01  0.112705D+04
  314.3024  0.110393D+01  0.111964D+01 -0.126937D+04
  314.4597  0.895275D+00  0.880207D+00  0.142736D+04
  314.6168  0.840047D+00  0.852224D+00 -0.117965D+04
  314.7740  0.101310D+01  0.101185D+01  0.106488D+03
  314.9310  0.117053D+01  0.116701D+01  0.272983D+03
  315.0880  0.123342D+01  0.123470D+01 -0.990170D+02
  315.2449  0.123333D+01  0.123559D+01 -0.174681D+03
  315.4017  0.121000D+01  0.121680D+01 -0.526799D+03
  315.5584  0.114587D+01  0.114638D+01 -0.395023D+02
  315.7151  0.979579D+00  0.990638D+00 -0.919241D+03
  315.8716  0.816431D+00  0.812424D+00  0.386867D+03
  316.0281  0.741605D+00  0.749849D+00 -0.798593D+03
  316.1846  0.826322D+00  0.819011D+00  0.696408D+03
  316.3409  0.961096D+00  0.954228D+00  0.582506D+03
   31 313.199 317.900 315.550  2.367D-01  0.000D+00  4.247D-04  0.000D+00  1.005D+00  6.242D+02   300  3.394D-03
  313.1993  0.111027D+01  0.110638D+01  0.320513D+03
  313.3571  0.107861D+01  0.108038D+01 -0.148188D+03
  313.5148  0.108958D+01  0.109011D+01 -0.438855D+02
  313.6725  0.115787D+01  0.116248D+01 -0.357114D+03
  313.8301  0.127003D+01  0.127076D+01 -0.565497D+02
  313.9876  0.133327D+01  0.133583D+01 -0.197961D+03
  314.1450  0.131134D+01  0.129750D+01  0.107282D+04
  314.3024  0.110393D+01  0.111950D+01 -0.125833D+04
  314.4597  0.895275D+00  0.882513D+00  0.120891D+04
  314.6168  0.840047D+00  0.853614D+00 -0.131431D+04
  314.7740  0.101310D+01  0.101020D+01  0.245901D+03
  314.9310  0.117053D+01  0.116350D+01  0.544857D+03
  315.0880  0.123342D+01  0.123074D+01  0.208264D+03
  315.2449  0.123333D+01  0.123185D+01  0.114904D+03
  315.4017  0.121000D+01  0.121269D+01 -0.208047D+03
  315.5584  0.114587D+01  0.114227D+01  0.278901D+03
  315.7151  0.979579D+00  0.988164D+00 -0.713614D+03
  315.8716  0.816431D+00  0.812884D+00  0.342447D+03
  316.0281  0.741605D+00  0.751777D+00 -0.985425D+03
  316.1846  0.826322D+00  0.822214D+00  0.391328D+03
  316.3409  0.961096D+00  0.959235D+00  0.157862D+03
  316.4973  0.106293D+01  0.106052D+01  0.187296D+03
  316.6534  0.111606D+01  0.110586D+01  0.790591D+03
  316.8096  0.113796D+01  0.115043D+01 -0.966065D+03
  316.9656  0.123149D+01  0.122424D+01  0.561880D+03
  317.1216  0.135839D+01  0.136543D+01 -0.544503D+03
  317.2775  0.147102D+01  0.147015D+01  0.643899D+02
  317.4333  0.146025D+01  0.146333D+01 -0.229324D+03
  317.5891  0.144247D+01  0.143101D+01  0.877184D+03
  317.7448  0.136106D+01  0.136995D+01 -0.689505D+03
  317.9004  0.117652D+01  0.117388D+01  0.204559D+03
   31 314.774 319.452 317.113  2.361D-01  0.000D+00 -1.921D-04  0.000D+00  1.006D+00  5.076D+02 10300  2.856D-03
  314.7740  0.101310D+01  0.101583D+01 -0.231294D+03
  314.9310  0.117053D+01  0.116786D+01  0.207167D+03
  315.0880  0.123342D+01  0.123308D+01  0.266785D+02
  315.2449  0.123333D+01  0.123257D+01  0.587721D+02
  315.4017  0.121000D+01  0.121245D+01 -0.189439D+03
  315.5584  0.114587D+01  0.114127D+01  0.356501D+03
  315.7151  0.979579D+00  0.986438D+00 -0.570122D+03
  315.8716  0.816431D+00  0.810960D+00  0.528169D+03
  316.0281  0.741605D+00  0.750488D+00 -0.860477D+03
  316.1846  0.826322D+00  0.821531D+00  0.456364D+03
  316.3409  0.961096D+00  0.959024D+00  0.175680D+03
  316.4973  0.106293D+01  0.106025D+01  0.207801D+03
  316.6534  0.111606D+01  0.110558D+01  0.812597D+03
  316.8096  0.113796D+01  0.115043D+01 -0.966122D+03
  316.9656  0.123149D+01  0.122458D+01  0.535869D+03
  317.1216  0.135839D+01  0.136656D+01 -0.632107D+03
  317.2775  0.147102D+01  0.147132D+01 -0.216329D+02
  317.4333  0.146025D+01  0.146370D+01 -0.256888D+03
  317.5891  0.144247D+01  0.143111D+01  0.870031D+03
  317.7448  0.136106D+01  0.136963D+01 -0.664449D+03
  317.9004  0.117652D+01  0.117194D+01  0.354986D+03
  318.0559  0.957036D+00  0.959383D+00 -0.208267D+03
  318.2114  0.886220D+00  0.893188D+00 -0.671236D+03
  318.3668  0.948252D+00  0.946710D+00  0.137052D+03
  318.5221  0.105122D+01  0.104654D+01  0.372336D+03
  318.6773  0.114321D+01  0.114890D+01 -0.441065D+03
  318.8325  0.126243D+01  0.125230D+01  0.785000D+03
  318.9875  0.131592D+01  0.131609D+01 -0.133905D+02
  319.1425  0.120764D+01  0.120900D+01 -0.105797D+03
  319.2975  0.103361D+01  0.102548D+01  0.654163D+03
  319.4524  0.993663D+00  0.100235D+01 -0.725174D+03
   31 316.341 320.997 318.669  2.369D-01  0.000D+00  4.676D-04  0.000D+00  1.006D+00  6.270D+02 10000  3.812D-03
  316.3409  0.961096D+00  0.960623D+00  0.401515D+02
  316.4973  0.106293D+01  0.106196D+01  0.751467D+02
  316.6534  0.111606D+01  0.110729D+01  0.679597D+03
  316.8096  0.113796D+01  0.115174D+01 -0.106783D+04
  316.9656  0.123149D+01  0.122540D+01  0.472139D+03
  317.1216  0.135839D+01  0.136622D+01 -0.605297D+03
  317.2775  0.147102D+01  0.147041D+01  0.449113D+02
  317.4333  0.146025D+01  0.146303D+01 -0.206783D+03
  317.5891  0.144247D+01  0.142989D+01  0.962627D+03
  317.7448  0.136106D+01  0.136783D+01 -0.525024D+03
  317.9004  0.117652D+01  0.117122D+01  0.410630D+03
  318.0559  0.957036D+00  0.959188D+00 -0.190994D+03
  318.2114  0.886220D+00  0.892273D+00 -0.583142D+03
  318.3668  0.948252D+00  0.945177D+00  0.273305D+03
  318.5221  0.105122D+01  0.104496D+01  0.497945D+03
  318.6773  0.114321D+01  0.114784D+01 -0.358863D+03
  318.8325  0.126243D+01  0.125195D+01  0.812150D+03
  318.9875  0.131592D+01  0.131664D+01 -0.556352D+02
  319.1425  0.120764D+01  0.121197D+01 -0.335407D+03
  319.2975  0.103361D+01  0.103033D+01  0.264182D+03
  319.4524  0.993663D+00  0.100759D+01 -0.116234D+04
  319.6071  0.109087D+01  0.110309D+01 -0.946917D+03
  319.7618  0.123194D+01  0.121331D+01  0.144401D+04
  319.9165  0.131080D+01  0.131946D+01 -0.670763D+03
  320.0710  0.136536D+01  0.135055D+01  0.114396D+04
  320.2256  0.136003D+01  0.136629D+01 -0.484440D+03
  320.3800  0.142976D+01  0.142926D+01  0.366323D+02
  320.5344  0.148469D+01  0.148896D+01 -0.308821D+03
  320.6886  0.149758D+01  0.149030D+01  0.520724D+03
  320.8428  0.139054D+01  0.139617D+01 -0.424050D+03
  320.9969  0.122414D+01  0.122207D+01  0.155554D+03
   31 317.900 322.534 320.217  2.345D-01  0.000D+00 -8.248D-04  0.000D+00  1.001D+00  6.291D+02   300  3.899D-03
  317.9004  0.117652D+01  0.117295D+01  0.276300D+03
  318.0559  0.957036D+00  0.958301D+00 -0.112280D+03
  318.2114  0.886220D+00  0.892514D+00 -0.606348D+03
  318.3668  0.948252D+00  0.946618D+00  0.145247D+03
  318.5221  0.105122D+01  0.104663D+01  0.365354D+03
  318.6773  0.114321D+01  0.114890D+01 -0.440914D+03
  318.8325  0.126243D+01  0.125279D+01  0.746749D+03
  318.9875  0.131592D+01  0.131832D+01 -0.186141D+03
  319.1425  0.120764D+01  0.121068D+01 -0.235666D+03
  319.2975  0.103361D+01  0.102616D+01  0.599280D+03
  319.4524  0.993663D+00  0.100592D+01 -0.102247D+04
  319.6071  0.109087D+01  0.110294D+01 -0.935258D+03
  319.7618  0.123194D+01  0.121294D+01  0.147243D+04
  319.9165  0.131080D+01  0.131984D+01 -0.700190D+03
  320.0710  0.136536D+01  0.134944D+01  0.123010D+04
  320.2256  0.136003D+01  0.136491D+01 -0.377719D+03
  320.3800  0.142976D+01  0.142900D+01  0.564231D+02
  320.5344  0.148469D+01  0.148952D+01 -0.348933D+03
  320.6886  0.149758D+01  0.149085D+01  0.481570D+03
  320.8428  0.139054D+01  0.139634D+01 -0.436566D+03
  320.9969  0.122414D+01  0.122100D+01  0.236946D+03
  321.1510  0.105730D+01  0.105953D+01 -0.173011D+03
  321.3050  0.970317D+00  0.978903D+00 -0.711457D+03
  321.4589  0.990742D+00  0.989775D+00  0.768495D+02
  321.6128  0.106818D+01  0.107814D+01 -0.772021D+03
  321.7666  0.120657D+01  0.119840D+01  0.633493D+03
  321.9203  0.132033D+01  0.131840D+01  0.128402D+03
  322.0739  0.136502D+01  0.136150D+01  0.269927D+03
  322.2274  0.128453D+01  0.128467D+01 -0.106534D+02
  322.3809  0.121851D+01  0.120584D+01  0.981845D+03
  322.5343  0.114606D+01  0.115912D+01 -0.101175D+04
   31 319.452 324.065 321.758  2.348D-01  0.000D+00 -2.274D-03  0.000D+00  9.908D-01  6.277D+02 10300  4.850D-03
  319.4524  0.993663D+00  0.100053D+01 -0.573147D+03
  319.6071  0.109087D+01  0.109952D+01 -0.670194D+03
  319.7618  0.123194D+01  0.121129D+01  0.160010D+04
  319.9165  0.131080D+01  0.131907D+01 -0.641029D+03
  320.0710  0.136536D+01  0.134937D+01  0.123526D+04
  320.2256  0.136003D+01  0.136618D+01 -0.476252D+03
  320.3800  0.142976D+01  0.143101D+01 -0.924096D+02
  320.5344  0.148469D+01  0.149136D+01 -0.482270D+03
  320.6886  0.149758D+01  0.149180D+01  0.413587D+03
  320.8428  0.139054D+01  0.139597D+01 -0.408613D+03
  320.9969  0.122414D+01  0.121987D+01  0.321737D+03
  321.1510  0.105730D+01  0.105866D+01 -0.105751D+03
  321.3050  0.970317D+00  0.978532D+00 -0.680689D+03
  321.4589  0.990742D+00  0.989971D+00  0.612988D+02
  321.6128  0.106818D+01  0.107847D+01 -0.797512D+03
  321.7666  0.120657D+01  0.119870D+01  0.609756D+03
  321.9203  0.132033D+01  0.131837D+01  0.130397D+03
  322.0739  0.136502D+01  0.136063D+01  0.336773D+03
  322.2274  0.128453D+01  0.128408D+01  0.346374D+02
  322.3809  0.121851D+01  0.120689D+01  0.900686D+03
  322.5343  0.114606D+01  0.116127D+01 -0.117835D+04
  322.6877  0.107675D+01  0.106874D+01  0.620324D+03
  322.8409  0.965594D+00  0.976572D+00 -0.883608D+03
  322.9941  0.960387D+00  0.957342D+00  0.248752D+03
  323.1473  0.104816D+01  0.104498D+01  0.246061D+03
  323.3003  0.112199D+01  0.112618D+01 -0.324289D+03
  323.4533  0.110974D+01  0.110066D+01  0.702952D+03
  323.6063  0.106521D+01  0.106856D+01 -0.259603D+03
  323.7591  0.111068D+01  0.111045D+01  0.179095D+02
  323.9119  0.118196D+01  0.118758D+01 -0.435674D+03
  324.0646  0.127409D+01  0.127078D+01  0.256660D+03
   31 320.997 325.588 323.292  2.362D-01  0.000D+00 -4.589D-03  0.000D+00  9.882D-01  5.435D+02 10300  4.590D-03
  320.9969  0.122414D+01  0.121885D+01  0.399145D+03
  321.1510  0.105730D+01  0.105755D+01 -0.194110D+02
  321.3050  0.970317D+00  0.977975D+00 -0.634546D+03
  321.4589  0.990742D+00  0.990346D+00  0.314619D+02
  321.6128  0.106818D+01  0.107900D+01 -0.838889D+03
  321.7666  0.120657D+01  0.119951D+01  0.547499D+03
  321.9203  0.132033D+01  0.131843D+01  0.125921D+03
  322.0739  0.136502D+01  0.135912D+01  0.452401D+03
  322.2274  0.128453D+01  0.128325D+01  0.993512D+02
  322.3809  0.121851D+01  0.120778D+01  0.831387D+03
  322.5343  0.114606D+01  0.116166D+01 -0.120895D+04
  322.6877  0.107675D+01  0.106933D+01  0.574748D+03
  322.8409  0.965594D+00  0.978406D+00 -0.103124D+04
  322.9941  0.960387D+00  0.961154D+00 -0.626979D+02
  323.1473  0.104816D+01  0.104899D+01 -0.643813D+02
  323.3003  0.112199D+01  0.112755D+01 -0.430920D+03
  323.4533  0.110974D+01  0.110072D+01  0.698301D+03
  323.6063  0.106521D+01  0.106858D+01 -0.261259D+03
  323.7591  0.111068D+01  0.110890D+01  0.138421D+03
  323.9119  0.118196D+01  0.118292D+01 -0.749769D+02
  324.0646  0.127409D+01  0.126171D+01  0.959355D+03
  324.2172  0.131202D+01  0.131745D+01 -0.412463D+03
  324.3698  0.133298D+01  0.132892D+01  0.300381D+03
  324.5223  0.135722D+01  0.135291D+01  0.316143D+03
  324.6747  0.134871D+01  0.135770D+01 -0.662194D+03
  324.8270  0.129303D+01  0.128590D+01  0.546251D+03
  324.9793  0.122946D+01  0.123699D+01 -0.583497D+03
  325.1315  0.125714D+01  0.126288D+01 -0.444208D+03
  325.2837  0.131598D+01  0.132134D+01 -0.397924D+03
  325.4357  0.142048D+01  0.141272D+01  0.539804D+03
  325.5877  0.155190D+01  0.154900D+01  0.187173D+03
   31 322.534 327.104 324.819  2.368D-01  0.000D+00 -2.811D-03  0.000D+00  9.945D-01  5.832D+02 10300  5.064D-03
  322.5343  0.114606D+01  0.115555D+01 -0.734698D+03
  322.6877  0.107675D+01  0.106557D+01  0.866107D+03
  322.8409  0.965594D+00  0.975773D+00 -0.819266D+03
  322.9941  0.960387D+00  0.958233D+00  0.175967D+03
  323.1473  0.104816D+01  0.104517D+01  0.231787D+03
  323.3003  0.112199D+01  0.112471D+01 -0.210877D+03
  323.4533  0.110974D+01  0.109977D+01  0.772355D+03
  323.6063  0.106521D+01  0.106761D+01 -0.186279D+03
  323.7591  0.111068D+01  0.110734D+01  0.259083D+03
  323.9119  0.118196D+01  0.118140D+01  0.433801D+02
  324.0646  0.127409D+01  0.126041D+01  0.106022D+04
  324.2172  0.131202D+01  0.131695D+01 -0.374512D+03
  324.3698  0.133298D+01  0.132943D+01  0.262706D+03
  324.5223  0.135722D+01  0.135363D+01  0.263510D+03
  324.6747  0.134871D+01  0.135957D+01 -0.799655D+03
  324.8270  0.129303D+01  0.128950D+01  0.270124D+03
  324.9793  0.122946D+01  0.124070D+01 -0.871175D+03
  325.1315  0.125714D+01  0.126698D+01 -0.762090D+03
  325.2837  0.131598D+01  0.132692D+01 -0.813214D+03
  325.4357  0.142048D+01  0.142011D+01  0.253048D+02
  325.5877  0.155190D+01  0.155909D+01 -0.464120D+03
  325.7397  0.166348D+01  0.166661D+01 -0.202398D+03
  325.8915  0.173362D+01  0.171976D+01  0.895268D+03
  326.0433  0.175045D+01  0.174938D+01  0.690140D+02
  326.1951  0.174475D+01  0.172533D+01  0.125208D+04
  326.3467  0.166098D+01  0.166334D+01 -0.152752D+03
  326.4983  0.160251D+01  0.159747D+01  0.325418D+03
  326.6498  0.162477D+01  0.162027D+01  0.277465D+03
  326.8013  0.170419D+01  0.170660D+01 -0.155637D+03
  326.9526  0.172230D+01  0.171898D+01  0.213787D+03
  327.1039  0.163534D+01  0.164857D+01 -0.854264D+03
   31 324.065 328.613 326.339  2.340D-01  0.000D+00 -1.996D-04  0.000D+00  1.001D+00  5.601D+02 10300  5.898D-03
  324.0646  0.127409D+01  0.126089D+01  0.102358D+04
  324.2172  0.131202D+01  0.131836D+01 -0.481862D+03
  324.3698  0.133298D+01  0.132956D+01  0.253075D+03
  324.5223  0.135722D+01  0.135349D+01  0.273287D+03
  324.6747  0.134871D+01  0.136163D+01 -0.951226D+03
  324.8270  0.129303D+01  0.129040D+01  0.201495D+03
  324.9793  0.122946D+01  0.123934D+01 -0.765723D+03
  325.1315  0.125714D+01  0.126555D+01 -0.650934D+03
  325.2837  0.131598D+01  0.132506D+01 -0.674676D+03
  325.4357  0.142048D+01  0.141679D+01  0.256453D+03
  325.5877  0.155190D+01  0.155682D+01 -0.317800D+03
  325.7397  0.166348D+01  0.166572D+01 -0.144493D+03
  325.8915  0.173362D+01  0.171844D+01  0.980447D+03
  326.0433  0.175045D+01  0.174911D+01  0.859982D+02
  326.1951  0.174475D+01  0.172556D+01  0.123757D+04
  326.3467  0.166098D+01  0.166349D+01 -0.162326D+03
  326.4983  0.160251D+01  0.159490D+01  0.491080D+03
  326.6498  0.162477D+01  0.161529D+01  0.584566D+03
  326.8013  0.170419D+01  0.170342D+01  0.498669D+02
  326.9526  0.172230D+01  0.171660D+01  0.367279D+03
  327.1039  0.163534D+01  0.164399D+01 -0.558477D+03
  327.2552  0.159989D+01  0.160167D+01 -0.114979D+03
  327.4064  0.163006D+01  0.164305D+01 -0.839021D+03
  327.5575  0.167125D+01  0.167400D+01 -0.177385D+03
  327.7085  0.164074D+01  0.164245D+01 -0.110796D+03
  327.8595  0.159045D+01  0.159817D+01 -0.498258D+03
  328.0103  0.157433D+01  0.157876D+01 -0.286061D+03
  328.1612  0.156909D+01  0.157813D+01 -0.584216D+03
  328.3120  0.158653D+01  0.157658D+01  0.642777D+03
  328.4626  0.157037D+01  0.156226D+01  0.523298D+03
  328.6133  0.149049D+01  0.148774D+01  0.177361D+03
   31 325.588 330.116 327.852  2.403D-01  0.000D+00 -3.106D-03  0.000D+00  1.001D+00  5.698D+02   300  5.327D-03
  325.5877  0.155190D+01  0.156523D+01 -0.860570D+03
  325.7397  0.166348D+01  0.167113D+01 -0.493760D+03
  325.8915  0.173362D+01  0.172411D+01  0.614118D+03
  326.0433  0.175045D+01  0.175132D+01 -0.565442D+02
  326.1951  0.174475D+01  0.172628D+01  0.119076D+04
  326.3467  0.166098D+01  0.166313D+01 -0.139139D+03
  326.4983  0.160251D+01  0.159809D+01  0.285470D+03
  326.6498  0.162477D+01  0.161945D+01  0.328215D+03
  326.8013  0.170419D+01  0.170088D+01  0.213896D+03
  326.9526  0.172230D+01  0.171144D+01  0.699532D+03
  327.1039  0.163534D+01  0.164207D+01 -0.434291D+03
  327.2552  0.159989D+01  0.160328D+01 -0.219163D+03
  327.4064  0.163006D+01  0.164194D+01 -0.767645D+03
  327.5575  0.167125D+01  0.167036D+01  0.577985D+02
  327.7085  0.164074D+01  0.164065D+01  0.577144D+01
  327.8595  0.159045D+01  0.159911D+01 -0.559145D+03
  328.0103  0.157433D+01  0.158144D+01 -0.458728D+03
  328.1612  0.156909D+01  0.158225D+01 -0.849987D+03
  328.3120  0.158653D+01  0.158266D+01  0.250218D+03
  328.4626  0.157037D+01  0.156814D+01  0.143948D+03
  328.6133  0.149049D+01  0.149690D+01 -0.413992D+03
  328.7639  0.143193D+01  0.142983D+01  0.135394D+03
  328.9143  0.151820D+01  0.151962D+01 -0.915876D+02
  329.0648  0.170088D+01  0.170071D+01  0.106791D+02
  329.2151  0.183258D+01  0.181206D+01  0.123717D+04
  329.3654  0.188038D+01  0.186905D+01  0.668456D+03
  329.5156  0.190312D+01  0.190298D+01  0.804894D+01
  329.6658  0.191797D+01  0.190857D+01  0.545930D+03
  329.8159  0.190913D+01  0.192186D+01 -0.740822D+03
  329.9659  0.198061D+01  0.196967D+01  0.607066D+03
  330.1158  0.198541D+01  0.200338D+01 -0.995464D+03
   31 327.104 331.612 329.358  2.381D-01  0.000D+00 -4.437D-03  0.000D+00  1.007D+00  5.788D+02   300  4.784D-03
  327.1039  0.163534D+01  0.163286D+01  0.160126D+03
  327.2552  0.159989D+01  0.159510D+01  0.308881D+03
  327.4064  0.163006D+01  0.163617D+01 -0.394863D+03
  327.5575  0.167125D+01  0.166565D+01  0.361675D+03
  327.7085  0.164074D+01  0.163616D+01  0.295821D+03
  327.8595  0.159045D+01  0.159551D+01 -0.326600D+03
  328.0103  0.157433D+01  0.157938D+01 -0.325690D+03
  328.1612  0.156909D+01  0.158159D+01 -0.807615D+03
  328.3120  0.158653D+01  0.158302D+01  0.226709D+03
  328.4626  0.157037D+01  0.156983D+01  0.347208D+02
  328.6133  0.149049D+01  0.149797D+01 -0.483125D+03
  328.7639  0.143193D+01  0.142985D+01  0.134362D+03
  328.9143  0.151820D+01  0.152254D+01 -0.280339D+03
  329.0648  0.170088D+01  0.170620D+01 -0.336656D+03
  329.2151  0.183258D+01  0.181601D+01  0.999451D+03
  329.3654  0.188038D+01  0.187152D+01  0.522537D+03
  329.5156  0.190312D+01  0.190414D+01 -0.595870D+02
  329.6658  0.191797D+01  0.190730D+01  0.619851D+03
  329.8159  0.190913D+01  0.191788D+01 -0.509288D+03
  329.9659  0.198061D+01  0.196324D+01  0.964158D+03
  330.1158  0.198541D+01  0.199389D+01 -0.469814D+03
  330.2657  0.190700D+01  0.189449D+01  0.715234D+03
  330.4156  0.174636D+01  0.174327D+01  0.190357D+03
  330.5653  0.158745D+01  0.161436D+01 -0.173824D+04
  330.7150  0.154230D+01  0.153400D+01  0.535833D+03
  330.8646  0.158528D+01  0.160170D+01 -0.105851D+04
  331.0142  0.171385D+01  0.171777D+01 -0.239501D+03
  331.1637  0.175317D+01  0.174633D+01  0.409605D+03
  331.3131  0.168637D+01  0.168774D+01 -0.836411D+02
  331.4625  0.161165D+01  0.161060D+01  0.659348D+02
  331.6117  0.162094D+01  0.161299D+01  0.494870D+03
   31 328.613 333.101 330.857  2.358D-01  0.000D+00 -1.796D-03  0.000D+00  1.003D+00  6.082D+02 10300  4.271D-03
  328.6133  0.149049D+01  0.149988D+01 -0.606772D+03
  328.7639  0.143193D+01  0.142882D+01  0.200735D+03
  328.9143  0.151820D+01  0.152026D+01 -0.133225D+03
  329.0648  0.170088D+01  0.170755D+01 -0.421539D+03
  329.2151  0.183258D+01  0.181867D+01  0.838646D+03
  329.3654  0.188038D+01  0.187357D+01  0.401820D+03
  329.5156  0.190312D+01  0.190678D+01 -0.213801D+03
  329.6658  0.191797D+01  0.190854D+01  0.547753D+03
  329.8159  0.190913D+01  0.191777D+01 -0.502754D+03
  329.9659  0.198061D+01  0.196157D+01  0.105676D+04
  330.1158  0.198541D+01  0.199474D+01 -0.516887D+03
  330.2657  0.190700D+01  0.189590D+01  0.634783D+03
  330.4156  0.174636D+01  0.174321D+01  0.193843D+03
  330.5653  0.158745D+01  0.161406D+01 -0.171846D+04
  330.7150  0.154230D+01  0.153045D+01  0.765384D+03
  330.8646  0.158528D+01  0.159798D+01 -0.818811D+03
  331.0142  0.171385D+01  0.171793D+01 -0.249211D+03
  331.1637  0.175317D+01  0.175000D+01  0.189718D+03
  331.3131  0.168637D+01  0.169453D+01 -0.499406D+03
  331.4625  0.161165D+01  0.161822D+01 -0.413210D+03
  331.6117  0.162094D+01  0.162292D+01 -0.122980D+03
  331.7610  0.170662D+01  0.171039D+01 -0.227193D+03
  331.9101  0.177453D+01  0.176641D+01  0.470709D+03
  332.0592  0.175027D+01  0.173298D+01  0.101165D+04
  332.2083  0.162867D+01  0.163114D+01 -0.151683D+03
  332.3572  0.155259D+01  0.154433D+01  0.517062D+03
  332.5061  0.160615D+01  0.160003D+01  0.374855D+03
  332.6549  0.170538D+01  0.170973D+01 -0.254162D+03
  332.8037  0.170966D+01  0.169752D+01  0.681538D+03
  332.9524  0.161754D+01  0.162532D+01 -0.468540D+03
  333.1010  0.162448D+01  0.163450D+01 -0.596894D+03
   31 330.116 334.584 332.350  2.347D-01  0.000D+00  1.713D-03  0.000D+00  1.001D+00  5.361D+02 10300  3.584D-03
  330.1158  0.198541D+01  0.198898D+01 -0.198165D+03
  330.2657  0.190700D+01  0.189290D+01  0.805898D+03
  330.4156  0.174636D+01  0.174023D+01  0.377208D+03
  330.5653  0.158745D+01  0.161175D+01 -0.156968D+04
  330.7150  0.154230D+01  0.152581D+01  0.106473D+04
  330.8646  0.158528D+01  0.159132D+01 -0.389615D+03
  331.0142  0.171385D+01  0.171396D+01 -0.716414D+01
  331.1637  0.175317D+01  0.174957D+01  0.215491D+03
  331.3131  0.168637D+01  0.169628D+01 -0.606998D+03
  331.4625  0.161165D+01  0.161955D+01 -0.497293D+03
  331.6117  0.162094D+01  0.162250D+01 -0.967315D+02
  331.7610  0.170662D+01  0.171073D+01 -0.247892D+03
  331.9101  0.177453D+01  0.176937D+01  0.299077D+03
  332.0592  0.175027D+01  0.173793D+01  0.722003D+03
  332.2083  0.162867D+01  0.163632D+01 -0.469475D+03
  332.3572  0.155259D+01  0.154567D+01  0.432848D+03
  332.5061  0.160615D+01  0.159733D+01  0.540548D+03
  332.6549  0.170538D+01  0.170810D+01 -0.158550D+03
  332.8037  0.170966D+01  0.169631D+01  0.749969D+03
  332.9524  0.161754D+01  0.161976D+01 -0.133815D+03
  333.1010  0.162448D+01  0.162304D+01  0.852617D+02
  333.2495  0.168709D+01  0.168974D+01 -0.120397D+03
  333.3981  0.169078D+01  0.168569D+01  0.290497D+03
  333.5465  0.155072D+01  0.156217D+01 -0.697646D+03
  333.6949  0.144961D+01  0.144795D+01  0.105568D+03
  333.8432  0.148221D+01  0.149388D+01 -0.730756D+03
  333.9914  0.159623D+01  0.160159D+01 -0.320538D+03
  334.1396  0.164316D+01  0.164318D+01 -0.872949D+00
  334.2877  0.167131D+01  0.166843D+01  0.163564D+03
  334.4358  0.174435D+01  0.174851D+01 -0.230132D+03
  334.5837  0.182969D+01  0.181886D+01  0.599835D+03
   23 331.612 334.880 333.246  2.328D-01  0.000D+00  5.560D-04  0.000D+00  1.002D+00  3.833D+02   300  3.104D-03
  331.6117  0.162094D+01  0.161962D+01  0.824219D+02
  331.7610  0.170662D+01  0.171203D+01 -0.325810D+03
  331.9101  0.177453D+01  0.177288D+01  0.958632D+02
  332.0592  0.175027D+01  0.174204D+01  0.481437D+03
  332.2083  0.162867D+01  0.163931D+01 -0.653407D+03
  332.3572  0.155259D+01  0.154762D+01  0.310992D+03
  332.5061  0.160615D+01  0.160160D+01  0.279051D+03
  332.6549  0.170538D+01  0.171405D+01 -0.505855D+03
  332.8037  0.170966D+01  0.169965D+01  0.561894D+03
  332.9524  0.161754D+01  0.162028D+01 -0.165095D+03
  333.1010  0.162448D+01  0.162355D+01  0.552731D+02
  333.2495  0.168709D+01  0.169097D+01 -0.176391D+03
  333.3981  0.169078D+01  0.168535D+01  0.309864D+03
  333.5465  0.155072D+01  0.155905D+01 -0.507755D+03
  333.6949  0.144961D+01  0.144292D+01  0.425124D+03
  333.8432  0.148221D+01  0.149117D+01 -0.561151D+03
  333.9914  0.159623D+01  0.159972D+01 -0.208474D+03
  334.1396  0.164316D+01  0.164072D+01  0.141674D+03
  334.2877  0.167131D+01  0.166625D+01  0.287438D+03
  334.4358  0.174435D+01  0.174876D+01 -0.244163D+03
  334.5837  0.182969D+01  0.182250D+01  0.398197D+03
  334.7316  0.180003D+01  0.179162D+01  0.465458D+03
  334.8795  0.163518D+01  0.164574D+01 -0.599668D+03
