 solar_fit_vary
           0
 T T
nw  fwave  lwave  avgwav    hwe     asym  shift    squeeze      sin      rms   exval  std
   31 263.633 274.304 268.968  4.000D-01  0.000D+00 -5.809D-02  0.000D+00  9.955D-01  2.525D+03 10304  2.382D-02
  263.6328  0.385152D+00  0.375166D+00  0.263721D+04
  264.0030  0.475284D+00  0.468901D+00  0.174318D+04
  264.3722  0.459299D+00  0.467266D+00 -0.217582D+04
  264.7401  0.360649D+00  0.384864D+00 -0.661326D+04
  265.1068  0.389436D+00  0.369447D+00  0.545900D+04
  265.4724  0.427563D+00  0.420470D+00  0.193717D+04
  265.8369  0.408646D+00  0.417994D+00 -0.255281D+04
  266.2003  0.369191D+00  0.375531D+00 -0.165663D+04
  266.5626  0.358147D+00  0.352257D+00  0.160845D+04
  266.9239  0.351660D+00  0.353654D+00 -0.567793D+03
  267.2841  0.364755D+00  0.367418D+00 -0.727172D+03
  267.6433  0.361786D+00  0.367992D+00 -0.169481D+04
  268.0016  0.341894D+00  0.341643D+00  0.772228D+02
  268.3589  0.350428D+00  0.344485D+00  0.170990D+04
  268.7151  0.341499D+00  0.339648D+00  0.575751D+03
  269.0705  0.329339D+00  0.328538D+00  0.287791D+03
  269.4250  0.327841D+00  0.328555D+00 -0.259728D+03
  269.7786  0.342719D+00  0.342447D+00  0.840491D+02
  270.1314  0.391316D+00  0.385818D+00  0.150131D+04
  270.4833  0.398602D+00  0.395383D+00  0.854608D+03
  270.8344  0.375500D+00  0.373687D+00  0.495045D+03
  271.1846  0.367366D+00  0.361235D+00  0.165971D+04
  271.5342  0.331531D+00  0.323291D+00  0.288420D+04
  271.8828  0.263974D+00  0.261507D+00  0.962711D+03
  272.2308  0.244904D+00  0.251389D+00 -0.262752D+04
  272.5780  0.281522D+00  0.297135D+00 -0.609124D+04
  272.9246  0.338737D+00  0.351049D+00 -0.381229D+04
  273.2703  0.332891D+00  0.332333D+00  0.189362D+03
  273.6154  0.267131D+00  0.261401D+00  0.223572D+04
  273.9599  0.215023D+00  0.209110D+00  0.266720D+04
  274.3037  0.187840D+00  0.186059D+00  0.810880D+03
   31 267.284 277.709 272.497  3.910D-01  0.000D+00  3.336D-03  0.000D+00  1.008D+00  1.173D+03   300  1.096D-02
  267.2841  0.364755D+00  0.354840D+00  0.270775D+04
  267.6433  0.361786D+00  0.368166D+00 -0.174220D+04
  268.0016  0.341894D+00  0.343196D+00 -0.400607D+03
  268.3589  0.350428D+00  0.345567D+00  0.139856D+04
  268.7151  0.341499D+00  0.346120D+00 -0.143752D+04
  269.0705  0.329339D+00  0.333102D+00 -0.135159D+04
  269.4250  0.327841D+00  0.333628D+00 -0.210515D+04
  269.7786  0.342719D+00  0.339944D+00  0.857018D+03
  270.1314  0.391316D+00  0.383317D+00  0.218442D+04
  270.4833  0.398602D+00  0.399829D+00 -0.325552D+03
  270.8344  0.375500D+00  0.377120D+00 -0.442432D+03
  271.1846  0.367366D+00  0.362793D+00  0.123811D+04
  271.5342  0.331531D+00  0.330451D+00  0.378102D+03
  271.8828  0.263974D+00  0.266804D+00 -0.110418D+04
  272.2308  0.244904D+00  0.241942D+00  0.119990D+04
  272.5780  0.281522D+00  0.280997D+00  0.204818D+03
  272.9246  0.338737D+00  0.337500D+00  0.383245D+03
  273.2703  0.332891D+00  0.335247D+00 -0.799697D+03
  273.6154  0.267131D+00  0.267241D+00 -0.428890D+02
  273.9599  0.215023D+00  0.211447D+00  0.161304D+04
  274.3037  0.187840D+00  0.185254D+00  0.117739D+04
  274.6469  0.181074D+00  0.181187D+00 -0.513275D+02
  274.9894  0.193613D+00  0.195806D+00 -0.997873D+03
  275.3313  0.235994D+00  0.235158D+00  0.339705D+03
  275.6726  0.260812D+00  0.263995D+00 -0.119274D+04
  276.0134  0.326206D+00  0.327067D+00 -0.293942D+03
  276.3536  0.351508D+00  0.355550D+00 -0.115422D+04
  276.6932  0.365512D+00  0.366760D+00 -0.341073D+03
  277.0323  0.362494D+00  0.365549D+00 -0.834511D+03
  277.3708  0.371437D+00  0.369509D+00  0.526425D+03
  277.7089  0.327836D+00  0.323840D+00  0.135416D+04
   31 270.834 281.064 275.949  3.823D-01  0.000D+00  7.000D-03  0.000D+00  9.984D-01  8.289D+02 10300  7.363D-03
  270.8344  0.375500D+00  0.377077D+00 -0.430649D+03
  271.1846  0.367366D+00  0.363613D+00  0.101607D+04
  271.5342  0.331531D+00  0.332083D+00 -0.193203D+03
  271.8828  0.263974D+00  0.267415D+00 -0.134239D+04
  272.2308  0.244904D+00  0.241303D+00  0.145847D+04
  272.5780  0.281522D+00  0.280766D+00  0.295101D+03
  272.9246  0.338737D+00  0.338632D+00  0.325380D+02
  273.2703  0.332891D+00  0.337523D+00 -0.157193D+04
  273.6154  0.267131D+00  0.268095D+00 -0.375956D+03
  273.9599  0.215023D+00  0.211749D+00  0.147690D+04
  274.3037  0.187840D+00  0.185180D+00  0.121082D+04
  274.6469  0.181074D+00  0.181075D+00 -0.344136D+00
  274.9894  0.193613D+00  0.194783D+00 -0.532439D+03
  275.3313  0.235994D+00  0.235218D+00  0.315223D+03
  275.6726  0.260812D+00  0.262148D+00 -0.500779D+03
  276.0134  0.326206D+00  0.326882D+00 -0.230758D+03
  276.3536  0.351508D+00  0.354632D+00 -0.892160D+03
  276.6932  0.365512D+00  0.366304D+00 -0.216454D+03
  277.0323  0.362494D+00  0.364322D+00 -0.499393D+03
  277.3708  0.371437D+00  0.369838D+00  0.436633D+03
  277.7089  0.327836D+00  0.324293D+00  0.120072D+04
  278.0465  0.263549D+00  0.262636D+00  0.335958D+03
  278.3835  0.242770D+00  0.243016D+00 -0.956115D+02
  278.7202  0.224367D+00  0.222977D+00  0.542287D+03
  279.0563  0.172626D+00  0.171286D+00  0.610143D+03
  279.3919  0.123107D+00  0.125223D+00 -0.110524D+04
  279.7271  0.103535D+00  0.107642D+00 -0.140230D+04
  280.0620  0.103245D+00  0.105430D+00 -0.746145D+03
  280.3963  0.116134D+00  0.118977D+00 -0.970644D+03
  280.7302  0.162472D+00  0.162923D+00 -0.146986D+03
  281.0638  0.227905D+00  0.224828D+00  0.926570D+03
   31 274.304 284.379 279.341  3.714D-01  0.000D+00  4.261D-03  0.000D+00  1.006D+00  9.716D+02 10300  9.740D-03
  274.3037  0.187840D+00  0.185959D+00  0.856540D+03
  274.6469  0.181074D+00  0.181577D+00 -0.229044D+03
  274.9894  0.193613D+00  0.194335D+00 -0.328417D+03
  275.3313  0.235994D+00  0.235891D+00  0.419367D+02
  275.6726  0.260812D+00  0.260535D+00  0.103967D+03
  276.0134  0.326206D+00  0.327649D+00 -0.492464D+03
  276.3536  0.351508D+00  0.353723D+00 -0.632591D+03
  276.6932  0.365512D+00  0.366010D+00 -0.136161D+03
  277.0323  0.362494D+00  0.363519D+00 -0.280110D+03
  277.3708  0.371437D+00  0.370871D+00  0.154424D+03
  277.7089  0.327836D+00  0.324481D+00  0.113690D+04
  278.0465  0.263549D+00  0.261966D+00  0.582210D+03
  278.3835  0.242770D+00  0.243964D+00 -0.464134D+03
  278.7202  0.224367D+00  0.224555D+00 -0.733663D+02
  279.0563  0.172626D+00  0.171575D+00  0.478624D+03
  279.3919  0.123107D+00  0.125014D+00 -0.996244D+03
  279.7271  0.103535D+00  0.107918D+00 -0.149634D+04
  280.0620  0.103245D+00  0.105621D+00 -0.811167D+03
  280.3963  0.116134D+00  0.118820D+00 -0.917193D+03
  280.7302  0.162472D+00  0.162940D+00 -0.152576D+03
  281.0638  0.227905D+00  0.224405D+00  0.105397D+04
  281.3969  0.293850D+00  0.288144D+00  0.160802D+04
  281.7297  0.358837D+00  0.355400D+00  0.938530D+03
  282.0621  0.405025D+00  0.404670D+00  0.971485D+02
  282.3941  0.434117D+00  0.431799D+00  0.633148D+03
  282.7258  0.450576D+00  0.447798D+00  0.758668D+03
  283.0571  0.478713D+00  0.483456D+00 -0.129521D+04
  283.3880  0.473504D+00  0.485255D+00 -0.320917D+04
  283.7186  0.460735D+00  0.461640D+00 -0.247234D+03
  284.0489  0.457053D+00  0.451529D+00  0.150866D+04
  284.3788  0.405137D+00  0.401693D+00  0.940567D+03
   31 277.709 287.661 282.685  3.667D-01  0.000D+00 -4.535D-03  0.000D+00  1.006D+00  9.403D+02 10300  7.468D-03
  277.7089  0.327836D+00  0.325128D+00  0.917887D+03
  278.0465  0.263549D+00  0.262711D+00  0.308331D+03
  278.3835  0.242770D+00  0.245954D+00 -0.123802D+04
  278.7202  0.224367D+00  0.225742D+00 -0.536295D+03
  279.0563  0.172626D+00  0.171224D+00  0.637996D+03
  279.3919  0.123107D+00  0.124743D+00 -0.854508D+03
  279.7271  0.103535D+00  0.108100D+00 -0.155851D+04
  280.0620  0.103245D+00  0.105917D+00 -0.912211D+03
  280.3963  0.116134D+00  0.119326D+00 -0.108983D+04
  280.7302  0.162472D+00  0.164216D+00 -0.568450D+03
  281.0638  0.227905D+00  0.225372D+00  0.762858D+03
  281.3969  0.293850D+00  0.288725D+00  0.144424D+04
  281.7297  0.358837D+00  0.355213D+00  0.989603D+03
  282.0621  0.405025D+00  0.403478D+00  0.422703D+03
  282.3941  0.434117D+00  0.429718D+00  0.120138D+04
  282.7258  0.450576D+00  0.445766D+00  0.131350D+04
  283.0571  0.478713D+00  0.482666D+00 -0.107947D+04
  283.3880  0.473504D+00  0.483906D+00 -0.284071D+04
  283.7186  0.460735D+00  0.461871D+00 -0.310194D+03
  284.0489  0.457053D+00  0.453919D+00  0.855753D+03
  284.3788  0.405137D+00  0.404835D+00  0.824390D+02
  284.7085  0.313609D+00  0.314356D+00 -0.215662D+03
  285.0378  0.192835D+00  0.190759D+00  0.679555D+03
  285.3668  0.152212D+00  0.152432D+00 -0.752009D+02
  285.6955  0.254415D+00  0.256082D+00 -0.486484D+03
  286.0238  0.404058D+00  0.404803D+00 -0.203439D+03
  286.3520  0.498441D+00  0.495594D+00  0.777590D+03
  286.6797  0.514536D+00  0.513712D+00  0.225036D+03
  287.0073  0.533666D+00  0.535369D+00 -0.465126D+03
  287.3345  0.570469D+00  0.570653D+00 -0.503951D+02
  287.6614  0.516671D+00  0.516312D+00  0.980847D+02
   31 281.064 290.916 285.990  3.636D-01  0.000D+00  2.636D-04  0.000D+00  9.979D-01  7.998D+02   300  4.534D-03
  281.0638  0.227905D+00  0.228884D+00 -0.294629D+03
  281.3969  0.293850D+00  0.291690D+00  0.608657D+03
  281.7297  0.358837D+00  0.357915D+00  0.251787D+03
  282.0621  0.405025D+00  0.405514D+00 -0.133322D+03
  282.3941  0.434117D+00  0.431088D+00  0.827149D+03
  282.7258  0.450576D+00  0.445796D+00  0.130548D+04
  283.0571  0.478713D+00  0.482383D+00 -0.100217D+04
  283.3880  0.473504D+00  0.483994D+00 -0.286488D+04
  283.7186  0.460735D+00  0.461073D+00 -0.922498D+02
  284.0489  0.457053D+00  0.453811D+00  0.885431D+03
  284.3788  0.405137D+00  0.405325D+00 -0.513428D+02
  284.7085  0.313609D+00  0.315922D+00 -0.668175D+03
  285.0378  0.192835D+00  0.191698D+00  0.372313D+03
  285.3668  0.152212D+00  0.150992D+00  0.416312D+03
  285.6955  0.254415D+00  0.253656D+00  0.221424D+03
  286.0238  0.404058D+00  0.403169D+00  0.242791D+03
  286.3520  0.498441D+00  0.495169D+00  0.893645D+03
  286.6797  0.514536D+00  0.513395D+00  0.311740D+03
  287.0073  0.533666D+00  0.533659D+00  0.198423D+01
  287.3345  0.570469D+00  0.569822D+00  0.176493D+03
  287.6614  0.516671D+00  0.515663D+00  0.275439D+03
  287.9881  0.403692D+00  0.403545D+00  0.402435D+02
  288.3145  0.384705D+00  0.386919D+00 -0.604566D+03
  288.6406  0.537875D+00  0.534970D+00  0.793482D+03
  288.9664  0.603779D+00  0.600853D+00  0.799198D+03
  289.2920  0.631914D+00  0.634180D+00 -0.618812D+03
  289.6173  0.727449D+00  0.731532D+00 -0.111514D+04
  289.9423  0.849791D+00  0.852449D+00 -0.726100D+03
  290.2671  0.927691D+00  0.928330D+00 -0.174551D+03
  290.5916  0.933844D+00  0.934501D+00 -0.179527D+03
  290.9158  0.890803D+00  0.886830D+00  0.108499D+04
   31 284.379 294.143 289.261  3.505D-01  0.000D+00  2.278D-03  0.000D+00  9.998D-01  1.074D+03 10300  4.585D-03
  284.3788  0.405137D+00  0.406069D+00 -0.254398D+03
  284.7085  0.313609D+00  0.317946D+00 -0.125291D+04
  285.0378  0.192835D+00  0.190617D+00  0.726025D+03
  285.3668  0.152212D+00  0.147408D+00  0.163995D+04
  285.6955  0.254415D+00  0.252370D+00  0.596642D+03
  286.0238  0.404058D+00  0.404666D+00 -0.165904D+03
  286.3520  0.498441D+00  0.497514D+00  0.253358D+03
  286.6797  0.514536D+00  0.514164D+00  0.101755D+03
  287.0073  0.533666D+00  0.532668D+00  0.272506D+03
  287.3345  0.570469D+00  0.572569D+00 -0.573628D+03
  287.6614  0.516671D+00  0.517487D+00 -0.222795D+03
  287.9881  0.403692D+00  0.402084D+00  0.439241D+03
  288.3145  0.384705D+00  0.380705D+00  0.109265D+04
  288.6406  0.537875D+00  0.536779D+00  0.299322D+03
  288.9664  0.603779D+00  0.600678D+00  0.846886D+03
  289.2920  0.631914D+00  0.631381D+00  0.145444D+03
  289.6173  0.727449D+00  0.730201D+00 -0.751481D+03
  289.9423  0.849791D+00  0.853649D+00 -0.105362D+04
  290.2671  0.927691D+00  0.931503D+00 -0.104105D+04
  290.5916  0.933844D+00  0.940117D+00 -0.171319D+04
  290.9158  0.890803D+00  0.891232D+00 -0.117137D+03
  291.2397  0.899619D+00  0.890982D+00  0.235903D+04
  291.5634  0.882203D+00  0.872950D+00  0.252718D+04
  291.8868  0.843405D+00  0.843236D+00  0.463681D+02
  292.2099  0.828344D+00  0.831166D+00 -0.770541D+03
  292.5328  0.748847D+00  0.753523D+00 -0.127724D+04
  292.8554  0.736860D+00  0.742318D+00 -0.149057D+04
  293.1777  0.866660D+00  0.864147D+00  0.686367D+03
  293.4997  0.879003D+00  0.871630D+00  0.201364D+04
  293.8214  0.742791D+00  0.745465D+00 -0.730302D+03
  294.1429  0.756270D+00  0.759064D+00 -0.763207D+03
   31 287.661 297.341 292.501  3.385D-01  0.000D+00  3.209D-03  0.000D+00  9.977D-01  1.131D+03 10300  4.089D-03
  287.6614  0.516671D+00  0.521177D+00 -0.123053D+04
  287.9881  0.403692D+00  0.402084D+00  0.439137D+03
  288.3145  0.384705D+00  0.376082D+00  0.235500D+04
  288.6406  0.537875D+00  0.539779D+00 -0.519965D+03
  288.9664  0.603779D+00  0.601086D+00  0.735482D+03
  289.2920  0.631914D+00  0.629092D+00  0.770564D+03
  289.6173  0.727449D+00  0.728695D+00 -0.340235D+03
  289.9423  0.849791D+00  0.853241D+00 -0.942366D+03
  290.2671  0.927691D+00  0.931354D+00 -0.100036D+04
  290.5916  0.933844D+00  0.940687D+00 -0.186904D+04
  290.9158  0.890803D+00  0.888705D+00  0.572996D+03
  291.2397  0.899619D+00  0.891083D+00  0.233128D+04
  291.5634  0.882203D+00  0.872957D+00  0.252524D+04
  291.8868  0.843405D+00  0.842239D+00  0.318600D+03
  292.2099  0.828344D+00  0.833687D+00 -0.145899D+04
  292.5328  0.748847D+00  0.752618D+00 -0.102988D+04
  292.8554  0.736860D+00  0.739000D+00 -0.584402D+03
  293.1777  0.866660D+00  0.867910D+00 -0.341169D+03
  293.4997  0.879003D+00  0.876893D+00  0.576354D+03
  293.8214  0.742791D+00  0.742046D+00  0.203335D+03
  294.1429  0.756270D+00  0.759321D+00 -0.833305D+03
  294.4641  0.818793D+00  0.819674D+00 -0.240629D+03
  294.7849  0.751366D+00  0.755202D+00 -0.104757D+04
  295.1055  0.768281D+00  0.771888D+00 -0.809390D+03
  295.4258  0.854854D+00  0.848430D+00  0.175444D+04
  295.7457  0.864205D+00  0.862631D+00  0.429623D+03
  296.0653  0.913180D+00  0.912639D+00  0.147701D+03
  296.3847  0.868462D+00  0.863957D+00  0.123033D+04
  296.7036  0.655846D+00  0.660767D+00 -0.134416D+04
  297.0223  0.625910D+00  0.627082D+00 -0.320061D+03
  297.3407  0.722565D+00  0.723349D+00 -0.214136D+03
   31 290.916 300.504 295.710  3.211D-01  0.000D+00  4.356D-03  0.000D+00  1.003D+00  5.039D+03   304  1.197D-02
  290.9158  0.890803D+00  0.904336D+00 -0.369597D+04
  291.2397  0.899619D+00  0.902367D+00 -0.750312D+03
  291.5634  0.882203D+00  0.877482D+00  0.128943D+04
  291.8868  0.843405D+00  0.839818D+00  0.979828D+03
  292.2099  0.828344D+00  0.832559D+00 -0.115098D+04
  292.5328  0.748847D+00  0.744617D+00  0.115528D+04
  292.8554  0.736860D+00  0.725369D+00  0.313824D+04
  293.1777  0.866660D+00  0.862052D+00  0.125843D+04
  293.4997  0.879003D+00  0.873043D+00  0.162771D+04
  293.8214  0.742791D+00  0.728144D+00  0.400013D+04
  294.1429  0.756270D+00  0.751505D+00  0.130132D+04
  294.4641  0.818793D+00  0.819328D+00 -0.145883D+03
  294.7849  0.751366D+00  0.749684D+00  0.459329D+03
  295.1055  0.768281D+00  0.769574D+00 -0.290028D+03
  295.4258  0.854854D+00  0.853704D+00  0.313969D+03
  295.7457  0.864205D+00  0.867005D+00 -0.764947D+03
  296.0653  0.913180D+00  0.925567D+00 -0.338300D+04
  296.3847  0.868462D+00  0.886095D+00 -0.481576D+04
  296.7036  0.655846D+00  0.667000D+00 -0.304642D+04
  297.0223  0.625910D+00  0.640071D+00 -0.386756D+04
  297.3407  0.722565D+00  0.739333D+00 -0.457945D+04
  297.6586  0.927146D+00  0.947410D+00 -0.553427D+04
  297.9762  0.920930D+00  0.925966D+00 -0.137515D+04
  298.2935  0.648462D+00  0.645098D+00  0.918949D+03
  298.6104  0.572205D+00  0.561463D+00  0.293381D+04
  298.9270  0.774910D+00  0.738019D+00  0.100751D+05
  299.2431  0.865541D+00  0.807295D+00  0.159076D+05
  299.5589  0.777520D+00  0.744364D+00  0.905505D+04
  299.8742  0.754191D+00  0.764290D+00 -0.275790D+04
  300.1892  0.568181D+00  0.595684D+00 -0.751118D+04
  300.5037  0.635655D+00  0.674471D+00 -0.106008D+05
   31 294.143 303.624 298.883  3.214D-01  0.000D+00  1.863D-04  0.000D+00  1.005D+00  6.872D+03 10000  1.603D-02
  294.1429  0.756270D+00  0.738349D+00  0.489435D+04
  294.4641  0.818793D+00  0.811493D+00  0.199379D+04
  294.7849  0.751366D+00  0.746143D+00  0.142632D+04
  295.1055  0.768281D+00  0.772876D+00 -0.103124D+04
  295.4258  0.854854D+00  0.857779D+00 -0.798842D+03
  295.7457  0.864205D+00  0.872906D+00 -0.237640D+04
  296.0653  0.913180D+00  0.931631D+00 -0.503902D+04
  296.3847  0.868462D+00  0.887944D+00 -0.532074D+04
  296.7036  0.655846D+00  0.666787D+00 -0.298814D+04
  297.0223  0.625910D+00  0.640684D+00 -0.403496D+04
  297.3407  0.722565D+00  0.738974D+00 -0.448125D+04
  297.6586  0.927146D+00  0.943104D+00 -0.435831D+04
  297.9762  0.920930D+00  0.913304D+00  0.208281D+04
  298.2935  0.648462D+00  0.633404D+00  0.411262D+04
  298.6104  0.572205D+00  0.553457D+00  0.512024D+04
  298.9270  0.774910D+00  0.726913D+00  0.131081D+05
  299.2431  0.865541D+00  0.790174D+00  0.205834D+05
  299.5589  0.777520D+00  0.729958D+00  0.129893D+05
  299.8742  0.754191D+00  0.748048D+00  0.167790D+04
  300.1892  0.568181D+00  0.584805D+00 -0.454004D+04
  300.5037  0.635655D+00  0.667977D+00 -0.882726D+04
  300.8178  0.689450D+00  0.731194D+00 -0.114006D+05
  301.1314  0.758879D+00  0.801063D+00 -0.115206D+05
  301.4447  0.827455D+00  0.857479D+00 -0.819959D+04
  301.7574  0.715179D+00  0.728394D+00 -0.360897D+04
  302.0697  0.555407D+00  0.552070D+00  0.911265D+03
  302.3815  0.703740D+00  0.695840D+00  0.215765D+04
  302.6928  0.888503D+00  0.870548D+00  0.490361D+04
  303.0036  0.101424D+01  0.991535D+00  0.456190D+04
  303.3138  0.106644D+01  0.105747D+01  0.155517D+04
  303.6236  0.103707D+01  0.103768D+01 -0.116326D+03
   31 297.341 306.689 302.015  3.233D-01  0.000D+00  2.646D-03  0.000D+00  9.961D-01  7.214D+03 10000  1.633D-02
  297.3407  0.722565D+00  0.750880D+00 -0.773304D+04
  297.6586  0.927146D+00  0.952035D+00 -0.679747D+04
  297.9762  0.920930D+00  0.921119D+00 -0.515151D+02
  298.2935  0.648462D+00  0.639149D+00  0.254353D+04
  298.6104  0.572205D+00  0.555583D+00  0.453965D+04
  298.9270  0.774910D+00  0.726546D+00  0.132084D+05
  299.2431  0.865541D+00  0.791875D+00  0.201190D+05
  299.5589  0.777520D+00  0.732085D+00  0.124087D+05
  299.8742  0.754191D+00  0.750434D+00  0.102601D+04
  300.1892  0.568181D+00  0.589183D+00 -0.573584D+04
  300.5037  0.635655D+00  0.670429D+00 -0.949694D+04
  300.8178  0.689450D+00  0.736411D+00 -0.128255D+05
  301.1314  0.758879D+00  0.806518D+00 -0.130106D+05
  301.4447  0.827455D+00  0.864417D+00 -0.100945D+05
  301.7574  0.715179D+00  0.736372D+00 -0.578781D+04
  302.0697  0.555407D+00  0.558598D+00 -0.871478D+03
  302.3815  0.703740D+00  0.699092D+00  0.126948D+04
  302.6928  0.888503D+00  0.873775D+00  0.402219D+04
  303.0036  0.101424D+01  0.992924D+00  0.428274D+04
  303.3138  0.106644D+01  0.105432D+01  0.210190D+04
  303.6236  0.103707D+01  0.103024D+01  0.129316D+04
  303.9328  0.898812D+00  0.889230D+00  0.261700D+04
  304.2414  0.927858D+00  0.909470D+00  0.483075D+04
  304.5495  0.101145D+01  0.996559D+00  0.273256D+04
  304.8570  0.989681D+00  0.957496D+00  0.606753D+04
  305.1638  0.108807D+01  0.106953D+01  0.253234D+04
  305.4701  0.102862D+01  0.104115D+01 -0.196345D+04
  305.7757  0.805817D+00  0.815842D+00 -0.273790D+04
  306.0807  0.830864D+00  0.833806D+00 -0.776357D+03
  306.3850  0.937453D+00  0.957078D+00 -0.282318D+04
  306.6887  0.866537D+00  0.886844D+00 -0.312356D+04
   31 300.504 309.684 305.094  3.258D-01  0.000D+00 -1.011D-02  0.000D+00  1.019D+00  1.698D+03 10300  5.536D-03
  300.5037  0.635655D+00  0.618568D+00  0.466671D+04
  300.8178  0.689450D+00  0.689805D+00 -0.969535D+02
  301.1314  0.758879D+00  0.773056D+00 -0.387175D+04
  301.4447  0.827455D+00  0.835524D+00 -0.220353D+04
  301.7574  0.715179D+00  0.713293D+00  0.515261D+03
  302.0697  0.555407D+00  0.554724D+00  0.186419D+03
  302.3815  0.703740D+00  0.707408D+00 -0.100160D+04
  302.6928  0.888503D+00  0.885672D+00  0.772961D+03
  303.0036  0.101424D+01  0.100561D+01  0.173484D+04
  303.3138  0.106644D+01  0.107118D+01 -0.823613D+03
  303.6236  0.103707D+01  0.103849D+01 -0.269517D+03
  303.9328  0.898812D+00  0.900869D+00 -0.561633D+03
  304.2414  0.927858D+00  0.926382D+00  0.387646D+03
  304.5495  0.101145D+01  0.100779D+01  0.671803D+03
  304.8570  0.989681D+00  0.967609D+00  0.416100D+04
  305.1638  0.108807D+01  0.107938D+01  0.118686D+04
  305.4701  0.102862D+01  0.103367D+01 -0.790939D+03
  305.7757  0.805817D+00  0.807519D+00 -0.464710D+03
  306.0807  0.830864D+00  0.835770D+00 -0.129479D+04
  306.3850  0.937453D+00  0.943154D+00 -0.820128D+03
  306.6887  0.866537D+00  0.872222D+00 -0.874464D+03
  306.9916  0.964103D+00  0.961642D+00  0.336017D+03
  307.2938  0.103993D+01  0.103222D+01  0.105241D+04
  307.5953  0.100900D+01  0.100956D+01 -0.758577D+02
  307.8961  0.102580D+01  0.102826D+01 -0.335428D+03
  308.1961  0.990390D+00  0.100543D+01 -0.205325D+04
  308.4953  0.103309D+01  0.104828D+01 -0.207519D+04
  308.7937  0.103328D+01  0.101920D+01  0.192308D+04
  309.0913  0.862450D+00  0.853089D+00  0.127834D+04
  309.3881  0.758264D+00  0.765276D+00 -0.957453D+03
  309.6840  0.802745D+00  0.789533D+00  0.154012D+04
   22 303.624 309.979 306.801  3.241D-01  0.000D+00 -9.065D-03  0.000D+00  1.001D+00  1.253D+03 10000  5.578D-03
  303.6236  0.103707D+01  0.103720D+01 -0.240927D+02
  303.9328  0.898812D+00  0.901241D+00 -0.663317D+03
  304.2414  0.927858D+00  0.928401D+00 -0.142590D+03
  304.5495  0.101145D+01  0.101236D+01 -0.167707D+03
  304.8570  0.989681D+00  0.970797D+00  0.356009D+04
  305.1638  0.108807D+01  0.108376D+01  0.588836D+03
  305.4701  0.102862D+01  0.103812D+01 -0.148792D+04
  305.7757  0.805817D+00  0.808681D+00 -0.782130D+03
  306.0807  0.830864D+00  0.835219D+00 -0.114929D+04
  306.3850  0.937453D+00  0.943019D+00 -0.800611D+03
  306.6887  0.866537D+00  0.869301D+00 -0.425100D+03
  306.9916  0.964103D+00  0.957570D+00  0.892178D+03
  307.2938  0.103993D+01  0.102747D+01  0.170099D+04
  307.5953  0.100900D+01  0.100375D+01  0.717239D+03
  307.8961  0.102580D+01  0.102278D+01  0.413343D+03
  308.1961  0.990390D+00  0.100027D+01 -0.134873D+04
  308.4953  0.103309D+01  0.104475D+01 -0.159315D+04
  308.7937  0.103328D+01  0.101914D+01  0.193193D+04
  309.0913  0.862450D+00  0.855622D+00  0.932408D+03
  309.3881  0.758264D+00  0.770241D+00 -0.163550D+04
  309.6840  0.802745D+00  0.800514D+00  0.260073D+03
  309.9791  0.733699D+00  0.734440D+00 -0.688720D+02
   31 310.021 314.768 312.395  2.328D-01  0.000D+00  5.821D-03  0.000D+00  1.010D+00  1.269D+03   300  6.649D-03
  310.0215  0.781349D+00  0.803039D+00 -0.166924D+04
  310.1808  0.760323D+00  0.752097D+00  0.635066D+03
  310.3401  0.936818D+00  0.953457D+00 -0.128343D+04
  310.4993  0.119483D+01  0.120968D+01 -0.101552D+04
  310.6584  0.134739D+01  0.133628D+01  0.726111D+03
  310.8174  0.141994D+01  0.141463D+01  0.347360D+03
  310.9763  0.144283D+01  0.143409D+01  0.592977D+03
  311.1353  0.142556D+01  0.138837D+01  0.267952D+04
  311.2940  0.139523D+01  0.137328D+01  0.167709D+04
  311.4527  0.137769D+01  0.134633D+01  0.242247D+04
  311.6114  0.126465D+01  0.127216D+01 -0.580309D+03
  311.7699  0.113075D+01  0.115099D+01 -0.145309D+04
  311.9284  0.100989D+01  0.103581D+01 -0.241219D+04
  312.0868  0.963371D+00  0.985968D+00 -0.218198D+04
  312.2451  0.100583D+01  0.101507D+01 -0.861170D+03
  312.4034  0.107992D+01  0.109873D+01 -0.160632D+04
  312.5615  0.110557D+01  0.111649D+01 -0.904322D+03
  312.7196  0.109879D+01  0.109442D+01  0.362138D+03
  312.8776  0.111350D+01  0.111617D+01 -0.214966D+03
  313.0356  0.113415D+01  0.112567D+01  0.660712D+03
  313.1934  0.111433D+01  0.110398D+01  0.819872D+03
  313.3512  0.108253D+01  0.107508D+01  0.611209D+03
  313.5089  0.109206D+01  0.107931D+01  0.103496D+04
  313.6665  0.115482D+01  0.114756D+01  0.560832D+03
  313.8240  0.126769D+01  0.125743D+01  0.792652D+03
  313.9815  0.133431D+01  0.133140D+01  0.225429D+03
  314.1389  0.131861D+01  0.130542D+01  0.101888D+04
  314.2962  0.111778D+01  0.114152D+01 -0.189319D+04
  314.4534  0.904825D+00  0.895817D+00  0.868494D+03
  314.6106  0.843182D+00  0.851216D+00 -0.775816D+03
  314.7676  0.100525D+01  0.101159D+01 -0.548478D+03
   31 311.611 316.334 313.973  2.361D-01  0.000D+00  1.422D-03  0.000D+00  1.003D+00  7.173D+02 10300  3.913D-03
  311.6114  0.126465D+01  0.124268D+01  0.169688D+04
  311.7699  0.113075D+01  0.112740D+01  0.240366D+03
  311.9284  0.100989D+01  0.101949D+01 -0.893143D+03
  312.0868  0.963371D+00  0.975203D+00 -0.114256D+04
  312.2451  0.100583D+01  0.100888D+01 -0.284100D+03
  312.4034  0.107992D+01  0.109252D+01 -0.107611D+04
  312.5615  0.110557D+01  0.111070D+01 -0.425163D+03
  312.7196  0.109879D+01  0.109347D+01  0.440336D+03
  312.8776  0.111350D+01  0.111709D+01 -0.289352D+03
  313.0356  0.113415D+01  0.112694D+01  0.561789D+03
  313.1934  0.111433D+01  0.110653D+01  0.618244D+03
  313.3512  0.108253D+01  0.107938D+01  0.258060D+03
  313.5089  0.109206D+01  0.108619D+01  0.476572D+03
  313.6665  0.115482D+01  0.115601D+01 -0.915802D+02
  313.8240  0.126769D+01  0.126485D+01  0.219350D+03
  313.9815  0.133431D+01  0.133459D+01 -0.212002D+02
  314.1389  0.131861D+01  0.130274D+01  0.122587D+04
  314.2962  0.111778D+01  0.113243D+01 -0.116824D+04
  314.4534  0.904825D+00  0.891686D+00  0.126676D+04
  314.6106  0.843182D+00  0.851575D+00 -0.810465D+03
  314.7676  0.100525D+01  0.100621D+01 -0.827151D+02
  314.9247  0.116836D+01  0.116405D+01  0.335756D+03
  315.0816  0.123396D+01  0.123698D+01 -0.232698D+03
  315.2384  0.123972D+01  0.123996D+01 -0.187260D+02
  315.3952  0.121338D+01  0.122244D+01 -0.700515D+03
  315.5519  0.115224D+01  0.115511D+01 -0.221078D+03
  315.7086  0.991689D+00  0.100333D+01 -0.925885D+03
  315.8651  0.827062D+00  0.823378D+00  0.355684D+03
  316.0215  0.746268D+00  0.753674D+00 -0.715048D+03
  316.1780  0.824291D+00  0.817852D+00  0.621813D+03
  316.3343  0.959448D+00  0.952188D+00  0.664658D+03
   31 313.193 318.049 315.621  2.386D-01  0.000D+00  9.977D-04  0.000D+00  1.009D+00  5.602D+02   300  2.810D-03
  313.1934  0.111433D+01  0.111048D+01  0.305199D+03
  313.3512  0.108253D+01  0.108402D+01 -0.122317D+03
  313.5089  0.109206D+01  0.109172D+01  0.269508D+02
  313.6665  0.115482D+01  0.116130D+01 -0.499990D+03
  313.8240  0.126769D+01  0.126872D+01 -0.792107D+02
  313.9815  0.133431D+01  0.133706D+01 -0.212466D+03
  314.1389  0.131861D+01  0.130334D+01  0.117999D+04
  314.2962  0.111778D+01  0.113177D+01 -0.111569D+04
  314.4534  0.904825D+00  0.894257D+00  0.101888D+04
  314.6106  0.843182D+00  0.853709D+00 -0.101654D+04
  314.7676  0.100525D+01  0.100510D+01  0.133733D+02
  314.9247  0.116836D+01  0.116087D+01  0.582561D+03
  315.0816  0.123396D+01  0.123271D+01  0.968394D+02
  315.2384  0.123972D+01  0.123609D+01  0.280179D+03
  315.3952  0.121338D+01  0.121798D+01 -0.355727D+03
  315.5519  0.115224D+01  0.115035D+01  0.146403D+03
  315.7086  0.991689D+00  0.999879D+00 -0.651343D+03
  315.8651  0.827062D+00  0.823624D+00  0.331996D+03
  316.0215  0.746268D+00  0.755389D+00 -0.880620D+03
  316.1780  0.824291D+00  0.820580D+00  0.358381D+03
  316.3343  0.959448D+00  0.956300D+00  0.288154D+03
  316.4905  0.106091D+01  0.106079D+01  0.101613D+02
  316.6467  0.111689D+01  0.110834D+01  0.660646D+03
  316.8028  0.114080D+01  0.115251D+01 -0.904781D+03
  316.9588  0.123087D+01  0.122448D+01  0.493538D+03
  317.1147  0.135789D+01  0.136244D+01 -0.351204D+03
  317.2706  0.147060D+01  0.147122D+01 -0.471441D+02
  317.4264  0.146740D+01  0.146892D+01 -0.115872D+03
  317.5822  0.144622D+01  0.143563D+01  0.815134D+03
  317.7378  0.137095D+01  0.137687D+01 -0.457338D+03
  318.0488  0.971903D+00  0.972077D+00 -0.150785D+02
   31 314.768 319.600 317.184  2.385D-01  0.000D+00 -1.688D-04  0.000D+00  1.010D+00  4.620D+02 10300  2.597D-03
  314.7676  0.100525D+01  0.101048D+01 -0.452198D+03
  314.9247  0.116836D+01  0.116459D+01  0.293260D+03
  315.0816  0.123396D+01  0.123425D+01 -0.223869D+02
  315.2384  0.123972D+01  0.123609D+01  0.280345D+03
  315.3952  0.121338D+01  0.121687D+01 -0.269910D+03
  315.5519  0.115224D+01  0.114815D+01  0.316218D+03
  315.7086  0.991689D+00  0.996902D+00 -0.414610D+03
  315.8651  0.827062D+00  0.821095D+00  0.576132D+03
  316.0215  0.746268D+00  0.754055D+00 -0.751860D+03
  316.1780  0.824291D+00  0.820108D+00  0.403945D+03
  316.3343  0.959448D+00  0.956078D+00  0.308519D+03
  316.4905  0.106091D+01  0.106025D+01  0.539723D+02
  316.6467  0.111689D+01  0.110792D+01  0.692689D+03
  316.8028  0.114080D+01  0.115260D+01 -0.911895D+03
  316.9588  0.123087D+01  0.122545D+01  0.419070D+03
  317.1147  0.135789D+01  0.136428D+01 -0.494047D+03
  317.2706  0.147060D+01  0.147295D+01 -0.178112D+03
  317.4264  0.146740D+01  0.147031D+01 -0.222158D+03
  317.5822  0.144622D+01  0.143723D+01  0.691656D+03
  317.7378  0.137095D+01  0.137787D+01 -0.534201D+03
  318.0488  0.971903D+00  0.971662D+00  0.208658D+02
  318.2043  0.889616D+00  0.897551D+00 -0.753563D+03
  318.3596  0.949510D+00  0.946436D+00  0.268438D+03
  318.5149  0.104890D+01  0.104506D+01  0.301198D+03
  318.6701  0.114422D+01  0.114802D+01 -0.293969D+03
  318.8252  0.126208D+01  0.125118D+01  0.841952D+03
  318.9803  0.132014D+01  0.131830D+01  0.142051D+03
  319.1353  0.121952D+01  0.122029D+01 -0.589129D+02
  319.2902  0.104323D+01  0.103677D+01  0.516424D+03
  319.4450  0.997587D+00  0.100388D+01 -0.523519D+03
  319.5997  0.109053D+01  0.109415D+01 -0.278754D+03
   31 316.334 321.143 318.739  2.387D-01  0.000D+00 -5.198D-04  0.000D+00  1.010D+00  5.510D+02 10000  3.306D-03
  316.3343  0.959448D+00  0.957808D+00  0.150086D+03
  316.4905  0.106091D+01  0.106161D+01 -0.568098D+02
  316.6467  0.111689D+01  0.110892D+01  0.615851D+03
  316.8028  0.114080D+01  0.115323D+01 -0.960039D+03
  316.9588  0.123087D+01  0.122580D+01  0.391830D+03
  317.1147  0.135789D+01  0.136410D+01 -0.479413D+03
  317.2706  0.147060D+01  0.147189D+01 -0.976089D+02
  317.4264  0.146740D+01  0.146869D+01 -0.984819D+02
  317.5822  0.144622D+01  0.143530D+01  0.840184D+03
  317.7378  0.137095D+01  0.137542D+01 -0.344776D+03
  318.0488  0.971903D+00  0.969926D+00  0.171092D+03
  318.2043  0.889616D+00  0.896358D+00 -0.640284D+03
  318.3596  0.949510D+00  0.945547D+00  0.346126D+03
  318.5149  0.104890D+01  0.104450D+01  0.345650D+03
  318.6701  0.114422D+01  0.114804D+01 -0.295126D+03
  318.8252  0.126208D+01  0.125213D+01  0.768832D+03
  318.9803  0.132014D+01  0.132016D+01 -0.189147D+01
  319.1353  0.121952D+01  0.122309D+01 -0.275286D+03
  319.2902  0.104323D+01  0.104093D+01  0.183760D+03
  319.4450  0.997587D+00  0.100994D+01 -0.102816D+04
  319.5997  0.109053D+01  0.110284D+01 -0.949666D+03
  319.7544  0.123006D+01  0.121321D+01  0.130146D+04
  319.9090  0.131421D+01  0.132027D+01 -0.468483D+03
  320.0636  0.136687D+01  0.135505D+01  0.912805D+03
  320.2180  0.136617D+01  0.136982D+01 -0.281414D+03
  320.3725  0.143051D+01  0.143105D+01 -0.406561D+02
  320.5267  0.148506D+01  0.149195D+01 -0.488894D+03
  320.6810  0.150164D+01  0.149623D+01  0.381466D+03
  320.8352  0.140256D+01  0.140595D+01 -0.252337D+03
  320.9893  0.123873D+01  0.123400D+01  0.365652D+03
  321.1433  0.106782D+01  0.106981D+01 -0.154077D+03
   31 318.049 322.680 320.364  2.377D-01  0.000D+00 -6.936D-04  0.000D+00  1.004D+00  5.687D+02 10300  3.772D-03
  318.0488  0.971903D+00  0.968956D+00  0.254993D+03
  318.2043  0.889616D+00  0.896068D+00 -0.612709D+03
  318.3596  0.949510D+00  0.945990D+00  0.307417D+03
  318.5149  0.104890D+01  0.104538D+01  0.276533D+03
  318.6701  0.114422D+01  0.114897D+01 -0.367390D+03
  318.8252  0.126208D+01  0.125317D+01  0.688131D+03
  318.9803  0.132014D+01  0.132189D+01 -0.135081D+03
  319.1353  0.121952D+01  0.122396D+01 -0.343068D+03
  319.2902  0.104323D+01  0.104017D+01  0.244991D+03
  319.4450  0.997587D+00  0.100949D+01 -0.990109D+03
  319.5997  0.109053D+01  0.110283D+01 -0.948921D+03
  319.7544  0.123006D+01  0.121288D+01  0.132686D+04
  319.9090  0.131421D+01  0.132010D+01 -0.455177D+03
  320.0636  0.136687D+01  0.135421D+01  0.977749D+03
  320.2180  0.136617D+01  0.136848D+01 -0.178188D+03
  320.3725  0.143051D+01  0.142988D+01  0.465140D+02
  320.5267  0.148506D+01  0.149105D+01 -0.424905D+03
  320.6810  0.150164D+01  0.149550D+01  0.433114D+03
  320.8352  0.140256D+01  0.140547D+01 -0.217266D+03
  320.9893  0.123873D+01  0.123342D+01  0.410535D+03
  321.1433  0.106782D+01  0.106944D+01 -0.125751D+03
  321.2973  0.977594D+00  0.984309D+00 -0.541062D+03
  321.4512  0.990963D+00  0.990473D+00  0.388111D+02
  321.6050  0.106739D+01  0.107544D+01 -0.621991D+03
  321.7587  0.120123D+01  0.119518D+01  0.466952D+03
  321.9124  0.131854D+01  0.131622D+01  0.179357D+03
  322.0660  0.136662D+01  0.136578D+01  0.628870D+02
  322.2195  0.129395D+01  0.129606D+01 -0.163441D+03
  322.3730  0.122435D+01  0.121629D+01  0.622175D+03
  322.5264  0.115388D+01  0.116923D+01 -0.118585D+04
  322.6796  0.108832D+01  0.107995D+01  0.646008D+03
   31 319.600 324.209 321.904  2.397D-01  0.000D+00 -1.394D-03  0.000D+00  9.930D-01  5.721D+02   300  4.670D-03
  319.5997  0.109053D+01  0.110447D+01 -0.107555D+04
  319.7544  0.123006D+01  0.121482D+01  0.117699D+04
  319.9090  0.131421D+01  0.132092D+01 -0.518490D+03
  320.0636  0.136687D+01  0.135533D+01  0.891182D+03
  320.2180  0.136617D+01  0.137032D+01 -0.319951D+03
  320.3725  0.143051D+01  0.143119D+01 -0.507681D+02
  320.5267  0.148506D+01  0.149134D+01 -0.445410D+03
  320.6810  0.150164D+01  0.149492D+01  0.474149D+03
  320.8352  0.140256D+01  0.140414D+01 -0.117589D+03
  320.9893  0.123873D+01  0.123266D+01  0.468992D+03
  321.1433  0.106782D+01  0.106951D+01 -0.130759D+03
  321.2973  0.977594D+00  0.984702D+00 -0.572717D+03
  321.4512  0.990963D+00  0.991128D+00 -0.130844D+02
  321.6050  0.106739D+01  0.107576D+01 -0.646107D+03
  321.7587  0.120123D+01  0.119541D+01  0.449224D+03
  321.9124  0.131854D+01  0.131552D+01  0.232954D+03
  322.0660  0.136662D+01  0.136416D+01  0.185060D+03
  322.2195  0.129395D+01  0.129565D+01 -0.131140D+03
  322.3730  0.122435D+01  0.121696D+01  0.570314D+03
  322.5264  0.115388D+01  0.116911D+01 -0.117616D+04
  322.6796  0.108832D+01  0.108062D+01  0.594961D+03
  322.8329  0.975769D+00  0.987626D+00 -0.931888D+03
  322.9861  0.963109D+00  0.963424D+00 -0.253144D+02
  323.1392  0.104776D+01  0.104362D+01  0.319926D+03
  323.2922  0.112442D+01  0.112622D+01 -0.139179D+03
  323.4452  0.111705D+01  0.110805D+01  0.694866D+03
  323.5981  0.107234D+01  0.107358D+01 -0.958935D+02
  323.7509  0.111135D+01  0.110944D+01  0.147335D+03
  323.9036  0.118180D+01  0.118314D+01 -0.103815D+03
  324.0563  0.127338D+01  0.126374D+01  0.744671D+03
  324.2089  0.131521D+01  0.132522D+01 -0.758687D+03
   31 321.143 325.731 323.437  2.387D-01  0.000D+00 -4.628D-03  0.000D+00  9.927D-01  4.911D+02 10300  4.254D-03
  321.1433  0.106782D+01  0.106365D+01  0.322355D+03
  321.2973  0.977594D+00  0.981070D+00 -0.280064D+03
  321.4512  0.990963D+00  0.989792D+00  0.927863D+02
  321.6050  0.106739D+01  0.107604D+01 -0.667814D+03
  321.7587  0.120123D+01  0.119642D+01  0.371648D+03
  321.9124  0.131854D+01  0.131685D+01  0.130325D+03
  322.0660  0.136662D+01  0.136391D+01  0.204102D+03
  322.2195  0.129395D+01  0.129388D+01  0.556475D+01
  322.3730  0.122435D+01  0.121639D+01  0.614348D+03
  322.5264  0.115388D+01  0.116940D+01 -0.119873D+04
  322.6796  0.108832D+01  0.107998D+01  0.643959D+03
  322.8329  0.975769D+00  0.987487D+00 -0.920914D+03
  322.9861  0.963109D+00  0.965219D+00 -0.169699D+03
  323.1392  0.104776D+01  0.104768D+01  0.628539D+01
  323.2922  0.112442D+01  0.112917D+01 -0.366712D+03
  323.4452  0.111705D+01  0.110810D+01  0.691547D+03
  323.5981  0.107234D+01  0.107355D+01 -0.934022D+02
  323.7509  0.111135D+01  0.110997D+01  0.106473D+03
  323.9036  0.118180D+01  0.118269D+01 -0.690754D+02
  324.0563  0.127338D+01  0.126135D+01  0.929170D+03
  324.2089  0.131521D+01  0.131941D+01 -0.318255D+03
  324.3615  0.133928D+01  0.133324D+01  0.445272D+03
  324.5139  0.135989D+01  0.135520D+01  0.339929D+03
  324.6663  0.135599D+01  0.136291D+01 -0.500507D+03
  324.8186  0.130030D+01  0.129541D+01  0.368537D+03
  324.9709  0.123615D+01  0.124338D+01 -0.558702D+03
  325.1230  0.125797D+01  0.126610D+01 -0.618320D+03
  325.2751  0.131817D+01  0.132446D+01 -0.457973D+03
  325.4272  0.141827D+01  0.141452D+01  0.255997D+03
  325.5792  0.154917D+01  0.155076D+01 -0.102384D+03
  325.7311  0.166686D+01  0.165903D+01  0.504119D+03
   31 322.680 327.246 324.963  2.358D-01  0.000D+00 -2.241D-03  0.000D+00  9.990D-01  5.454D+02   300  4.702D-03
  322.6796  0.108832D+01  0.108446D+01  0.298022D+03
  322.8329  0.975769D+00  0.988941D+00 -0.103522D+04
  322.9861  0.963109D+00  0.963460D+00 -0.282488D+02
  323.1392  0.104776D+01  0.104576D+01  0.154049D+03
  323.2922  0.112442D+01  0.113003D+01 -0.433622D+03
  323.4452  0.111705D+01  0.110795D+01  0.702858D+03
  323.5981  0.107234D+01  0.107110D+01  0.957708D+02
  323.7509  0.111135D+01  0.110715D+01  0.323929D+03
  323.9036  0.118180D+01  0.118028D+01  0.117142D+03
  324.0563  0.127338D+01  0.125937D+01  0.108218D+04
  324.2089  0.131521D+01  0.131892D+01 -0.281532D+03
  324.3615  0.133928D+01  0.133255D+01  0.496606D+03
  324.5139  0.135989D+01  0.135577D+01  0.298778D+03
  324.6663  0.135599D+01  0.136622D+01 -0.739511D+03
  324.8186  0.130030D+01  0.129892D+01  0.104341D+03
  324.9709  0.123615D+01  0.124549D+01 -0.721547D+03
  325.1230  0.125797D+01  0.126922D+01 -0.856104D+03
  325.2751  0.131817D+01  0.132862D+01 -0.761318D+03
  325.4272  0.141827D+01  0.141936D+01 -0.740480D+02
  325.5792  0.154917D+01  0.155887D+01 -0.624921D+03
  325.7311  0.166686D+01  0.167141D+01 -0.292274D+03
  325.8829  0.173918D+01  0.172632D+01  0.828352D+03
  326.0347  0.175797D+01  0.175849D+01 -0.334250D+02
  326.1864  0.175312D+01  0.173728D+01  0.101974D+04
  326.3380  0.167678D+01  0.167649D+01  0.188752D+02
  326.4896  0.161333D+01  0.160692D+01  0.412619D+03
  326.6411  0.163115D+01  0.162179D+01  0.602237D+03
  326.7925  0.170461D+01  0.170854D+01 -0.253121D+03
  326.9438  0.172733D+01  0.172562D+01  0.110001D+03
  327.0951  0.164532D+01  0.165499D+01 -0.622867D+03
  327.2463  0.160493D+01  0.160819D+01 -0.209896D+03
   31 324.209 328.755 326.482  2.386D-01  0.000D+00  2.268D-03  0.000D+00  1.005D+00  5.350D+02 10300  5.177D-03
  324.2089  0.131521D+01  0.131176D+01  0.261632D+03
  324.3615  0.133928D+01  0.132911D+01  0.750189D+03
  324.5139  0.135989D+01  0.135251D+01  0.534947D+03
  324.6663  0.135599D+01  0.136522D+01 -0.667187D+03
  324.8186  0.130030D+01  0.130173D+01 -0.108090D+03
  324.9709  0.123615D+01  0.124804D+01 -0.918392D+03
  325.1230  0.125797D+01  0.126944D+01 -0.872428D+03
  325.2751  0.131817D+01  0.132839D+01 -0.744656D+03
  325.4272  0.141827D+01  0.141787D+01  0.275741D+02
  325.5792  0.154917D+01  0.155517D+01 -0.386481D+03
  325.7311  0.166686D+01  0.166844D+01 -0.101296D+03
  325.8829  0.173918D+01  0.172472D+01  0.931084D+03
  326.0347  0.175797D+01  0.175638D+01  0.102415D+03
  326.1864  0.175312D+01  0.173672D+01  0.105548D+04
  326.3380  0.167678D+01  0.167634D+01  0.283825D+02
  326.4896  0.161333D+01  0.160715D+01  0.397514D+03
  326.6411  0.163115D+01  0.161816D+01  0.836087D+03
  326.7925  0.170461D+01  0.170240D+01  0.142027D+03
  326.9438  0.172733D+01  0.172252D+01  0.309518D+03
  327.0951  0.164532D+01  0.165550D+01 -0.655391D+03
  327.2463  0.160493D+01  0.160847D+01 -0.227485D+03
  327.3975  0.163399D+01  0.164337D+01 -0.604046D+03
  327.5486  0.167629D+01  0.167694D+01 -0.416797D+02
  327.6996  0.165045D+01  0.165071D+01 -0.164811D+02
  327.8505  0.159913D+01  0.160734D+01 -0.528082D+03
  328.0013  0.158177D+01  0.158597D+01 -0.269921D+03
  328.1522  0.157797D+01  0.158589D+01 -0.509848D+03
  328.3029  0.159321D+01  0.158639D+01  0.439578D+03
  328.4536  0.157842D+01  0.157496D+01  0.222930D+03
  328.6042  0.150405D+01  0.150851D+01 -0.287448D+03
  328.7547  0.144118D+01  0.143100D+01  0.655337D+03
   31 325.731 330.256 327.994  2.429D-01  0.000D+00 -3.802D-03  0.000D+00  1.005D+00  4.939D+02   300  4.687D-03
  325.7311  0.166686D+01  0.168201D+01 -0.975216D+03
  325.8829  0.173918D+01  0.173554D+01  0.234481D+03
  326.0347  0.175797D+01  0.176205D+01 -0.262226D+03
  326.1864  0.175312D+01  0.173850D+01  0.940718D+03
  326.3380  0.167678D+01  0.167524D+01  0.992208D+02
  326.4896  0.161333D+01  0.160844D+01  0.314425D+03
  326.6411  0.163115D+01  0.162298D+01  0.525998D+03
  326.7925  0.170461D+01  0.170243D+01  0.140134D+03
  326.9438  0.172733D+01  0.171782D+01  0.611987D+03
  327.0951  0.164532D+01  0.165161D+01 -0.405020D+03
  327.2463  0.160493D+01  0.160951D+01 -0.294914D+03
  327.3975  0.163399D+01  0.164417D+01 -0.655286D+03
  327.5486  0.167629D+01  0.167472D+01  0.100798D+03
  327.6996  0.165045D+01  0.164851D+01  0.124805D+03
  327.8505  0.159913D+01  0.160709D+01 -0.511968D+03
  328.0013  0.158177D+01  0.158780D+01 -0.387795D+03
  328.1522  0.157797D+01  0.158833D+01 -0.667190D+03
  328.3029  0.159321D+01  0.158934D+01  0.249440D+03
  328.4536  0.157842D+01  0.157603D+01  0.154368D+03
  328.6042  0.150405D+01  0.150880D+01 -0.305906D+03
  328.7547  0.144118D+01  0.143949D+01  0.108329D+03
  328.9052  0.151554D+01  0.151918D+01 -0.233849D+03
  329.0556  0.169691D+01  0.169845D+01 -0.971218D+02
  329.2059  0.183297D+01  0.181585D+01  0.101194D+04
  329.3562  0.188597D+01  0.187496D+01  0.632135D+03
  329.5064  0.190768D+01  0.190992D+01 -0.126943D+03
  329.6565  0.192611D+01  0.191641D+01  0.544524D+03
  329.8065  0.191762D+01  0.192795D+01 -0.576456D+03
  329.9565  0.198283D+01  0.197239D+01  0.576223D+03
  330.1065  0.199290D+01  0.200689D+01 -0.771819D+03
  330.2563  0.191887D+01  0.192050D+01 -0.906540D+02
   31 327.246 331.751 329.499  2.397D-01  0.000D+00 -4.501D-03  0.000D+00  1.012D+00  5.152D+02   300  4.273D-03
  327.2463  0.160493D+01  0.159928D+01  0.363879D+03
  327.3975  0.163399D+01  0.163794D+01 -0.254667D+03
  327.5486  0.167629D+01  0.167101D+01  0.339829D+03
  327.6996  0.165045D+01  0.164513D+01  0.342927D+03
  327.8505  0.159913D+01  0.160464D+01 -0.354736D+03
  328.0013  0.158177D+01  0.158669D+01 -0.316167D+03
  328.1522  0.157797D+01  0.158871D+01 -0.691516D+03
  328.3029  0.159321D+01  0.159053D+01  0.172774D+03
  328.4536  0.157842D+01  0.157892D+01 -0.317237D+02
  328.6042  0.150405D+01  0.151074D+01 -0.431266D+03
  328.7547  0.144118D+01  0.143855D+01  0.168956D+03
  328.9052  0.151554D+01  0.152028D+01 -0.304648D+03
  329.0556  0.169691D+01  0.170301D+01 -0.384456D+03
  329.2059  0.183297D+01  0.181913D+01  0.818307D+03
  329.3562  0.188597D+01  0.187636D+01  0.551627D+03
  329.5064  0.190768D+01  0.191072D+01 -0.171782D+03
  329.6565  0.192611D+01  0.191468D+01  0.642125D+03
  329.8065  0.191762D+01  0.192408D+01 -0.360643D+03
  329.9565  0.198283D+01  0.196688D+01  0.880467D+03
  330.1065  0.199290D+01  0.200121D+01 -0.458310D+03
  330.2563  0.191887D+01  0.191047D+01  0.467377D+03
  330.4061  0.176661D+01  0.175890D+01  0.449150D+03
  330.5558  0.160659D+01  0.162842D+01 -0.136548D+04
  330.7055  0.155092D+01  0.154289D+01  0.515003D+03
  330.8551  0.158717D+01  0.160169D+01 -0.912498D+03
  331.0046  0.171323D+01  0.172009D+01 -0.406547D+03
  331.1541  0.176370D+01  0.175621D+01  0.434849D+03
  331.3035  0.169918D+01  0.170295D+01 -0.224436D+03
  331.4528  0.162211D+01  0.162544D+01 -0.204493D+03
  331.6021  0.162788D+01  0.162268D+01  0.317646D+03
  331.7513  0.170887D+01  0.170239D+01  0.381930D+03
   31 328.755 333.240 330.997  2.373D-01  0.000D+00  9.028D-04  0.000D+00  1.007D+00  5.471D+02   300  3.977D-03
  328.7547  0.144118D+01  0.144513D+01 -0.254344D+03
  328.9052  0.151554D+01  0.152003D+01 -0.288563D+03
  329.0556  0.169691D+01  0.170466D+01 -0.488563D+03
  329.2059  0.183297D+01  0.182254D+01  0.616738D+03
  329.3562  0.188597D+01  0.187852D+01  0.427746D+03
  329.5064  0.190768D+01  0.191272D+01 -0.284903D+03
  329.6565  0.192611D+01  0.191516D+01  0.615161D+03
  329.8065  0.191762D+01  0.192237D+01 -0.265313D+03
  329.9565  0.198283D+01  0.196277D+01  0.110716D+04
  330.1065  0.199290D+01  0.200083D+01 -0.437632D+03
  330.2563  0.191887D+01  0.191342D+01  0.303425D+03
  330.4061  0.176661D+01  0.176047D+01  0.357881D+03
  330.5558  0.160659D+01  0.162987D+01 -0.145625D+04
  330.7055  0.155092D+01  0.153952D+01  0.730530D+03
  330.8551  0.158717D+01  0.159523D+01 -0.506663D+03
  331.0046  0.171323D+01  0.171784D+01 -0.273356D+03
  331.1541  0.176370D+01  0.175969D+01  0.232709D+03
  331.3035  0.169918D+01  0.171043D+01 -0.670390D+03
  331.4528  0.162211D+01  0.163289D+01 -0.661331D+03
  331.6021  0.162788D+01  0.162955D+01 -0.101672D+03
  331.7513  0.170887D+01  0.171381D+01 -0.291213D+03
  331.9004  0.178367D+01  0.177616D+01  0.420946D+03
  332.0495  0.176243D+01  0.175014D+01  0.695323D+03
  332.1985  0.164845D+01  0.165228D+01 -0.225888D+03
  332.3474  0.156666D+01  0.155875D+01  0.480998D+03
  332.4962  0.161202D+01  0.160090D+01  0.664012D+03
  332.6450  0.171199D+01  0.171310D+01 -0.628244D+02
  332.7938  0.172292D+01  0.171212D+01  0.603686D+03
  332.9424  0.163272D+01  0.163780D+01 -0.296491D+03
  333.0911  0.163294D+01  0.163620D+01 -0.189735D+03
  333.2396  0.169418D+01  0.170325D+01 -0.512174D+03
   31 330.256 334.721 332.489  2.356D-01  0.000D+00  2.725D-03  0.000D+00  1.007D+00  5.194D+02 10300  3.627D-03
  330.2563  0.191887D+01  0.191048D+01  0.466771D+03
  330.4061  0.176661D+01  0.175775D+01  0.516081D+03
  330.5558  0.160659D+01  0.162810D+01 -0.134557D+04
  330.7055  0.155092D+01  0.153615D+01  0.946935D+03
  330.8551  0.158717D+01  0.159142D+01 -0.267130D+03
  331.0046  0.171323D+01  0.171649D+01 -0.193384D+03
  331.1541  0.176370D+01  0.176037D+01  0.193291D+03
  331.3035  0.169918D+01  0.171187D+01 -0.755783D+03
  331.4528  0.162211D+01  0.163341D+01 -0.693512D+03
  331.6021  0.162788D+01  0.162889D+01 -0.615429D+02
  331.7513  0.170887D+01  0.171412D+01 -0.309150D+03
  331.9004  0.178367D+01  0.177804D+01  0.315292D+03
  332.0495  0.176243D+01  0.175277D+01  0.546549D+03
  332.1985  0.164845D+01  0.165448D+01 -0.355629D+03
  332.3474  0.156666D+01  0.155795D+01  0.530109D+03
  332.4962  0.161202D+01  0.159809D+01  0.831601D+03
  332.6450  0.171199D+01  0.171185D+01  0.790236D+01
  332.7938  0.172292D+01  0.171071D+01  0.682578D+03
  332.9424  0.163272D+01  0.163316D+01 -0.260197D+02
  333.0911  0.163294D+01  0.162835D+01  0.266774D+03
  333.2396  0.169418D+01  0.169431D+01 -0.763493D+01
  333.3881  0.170240D+01  0.169872D+01  0.204206D+03
  333.5364  0.156837D+01  0.158189D+01 -0.797495D+03
  333.6848  0.145981D+01  0.146001D+01 -0.121079D+02
  333.8331  0.148190D+01  0.149419D+01 -0.764910D+03
  333.9813  0.159637D+01  0.160351D+01 -0.421518D+03
  334.1295  0.164944D+01  0.165095D+01 -0.865768D+02
  334.2775  0.167510D+01  0.167488D+01  0.123891D+02
  334.4255  0.174836D+01  0.175187D+01 -0.193841D+03
  334.5735  0.183016D+01  0.182743D+01  0.150586D+03
  334.7214  0.181526D+01  0.180484D+01  0.575292D+03
   22 331.751 334.869 333.310  2.345D-01  0.000D+00 -5.596D-04  0.000D+00  1.007D+00  3.577D+02 10000  3.096D-03
  331.7513  0.170887D+01  0.171341D+01 -0.267389D+03
  331.9004  0.178367D+01  0.178022D+01  0.192980D+03
  332.0495  0.176243D+01  0.175589D+01  0.370279D+03
  332.1985  0.164845D+01  0.165762D+01 -0.541109D+03
  332.3474  0.156666D+01  0.156246D+01  0.255604D+03
  332.4962  0.161202D+01  0.160681D+01  0.311132D+03
  332.6450  0.171199D+01  0.172097D+01 -0.506843D+03
  332.7938  0.172292D+01  0.171522D+01  0.430201D+03
  332.9424  0.163272D+01  0.163536D+01 -0.154356D+03
  333.0911  0.163294D+01  0.163141D+01  0.885066D+02
  333.2396  0.169418D+01  0.169673D+01 -0.144419D+03
  333.3881  0.170240D+01  0.169707D+01  0.295707D+03
  333.5364  0.156837D+01  0.157591D+01 -0.444643D+03
  333.6848  0.145981D+01  0.145413D+01  0.354994D+03
  333.8331  0.148190D+01  0.149131D+01 -0.586019D+03
  333.9813  0.159637D+01  0.160020D+01 -0.226024D+03
  334.1295  0.164944D+01  0.164550D+01  0.226961D+03
  334.2775  0.167510D+01  0.166997D+01  0.290563D+03
  334.4255  0.174836D+01  0.174976D+01 -0.772903D+02
  334.5735  0.183016D+01  0.182709D+01  0.169866D+03
  334.7214  0.181526D+01  0.180552D+01  0.537543D+03
  334.8692  0.165602D+01  0.166645D+01 -0.595658D+03
