 solar_fit_vary
           0
 T T
nw  fwave  lwave  avgwav    hwe     asym  shift    squeeze      sin      rms   exval  std
   31 263.751 274.427 269.089  4.263D-01  0.000D+00 -1.479D-02  0.000D+00  9.954D-01  3.700D+03 10300  3.666D-02
  263.7512  0.353697D+00  0.395341D+00 -0.111401D+05
  264.1221  0.504827D+00  0.470470D+00  0.940778D+04
  264.4917  0.438966D+00  0.449603D+00 -0.291275D+04
  264.8601  0.375958D+00  0.376479D+00 -0.142835D+03
  265.2273  0.420670D+00  0.382830D+00  0.103615D+05
  265.5934  0.432962D+00  0.425466D+00  0.205281D+04
  265.9583  0.398057D+00  0.411919D+00 -0.379575D+04
  266.3220  0.363812D+00  0.372064D+00 -0.225947D+04
  266.6846  0.357137D+00  0.355259D+00  0.514258D+03
  267.0461  0.350757D+00  0.358993D+00 -0.235834D+04
  267.4066  0.370245D+00  0.372909D+00 -0.729623D+03
  267.7660  0.347507D+00  0.363261D+00 -0.460274D+04
  268.1245  0.344216D+00  0.343498D+00  0.213389D+03
  268.4819  0.348872D+00  0.345636D+00  0.938093D+03
  268.8384  0.332480D+00  0.336632D+00 -0.141611D+04
  269.1939  0.330152D+00  0.328760D+00  0.486356D+03
  269.5485  0.325307D+00  0.328436D+00 -0.112423D+04
  269.9022  0.362084D+00  0.351037D+00  0.302510D+04
  270.2550  0.398023D+00  0.387455D+00  0.289377D+04
  270.6069  0.388118D+00  0.386657D+00  0.399896D+03
  270.9580  0.369788D+00  0.366946D+00  0.778208D+03
  271.3083  0.358592D+00  0.349820D+00  0.240189D+04
  271.6577  0.307166D+00  0.304210D+00  0.111916D+04
  272.0064  0.245134D+00  0.251336D+00 -0.253787D+04
  272.3543  0.255153D+00  0.256790D+00 -0.641094D+03
  272.7015  0.299874D+00  0.305925D+00 -0.231179D+04
  273.0479  0.347250D+00  0.345692D+00  0.455906D+03
  273.3936  0.308058D+00  0.310821D+00 -0.101556D+04
  273.7387  0.244633D+00  0.244623D+00  0.429807D+01
  274.0830  0.202708D+00  0.200242D+00  0.112532D+04
  274.4267  0.184110D+00  0.183151D+00  0.437981D+03
   31 267.407 277.830 272.619  3.959D-01  0.000D+00 -1.960D-03  0.000D+00  1.004D+00  1.379D+03 10300  1.492D-02
  267.4066  0.370245D+00  0.360366D+00  0.270491D+04
  267.7660  0.347507D+00  0.357541D+00 -0.293173D+04
  268.1245  0.344216D+00  0.338693D+00  0.164237D+04
  268.4819  0.348872D+00  0.346402D+00  0.715942D+03
  268.8384  0.332480D+00  0.339134D+00 -0.226941D+04
  269.1939  0.330152D+00  0.331549D+00 -0.487961D+03
  269.5485  0.325307D+00  0.331299D+00 -0.215299D+04
  269.9022  0.362084D+00  0.352848D+00  0.252904D+04
  270.2550  0.398023D+00  0.393643D+00  0.119943D+04
  270.6069  0.388118D+00  0.392417D+00 -0.117738D+04
  270.9580  0.369788D+00  0.368916D+00  0.238601D+03
  271.3083  0.358592D+00  0.354120D+00  0.122439D+04
  271.6577  0.307166D+00  0.307487D+00 -0.121697D+03
  272.0064  0.245134D+00  0.247846D+00 -0.110948D+04
  272.3543  0.255153D+00  0.251665D+00  0.136591D+04
  272.7015  0.299874D+00  0.300758D+00 -0.337646D+03
  273.0479  0.347250D+00  0.346362D+00  0.260029D+03
  273.3936  0.308058D+00  0.310889D+00 -0.104040D+04
  273.7387  0.244633D+00  0.242409D+00  0.878567D+03
  274.0830  0.202708D+00  0.197843D+00  0.222000D+04
  274.4267  0.184110D+00  0.181234D+00  0.131262D+04
  274.7697  0.180760D+00  0.182330D+00 -0.716344D+03
  275.1121  0.209987D+00  0.209972D+00  0.677232D+01
  275.4539  0.242899D+00  0.243004D+00 -0.409609D+02
  275.7951  0.281199D+00  0.285578D+00 -0.170273D+04
  276.1357  0.339071D+00  0.340370D+00 -0.398088D+03
  276.4757  0.357670D+00  0.360568D+00 -0.793492D+03
  276.8152  0.362251D+00  0.364057D+00 -0.494522D+03
  277.1542  0.365669D+00  0.368290D+00 -0.717528D+03
  277.4926  0.362047D+00  0.358104D+00  0.107977D+04
  277.8305  0.300873D+00  0.297857D+00  0.103227D+04
   31 270.958 281.184 276.071  3.851D-01  0.000D+00  5.106D-03  0.000D+00  9.950D-01  9.208D+02 10300  9.422D-03
  270.9580  0.369788D+00  0.368863D+00  0.253200D+03
  271.3083  0.358592D+00  0.355768D+00  0.773113D+03
  271.6577  0.307166D+00  0.309609D+00 -0.925234D+03
  272.0064  0.245134D+00  0.247689D+00 -0.104541D+04
  272.3543  0.255153D+00  0.250843D+00  0.168799D+04
  272.7015  0.299874D+00  0.299965D+00 -0.348845D+02
  273.0479  0.347250D+00  0.348613D+00 -0.398743D+03
  273.3936  0.308058D+00  0.313405D+00 -0.196510D+04
  273.7387  0.244633D+00  0.243581D+00  0.415762D+03
  274.0830  0.202708D+00  0.198197D+00  0.205852D+04
  274.4267  0.184110D+00  0.181331D+00  0.126858D+04
  274.7697  0.180760D+00  0.181776D+00 -0.463833D+03
  275.1121  0.209987D+00  0.209001D+00  0.447030D+03
  275.4539  0.242899D+00  0.242477D+00  0.165518D+03
  275.7951  0.281199D+00  0.283551D+00 -0.914498D+03
  276.1357  0.339071D+00  0.340278D+00 -0.369820D+03
  276.4757  0.357670D+00  0.360070D+00 -0.657179D+03
  276.8152  0.362251D+00  0.363397D+00 -0.313793D+03
  277.1542  0.365669D+00  0.367388D+00 -0.470687D+03
  277.4926  0.362047D+00  0.359206D+00  0.777931D+03
  277.8305  0.300873D+00  0.298030D+00  0.972793D+03
  278.1679  0.250965D+00  0.251137D+00 -0.646819D+02
  278.5048  0.239146D+00  0.238610D+00  0.209103D+03
  278.8412  0.208331D+00  0.206312D+00  0.789735D+03
  279.1772  0.151582D+00  0.151257D+00  0.148663D+03
  279.5127  0.112329D+00  0.116060D+00 -0.127578D+04
  279.8477  0.101576D+00  0.105399D+00 -0.131101D+04
  280.1824  0.104929D+00  0.107978D+00 -0.105230D+04
  280.5166  0.127898D+00  0.131045D+00 -0.107717D+04
  280.8504  0.186035D+00  0.185472D+00  0.179812D+03
  281.1838  0.250398D+00  0.247528D+00  0.851297D+03
   31 274.427 284.498 279.462  3.673D-01  0.000D+00  4.748D-03  0.000D+00  1.004D+00  9.571D+02   304  1.323D-02
  274.4267  0.184110D+00  0.182388D+00  0.786132D+03
  274.7697  0.180760D+00  0.181716D+00 -0.436125D+03
  275.1121  0.209987D+00  0.209050D+00  0.424463D+03
  275.4539  0.242899D+00  0.242434D+00  0.182391D+03
  275.7951  0.281199D+00  0.282169D+00 -0.377005D+03
  276.1357  0.339071D+00  0.340930D+00 -0.569612D+03
  276.4757  0.357670D+00  0.359823D+00 -0.589285D+03
  276.8152  0.362251D+00  0.362538D+00 -0.785326D+02
  277.1542  0.365669D+00  0.367216D+00 -0.423617D+03
  277.4926  0.362047D+00  0.361168D+00  0.240625D+03
  277.8305  0.300873D+00  0.297544D+00  0.113945D+04
  278.1679  0.250965D+00  0.250282D+00  0.256776D+03
  278.5048  0.239146D+00  0.240085D+00 -0.367069D+03
  278.8412  0.208331D+00  0.207740D+00  0.231239D+03
  279.1772  0.151582D+00  0.151020D+00  0.256775D+03
  279.5127  0.112329D+00  0.115660D+00 -0.113929D+04
  279.8477  0.101576D+00  0.105350D+00 -0.129444D+04
  280.1824  0.104929D+00  0.107591D+00 -0.918536D+03
  280.5166  0.127898D+00  0.129855D+00 -0.669826D+03
  280.8504  0.186035D+00  0.184704D+00  0.424594D+03
  281.1838  0.250398D+00  0.245140D+00  0.155963D+04
  281.5168  0.318503D+00  0.312989D+00  0.154794D+04
  281.8494  0.375915D+00  0.374632D+00  0.351474D+03
  282.1816  0.416758D+00  0.416577D+00  0.495479D+02
  282.5135  0.438145D+00  0.435784D+00  0.646554D+03
  282.8451  0.459490D+00  0.458126D+00  0.373544D+03
  283.1762  0.482118D+00  0.490938D+00 -0.241492D+04
  283.5071  0.464597D+00  0.473569D+00 -0.245671D+04
  283.8376  0.461510D+00  0.459080D+00  0.665409D+03
  284.1678  0.442877D+00  0.437650D+00  0.142473D+04
  284.4976  0.376602D+00  0.374280D+00  0.635866D+03
   31 277.830 287.779 282.805  3.647D-01  0.000D+00 -4.292D-03  0.000D+00  1.003D+00  9.149D+02 10300  7.490D-03
  277.8305  0.300873D+00  0.297747D+00  0.106980D+04
  278.1679  0.250965D+00  0.251704D+00 -0.277895D+03
  278.5048  0.239146D+00  0.242020D+00 -0.112298D+04
  278.8412  0.208331D+00  0.208244D+00  0.338427D+02
  279.1772  0.151582D+00  0.150667D+00  0.417691D+03
  279.5127  0.112329D+00  0.115764D+00 -0.117485D+04
  279.8477  0.101576D+00  0.105683D+00 -0.140865D+04
  280.1824  0.104929D+00  0.108063D+00 -0.108152D+04
  280.5166  0.127898D+00  0.130867D+00 -0.101634D+04
  280.8504  0.186035D+00  0.186203D+00 -0.532908D+02
  281.1838  0.250398D+00  0.246035D+00  0.129410D+04
  281.5168  0.318503D+00  0.313569D+00  0.138516D+04
  281.8494  0.375915D+00  0.374038D+00  0.514043D+03
  282.1816  0.416758D+00  0.415053D+00  0.467003D+03
  282.5135  0.438145D+00  0.433525D+00  0.126511D+04
  282.8451  0.459490D+00  0.456705D+00  0.762469D+03
  283.1762  0.482118D+00  0.489898D+00 -0.213034D+04
  283.5071  0.464597D+00  0.472342D+00 -0.212084D+04
  283.8376  0.461510D+00  0.460482D+00  0.281489D+03
  284.1678  0.442877D+00  0.440132D+00  0.748403D+03
  284.4976  0.376602D+00  0.377691D+00 -0.298282D+03
  284.8271  0.270177D+00  0.269072D+00  0.336071D+03
  285.1563  0.160676D+00  0.159247D+00  0.488978D+03
  285.4852  0.174568D+00  0.175890D+00 -0.452377D+03
  285.8138  0.309491D+00  0.310442D+00 -0.277379D+03
  286.1422  0.447952D+00  0.446683D+00  0.347631D+03
  286.4702  0.511088D+00  0.508406D+00  0.734315D+03
  286.7979  0.514093D+00  0.514198D+00 -0.288256D+02
  287.1254  0.552438D+00  0.554507D+00 -0.566594D+03
  287.4525  0.561915D+00  0.561002D+00  0.250021D+03
  287.7795  0.479658D+00  0.480167D+00 -0.139168D+03
   31 281.184 291.033 286.109  3.615D-01  0.000D+00 -4.582D-04  0.000D+00  9.967D-01  8.751D+02 10300  5.121D-03
  281.1838  0.250398D+00  0.248932D+00  0.434718D+03
  281.5168  0.318503D+00  0.316156D+00  0.658877D+03
  281.8494  0.375915D+00  0.376289D+00 -0.102276D+03
  282.1816  0.416758D+00  0.416727D+00  0.858252D+01
  282.5135  0.438145D+00  0.434493D+00  0.100008D+04
  282.8451  0.459490D+00  0.456640D+00  0.780391D+03
  283.1762  0.482118D+00  0.490147D+00 -0.219846D+04
  283.5071  0.464597D+00  0.472302D+00 -0.210977D+04
  283.8376  0.461510D+00  0.460182D+00  0.363488D+03
  284.1678  0.442877D+00  0.440529D+00  0.640162D+03
  284.4976  0.376602D+00  0.378707D+00 -0.576604D+03
  284.8271  0.270177D+00  0.270579D+00 -0.122197D+03
  285.1563  0.160676D+00  0.159240D+00  0.491501D+03
  285.4852  0.174568D+00  0.174167D+00  0.137220D+03
  285.8138  0.309491D+00  0.308753D+00  0.215038D+03
  286.1422  0.447952D+00  0.445955D+00  0.546913D+03
  286.4702  0.511088D+00  0.508228D+00  0.782951D+03
  286.7979  0.514093D+00  0.513035D+00  0.289614D+03
  287.1254  0.552438D+00  0.552611D+00 -0.475424D+02
  287.4525  0.561915D+00  0.559415D+00  0.684436D+03
  287.7795  0.479658D+00  0.478307D+00  0.370103D+03
  288.1060  0.369987D+00  0.370647D+00 -0.180835D+03
  288.4324  0.434427D+00  0.434974D+00 -0.149593D+03
  288.7585  0.578183D+00  0.572131D+00  0.165724D+04
  289.0843  0.608184D+00  0.608320D+00 -0.363951D+02
  289.4099  0.657883D+00  0.660601D+00 -0.744383D+03
  289.7351  0.772796D+00  0.776855D+00 -0.111125D+04
  290.0601  0.883787D+00  0.887080D+00 -0.901699D+03
  290.3848  0.936867D+00  0.939910D+00 -0.833092D+03
  290.7093  0.918049D+00  0.918749D+00 -0.191640D+03
  291.0335  0.886036D+00  0.879427D+00  0.180972D+04
   31 284.498 294.260 289.379  3.471D-01  0.000D+00  2.216D-03  0.000D+00  9.989D-01  1.098D+03 10300  4.757D-03
  284.4976  0.376602D+00  0.379862D+00 -0.892739D+03
  284.8271  0.270177D+00  0.272104D+00 -0.585880D+03
  285.1563  0.160676D+00  0.156638D+00  0.138199D+04
  285.4852  0.174568D+00  0.170586D+00  0.136226D+04
  285.8138  0.309491D+00  0.308236D+00  0.365878D+03
  286.1422  0.447952D+00  0.448212D+00 -0.710175D+02
  286.4702  0.511088D+00  0.510911D+00  0.483318D+02
  286.7979  0.514093D+00  0.512493D+00  0.438024D+03
  287.1254  0.552438D+00  0.554077D+00 -0.448813D+03
  287.4525  0.561915D+00  0.562566D+00 -0.178206D+03
  287.7795  0.479658D+00  0.481103D+00 -0.395610D+03
  288.1060  0.369987D+00  0.366216D+00  0.103245D+04
  288.4324  0.434427D+00  0.431688D+00  0.750066D+03
  288.7585  0.578183D+00  0.574852D+00  0.912278D+03
  289.0843  0.608184D+00  0.607213D+00  0.260432D+03
  289.4099  0.657883D+00  0.657558D+00  0.890272D+02
  289.7351  0.772796D+00  0.776258D+00 -0.947754D+03
  290.0601  0.883787D+00  0.888432D+00 -0.127175D+04
  290.3848  0.936867D+00  0.943109D+00 -0.170926D+04
  290.7093  0.918049D+00  0.922771D+00 -0.129297D+04
  291.0335  0.886036D+00  0.882217D+00  0.104590D+04
  291.3575  0.902515D+00  0.891847D+00  0.292117D+04
  291.6811  0.861421D+00  0.854549D+00  0.188185D+04
  292.0045  0.840547D+00  0.841606D+00 -0.290032D+03
  292.3276  0.803864D+00  0.806522D+00 -0.727808D+03
  292.6505  0.723799D+00  0.729412D+00 -0.153693D+04
  292.9730  0.773588D+00  0.777839D+00 -0.116412D+04
  293.2953  0.897414D+00  0.892538D+00  0.133505D+04
  293.6173  0.826039D+00  0.822257D+00  0.103575D+04
  293.9390  0.722424D+00  0.727280D+00 -0.132979D+04
  294.2604  0.785602D+00  0.785447D+00  0.425341D+02
   31 287.779 297.458 292.618  3.364D-01  0.000D+00  3.433D-03  0.000D+00  9.954D-01  1.122D+03 10300  4.033D-03
  287.7795  0.479658D+00  0.484996D+00 -0.146164D+04
  288.1060  0.369987D+00  0.363692D+00  0.172364D+04
  288.4324  0.434427D+00  0.430460D+00  0.108649D+04
  288.7585  0.578183D+00  0.577792D+00  0.107166D+03
  289.0843  0.608184D+00  0.606595D+00  0.426131D+03
  289.4099  0.657883D+00  0.655256D+00  0.719212D+03
  289.7351  0.772796D+00  0.775308D+00 -0.687600D+03
  290.0601  0.883787D+00  0.888195D+00 -0.120699D+04
  290.3848  0.936867D+00  0.943124D+00 -0.171329D+04
  290.7093  0.918049D+00  0.922566D+00 -0.123697D+04
  291.0335  0.886036D+00  0.879882D+00  0.168526D+04
  291.3575  0.902515D+00  0.892929D+00  0.262482D+04
  291.6811  0.861421D+00  0.853435D+00  0.218681D+04
  292.0045  0.840547D+00  0.842104D+00 -0.426196D+03
  292.3276  0.803864D+00  0.808193D+00 -0.118529D+04
  292.6505  0.723799D+00  0.727566D+00 -0.103147D+04
  292.9730  0.773588D+00  0.775952D+00 -0.647405D+03
  293.2953  0.897414D+00  0.897737D+00 -0.884903D+02
  293.6173  0.826039D+00  0.824349D+00  0.462730D+03
  293.9390  0.722424D+00  0.724424D+00 -0.547869D+03
  294.2604  0.785602D+00  0.787010D+00 -0.385610D+03
  294.5815  0.808284D+00  0.809737D+00 -0.397715D+03
  294.9024  0.728113D+00  0.730856D+00 -0.751128D+03
  295.2229  0.814100D+00  0.812880D+00  0.334011D+03
  295.5431  0.853166D+00  0.847395D+00  0.158015D+04
  295.8630  0.878672D+00  0.879435D+00 -0.208949D+03
  296.1826  0.918589D+00  0.917094D+00  0.409449D+03
  296.5018  0.792783D+00  0.790241D+00  0.696010D+03
  296.8207  0.615827D+00  0.622493D+00 -0.182528D+04
  297.1393  0.650518D+00  0.649901D+00  0.168852D+03
  297.4575  0.789383D+00  0.789334D+00  0.132081D+02
   31 291.033 300.619 295.826  3.249D-01  0.000D+00  5.448D-03  0.000D+00  1.004D+00  5.042D+03 10300  1.255D-02
  291.0335  0.886036D+00  0.898663D+00 -0.345734D+04
  291.3575  0.902515D+00  0.906912D+00 -0.120387D+04
  291.6811  0.861421D+00  0.856638D+00  0.130969D+04
  292.0045  0.840547D+00  0.841111D+00 -0.154507D+03
  292.3276  0.803864D+00  0.804926D+00 -0.290926D+03
  292.6505  0.723799D+00  0.717649D+00  0.168399D+04
  292.9730  0.773588D+00  0.763458D+00  0.277387D+04
  293.2953  0.897414D+00  0.890542D+00  0.188168D+04
  293.6173  0.826039D+00  0.815615D+00  0.285451D+04
  293.9390  0.722424D+00  0.712068D+00  0.283565D+04
  294.2604  0.785602D+00  0.780086D+00  0.151050D+04
  294.5815  0.808284D+00  0.808285D+00 -0.833811D-01
  294.9024  0.728113D+00  0.723239D+00  0.133465D+04
  295.2229  0.814100D+00  0.815558D+00 -0.399285D+03
  295.5431  0.853166D+00  0.851313D+00  0.507203D+03
  295.8630  0.878672D+00  0.887046D+00 -0.229303D+04
  296.1826  0.918589D+00  0.933656D+00 -0.412568D+04
  296.5018  0.792783D+00  0.807852D+00 -0.412620D+04
  296.8207  0.615827D+00  0.632173D+00 -0.447591D+04
  297.1393  0.650518D+00  0.665056D+00 -0.398087D+04
  297.4575  0.789383D+00  0.810502D+00 -0.578306D+04
  297.7754  0.970851D+00  0.987636D+00 -0.459591D+04
  298.0929  0.824281D+00  0.826538D+00 -0.617981D+03
  298.4100  0.582317D+00  0.579648D+00  0.730995D+03
  298.7268  0.626246D+00  0.608689D+00  0.480767D+04
  299.0431  0.842571D+00  0.794126D+00  0.132654D+05
  299.3591  0.824317D+00  0.768293D+00  0.153407D+05
  299.6746  0.779411D+00  0.761652D+00  0.486308D+04
  299.9897  0.686364D+00  0.698452D+00 -0.330992D+04
  300.3044  0.560480D+00  0.586758D+00 -0.719556D+04
  300.6187  0.671778D+00  0.705753D+00 -0.930311D+04
   31 294.260 303.734 298.997  3.239D-01  0.000D+00  8.470D-04  0.000D+00  1.003D+00  6.816D+03 10000  1.636D-02
  294.2604  0.785602D+00  0.768071D+00  0.480031D+04
  294.5815  0.808284D+00  0.801194D+00  0.194158D+04
  294.9024  0.728113D+00  0.721188D+00  0.189619D+04
  295.2229  0.814100D+00  0.819347D+00 -0.143674D+04
  295.5431  0.853166D+00  0.855081D+00 -0.524399D+03
  295.8630  0.878672D+00  0.892413D+00 -0.376265D+04
  296.1826  0.918589D+00  0.938015D+00 -0.531912D+04
  296.5018  0.792783D+00  0.806572D+00 -0.377583D+04
  296.8207  0.615827D+00  0.631137D+00 -0.419238D+04
  297.1393  0.650518D+00  0.664131D+00 -0.372760D+04
  297.4575  0.789383D+00  0.808349D+00 -0.519336D+04
  297.7754  0.970851D+00  0.979411D+00 -0.234370D+04
  298.0929  0.824281D+00  0.812014D+00  0.335901D+04
  298.4100  0.582317D+00  0.568649D+00  0.374271D+04
  298.7268  0.626246D+00  0.600652D+00  0.700828D+04
  299.0431  0.842571D+00  0.782294D+00  0.165052D+05
  299.3591  0.824317D+00  0.753678D+00  0.193426D+05
  299.6746  0.779411D+00  0.751303D+00  0.769678D+04
  299.9897  0.686364D+00  0.688024D+00 -0.454523D+03
  300.3044  0.560480D+00  0.583998D+00 -0.643971D+04
  300.6187  0.671778D+00  0.709561D+00 -0.103458D+05
  300.9324  0.698321D+00  0.741621D+00 -0.118566D+05
  301.2458  0.798078D+00  0.834647D+00 -0.100134D+05
  301.5587  0.807090D+00  0.833328D+00 -0.718456D+04
  301.8710  0.639541D+00  0.643988D+00 -0.108290D+04
  302.1829  0.580758D+00  0.572646D+00  0.222128D+04
  302.4942  0.778991D+00  0.765281D+00  0.375406D+04
  302.8050  0.944450D+00  0.925023D+00  0.531942D+04
  303.1153  0.103519D+01  0.101054D+01  0.405357D+04
  303.4251  0.107891D+01  0.107773D+01  0.194889D+03
  303.7342  0.976390D+00  0.979951D+00 -0.813675D+03
   31 297.458 306.791 302.124  3.295D-01  0.000D+00  2.995D-03  0.000D+00  9.958D-01  7.165D+03 10000  1.699D-02
  297.4575  0.789383D+00  0.823763D+00 -0.941408D+04
  297.7754  0.970851D+00  0.988302D+00 -0.477835D+04
  298.0929  0.824281D+00  0.820248D+00  0.110439D+04
  298.4100  0.582317D+00  0.575171D+00  0.195689D+04
  298.7268  0.626246D+00  0.602955D+00  0.637765D+04
  299.0431  0.842571D+00  0.780117D+00  0.171013D+05
  299.3591  0.824317D+00  0.756080D+00  0.186850D+05
  299.6746  0.779411D+00  0.751515D+00  0.763855D+04
  299.9897  0.686364D+00  0.690317D+00 -0.108229D+04
  300.3044  0.560480D+00  0.589059D+00 -0.782566D+04
  300.6187  0.671778D+00  0.710771D+00 -0.106770D+05
  300.9324  0.698321D+00  0.747696D+00 -0.135199D+05
  301.2458  0.798078D+00  0.839858D+00 -0.114403D+05
  301.5587  0.807090D+00  0.839279D+00 -0.881415D+04
  301.8710  0.639541D+00  0.652638D+00 -0.318947D+04
  302.1829  0.580758D+00  0.580127D+00  0.172823D+03
  302.4942  0.778991D+00  0.769022D+00  0.272976D+04
  302.8050  0.944450D+00  0.927928D+00  0.452414D+04
  303.1153  0.103519D+01  0.101227D+01  0.376830D+04
  303.4251  0.107891D+01  0.107207D+01  0.112772D+04
  303.7342  0.976390D+00  0.972331D+00  0.927296D+03
  304.0428  0.894464D+00  0.882057D+00  0.339719D+04
  304.3508  0.964017D+00  0.946895D+00  0.376284D+04
  304.6581  0.101072D+01  0.988956D+00  0.403581D+04
  304.9649  0.101566D+01  0.980493D+00  0.601152D+04
  305.2710  0.109882D+01  0.109511D+01  0.507943D+03
  305.5764  0.944553D+00  0.965681D+00 -0.404705D+04
  305.8812  0.777828D+00  0.780279D+00 -0.671154D+03
  306.1852  0.885563D+00  0.896682D+00 -0.202892D+04
  306.4886  0.910267D+00  0.933864D+00 -0.323073D+04
  306.7912  0.881076D+00  0.892697D+00 -0.159106D+04
   31 300.619 309.773 305.196  3.315D-01  0.000D+00 -1.112D-02  0.000D+00  1.018D+00  1.698D+03 10300  5.381D-03
  300.6187  0.671778D+00  0.655420D+00  0.447918D+04
  300.9324  0.698321D+00  0.705507D+00 -0.196768D+04
  301.2458  0.798078D+00  0.807336D+00 -0.253505D+04
  301.5587  0.807090D+00  0.811411D+00 -0.118303D+04
  301.8710  0.639541D+00  0.634357D+00  0.126230D+04
  302.1829  0.580758D+00  0.584475D+00 -0.101795D+04
  302.4942  0.778991D+00  0.779376D+00 -0.105497D+03
  302.8050  0.944450D+00  0.942243D+00  0.604383D+03
  303.1153  0.103519D+01  0.102769D+01  0.123307D+04
  303.4251  0.107891D+01  0.108752D+01 -0.141848D+04
  303.7342  0.976390D+00  0.979949D+00 -0.813227D+03
  304.0428  0.894464D+00  0.895691D+00 -0.335887D+03
  304.3508  0.964017D+00  0.963982D+00  0.768636D+01
  304.6581  0.101072D+01  0.996253D+00  0.268263D+04
  304.9649  0.101566D+01  0.992883D+00  0.389325D+04
  305.2710  0.109882D+01  0.109752D+01  0.177432D+03
  305.5764  0.944553D+00  0.953127D+00 -0.164231D+04
  305.8812  0.777828D+00  0.775893D+00  0.529746D+03
  306.1852  0.885563D+00  0.894856D+00 -0.169572D+04
  306.4886  0.910267D+00  0.916899D+00 -0.908009D+03
  306.7912  0.881076D+00  0.881132D+00 -0.772789D+01
  307.0931  0.100556D+01  0.999605D+00  0.815391D+03
  307.3942  0.102822D+01  0.102052D+01  0.105324D+04
  307.6945  0.100575D+01  0.100984D+01 -0.549890D+03
  307.9940  0.101408D+01  0.102318D+01 -0.124592D+04
  308.2928  0.986380D+00  0.100442D+01 -0.246982D+04
  308.5906  0.104982D+01  0.105815D+01 -0.114164D+04
  308.8876  0.984111D+00  0.968647D+00  0.211724D+04
  309.1837  0.812731D+00  0.807232D+00  0.752977D+03
  309.4789  0.769462D+00  0.775347D+00 -0.805731D+03
  309.7732  0.798734D+00  0.775985D+00  0.213618D+04
   21 303.734 309.773 306.754  3.344D-01  0.000D+00 -1.293D-02  0.000D+00  9.984D-01  1.385D+03 10300  6.255D-03
  303.7342  0.976390D+00  0.976377D+00  0.291688D+01
  304.0428  0.894464D+00  0.897164D+00 -0.739225D+03
  304.3508  0.964017D+00  0.967383D+00 -0.739839D+03
  304.6581  0.101072D+01  0.999885D+00  0.200903D+04
  304.9649  0.101566D+01  0.999298D+00  0.279659D+04
  305.2710  0.109882D+01  0.110061D+01 -0.244849D+03
  305.5764  0.944553D+00  0.954674D+00 -0.193867D+04
  305.8812  0.777828D+00  0.779389D+00 -0.427408D+03
  306.1852  0.885563D+00  0.895088D+00 -0.173805D+04
  306.4886  0.910267D+00  0.914705D+00 -0.607560D+03
  306.7912  0.881076D+00  0.879922D+00  0.158029D+03
  307.0931  0.100556D+01  0.994718D+00  0.148457D+04
  307.3942  0.102822D+01  0.101434D+01  0.189942D+04
  307.6945  0.100575D+01  0.100381D+01  0.261158D+03
  307.9940  0.101408D+01  0.101630D+01 -0.303975D+03
  308.2928  0.986380D+00  0.100013D+01 -0.188204D+04
  308.5906  0.104982D+01  0.105380D+01 -0.546240D+03
  308.8876  0.984111D+00  0.967286D+00  0.230354D+04
  309.1837  0.812731D+00  0.811014D+00  0.235147D+03
  309.4789  0.769462D+00  0.783845D+00 -0.196921D+04
  309.7732  0.798734D+00  0.788780D+00  0.934677D+03
   31 309.994 314.739 312.366  2.351D-01  0.000D+00  4.735D-03  0.000D+00  1.008D+00  1.459D+03 10300  7.672D-03
  309.9938  0.823576D+00  0.853205D+00 -0.221017D+04
  310.1531  0.777754D+00  0.771097D+00  0.515618D+03
  310.3123  0.916468D+00  0.932808D+00 -0.126554D+04
  310.4714  0.118028D+01  0.120202D+01 -0.148591D+04
  310.6305  0.135926D+01  0.134758D+01  0.754799D+03
  310.7895  0.144061D+01  0.142739D+01  0.859009D+03
  310.9484  0.147300D+01  0.145764D+01  0.101454D+04
  311.1072  0.145810D+01  0.141235D+01  0.318593D+04
  311.2660  0.142274D+01  0.138719D+01  0.265347D+04
  311.4246  0.138805D+01  0.136376D+01  0.188101D+04
  311.5833  0.128990D+01  0.129393D+01 -0.312685D+03
  311.7417  0.115009D+01  0.117761D+01 -0.219733D+04
  311.9001  0.102758D+01  0.105422D+01 -0.235770D+04
  312.0585  0.963862D+00  0.990518D+00 -0.257865D+04
  312.2168  0.988002D+00  0.100337D+01 -0.144017D+04
  312.3750  0.106467D+01  0.108266D+01 -0.156596D+04
  312.5331  0.109866D+01  0.111556D+01 -0.142322D+04
  312.6912  0.109882D+01  0.109177D+01  0.593692D+03
  312.8491  0.110309D+01  0.110661D+01 -0.297651D+03
  313.0070  0.113111D+01  0.112167D+01  0.777764D+03
  313.1648  0.111684D+01  0.110384D+01  0.107361D+04
  313.3225  0.108334D+01  0.107423D+01  0.779204D+03
  313.4802  0.108258D+01  0.106996D+01  0.107805D+04
  313.6378  0.113273D+01  0.112638D+01  0.518249D+03
  313.7953  0.124546D+01  0.123226D+01  0.102260D+04
  313.9527  0.132027D+01  0.131882D+01  0.111803D+03
  314.1100  0.132699D+01  0.131279D+01  0.109980D+04
  314.2673  0.115867D+01  0.117672D+01 -0.146204D+04
  314.4245  0.935755D+00  0.932237D+00  0.329085D+03
  314.5816  0.839847D+00  0.839641D+00  0.199240D+02
  314.7386  0.963435D+00  0.976917D+00 -0.123728D+04
   31 311.583 316.305 313.944  2.386D-01  0.000D+00  9.321D-04  0.000D+00  9.994D-01  7.683D+02 10300  4.243D-03
  311.5833  0.128990D+01  0.126194D+01  0.216546D+04
  311.7417  0.115009D+01  0.115151D+01 -0.113748D+03
  311.9001  0.102758D+01  0.103583D+01 -0.729701D+03
  312.0585  0.963862D+00  0.978147D+00 -0.138198D+04
  312.2168  0.988002D+00  0.995972D+00 -0.747045D+03
  312.3750  0.106467D+01  0.107576D+01 -0.965540D+03
  312.5331  0.109866D+01  0.110900D+01 -0.870783D+03
  312.6912  0.109882D+01  0.109015D+01  0.730251D+03
  312.8491  0.110309D+01  0.110711D+01 -0.339180D+03
  313.0070  0.113111D+01  0.112275D+01  0.688573D+03
  313.1648  0.111684D+01  0.110652D+01  0.852036D+03
  313.3225  0.108334D+01  0.107870D+01  0.396668D+03
  313.4802  0.108258D+01  0.107684D+01  0.489985D+03
  313.6378  0.113273D+01  0.113493D+01 -0.179604D+03
  313.7953  0.124546D+01  0.124020D+01  0.407894D+03
  313.9527  0.132027D+01  0.132285D+01 -0.199970D+03
  314.1100  0.132699D+01  0.131160D+01  0.119130D+04
  314.2673  0.115867D+01  0.116906D+01 -0.841771D+03
  314.4245  0.935755D+00  0.927333D+00  0.787919D+03
  314.5816  0.839847D+00  0.839637D+00  0.202898D+02
  314.7386  0.963435D+00  0.971722D+00 -0.760484D+03
  314.8956  0.114499D+01  0.113725D+01  0.601473D+03
  315.0525  0.122359D+01  0.122764D+01 -0.313889D+03
  315.2094  0.123852D+01  0.123943D+01 -0.710099D+02
  315.3661  0.121522D+01  0.122566D+01 -0.808566D+03
  315.5227  0.116796D+01  0.117062D+01 -0.206181D+03
  315.6793  0.102404D+01  0.103496D+01 -0.918197D+03
  315.8358  0.853437D+00  0.851524D+00  0.185082D+03
  315.9923  0.752240D+00  0.755728D+00 -0.337702D+03
  316.1486  0.800740D+00  0.797570D+00  0.306935D+03
  316.3049  0.932948D+00  0.922966D+00  0.920693D+03
   31 313.165 317.864 315.514  2.412D-01  0.000D+00  1.021D-03  0.000D+00  1.006D+00  4.836D+02 10300  2.674D-03
  313.1648  0.111684D+01  0.111140D+01  0.449424D+03
  313.3225  0.108334D+01  0.108438D+01 -0.891765D+02
  313.4802  0.108258D+01  0.108306D+01 -0.409351D+02
  313.6378  0.113273D+01  0.114089D+01 -0.665409D+03
  313.7953  0.124546D+01  0.124506D+01  0.307884D+02
  313.9527  0.132027D+01  0.132619D+01 -0.458784D+03
  314.1100  0.132699D+01  0.131319D+01  0.106855D+04
  314.2673  0.115867D+01  0.116911D+01 -0.846115D+03
  314.4245  0.935755D+00  0.929690D+00  0.567391D+03
  314.5816  0.839847D+00  0.841762D+00 -0.185422D+03
  314.7386  0.963435D+00  0.969899D+00 -0.593211D+03
  314.8956  0.114499D+01  0.113280D+01  0.947421D+03
  315.0525  0.122359D+01  0.122223D+01  0.105121D+03
  315.2094  0.123852D+01  0.123433D+01  0.324187D+03
  315.3661  0.121522D+01  0.122019D+01 -0.384836D+03
  315.5227  0.116796D+01  0.116505D+01  0.225484D+03
  315.6793  0.102404D+01  0.103101D+01 -0.585798D+03
  315.8358  0.853437D+00  0.851042D+00  0.231745D+03
  315.9923  0.752240D+00  0.757271D+00 -0.487055D+03
  316.1486  0.800740D+00  0.800250D+00  0.474439D+02
  316.3049  0.932948D+00  0.927366D+00  0.514846D+03
  316.4611  0.104072D+01  0.104381D+01 -0.255602D+03
  316.6172  0.110669D+01  0.109865D+01  0.622914D+03
  316.7733  0.113253D+01  0.114157D+01 -0.700233D+03
  316.9293  0.120756D+01  0.120481D+01  0.213282D+03
  317.0852  0.132968D+01  0.133152D+01 -0.142787D+03
  317.2411  0.144915D+01  0.145449D+01 -0.404126D+03
  317.3968  0.147150D+01  0.147124D+01  0.189966D+02
  317.5525  0.144740D+01  0.143827D+01  0.696598D+03
  317.7081  0.138934D+01  0.139171D+01 -0.183473D+03
  317.8636  0.122760D+01  0.122899D+01 -0.107651D+03
   31 314.739 319.415 317.077  2.413D-01  0.000D+00  4.413D-04  0.000D+00  1.008D+00  4.303D+02 10300  2.509D-03
  314.7386  0.963435D+00  0.972634D+00 -0.844202D+03
  314.8956  0.114499D+01  0.113465D+01  0.803657D+03
  315.0525  0.122359D+01  0.122298D+01  0.475672D+02
  315.2094  0.123852D+01  0.123423D+01  0.331716D+03
  315.3661  0.121522D+01  0.121950D+01 -0.331581D+03
  315.5227  0.116796D+01  0.116380D+01  0.322122D+03
  315.6793  0.102404D+01  0.102940D+01 -0.450527D+03
  315.8358  0.853437D+00  0.849672D+00  0.364290D+03
  315.9923  0.752240D+00  0.756535D+00 -0.415782D+03
  316.1486  0.800740D+00  0.799981D+00  0.734344D+02
  316.3049  0.932948D+00  0.927264D+00  0.524210D+03
  316.4611  0.104072D+01  0.104359D+01 -0.237297D+03
  316.6172  0.110669D+01  0.109853D+01  0.632064D+03
  316.7733  0.113253D+01  0.114174D+01 -0.712930D+03
  316.9293  0.120756D+01  0.120546D+01  0.162598D+03
  317.0852  0.132968D+01  0.133271D+01 -0.235158D+03
  317.2411  0.144915D+01  0.145570D+01 -0.495111D+03
  317.3968  0.147150D+01  0.147234D+01 -0.627853D+02
  317.5525  0.144740D+01  0.143946D+01  0.605860D+03
  317.7081  0.138934D+01  0.139258D+01 -0.251037D+03
  317.8636  0.122760D+01  0.122913D+01 -0.118486D+03
  318.0192  0.100813D+01  0.100423D+01  0.329623D+03
  318.1745  0.892371D+00  0.899741D+00 -0.485243D+03
  318.3298  0.929715D+00  0.928949D+00  0.687599D+02
  318.4851  0.102387D+01  0.102192D+01  0.160928D+03
  318.6403  0.112245D+01  0.112607D+01 -0.280741D+03
  318.7953  0.123467D+01  0.122831D+01  0.492371D+03
  318.9504  0.131626D+01  0.131021D+01  0.468902D+03
  319.1053  0.124357D+01  0.125042D+01 -0.530439D+03
  319.2602  0.107265D+01  0.106807D+01  0.365620D+03
  319.4150  0.992741D+00  0.998089D+00 -0.443461D+03
   31 316.305 320.959 318.632  2.421D-01  0.000D+00  5.209D-04  0.000D+00  1.008D+00  4.677D+02 10300  3.028D-03
  316.3049  0.932948D+00  0.928740D+00  0.388119D+03
  316.4611  0.104072D+01  0.104464D+01 -0.324314D+03
  316.6172  0.110669D+01  0.109946D+01  0.560006D+03
  316.7733  0.113253D+01  0.114236D+01 -0.760778D+03
  316.9293  0.120756D+01  0.120590D+01  0.128978D+03
  317.0852  0.132968D+01  0.133246D+01 -0.215125D+03
  317.2411  0.144915D+01  0.145458D+01 -0.410802D+03
  317.3968  0.147150D+01  0.147126D+01  0.178100D+02
  317.5525  0.144740D+01  0.143841D+01  0.686257D+03
  317.7081  0.138934D+01  0.139089D+01 -0.120019D+03
  317.8636  0.122760D+01  0.122783D+01 -0.172142D+02
  318.0192  0.100813D+01  0.100394D+01  0.354114D+03
  318.1745  0.892371D+00  0.899561D+00 -0.473393D+03
  318.3298  0.929715D+00  0.928522D+00  0.107133D+03
  318.4851  0.102387D+01  0.102148D+01  0.197240D+03
  318.6403  0.112245D+01  0.112599D+01 -0.274377D+03
  318.7953  0.123467D+01  0.122875D+01  0.457893D+03
  318.9504  0.131626D+01  0.131081D+01  0.422018D+03
  319.1053  0.124357D+01  0.125183D+01 -0.639761D+03
  319.2602  0.107265D+01  0.107110D+01  0.124086D+03
  319.4150  0.992741D+00  0.100175D+01 -0.746909D+03
  319.5697  0.106599D+01  0.107954D+01 -0.106135D+04
  319.7244  0.120135D+01  0.118758D+01  0.106685D+04
  319.8790  0.130035D+01  0.129857D+01  0.137848D+03
  320.0335  0.135490D+01  0.134948D+01  0.419719D+03
  320.1879  0.136439D+01  0.136098D+01  0.263266D+03
  320.3423  0.140649D+01  0.141344D+01 -0.519422D+03
  320.4966  0.147305D+01  0.147836D+01 -0.383327D+03
  320.6508  0.150075D+01  0.149657D+01  0.295583D+03
  320.8049  0.142496D+01  0.142667D+01 -0.126270D+03
  320.9590  0.127011D+01  0.126820D+01  0.147522D+03
   31 317.864 322.496 320.180  2.407D-01  0.000D+00 -3.647D-04  0.000D+00  1.003D+00  4.691D+02 10300  2.949D-03
  317.8636  0.122760D+01  0.122864D+01 -0.800315D+02
  318.0192  0.100813D+01  0.100322D+01  0.414302D+03
  318.1745  0.892371D+00  0.899473D+00 -0.467626D+03
  318.3298  0.929715D+00  0.929442D+00  0.245221D+02
  318.4851  0.102387D+01  0.102281D+01  0.871533D+02
  318.6403  0.112245D+01  0.112711D+01 -0.361370D+03
  318.7953  0.123467D+01  0.122966D+01  0.387599D+03
  318.9504  0.131626D+01  0.131205D+01  0.326216D+03
  319.1053  0.124357D+01  0.125175D+01 -0.634147D+03
  319.2602  0.107265D+01  0.106886D+01  0.302419D+03
  319.4150  0.992741D+00  0.100032D+01 -0.628763D+03
  319.5697  0.106599D+01  0.107931D+01 -0.104339D+04
  319.7244  0.120135D+01  0.118714D+01  0.110103D+04
  319.8790  0.130035D+01  0.129836D+01  0.154486D+03
  320.0335  0.135490D+01  0.134855D+01  0.492066D+03
  320.1879  0.136439D+01  0.135948D+01  0.379811D+03
  320.3423  0.140649D+01  0.141245D+01 -0.445006D+03
  320.4966  0.147305D+01  0.147785D+01 -0.346626D+03
  320.6508  0.150075D+01  0.149620D+01  0.321522D+03
  320.8049  0.142496D+01  0.142632D+01 -0.100378D+03
  320.9590  0.127011D+01  0.126745D+01  0.206190D+03
  321.1130  0.109326D+01  0.109455D+01 -0.100564D+03
  321.2670  0.987680D+00  0.992759D+00 -0.403520D+03
  321.4208  0.977831D+00  0.980122D+00 -0.189603D+03
  321.5746  0.104711D+01  0.105147D+01 -0.341115D+03
  321.7283  0.116660D+01  0.116628D+01  0.250006D+02
  321.8820  0.129228D+01  0.128834D+01  0.305685D+03
  322.0356  0.135801D+01  0.135764D+01  0.284126D+02
  322.1891  0.130428D+01  0.130728D+01 -0.232254D+03
  322.3425  0.123404D+01  0.122113D+01  0.999710D+03
  322.4959  0.116240D+01  0.117137D+01 -0.694546D+03
   31 319.415 324.026 321.720  2.394D-01  0.000D+00 -7.956D-04  0.000D+00  9.902D-01  4.713D+02   300  3.611D-03
  319.4150  0.992741D+00  0.996551D+00 -0.315953D+03
  319.5697  0.106599D+01  0.107785D+01 -0.928597D+03
  319.7244  0.120135D+01  0.118653D+01  0.114779D+04
  319.8790  0.130035D+01  0.129904D+01  0.101518D+03
  320.0335  0.135490D+01  0.134938D+01  0.427458D+03
  320.1879  0.136439D+01  0.135995D+01  0.343042D+03
  320.3423  0.140649D+01  0.141340D+01 -0.516532D+03
  320.4966  0.147305D+01  0.147918D+01 -0.442926D+03
  320.6508  0.150075D+01  0.149734D+01  0.241215D+03
  320.8049  0.142496D+01  0.142696D+01 -0.147927D+03
  320.9590  0.127011D+01  0.126693D+01  0.246248D+03
  321.1130  0.109326D+01  0.109334D+01 -0.620063D+01
  321.2670  0.987680D+00  0.991475D+00 -0.301480D+03
  321.4208  0.977831D+00  0.979024D+00 -0.987468D+02
  321.5746  0.104711D+01  0.105076D+01 -0.285239D+03
  321.7283  0.116660D+01  0.116578D+01  0.635803D+02
  321.8820  0.129228D+01  0.128852D+01  0.291965D+03
  322.0356  0.135801D+01  0.135870D+01 -0.536163D+02
  322.1891  0.130428D+01  0.130830D+01 -0.311463D+03
  322.3425  0.123404D+01  0.122258D+01  0.887576D+03
  322.4959  0.116240D+01  0.117504D+01 -0.979081D+03
  322.6491  0.110282D+01  0.109645D+01  0.493435D+03
  322.8024  0.991609D+00  0.997640D+00 -0.480186D+03
  322.9555  0.954728D+00  0.955356D+00 -0.512643D+02
  323.1086  0.102504D+01  0.101709D+01  0.616317D+03
  323.2616  0.111117D+01  0.111362D+01 -0.189726D+03
  323.4145  0.112098D+01  0.111484D+01  0.475111D+03
  323.5674  0.107610D+01  0.107389D+01  0.171479D+03
  323.7202  0.109490D+01  0.109688D+01 -0.153863D+03
  323.8729  0.116101D+01  0.116860D+01 -0.588231D+03
  324.0255  0.125396D+01  0.125090D+01  0.236871D+03
   31 320.959 325.548 323.254  2.417D-01  0.000D+00 -3.857D-03  0.000D+00  9.889D-01  4.328D+02 10300  3.791D-03
  320.9590  0.127011D+01  0.126601D+01  0.317360D+03
  321.1130  0.109326D+01  0.109221D+01  0.813636D+02
  321.2670  0.987680D+00  0.991189D+00 -0.278808D+03
  321.4208  0.977831D+00  0.979997D+00 -0.179286D+03
  321.5746  0.104711D+01  0.105220D+01 -0.397876D+03
  321.7283  0.116660D+01  0.116733D+01 -0.568450D+02
  321.8820  0.129228D+01  0.128930D+01  0.231248D+03
  322.0356  0.135801D+01  0.135700D+01  0.777530D+02
  322.1891  0.130428D+01  0.130630D+01 -0.156626D+03
  322.3425  0.123404D+01  0.122297D+01  0.857188D+03
  322.4959  0.116240D+01  0.117485D+01 -0.964200D+03
  322.6491  0.110282D+01  0.109592D+01  0.534377D+03
  322.8024  0.991609D+00  0.998594D+00 -0.556218D+03
  322.9555  0.954728D+00  0.958893D+00 -0.340101D+03
  323.1086  0.102504D+01  0.102156D+01  0.270227D+03
  323.2616  0.111117D+01  0.111479D+01 -0.279904D+03
  323.4145  0.112098D+01  0.111404D+01  0.537451D+03
  323.5674  0.107610D+01  0.107363D+01  0.191534D+03
  323.7202  0.109490D+01  0.109581D+01 -0.706833D+02
  323.8729  0.116101D+01  0.116446D+01 -0.267337D+03
  324.0255  0.125396D+01  0.124288D+01  0.857947D+03
  324.1781  0.130445D+01  0.130860D+01 -0.320624D+03
  324.3306  0.133428D+01  0.133009D+01  0.313792D+03
  324.4831  0.135205D+01  0.134714D+01  0.357513D+03
  324.6354  0.135705D+01  0.136456D+01 -0.542746D+03
  324.7878  0.131016D+01  0.131029D+01 -0.983469D+01
  324.9400  0.124453D+01  0.124685D+01 -0.131058D+03
  325.0921  0.124499D+01  0.125460D+01 -0.744633D+03
  325.2442  0.130355D+01  0.130686D+01 -0.247847D+03
  325.3962  0.138790D+01  0.138744D+01  0.323539D+02
  325.5482  0.152374D+01  0.151378D+01  0.649942D+03
   31 322.496 327.064 324.780  2.418D-01  0.000D+00 -1.215D-03  0.000D+00  9.964D-01  5.439D+02 10300  5.062D-03
  322.4959  0.116240D+01  0.117140D+01 -0.697517D+03
  322.6491  0.110282D+01  0.109446D+01  0.647124D+03
  322.8024  0.991609D+00  0.997728D+00 -0.487222D+03
  322.9555  0.954728D+00  0.957102D+00 -0.193885D+03
  323.1086  0.102504D+01  0.101830D+01  0.522338D+03
  323.2616  0.111117D+01  0.111255D+01 -0.106660D+03
  323.4145  0.112098D+01  0.111373D+01  0.561078D+03
  323.5674  0.107610D+01  0.107317D+01  0.227617D+03
  323.7202  0.109490D+01  0.109424D+01  0.505844D+02
  323.8729  0.116101D+01  0.116270D+01 -0.131510D+03
  324.0255  0.125396D+01  0.124114D+01  0.992897D+03
  324.1781  0.130445D+01  0.130772D+01 -0.252281D+03
  324.3306  0.133428D+01  0.133030D+01  0.297495D+03
  324.4831  0.135205D+01  0.134751D+01  0.331057D+03
  324.6354  0.135705D+01  0.136634D+01 -0.671895D+03
  324.7878  0.131016D+01  0.131398D+01 -0.288423D+03
  324.9400  0.124453D+01  0.125066D+01 -0.345751D+03
  325.0921  0.124499D+01  0.125852D+01 -0.104792D+04
  325.2442  0.130355D+01  0.131216D+01 -0.644001D+03
  325.3962  0.138790D+01  0.139451D+01 -0.464421D+03
  325.5482  0.152374D+01  0.152358D+01  0.106260D+02
  325.7001  0.163917D+01  0.164676D+01 -0.489493D+03
  325.8519  0.172524D+01  0.171047D+01  0.953511D+03
  326.0037  0.174798D+01  0.174735D+01  0.403213D+02
  326.1553  0.175452D+01  0.173845D+01  0.100688D+04
  326.3069  0.169358D+01  0.168506D+01  0.549592D+03
  326.4584  0.161490D+01  0.161493D+01 -0.192789D+01
  326.6099  0.161640D+01  0.160666D+01  0.628783D+03
  326.7613  0.167769D+01  0.168580D+01 -0.523131D+03
  326.9127  0.172643D+01  0.172464D+01  0.114789D+03
  327.0639  0.165892D+01  0.167034D+01 -0.735510D+03
   31 324.026 328.573 326.299  2.389D-01  0.000D+00  9.207D-04  0.000D+00  1.002D+00  5.294D+02   300  5.943D-03
  324.0255  0.125396D+01  0.124204D+01  0.923118D+03
  324.1781  0.130445D+01  0.130937D+01 -0.379667D+03
  324.3306  0.133428D+01  0.133107D+01  0.240080D+03
  324.4831  0.135205D+01  0.134731D+01  0.345235D+03
  324.6354  0.135705D+01  0.136793D+01 -0.786330D+03
  324.7878  0.131016D+01  0.131513D+01 -0.374835D+03
  324.9400  0.124453D+01  0.124930D+01 -0.268821D+03
  325.0921  0.124499D+01  0.125685D+01 -0.918302D+03
  325.2442  0.130355D+01  0.131029D+01 -0.503929D+03
  325.3962  0.138790D+01  0.139129D+01 -0.238749D+03
  325.5482  0.152374D+01  0.152059D+01  0.205398D+03
  325.7001  0.163917D+01  0.164532D+01 -0.396524D+03
  325.8519  0.172524D+01  0.170875D+01  0.106443D+04
  326.0037  0.174798D+01  0.174631D+01  0.107544D+03
  326.1553  0.175452D+01  0.173826D+01  0.101855D+04
  326.3069  0.169358D+01  0.168489D+01  0.561064D+03
  326.4584  0.161490D+01  0.161308D+01  0.117010D+03
  326.6099  0.161640D+01  0.160242D+01  0.902044D+03
  326.7613  0.167769D+01  0.168309D+01 -0.348862D+03
  326.9127  0.172643D+01  0.172375D+01  0.171748D+03
  327.0639  0.165892D+01  0.166837D+01 -0.608445D+03
  327.2151  0.160636D+01  0.160923D+01 -0.185386D+03
  327.3662  0.161873D+01  0.163055D+01 -0.763090D+03
  327.5173  0.166877D+01  0.167240D+01 -0.233355D+03
  327.6683  0.165498D+01  0.165693D+01 -0.124841D+03
  327.8192  0.161025D+01  0.161192D+01 -0.107785D+03
  327.9700  0.157927D+01  0.158421D+01 -0.318864D+03
  328.1208  0.157798D+01  0.158062D+01 -0.170387D+03
  328.2715  0.158116D+01  0.158085D+01  0.200701D+02
  328.4222  0.158477D+01  0.157227D+01  0.806253D+03
  328.5728  0.151822D+01  0.151718D+01  0.670763D+02
   31 325.548 330.075 327.812  2.454D-01  0.000D+00  2.510D-04  0.000D+00  1.002D+00  4.903D+02   300  4.782D-03
  325.5482  0.152374D+01  0.153147D+01 -0.504466D+03
  325.7001  0.163917D+01  0.165216D+01 -0.838202D+03
  325.8519  0.172524D+01  0.171566D+01  0.617964D+03
  326.0037  0.174798D+01  0.175028D+01 -0.148791D+03
  326.1553  0.175452D+01  0.174014D+01  0.900724D+03
  326.3069  0.169358D+01  0.168592D+01  0.494379D+03
  326.4584  0.161490D+01  0.161575D+01 -0.552377D+02
  326.6099  0.161640D+01  0.160611D+01  0.663842D+03
  326.7613  0.167769D+01  0.168048D+01 -0.180326D+03
  326.9127  0.172643D+01  0.171796D+01  0.542700D+03
  327.0639  0.165892D+01  0.166564D+01 -0.432486D+03
  327.2151  0.160636D+01  0.161018D+01 -0.246936D+03
  327.3662  0.161873D+01  0.162953D+01 -0.697510D+03
  327.5173  0.166877D+01  0.166873D+01  0.207216D+01
  327.6683  0.165498D+01  0.165512D+01 -0.868749D+01
  327.8192  0.161025D+01  0.161308D+01 -0.182540D+03
  327.9700  0.157927D+01  0.158684D+01 -0.488519D+03
  328.1208  0.157798D+01  0.158442D+01 -0.415512D+03
  328.2715  0.158116D+01  0.158625D+01 -0.328469D+03
  328.4222  0.158477D+01  0.157877D+01  0.386773D+03
  328.5728  0.151822D+01  0.152603D+01 -0.504060D+03
  328.7233  0.144514D+01  0.144513D+01  0.719878D+00
  328.8737  0.148601D+01  0.148345D+01  0.165127D+03
  329.0241  0.165470D+01  0.165327D+01  0.893527D+02
  329.1744  0.180409D+01  0.179126D+01  0.748326D+03
  329.3246  0.187523D+01  0.185845D+01  0.944667D+03
  329.4748  0.189766D+01  0.189962D+01 -0.108980D+03
  329.6249  0.192039D+01  0.191164D+01  0.484370D+03
  329.7750  0.190910D+01  0.191971D+01 -0.587009D+03
  329.9249  0.195947D+01  0.195525D+01  0.233815D+03
  330.0748  0.198964D+01  0.200163D+01 -0.663608D+03
   31 327.064 331.570 329.317  2.430D-01  0.000D+00 -4.378D-03  0.000D+00  1.009D+00  4.636D+02   300  3.972D-03
  327.0639  0.165892D+01  0.165635D+01  0.165584D+03
  327.2151  0.160636D+01  0.160238D+01  0.256918D+03
  327.3662  0.161873D+01  0.162576D+01 -0.454302D+03
  327.5173  0.166877D+01  0.166590D+01  0.184163D+03
  327.6683  0.165498D+01  0.165112D+01  0.247292D+03
  327.8192  0.161025D+01  0.160935D+01  0.580263D+02
  327.9700  0.157927D+01  0.158503D+01 -0.371404D+03
  328.1208  0.157798D+01  0.158406D+01 -0.392224D+03
  328.2715  0.158116D+01  0.158656D+01 -0.347946D+03
  328.4222  0.158477D+01  0.157943D+01  0.344461D+03
  328.5728  0.151822D+01  0.152520D+01 -0.450540D+03
  328.7233  0.144514D+01  0.144330D+01  0.118919D+03
  328.8737  0.148601D+01  0.148685D+01 -0.542610D+02
  329.0241  0.165470D+01  0.166092D+01 -0.387460D+03
  329.1744  0.180409D+01  0.179625D+01  0.457270D+03
  329.3246  0.187523D+01  0.186055D+01  0.825951D+03
  329.4748  0.189766D+01  0.190012D+01 -0.137095D+03
  329.6249  0.192039D+01  0.190943D+01  0.606273D+03
  329.7750  0.190910D+01  0.191543D+01 -0.350515D+03
  329.9249  0.195947D+01  0.194979D+01  0.535834D+03
  330.0748  0.198964D+01  0.199358D+01 -0.218030D+03
  330.2247  0.193129D+01  0.193262D+01 -0.737770D+02
  330.3744  0.179972D+01  0.178455D+01  0.872347D+03
  330.5241  0.162716D+01  0.165023D+01 -0.143754D+04
  330.6738  0.154961D+01  0.154888D+01  0.470338D+02
  330.8234  0.156830D+01  0.157424D+01 -0.375840D+03
  330.9728  0.168270D+01  0.169133D+01 -0.515030D+03
  331.1223  0.175646D+01  0.174864D+01  0.452356D+03
  331.2717  0.171297D+01  0.171184D+01  0.664669D+02
  331.4210  0.163014D+01  0.163219D+01 -0.124155D+03
  331.5702  0.161428D+01  0.160776D+01  0.402527D+03
   31 328.573 333.059 330.816  2.412D-01  0.000D+00 -2.503D-03  0.000D+00  1.005D+00  5.041D+02   300  3.641D-03
  328.5728  0.151822D+01  0.152595D+01 -0.499339D+03
  328.7233  0.144514D+01  0.144288D+01  0.146203D+03
  328.8737  0.148601D+01  0.148516D+01  0.547428D+02
  329.0241  0.165470D+01  0.166107D+01 -0.397005D+03
  329.1744  0.180409D+01  0.179795D+01  0.357896D+03
  329.3246  0.187523D+01  0.186208D+01  0.739858D+03
  329.4748  0.189766D+01  0.190187D+01 -0.234057D+03
  329.6249  0.192039D+01  0.191025D+01  0.561186D+03
  329.7750  0.190910D+01  0.191523D+01 -0.339036D+03
  329.9249  0.195947D+01  0.194835D+01  0.615508D+03
  330.0748  0.198964D+01  0.199365D+01 -0.222120D+03
  330.2247  0.193129D+01  0.193351D+01 -0.123026D+03
  330.3744  0.179972D+01  0.178427D+01  0.887930D+03
  330.5241  0.162716D+01  0.164992D+01 -0.141810D+04
  330.6738  0.154961D+01  0.154680D+01  0.180655D+03
  330.8234  0.156830D+01  0.157146D+01 -0.199844D+03
  330.9728  0.168270D+01  0.169153D+01 -0.527060D+03
  331.1223  0.175646D+01  0.175215D+01  0.249578D+03
  331.2717  0.171297D+01  0.171806D+01 -0.297654D+03
  331.4210  0.163014D+01  0.163967D+01 -0.578529D+03
  331.5702  0.161428D+01  0.161705D+01 -0.170564D+03
  331.7194  0.168319D+01  0.168848D+01 -0.313938D+03
  331.8685  0.176631D+01  0.176123D+01  0.290593D+03
  332.0175  0.176797D+01  0.175250D+01  0.888523D+03
  332.1665  0.167143D+01  0.166655D+01  0.288213D+03
  332.3154  0.156934D+01  0.156549D+01  0.237822D+03
  332.4642  0.158868D+01  0.157812D+01  0.644835D+03
  332.6130  0.168205D+01  0.168885D+01 -0.396739D+03
  332.7617  0.172259D+01  0.171601D+01  0.378987D+03
  332.9104  0.164275D+01  0.164847D+01 -0.338603D+03
  333.0589  0.162071D+01  0.162878D+01 -0.483967D+03
   31 330.075 334.541 332.308  2.403D-01  0.000D+00 -3.600D-04  0.000D+00  1.003D+00  4.686D+02 10300  3.262D-03
  330.0748  0.198964D+01  0.198876D+01  0.484743D+02
  330.2247  0.193129D+01  0.193051D+01  0.433263D+02
  330.3744  0.179972D+01  0.178153D+01  0.104558D+04
  330.5241  0.162716D+01  0.164776D+01 -0.128322D+04
  330.6738  0.154961D+01  0.154387D+01  0.369992D+03
  330.8234  0.156830D+01  0.156707D+01  0.778410D+02
  330.9728  0.168270D+01  0.168848D+01 -0.344813D+03
  331.1223  0.175646D+01  0.175156D+01  0.283762D+03
  331.2717  0.171297D+01  0.171927D+01 -0.368264D+03
  331.4210  0.163014D+01  0.164118D+01 -0.670339D+03
  331.5702  0.161428D+01  0.161748D+01 -0.197517D+03
  331.7194  0.168319D+01  0.168915D+01 -0.353485D+03
  331.8685  0.176631D+01  0.176350D+01  0.160672D+03
  332.0175  0.176797D+01  0.175588D+01  0.694433D+03
  332.1665  0.167143D+01  0.167005D+01  0.818148D+02
  332.3154  0.156934D+01  0.156685D+01  0.153952D+03
  332.4642  0.158868D+01  0.157604D+01  0.772172D+03
  332.6130  0.168205D+01  0.168593D+01 -0.226602D+03
  332.7617  0.172259D+01  0.171265D+01  0.572775D+03
  332.9104  0.164275D+01  0.164192D+01  0.493767D+02
  333.0589  0.162071D+01  0.161721D+01  0.209923D+03
  333.2075  0.167019D+01  0.167505D+01 -0.284287D+03
  333.3559  0.170337D+01  0.169816D+01  0.301528D+03
  333.5043  0.159288D+01  0.160366D+01 -0.652093D+03
  333.6526  0.147029D+01  0.147268D+01 -0.153635D+03
  333.8008  0.146580D+01  0.147186D+01 -0.385754D+03
  333.9491  0.156541D+01  0.157587D+01 -0.637401D+03
  334.0972  0.163756D+01  0.163754D+01  0.135387D+01
  334.2452  0.165983D+01  0.165954D+01  0.168917D+02
  334.3932  0.172694D+01  0.172337D+01  0.200863D+03
  334.5411  0.181205D+01  0.180404D+01  0.443032D+03
   23 331.570 334.837 333.203  2.396D-01  0.000D+00 -1.141D-03  0.000D+00  1.003D+00  3.511D+02 10300  2.991D-03
  331.5702  0.161428D+01  0.161236D+01  0.118750D+03
  331.7194  0.168319D+01  0.168883D+01 -0.334533D+03
  331.8685  0.176631D+01  0.176643D+01 -0.652778D+01
  332.0175  0.176797D+01  0.176050D+01  0.429209D+03
  332.1665  0.167143D+01  0.167506D+01 -0.214819D+03
  332.3154  0.156934D+01  0.157152D+01 -0.134957D+03
  332.4642  0.158868D+01  0.158132D+01  0.449783D+03
  332.6130  0.168205D+01  0.169172D+01 -0.564772D+03
  332.7617  0.172259D+01  0.171661D+01  0.344886D+03
  332.9104  0.164275D+01  0.164354D+01 -0.465852D+02
  333.0589  0.162071D+01  0.161766D+01  0.183208D+03
  333.2075  0.167019D+01  0.167466D+01 -0.261860D+03
  333.3559  0.170337D+01  0.169617D+01  0.416782D+03
  333.5043  0.159288D+01  0.159982D+01 -0.420092D+03
  333.6526  0.147029D+01  0.146794D+01  0.151668D+03
  333.8008  0.146580D+01  0.146788D+01 -0.132686D+03
  333.9491  0.156541D+01  0.157275D+01 -0.446879D+03
  334.0972  0.163756D+01  0.163494D+01  0.153847D+03
  334.2452  0.165983D+01  0.165853D+01  0.755778D+02
  334.3932  0.172694D+01  0.172588D+01  0.598308D+02
  334.5411  0.181205D+01  0.181141D+01  0.354725D+02
  334.6890  0.183042D+01  0.181622D+01  0.785480D+03
  334.8368  0.168875D+01  0.170090D+01 -0.689175D+03
