 solar_fit_vary
           0
 T T
nw  fwave  lwave  avgwav    hwe     asym  shift    squeeze      sin      rms   exval  std
   31 263.986 274.657 269.322  4.955D-01  0.000D+00 -2.785D-02  0.000D+00  9.759D-01  2.810D+03 10300  2.825D-02
  263.9861  0.527240D+00  0.528990D+00 -0.423281D+03
  264.3578  0.532972D+00  0.526623D+00  0.174719D+04
  264.7281  0.446514D+00  0.450457D+00 -0.108489D+04
  265.0971  0.441765D+00  0.414603D+00  0.747484D+04
  265.4647  0.444363D+00  0.438014D+00  0.174721D+04
  265.8312  0.411856D+00  0.434258D+00 -0.616496D+04
  266.1963  0.373167D+00  0.393871D+00 -0.569760D+04
  266.5603  0.357284D+00  0.362900D+00 -0.154538D+04
  266.9230  0.350021D+00  0.356012D+00 -0.170389D+04
  267.2846  0.361482D+00  0.361970D+00 -0.134081D+03
  267.6452  0.353936D+00  0.358842D+00 -0.135013D+04
  268.0045  0.341941D+00  0.340897D+00  0.314259D+03
  268.3629  0.346056D+00  0.335614D+00  0.305855D+04
  268.7201  0.336962D+00  0.331315D+00  0.175215D+04
  269.0764  0.328200D+00  0.323937D+00  0.147697D+04
  269.4316  0.325070D+00  0.324002D+00  0.375396D+03
  269.7859  0.344452D+00  0.340342D+00  0.120705D+04
  270.1392  0.385672D+00  0.373741D+00  0.328335D+04
  270.4916  0.393578D+00  0.387184D+00  0.175975D+04
  270.8432  0.372885D+00  0.375420D+00 -0.697433D+03
  271.1938  0.365169D+00  0.358128D+00  0.193759D+04
  271.5436  0.330117D+00  0.323316D+00  0.228056D+04
  271.8925  0.266402D+00  0.274359D+00 -0.312809D+04
  272.2407  0.252469D+00  0.261955D+00 -0.372910D+04
  272.5881  0.284493D+00  0.297989D+00 -0.529505D+04
  272.9347  0.336181D+00  0.338203D+00 -0.627972D+03
  273.2805  0.324279D+00  0.325802D+00 -0.535111D+03
  273.6256  0.265416D+00  0.266655D+00 -0.487464D+03
  273.9701  0.217933D+00  0.213275D+00  0.204133D+04
  274.3139  0.190617D+00  0.185115D+00  0.252334D+04
  274.6570  0.180316D+00  0.178168D+00  0.985633D+03
   31 267.645 278.055 272.850  4.367D-01  0.000D+00  1.270D-02  0.000D+00  1.006D+00  1.387D+03   300  1.431D-02
  267.6452  0.353936D+00  0.354244D+00 -0.845744D+02
  268.0045  0.341941D+00  0.338717D+00  0.970808D+03
  268.3629  0.346056D+00  0.339467D+00  0.193013D+04
  268.7201  0.336962D+00  0.340486D+00 -0.109357D+04
  269.0764  0.328200D+00  0.331691D+00 -0.120968D+04
  269.4316  0.325070D+00  0.331440D+00 -0.223929D+04
  269.7859  0.344452D+00  0.342215D+00  0.656945D+03
  270.1392  0.385672D+00  0.380274D+00  0.148536D+04
  270.4916  0.393578D+00  0.396495D+00 -0.802755D+03
  270.8432  0.372885D+00  0.378552D+00 -0.155937D+04
  271.1938  0.365169D+00  0.361562D+00  0.992645D+03
  271.5436  0.330117D+00  0.327968D+00  0.720424D+03
  271.8925  0.266402D+00  0.270187D+00 -0.148792D+04
  272.2407  0.252469D+00  0.247474D+00  0.196397D+04
  272.5881  0.284493D+00  0.282535D+00  0.768192D+03
  272.9347  0.336181D+00  0.332157D+00  0.124941D+04
  273.2805  0.324279D+00  0.328902D+00 -0.162497D+04
  273.6256  0.265416D+00  0.267439D+00 -0.795634D+03
  273.9701  0.217933D+00  0.212900D+00  0.220576D+04
  274.3139  0.190617D+00  0.185824D+00  0.219811D+04
  274.6570  0.180316D+00  0.181146D+00 -0.380495D+03
  274.9994  0.194957D+00  0.196872D+00 -0.878493D+03
  275.3412  0.234147D+00  0.231407D+00  0.109880D+04
  275.6824  0.259234D+00  0.265519D+00 -0.247088D+04
  276.0229  0.322890D+00  0.320098D+00  0.960768D+03
  276.3630  0.345005D+00  0.350985D+00 -0.176281D+04
  276.7024  0.357902D+00  0.361683D+00 -0.104052D+04
  277.0414  0.358583D+00  0.362915D+00 -0.119209D+04
  277.3797  0.367335D+00  0.361553D+00  0.159120D+04
  277.7176  0.323692D+00  0.320024D+00  0.125461D+04
  278.0550  0.265170D+00  0.265607D+00 -0.155199D+03
   31 271.194 281.404 276.299  4.244D-01  0.000D+00  1.495D-02  0.000D+00  9.889D-01  1.294D+03   304  1.339D-02
  271.1938  0.365169D+00  0.364157D+00  0.278356D+03
  271.5436  0.330117D+00  0.330565D+00 -0.150259D+03
  271.8925  0.266402D+00  0.270773D+00 -0.171831D+04
  272.2407  0.252469D+00  0.246763D+00  0.224345D+04
  272.5881  0.284493D+00  0.282526D+00  0.771726D+03
  272.9347  0.336181D+00  0.333948D+00  0.693341D+03
  273.2805  0.324279D+00  0.331204D+00 -0.243398D+04
  273.6256  0.265416D+00  0.267960D+00 -0.100052D+04
  273.9701  0.217933D+00  0.212712D+00  0.228847D+04
  274.3139  0.190617D+00  0.185636D+00  0.228453D+04
  274.6570  0.180316D+00  0.180886D+00 -0.261013D+03
  274.9994  0.194957D+00  0.196182D+00 -0.561712D+03
  275.3412  0.234147D+00  0.231700D+00  0.981467D+03
  275.6824  0.259234D+00  0.264425D+00 -0.204063D+04
  276.0229  0.322890D+00  0.320643D+00  0.773234D+03
  276.3630  0.345005D+00  0.351170D+00 -0.181735D+04
  276.7024  0.357902D+00  0.361687D+00 -0.104161D+04
  277.0414  0.358583D+00  0.362253D+00 -0.100994D+04
  277.3797  0.367335D+00  0.362110D+00  0.143791D+04
  277.7176  0.323692D+00  0.319921D+00  0.128961D+04
  278.0550  0.265170D+00  0.263897D+00  0.452191D+03
  278.3919  0.244921D+00  0.240802D+00  0.115727D+04
  278.7283  0.222610D+00  0.218422D+00  0.119343D+04
  279.0642  0.170180D+00  0.170436D+00 -0.795774D+02
  279.3997  0.123311D+00  0.126607D+00 -0.113313D+04
  279.7348  0.104190D+00  0.107897D+00 -0.127729D+04
  280.0695  0.103088D+00  0.105829D+00 -0.949747D+03
  280.4037  0.115915D+00  0.120665D+00 -0.163386D+04
  280.7375  0.162668D+00  0.163424D+00 -0.241413D+03
  281.0709  0.225983D+00  0.223933D+00  0.626879D+03
  281.4040  0.291337D+00  0.289857D+00  0.417543D+03
   31 274.657 284.716 279.686  3.858D-01  0.000D+00  1.167D-02  0.000D+00  1.002D+00  1.046D+03 10300  1.215D-02
  274.6570  0.180316D+00  0.179595D+00  0.330954D+03
  274.9994  0.194957D+00  0.193443D+00  0.694293D+03
  275.3412  0.234147D+00  0.232577D+00  0.629672D+03
  275.6824  0.259234D+00  0.259960D+00 -0.285250D+03
  276.0229  0.322890D+00  0.323139D+00 -0.854652D+02
  276.3630  0.345005D+00  0.350671D+00 -0.167046D+04
  276.7024  0.357902D+00  0.362173D+00 -0.117530D+04
  277.0414  0.358583D+00  0.361081D+00 -0.687321D+03
  277.3797  0.367335D+00  0.366328D+00  0.277198D+03
  277.7176  0.323692D+00  0.321283D+00  0.823752D+03
  278.0550  0.265170D+00  0.261227D+00  0.140016D+04
  278.3919  0.244921D+00  0.242070D+00  0.801191D+03
  278.7283  0.222610D+00  0.221856D+00  0.214744D+03
  279.0642  0.170180D+00  0.170548D+00 -0.114415D+03
  279.3997  0.123311D+00  0.124992D+00 -0.577789D+03
  279.7348  0.104190D+00  0.107499D+00 -0.114005D+04
  280.0695  0.103088D+00  0.105305D+00 -0.767987D+03
  280.4037  0.115915D+00  0.118928D+00 -0.103634D+04
  280.7375  0.162668D+00  0.162446D+00  0.707784D+02
  281.0709  0.225983D+00  0.223050D+00  0.896778D+03
  281.4040  0.291337D+00  0.286721D+00  0.130169D+04
  281.7367  0.355063D+00  0.353028D+00  0.560119D+03
  282.0690  0.402012D+00  0.402030D+00 -0.492690D+01
  282.4010  0.431415D+00  0.429400D+00  0.554557D+03
  282.7327  0.449481D+00  0.446513D+00  0.816559D+03
  283.0640  0.477861D+00  0.480195D+00 -0.642280D+03
  283.3950  0.468623D+00  0.482371D+00 -0.378330D+04
  283.7256  0.459941D+00  0.460444D+00 -0.138301D+03
  284.0560  0.454185D+00  0.448524D+00  0.155772D+04
  284.3860  0.401198D+00  0.399257D+00  0.534218D+03
  284.7158  0.310404D+00  0.308826D+00  0.471686D+03
   31 278.055 287.998 283.026  3.712D-01  0.000D+00  2.848D-04  0.000D+00  9.978D-01  9.110D+02 10300  6.817D-03
  278.0550  0.265170D+00  0.262441D+00  0.969170D+03
  278.3919  0.244921D+00  0.245659D+00 -0.207439D+03
  278.7283  0.222610D+00  0.224896D+00 -0.651640D+03
  279.0642  0.170180D+00  0.170665D+00 -0.150791D+03
  279.3997  0.123311D+00  0.124639D+00 -0.456524D+03
  279.7348  0.104190D+00  0.108014D+00 -0.131759D+04
  280.0695  0.103088D+00  0.105912D+00 -0.978268D+03
  280.4037  0.115915D+00  0.119590D+00 -0.126413D+04
  280.7375  0.162668D+00  0.164417D+00 -0.558575D+03
  281.0709  0.225983D+00  0.225106D+00  0.268098D+03
  281.4040  0.291337D+00  0.288262D+00  0.867349D+03
  281.7367  0.355063D+00  0.354005D+00  0.291297D+03
  282.0690  0.402012D+00  0.401635D+00  0.103842D+03
  282.4010  0.431415D+00  0.427416D+00  0.110039D+04
  282.7327  0.449481D+00  0.443524D+00  0.163912D+04
  283.0640  0.477861D+00  0.479344D+00 -0.407862D+03
  283.3950  0.468623D+00  0.480039D+00 -0.314156D+04
  283.7256  0.459941D+00  0.458539D+00  0.385984D+03
  284.0560  0.454185D+00  0.449670D+00  0.124256D+04
  284.3860  0.401198D+00  0.400693D+00  0.139029D+03
  284.7158  0.310404D+00  0.310392D+00  0.356249D+01
  285.0452  0.189398D+00  0.189000D+00  0.136796D+03
  285.3744  0.153719D+00  0.152630D+00  0.381856D+03
  285.7032  0.254892D+00  0.255582D+00 -0.212484D+03
  286.0318  0.400160D+00  0.402298D+00 -0.588428D+03
  286.3601  0.491123D+00  0.491855D+00 -0.201429D+03
  286.6882  0.507935D+00  0.510315D+00 -0.655136D+03
  287.0159  0.532894D+00  0.533169D+00 -0.757569D+02
  287.3434  0.569673D+00  0.567191D+00  0.682931D+03
  287.6707  0.516175D+00  0.513067D+00  0.855403D+03
  287.9976  0.400944D+00  0.403966D+00 -0.831776D+03
   31 281.404 291.252 286.328  3.701D-01  0.000D+00  1.255D-03  0.000D+00  9.928D-01  1.249D+03 10000  7.121D-03
  281.4040  0.291337D+00  0.289359D+00  0.557987D+03
  281.7367  0.355063D+00  0.354965D+00  0.271079D+02
  282.0690  0.402012D+00  0.402409D+00 -0.109305D+03
  282.4010  0.431415D+00  0.428066D+00  0.921734D+03
  282.7327  0.449481D+00  0.443978D+00  0.151444D+04
  283.0640  0.477861D+00  0.480009D+00 -0.590943D+03
  283.3950  0.468623D+00  0.480983D+00 -0.340128D+04
  283.7256  0.459941D+00  0.459465D+00  0.131144D+03
  284.0560  0.454185D+00  0.450994D+00  0.878068D+03
  284.3860  0.401198D+00  0.402164D+00 -0.265651D+03
  284.7158  0.310404D+00  0.311884D+00 -0.442725D+03
  285.0452  0.189398D+00  0.189841D+00 -0.152184D+03
  285.3744  0.153719D+00  0.152805D+00  0.320465D+03
  285.7032  0.254892D+00  0.255938D+00 -0.322198D+03
  286.0318  0.400160D+00  0.403113D+00 -0.812682D+03
  286.3601  0.491123D+00  0.492627D+00 -0.414031D+03
  286.6882  0.507935D+00  0.510302D+00 -0.651567D+03
  287.0159  0.532894D+00  0.531811D+00  0.297858D+03
  287.3434  0.569673D+00  0.564606D+00  0.139453D+04
  287.6707  0.516175D+00  0.509136D+00  0.193703D+04
  287.9976  0.400944D+00  0.399011D+00  0.531982D+03
  288.3243  0.393636D+00  0.389486D+00  0.114211D+04
  288.6507  0.543254D+00  0.533611D+00  0.263123D+04
  288.9769  0.598720D+00  0.597732D+00  0.271851D+03
  289.3027  0.631057D+00  0.633564D+00 -0.689751D+03
  289.6284  0.728825D+00  0.732543D+00 -0.797193D+03
  289.9537  0.846810D+00  0.852606D+00 -0.159503D+04
  290.2788  0.921998D+00  0.927681D+00 -0.156376D+04
  290.6036  0.928899D+00  0.933074D+00 -0.114903D+04
  290.9282  0.887199D+00  0.889013D+00 -0.499249D+03
  291.2524  0.897434D+00  0.886920D+00  0.289343D+04
   31 284.716 294.479 289.597  3.612D-01  0.000D+00  4.734D-03  0.000D+00  9.961D-01  1.188D+03   300  5.015D-03
  284.7158  0.310404D+00  0.310536D+00 -0.395356D+02
  285.0452  0.189398D+00  0.188207D+00  0.409876D+03
  285.3744  0.153719D+00  0.149427D+00  0.150450D+04
  285.7032  0.254892D+00  0.253423D+00  0.452758D+03
  286.0318  0.400160D+00  0.403093D+00 -0.807075D+03
  286.3601  0.491123D+00  0.494420D+00 -0.907313D+03
  286.6882  0.507935D+00  0.511984D+00 -0.111431D+04
  287.0159  0.532894D+00  0.532847D+00  0.128383D+02
  287.3434  0.569673D+00  0.568807D+00  0.238360D+03
  287.6707  0.516175D+00  0.513294D+00  0.792916D+03
  287.9976  0.400944D+00  0.400327D+00  0.169763D+03
  288.3243  0.393636D+00  0.386397D+00  0.199197D+04
  288.6507  0.543254D+00  0.535794D+00  0.203555D+04
  288.9769  0.598720D+00  0.599126D+00 -0.111676D+03
  289.3027  0.631057D+00  0.632557D+00 -0.412812D+03
  289.6284  0.728825D+00  0.731261D+00 -0.522141D+03
  289.9537  0.846810D+00  0.852219D+00 -0.148855D+04
  290.2788  0.921998D+00  0.927492D+00 -0.151183D+04
  290.6036  0.928899D+00  0.933137D+00 -0.116625D+04
  290.9282  0.887199D+00  0.886506D+00  0.190618D+03
  291.2524  0.897434D+00  0.885432D+00  0.330275D+04
  291.5764  0.873010D+00  0.865546D+00  0.205403D+04
  291.9001  0.837772D+00  0.837818D+00 -0.127957D+02
  292.2235  0.818490D+00  0.821539D+00 -0.839139D+03
  292.5466  0.739953D+00  0.746938D+00 -0.192235D+04
  292.8694  0.737694D+00  0.742837D+00 -0.141524D+04
  293.1920  0.861644D+00  0.859211D+00  0.669430D+03
  293.5142  0.862532D+00  0.858529D+00  0.110154D+04
  293.8361  0.740905D+00  0.741457D+00 -0.151861D+03
  294.1576  0.757902D+00  0.758197D+00 -0.810954D+02
  294.4789  0.808744D+00  0.808886D+00 -0.392507D+02
   31 287.998 297.671 292.834  3.541D-01  0.000D+00  6.343D-03  0.000D+00  9.897D-01  1.127D+03   300  4.017D-03
  287.9976  0.400944D+00  0.403020D+00 -0.571465D+03
  288.3243  0.393636D+00  0.385330D+00  0.228576D+04
  288.6507  0.543254D+00  0.539123D+00  0.112736D+04
  288.9769  0.598720D+00  0.600780D+00 -0.566941D+03
  289.3027  0.631057D+00  0.631901D+00 -0.232120D+03
  289.6284  0.728825D+00  0.730689D+00 -0.399492D+03
  289.9537  0.846810D+00  0.852169D+00 -0.147481D+04
  290.2788  0.921998D+00  0.927415D+00 -0.149067D+04
  290.6036  0.928899D+00  0.933307D+00 -0.121298D+04
  290.9282  0.887199D+00  0.885017D+00  0.600398D+03
  291.2524  0.897434D+00  0.885015D+00  0.341744D+04
  291.5764  0.873010D+00  0.865355D+00  0.210670D+04
  291.9001  0.837772D+00  0.837228D+00  0.149702D+03
  292.2235  0.818490D+00  0.823048D+00 -0.125436D+04
  292.5466  0.739953D+00  0.746162D+00 -0.170860D+04
  292.8694  0.737694D+00  0.740295D+00 -0.715760D+03
  293.1920  0.861644D+00  0.860486D+00  0.318512D+03
  293.5142  0.862532D+00  0.860862D+00  0.459584D+03
  293.8361  0.740905D+00  0.738714D+00  0.602925D+03
  294.1576  0.757902D+00  0.756285D+00  0.444931D+03
  294.4789  0.808744D+00  0.808543D+00  0.551314D+02
  294.7998  0.745487D+00  0.748993D+00 -0.964673D+03
  295.1203  0.770686D+00  0.771228D+00 -0.149277D+03
  295.4406  0.842110D+00  0.840833D+00  0.351397D+03
  295.7604  0.858541D+00  0.859759D+00 -0.335219D+03
  296.0799  0.901827D+00  0.905416D+00 -0.987569D+03
  296.3989  0.849455D+00  0.847508D+00  0.536030D+03
  296.7176  0.661271D+00  0.659004D+00  0.623899D+03
  297.0359  0.630255D+00  0.628826D+00  0.393084D+03
  297.3537  0.726739D+00  0.729577D+00 -0.780855D+03
  297.6712  0.908604D+00  0.907053D+00  0.426952D+03
   31 291.252 300.819 296.036  3.563D-01  0.000D+00  9.031D-03  0.000D+00  1.001D+00  4.853D+03 10000  1.338D-02
  291.2524  0.897434D+00  0.906796D+00 -0.257654D+04
  291.5764  0.873010D+00  0.877314D+00 -0.118443D+04
  291.9001  0.837772D+00  0.840819D+00 -0.838531D+03
  292.2235  0.818490D+00  0.820525D+00 -0.559864D+03
  292.5466  0.739953D+00  0.741006D+00 -0.289810D+03
  292.8694  0.737694D+00  0.731668D+00  0.165847D+04
  293.1920  0.861644D+00  0.847242D+00  0.396328D+04
  293.5142  0.862532D+00  0.848826D+00  0.377181D+04
  293.8361  0.740905D+00  0.730146D+00  0.296073D+04
  294.1576  0.757902D+00  0.746863D+00  0.303795D+04
  294.4789  0.808744D+00  0.800636D+00  0.223119D+04
  294.7998  0.745487D+00  0.745767D+00 -0.770583D+02
  295.1203  0.770686D+00  0.769386D+00  0.357648D+03
  295.4406  0.842110D+00  0.842699D+00 -0.162036D+03
  295.7604  0.858541D+00  0.865957D+00 -0.204082D+04
  296.0799  0.901827D+00  0.915701D+00 -0.381797D+04
  296.3989  0.849455D+00  0.862382D+00 -0.355728D+04
  296.7176  0.661271D+00  0.675063D+00 -0.379533D+04
  297.0359  0.630255D+00  0.644750D+00 -0.398894D+04
  297.3537  0.726739D+00  0.749569D+00 -0.628269D+04
  297.6712  0.908604D+00  0.933394D+00 -0.682194D+04
  297.9882  0.890328D+00  0.900755D+00 -0.286933D+04
  298.3047  0.655810D+00  0.651331D+00  0.123250D+04
  298.6208  0.592510D+00  0.576508D+00  0.440381D+04
  298.9364  0.761649D+00  0.727308D+00  0.945058D+04
  299.2515  0.841170D+00  0.788467D+00  0.145035D+05
  299.5661  0.779554D+00  0.744003D+00  0.978361D+04
  299.8802  0.731203D+00  0.733161D+00 -0.538850D+03
  300.1937  0.591610D+00  0.601503D+00 -0.272224D+04
  300.5067  0.627418D+00  0.650695D+00 -0.640563D+04
  300.8192  0.686306D+00  0.710461D+00 -0.664714D+04
   31 294.479 303.908 299.194  3.666D-01  0.000D+00  4.428D-03  0.000D+00  9.947D-01  6.822D+03 10000  1.871D-02
  294.4789  0.808744D+00  0.784382D+00  0.670404D+04
  294.7998  0.745487D+00  0.740946D+00  0.124971D+04
  295.1203  0.770686D+00  0.770757D+00 -0.196308D+02
  295.4406  0.842110D+00  0.843850D+00 -0.478767D+03
  295.7604  0.858541D+00  0.871443D+00 -0.355054D+04
  296.0799  0.901827D+00  0.918321D+00 -0.453904D+04
  296.3989  0.849455D+00  0.859553D+00 -0.277893D+04
  296.7176  0.661271D+00  0.677767D+00 -0.453951D+04
  297.0359  0.630255D+00  0.646296D+00 -0.441446D+04
  297.3537  0.726739D+00  0.749992D+00 -0.639901D+04
  297.6712  0.908604D+00  0.922428D+00 -0.380424D+04
  297.9882  0.890328D+00  0.882450D+00  0.216796D+04
  298.3047  0.655810D+00  0.642771D+00  0.358825D+04
  298.6208  0.592510D+00  0.572825D+00  0.541722D+04
  298.9364  0.761649D+00  0.714732D+00  0.129113D+05
  299.2515  0.841170D+00  0.772111D+00  0.190044D+05
  299.5661  0.779554D+00  0.735514D+00  0.121196D+05
  299.8802  0.731203D+00  0.720980D+00  0.281323D+04
  300.1937  0.591610D+00  0.604305D+00 -0.349354D+04
  300.5067  0.627418D+00  0.656609D+00 -0.803311D+04
  300.8192  0.686306D+00  0.726069D+00 -0.109424D+05
  301.1310  0.749065D+00  0.790850D+00 -0.114991D+05
  301.4423  0.798109D+00  0.834476D+00 -0.100079D+05
  301.7529  0.703690D+00  0.721088D+00 -0.468782D+04
  302.0629  0.592879D+00  0.578900D+00  0.384692D+04
  302.3722  0.700228D+00  0.681573D+00  0.513400D+04
  302.6808  0.871213D+00  0.854662D+00  0.455475D+04
  302.9888  0.995309D+00  0.977385D+00  0.320308D+04
  303.2961  0.104791D+01  0.104513D+01  0.429748D+03
  303.6026  0.102203D+01  0.103398D+01 -0.186714D+04
  303.9084  0.934010D+00  0.925105D+00  0.182285D+04
   31 297.671 306.920 302.296  3.891D-01  0.000D+00 -5.113D-03  0.000D+00  9.873D-01  7.083D+03 10300  2.280D-02
  297.6712  0.908604D+00  0.950204D+00 -0.114482D+05
  297.9882  0.890328D+00  0.890048D+00  0.771919D+02
  298.3047  0.655810D+00  0.657123D+00 -0.361283D+03
  298.6208  0.592510D+00  0.591810D+00  0.192866D+03
  298.9364  0.761649D+00  0.718529D+00  0.118664D+05
  299.2515  0.841170D+00  0.768480D+00  0.200037D+05
  299.5661  0.779554D+00  0.739173D+00  0.111128D+05
  299.8802  0.731203D+00  0.711831D+00  0.533118D+04
  300.1937  0.591610D+00  0.613306D+00 -0.597040D+04
  300.5067  0.627418D+00  0.660154D+00 -0.900871D+04
  300.8192  0.686306D+00  0.729903D+00 -0.119977D+05
  301.1310  0.749065D+00  0.796115D+00 -0.129478D+05
  301.4423  0.798109D+00  0.830160D+00 -0.882017D+04
  301.7529  0.703690D+00  0.718239D+00 -0.392020D+04
  302.0629  0.592879D+00  0.594779D+00 -0.522934D+03
  302.3722  0.700228D+00  0.692267D+00  0.219107D+04
  302.6808  0.871213D+00  0.859466D+00  0.323271D+04
  302.9888  0.995309D+00  0.976342D+00  0.338951D+04
  303.2961  0.104791D+01  0.103712D+01  0.166998D+04
  303.6026  0.102203D+01  0.101262D+01  0.147178D+04
  303.9084  0.934010D+00  0.910035D+00  0.490781D+04
  304.2133  0.944558D+00  0.910317D+00  0.555916D+04
  304.5175  0.100375D+01  0.969445D+00  0.514884D+04
  304.8209  0.101660D+01  0.972741D+00  0.610105D+04
  305.1235  0.104827D+01  0.103487D+01  0.184345D+04
  305.4252  0.993100D+00  0.102158D+01 -0.391850D+04
  305.7259  0.830949D+00  0.857146D+00 -0.457502D+04
  306.0258  0.805516D+00  0.821133D+00 -0.253369D+04
  306.3248  0.882705D+00  0.906174D+00 -0.322928D+04
  306.6228  0.881563D+00  0.889555D+00 -0.109972D+04
  306.9198  0.932137D+00  0.924094D+00  0.110675D+04
   31 300.819 309.830 305.325  3.965D-01  0.000D+00 -1.776D-02  0.000D+00  1.007D+00  1.921D+03 10300  9.078D-03
  300.8192  0.686306D+00  0.675468D+00  0.298269D+04
  301.1310  0.749065D+00  0.756784D+00 -0.212435D+04
  301.4423  0.798109D+00  0.799675D+00 -0.430966D+03
  301.7529  0.703690D+00  0.700033D+00  0.985544D+03
  302.0629  0.592879D+00  0.596854D+00 -0.109412D+04
  302.3722  0.700228D+00  0.704417D+00 -0.115254D+04
  302.6808  0.871213D+00  0.875913D+00 -0.129345D+04
  302.9888  0.995309D+00  0.995546D+00 -0.423324D+02
  303.2961  0.104791D+01  0.105711D+01 -0.142406D+04
  303.6026  0.102203D+01  0.102653D+01 -0.703282D+03
  303.9084  0.934010D+00  0.925566D+00  0.172863D+04
  304.2133  0.944558D+00  0.927802D+00  0.272036D+04
  304.5175  0.100375D+01  0.980698D+00  0.345977D+04
  304.8209  0.101660D+01  0.983224D+00  0.464275D+04
  305.1235  0.104827D+01  0.104034D+01  0.109207D+04
  305.4252  0.993100D+00  0.101375D+01 -0.284171D+04
  305.7259  0.830949D+00  0.851051D+00 -0.351051D+04
  306.0258  0.805516D+00  0.821934D+00 -0.266355D+04
  306.3248  0.882705D+00  0.898652D+00 -0.219432D+04
  306.6228  0.881563D+00  0.883406D+00 -0.253602D+03
  306.9198  0.932137D+00  0.923152D+00  0.123635D+04
  307.2159  0.101141D+01  0.995609D+00  0.217406D+04
  307.5108  0.101369D+01  0.100133D+01  0.170034D+04
  307.8047  0.100388D+01  0.100585D+01 -0.270768D+03
  308.0976  0.997703D+00  0.100538D+01 -0.105645D+04
  308.3893  0.100906D+01  0.102011D+01 -0.151965D+04
  308.6799  0.102417D+01  0.102436D+01 -0.263783D+02
  308.9693  0.929379D+00  0.920435D+00  0.907309D+03
  309.2575  0.803326D+00  0.809607D+00 -0.608122D+03
  309.5445  0.791268D+00  0.791236D+00  0.289398D+01
  309.8303  0.790644D+00  0.776092D+00  0.133488D+04
   21 303.908 309.830 306.869  3.908D-01  0.000D+00 -4.532D-02  0.000D+00  9.803D-01  1.620D+03   304  1.295D-02
  303.9084  0.934010D+00  0.938748D+00 -0.969953D+03
  304.2133  0.944558D+00  0.947046D+00 -0.403942D+03
  304.5175  0.100375D+01  0.993522D+00  0.153492D+04
  304.8209  0.101660D+01  0.989701D+00  0.374183D+04
  305.1235  0.104827D+01  0.104957D+01 -0.178673D+03
  305.4252  0.993100D+00  0.100289D+01 -0.134769D+04
  305.7259  0.830949D+00  0.834404D+00 -0.603325D+03
  306.0258  0.805516D+00  0.824467D+00 -0.307455D+04
  306.3248  0.882705D+00  0.898068D+00 -0.211392D+04
  306.6228  0.881563D+00  0.876189D+00  0.739447D+03
  306.9198  0.932137D+00  0.925852D+00  0.864735D+03
  307.2159  0.101141D+01  0.994929D+00  0.226762D+04
  307.5108  0.101369D+01  0.996903D+00  0.230986D+04
  307.8047  0.100388D+01  0.100421D+01 -0.458665D+02
  308.0976  0.997703D+00  0.100391D+01 -0.854160D+03
  308.3893  0.100906D+01  0.102423D+01 -0.208666D+04
  308.6799  0.102417D+01  0.102425D+01 -0.110236D+02
  308.9693  0.929379D+00  0.912104D+00  0.175256D+04
  309.2575  0.803326D+00  0.808656D+00 -0.516003D+03
  309.5445  0.791268D+00  0.799979D+00 -0.799124D+03
  309.8303  0.790644D+00  0.781750D+00  0.815884D+03
   31 309.974 314.708 312.341  2.423D-01  0.000D+00  3.609D-03  0.000D+00  9.961D-01  1.731D+03   300  9.088D-03
  309.9739  0.961112D+00  0.100580D+01 -0.309759D+04
  310.1329  0.882513D+00  0.885121D+00 -0.202796D+03
  310.2917  0.989616D+00  0.101025D+01 -0.151283D+04
  310.4504  0.124589D+01  0.128137D+01 -0.240193D+04
  310.6090  0.146108D+01  0.143740D+01  0.153590D+04
  310.7676  0.155975D+01  0.150616D+01  0.347638D+04
  310.9261  0.157313D+01  0.152676D+01  0.302887D+04
  311.0845  0.152179D+01  0.147089D+01  0.346771D+04
  311.2429  0.144612D+01  0.142376D+01  0.164599D+04
  311.4012  0.138398D+01  0.138927D+01 -0.411869D+03
  311.5594  0.129737D+01  0.131458D+01 -0.133994D+04
  311.7175  0.116710D+01  0.119744D+01 -0.245562D+04
  311.8755  0.104404D+01  0.106684D+01 -0.211915D+04
  312.0336  0.966460D+00  0.989311D+00 -0.222335D+04
  312.1915  0.973088D+00  0.987404D+00 -0.139287D+04
  312.3493  0.103801D+01  0.105512D+01 -0.165132D+04
  312.5071  0.108361D+01  0.109849D+01 -0.136951D+04
  312.6647  0.109058D+01  0.108050D+01  0.886641D+03
  312.8224  0.109380D+01  0.108787D+01  0.523956D+03
  312.9799  0.111778D+01  0.110693D+01  0.908450D+03
  313.1374  0.111404D+01  0.109620D+01  0.148652D+04
  313.2947  0.108571D+01  0.107007D+01  0.134695D+04
  313.4521  0.107595D+01  0.106166D+01  0.123481D+04
  313.6093  0.111702D+01  0.110867D+01  0.687613D+03
  313.7665  0.121096D+01  0.120889D+01  0.163521D+03
  313.9236  0.130036D+01  0.130400D+01 -0.283541D+03
  314.0806  0.131747D+01  0.131761D+01 -0.105191D+02
  314.2376  0.119688D+01  0.120787D+01 -0.880199D+03
  314.3945  0.982480D+00  0.978357D+00  0.367208D+03
  314.5512  0.854935D+00  0.844159D+00  0.104842D+04
  314.7080  0.923710D+00  0.941352D+00 -0.169643D+04
   31 311.559 316.271 313.915  2.524D-01  0.000D+00  6.099D-03  0.000D+00  9.933D-01  7.763D+02 10300  4.432D-03
  311.5594  0.129737D+01  0.126696D+01  0.236664D+04
  311.7175  0.116710D+01  0.116572D+01  0.111240D+03
  311.8755  0.104404D+01  0.105094D+01 -0.640593D+03
  312.0336  0.966460D+00  0.981254D+00 -0.143946D+04
  312.1915  0.973088D+00  0.983708D+00 -0.103331D+04
  312.3493  0.103801D+01  0.105019D+01 -0.117623D+04
  312.5071  0.108361D+01  0.109581D+01 -0.112238D+04
  312.6647  0.109058D+01  0.108618D+01  0.387551D+03
  312.8224  0.109380D+01  0.109369D+01  0.946258D+01
  312.9799  0.111778D+01  0.111147D+01  0.528932D+03
  313.1374  0.111404D+01  0.110207D+01  0.996743D+03
  313.2947  0.108571D+01  0.107735D+01  0.720302D+03
  313.4521  0.107595D+01  0.106958D+01  0.550338D+03
  313.6093  0.111702D+01  0.111422D+01  0.230507D+03
  313.7665  0.121096D+01  0.120898D+01  0.156326D+03
  313.9236  0.130036D+01  0.129802D+01  0.181995D+03
  314.0806  0.131747D+01  0.130832D+01  0.712624D+03
  314.2376  0.119688D+01  0.119787D+01 -0.790004D+02
  314.3945  0.982480D+00  0.979754D+00  0.242753D+03
  314.5512  0.854935D+00  0.849345D+00  0.543862D+03
  314.7080  0.923710D+00  0.931775D+00 -0.775581D+03
  314.8647  0.109294D+01  0.109292D+01  0.231691D+01
  315.0212  0.119693D+01  0.120172D+01 -0.373136D+03
  315.1777  0.122945D+01  0.123043D+01 -0.757873D+02
  315.3342  0.121249D+01  0.122012D+01 -0.593996D+03
  315.4905  0.116996D+01  0.117562D+01 -0.443564D+03
  315.6469  0.105079D+01  0.106070D+01 -0.845216D+03
  315.8030  0.884310D+00  0.888158D+00 -0.373765D+03
  315.9592  0.767270D+00  0.766935D+00  0.325380D+02
  316.1153  0.776273D+00  0.773699D+00  0.250428D+03
  316.2713  0.888260D+00  0.875880D+00  0.119841D+04
   31 313.137 317.827 315.482  2.544D-01  0.000D+00  5.278D-03  0.000D+00  9.982D-01  3.279D+02 10300  1.872D-03
  313.1374  0.111404D+01  0.111019D+01  0.320724D+03
  313.2947  0.108571D+01  0.108562D+01  0.757171D+01
  313.4521  0.107595D+01  0.107790D+01 -0.168964D+03
  313.6093  0.111702D+01  0.112226D+01 -0.432440D+03
  313.7665  0.121096D+01  0.121587D+01 -0.388279D+03
  313.9236  0.130036D+01  0.130266D+01 -0.179224D+03
  314.0806  0.131747D+01  0.131010D+01  0.573342D+03
  314.2376  0.119688D+01  0.119675D+01  0.103124D+02
  314.3945  0.982480D+00  0.978972D+00  0.312436D+03
  314.5512  0.854935D+00  0.849994D+00  0.480671D+03
  314.7080  0.923710D+00  0.930290D+00 -0.632780D+03
  314.8647  0.109294D+01  0.108842D+01  0.368117D+03
  315.0212  0.119693D+01  0.119537D+01  0.121342D+03
  315.1777  0.122945D+01  0.122392D+01  0.430975D+03
  315.3342  0.121249D+01  0.121382D+01 -0.103213D+03
  315.4905  0.116996D+01  0.116972D+01  0.182482D+02
  315.6469  0.105079D+01  0.105638D+01 -0.477065D+03
  315.8030  0.884310D+00  0.887318D+00 -0.292176D+03
  315.9592  0.767270D+00  0.769864D+00 -0.252388D+03
  316.1153  0.776273D+00  0.779912D+00 -0.354140D+03
  316.2713  0.888260D+00  0.886296D+00  0.190163D+03
  316.4272  0.100524D+01  0.100825D+01 -0.266708D+03
  316.5831  0.108136D+01  0.107751D+01  0.310801D+03
  316.7389  0.111955D+01  0.112134D+01 -0.141940D+03
  316.8947  0.117840D+01  0.117833D+01  0.519049D+01
  317.0503  0.129115D+01  0.128559D+01  0.432248D+03
  317.2058  0.141200D+01  0.141263D+01 -0.494341D+02
  317.3613  0.145837D+01  0.145911D+01 -0.580513D+02
  317.5167  0.144233D+01  0.143528D+01  0.548576D+03
  317.6721  0.139244D+01  0.139334D+01 -0.700186D+02
  317.8274  0.126151D+01  0.126729D+01 -0.449086D+03
   31 314.708 319.376 317.042  2.532D-01  0.000D+00  3.205D-03  0.000D+00  9.995D-01  3.135D+02 10300  1.770D-03
  314.7080  0.923710D+00  0.931305D+00 -0.730388D+03
  314.8647  0.109294D+01  0.108957D+01  0.274337D+03
  315.0212  0.119693D+01  0.119510D+01  0.142224D+03
  315.1777  0.122945D+01  0.122219D+01  0.565067D+03
  315.3342  0.121249D+01  0.121170D+01  0.618758D+02
  315.4905  0.116996D+01  0.116731D+01  0.207460D+03
  315.6469  0.105079D+01  0.105319D+01 -0.204467D+03
  315.8030  0.884310D+00  0.883562D+00  0.726700D+02
  315.9592  0.767270D+00  0.767453D+00 -0.178425D+02
  316.1153  0.776273D+00  0.779580D+00 -0.321804D+03
  316.2713  0.888260D+00  0.887490D+00  0.745000D+02
  316.4272  0.100524D+01  0.100958D+01 -0.384032D+03
  316.5831  0.108136D+01  0.107821D+01  0.254282D+03
  316.7389  0.111955D+01  0.112209D+01 -0.200868D+03
  316.8947  0.117840D+01  0.117952D+01 -0.871483D+02
  317.0503  0.129115D+01  0.128801D+01  0.244090D+03
  317.2058  0.141200D+01  0.141561D+01 -0.281344D+03
  317.3613  0.145837D+01  0.146067D+01 -0.179035D+03
  317.5167  0.144233D+01  0.143596D+01  0.495378D+03
  317.6721  0.139244D+01  0.139390D+01 -0.113197D+03
  317.8274  0.126151D+01  0.126599D+01 -0.347821D+03
  317.9826  0.105782D+01  0.105253D+01  0.426773D+03
  318.1378  0.910224D+00  0.913442D+00 -0.310454D+03
  318.2928  0.910622D+00  0.911192D+00 -0.516505D+02
  318.4479  0.993670D+00  0.989418D+00  0.369003D+03
  318.6028  0.109075D+01  0.109223D+01 -0.117703D+03
  318.7576  0.119759D+01  0.119312D+01  0.347534D+03
  318.9124  0.128696D+01  0.128177D+01  0.403592D+03
  319.0671  0.125888D+01  0.126665D+01 -0.605469D+03
  319.2217  0.111333D+01  0.111304D+01  0.226307D+02
  319.3763  0.100385D+01  0.100444D+01 -0.479408D+02
   31 316.271 320.918 318.595  2.541D-01  0.000D+00  1.736D-03  0.000D+00  1.002D+00  3.460D+02 10300  2.267D-03
  316.2713  0.888260D+00  0.886680D+00  0.152989D+03
  316.4272  0.100524D+01  0.100842D+01 -0.281497D+03
  316.5831  0.108136D+01  0.107719D+01  0.336052D+03
  316.7389  0.111955D+01  0.112164D+01 -0.165152D+03
  316.8947  0.117840D+01  0.117992D+01 -0.118781D+03
  317.0503  0.129115D+01  0.128912D+01  0.157972D+03
  317.2058  0.141200D+01  0.141602D+01 -0.312850D+03
  317.3613  0.145837D+01  0.146042D+01 -0.159862D+03
  317.5167  0.144233D+01  0.143594D+01  0.497453D+03
  317.6721  0.139244D+01  0.139312D+01 -0.524742D+02
  317.8274  0.126151D+01  0.126398D+01 -0.191745D+03
  317.9826  0.105782D+01  0.105121D+01  0.532754D+03
  318.1378  0.910224D+00  0.913625D+00 -0.328156D+03
  318.2928  0.910622D+00  0.912139D+00 -0.137527D+03
  318.4479  0.993670D+00  0.990518D+00  0.273584D+03
  318.6028  0.109075D+01  0.109330D+01 -0.202444D+03
  318.7576  0.119759D+01  0.119418D+01  0.265370D+03
  318.9124  0.128696D+01  0.128196D+01  0.388969D+03
  319.0671  0.125888D+01  0.126517D+01 -0.489719D+03
  319.2217  0.111333D+01  0.111201D+01  0.104472D+03
  319.3763  0.100385D+01  0.100541D+01 -0.127960D+03
  319.5308  0.103479D+01  0.104905D+01 -0.114816D+04
  319.6852  0.115600D+01  0.115036D+01  0.439572D+03
  319.8396  0.126448D+01  0.125973D+01  0.368557D+03
  319.9939  0.132962D+01  0.132974D+01 -0.951105D+01
  320.1481  0.135282D+01  0.134759D+01  0.407272D+03
  320.3022  0.138273D+01  0.138691D+01 -0.325474D+03
  320.4564  0.145012D+01  0.145088D+01 -0.583320D+02
  320.6104  0.148634D+01  0.148339D+01  0.214266D+03
  320.7643  0.144031D+01  0.143957D+01  0.540956D+02
  320.9182  0.130394D+01  0.130623D+01 -0.177744D+03
   31 317.827 322.453 320.140  2.525D-01  0.000D+00  1.127D-03  0.000D+00  9.957D-01  3.593D+02 10300  2.227D-03
  317.8274  0.126151D+01  0.126450D+01 -0.232072D+03
  317.9826  0.105782D+01  0.105016D+01  0.617924D+03
  318.1378  0.910224D+00  0.912597D+00 -0.228944D+03
  318.2928  0.910622D+00  0.912155D+00 -0.138919D+03
  318.4479  0.993670D+00  0.991272D+00  0.208098D+03
  318.6028  0.109075D+01  0.109411D+01 -0.267335D+03
  318.7576  0.119759D+01  0.119493D+01  0.206447D+03
  318.9124  0.128696D+01  0.128333D+01  0.282225D+03
  319.0671  0.125888D+01  0.126630D+01 -0.577949D+03
  319.2217  0.111333D+01  0.111082D+01  0.199181D+03
  319.3763  0.100385D+01  0.100378D+01  0.577144D+01
  319.5308  0.103479D+01  0.104874D+01 -0.112256D+04
  319.6852  0.115600D+01  0.115030D+01  0.443811D+03
  319.8396  0.126448D+01  0.125986D+01  0.358838D+03
  319.9939  0.132962D+01  0.132959D+01  0.215548D+01
  320.1481  0.135282D+01  0.134648D+01  0.494037D+03
  320.3022  0.138273D+01  0.138582D+01 -0.241186D+03
  320.4564  0.145012D+01  0.145020D+01 -0.627489D+01
  320.6104  0.148634D+01  0.148283D+01  0.254987D+03
  320.7643  0.144031D+01  0.143889D+01  0.104393D+03
  320.9182  0.130394D+01  0.130497D+01 -0.795022D+02
  321.0720  0.113381D+01  0.113292D+01  0.699131D+02
  321.2257  0.100526D+01  0.101080D+01 -0.444456D+03
  321.3793  0.969606D+00  0.972943D+00 -0.273261D+03
  321.5329  0.101883D+01  0.102119D+01 -0.184364D+03
  321.6864  0.112441D+01  0.112530D+01 -0.689437D+02
  321.8399  0.125116D+01  0.124528D+01  0.457696D+03
  321.9932  0.133177D+01  0.133323D+01 -0.113690D+03
  322.1465  0.131591D+01  0.131928D+01 -0.262745D+03
  322.2997  0.124441D+01  0.123782D+01  0.512487D+03
  322.4529  0.117635D+01  0.117906D+01 -0.210929D+03
   31 319.376 323.981 321.679  2.517D-01  0.000D+00 -1.001D-04  0.000D+00  9.838D-01  3.386D+02 10300  2.677D-03
  319.3763  0.100385D+01  0.100029D+01  0.291915D+03
  319.5308  0.103479D+01  0.104763D+01 -0.103346D+04
  319.6852  0.115600D+01  0.115029D+01  0.444962D+03
  319.8396  0.126448D+01  0.126068D+01  0.294885D+03
  319.9939  0.132962D+01  0.133051D+01 -0.688357D+02
  320.1481  0.135282D+01  0.134726D+01  0.433183D+03
  320.3022  0.138273D+01  0.138711D+01 -0.341501D+03
  320.4564  0.145012D+01  0.145176D+01 -0.125913D+03
  320.6104  0.148634D+01  0.148401D+01  0.169191D+03
  320.7643  0.144031D+01  0.143914D+01  0.858633D+02
  320.9182  0.130394D+01  0.130407D+01 -0.992972D+01
  321.0720  0.113381D+01  0.113144D+01  0.185070D+03
  321.2257  0.100526D+01  0.100955D+01 -0.344118D+03
  321.3793  0.969606D+00  0.972262D+00 -0.217544D+03
  321.5329  0.101883D+01  0.102104D+01 -0.172516D+03
  321.6864  0.112441D+01  0.112543D+01 -0.784806D+02
  321.8399  0.125116D+01  0.124551D+01  0.440018D+03
  321.9932  0.133177D+01  0.133337D+01 -0.124002D+03
  322.1465  0.131591D+01  0.131873D+01 -0.219294D+03
  322.2997  0.124441D+01  0.123732D+01  0.551592D+03
  322.4529  0.117635D+01  0.117972D+01 -0.262320D+03
  322.6060  0.111023D+01  0.111405D+01 -0.297589D+03
  322.7590  0.101849D+01  0.101868D+01 -0.152344D+02
  322.9120  0.953543D+00  0.958007D+00 -0.359108D+03
  323.0649  0.995002D+00  0.987334D+00  0.610370D+03
  323.2177  0.107915D+01  0.107920D+01 -0.376419D+01
  323.3704  0.111185D+01  0.111142D+01  0.332960D+02
  323.5231  0.108188D+01  0.107711D+01  0.371050D+03
  323.6757  0.107833D+01  0.107904D+01 -0.554173D+02
  323.8282  0.113258D+01  0.113758D+01 -0.389053D+03
  323.9807  0.121691D+01  0.121603D+01  0.685114D+02
   31 320.918 325.502 323.210  2.534D-01  0.000D+00 -3.868D-03  0.000D+00  9.813D-01  3.147D+02 10300  2.862D-03
  320.9182  0.130394D+01  0.130204D+01  0.148226D+03
  321.0720  0.113381D+01  0.112886D+01  0.385649D+03
  321.2257  0.100526D+01  0.100830D+01 -0.244087D+03
  321.3793  0.969606D+00  0.972764D+00 -0.258663D+03
  321.5329  0.101883D+01  0.102286D+01 -0.315070D+03
  321.6864  0.112441D+01  0.112782D+01 -0.263790D+03
  321.8399  0.125116D+01  0.124761D+01  0.276632D+03
  321.9932  0.133177D+01  0.133329D+01 -0.118267D+03
  322.1465  0.131591D+01  0.131667D+01 -0.591301D+02
  322.2997  0.124441D+01  0.123660D+01  0.608087D+03
  322.4529  0.117635D+01  0.117951D+01 -0.246079D+03
  322.6060  0.111023D+01  0.111303D+01 -0.217999D+03
  322.7590  0.101849D+01  0.101815D+01  0.265552D+02
  322.9120  0.953543D+00  0.959796D+00 -0.503063D+03
  323.0649  0.995002D+00  0.991130D+00  0.308246D+03
  323.2177  0.107915D+01  0.108137D+01 -0.172997D+03
  323.3704  0.111185D+01  0.111044D+01  0.109358D+03
  323.5231  0.108188D+01  0.107572D+01  0.479263D+03
  323.6757  0.107833D+01  0.107785D+01  0.373980D+02
  323.8282  0.113258D+01  0.113465D+01 -0.160754D+03
  323.9807  0.121691D+01  0.120989D+01  0.546507D+03
  324.1331  0.128321D+01  0.128087D+01  0.182189D+03
  324.2855  0.131366D+01  0.131582D+01 -0.166686D+03
  324.4377  0.133372D+01  0.133083D+01  0.212877D+03
  324.5899  0.134786D+01  0.135147D+01 -0.256464D+03
  324.7420  0.131632D+01  0.132085D+01 -0.330768D+03
  324.8941  0.125605D+01  0.125559D+01  0.348936D+02
  325.0460  0.123361D+01  0.124132D+01 -0.599860D+03
  325.1980  0.127889D+01  0.128342D+01 -0.327869D+03
  325.3498  0.135744D+01  0.135444D+01  0.202806D+03
  325.5016  0.147586D+01  0.146749D+01  0.543522D+03
   31 322.453 327.016 324.734  2.530D-01  0.000D+00 -5.167D-03  0.000D+00  9.885D-01  3.411D+02 10300  3.394D-03
  322.4529  0.117635D+01  0.117847D+01 -0.165412D+03
  322.6060  0.111023D+01  0.111174D+01 -0.117050D+03
  322.7590  0.101849D+01  0.101666D+01  0.144866D+03
  322.9120  0.953543D+00  0.958768D+00 -0.420369D+03
  323.0649  0.995002D+00  0.990920D+00  0.324962D+03
  323.2177  0.107915D+01  0.108129D+01 -0.166945D+03
  323.3704  0.111185D+01  0.110949D+01  0.183049D+03
  323.5231  0.108188D+01  0.107448D+01  0.576240D+03
  323.6757  0.107833D+01  0.107713D+01  0.937566D+02
  323.8282  0.113258D+01  0.113438D+01 -0.139464D+03
  323.9807  0.121691D+01  0.120977D+01  0.555503D+03
  324.1331  0.128321D+01  0.128080D+01  0.187480D+03
  324.2855  0.131366D+01  0.131565D+01 -0.153333D+03
  324.4377  0.133372D+01  0.133103D+01  0.198365D+03
  324.5899  0.134786D+01  0.135214D+01 -0.303730D+03
  324.7420  0.131632D+01  0.132147D+01 -0.375972D+03
  324.8941  0.125605D+01  0.125665D+01 -0.450603D+02
  325.0460  0.123361D+01  0.124373D+01 -0.787016D+03
  325.1980  0.127889D+01  0.128715D+01 -0.598355D+03
  325.3498  0.135744D+01  0.135966D+01 -0.149460D+03
  325.5016  0.147586D+01  0.147478D+01  0.704069D+02
  325.6533  0.159807D+01  0.160253D+01 -0.288721D+03
  325.8049  0.169038D+01  0.168243D+01  0.515242D+03
  325.9565  0.173123D+01  0.172589D+01  0.346325D+03
  326.1080  0.173816D+01  0.173150D+01  0.432144D+03
  326.2595  0.169749D+01  0.168985D+01  0.495820D+03
  326.4108  0.162086D+01  0.162327D+01 -0.156521D+03
  326.5621  0.159677D+01  0.159175D+01  0.325293D+03
  326.7133  0.164294D+01  0.164645D+01 -0.227380D+03
  326.8645  0.169820D+01  0.170230D+01 -0.265443D+03
  327.0156  0.167041D+01  0.167349D+01 -0.199460D+03
   31 323.981 328.523 326.252  2.506D-01  0.000D+00 -5.078D-03  0.000D+00  9.948D-01  3.409D+02   300  4.046D-03
  323.9807  0.121691D+01  0.121023D+01  0.519996D+03
  324.1331  0.128321D+01  0.128200D+01  0.945165D+02
  324.2855  0.131366D+01  0.131653D+01 -0.221907D+03
  324.4377  0.133372D+01  0.133086D+01  0.210827D+03
  324.5899  0.134786D+01  0.135300D+01 -0.364542D+03
  324.7420  0.131632D+01  0.132187D+01 -0.405022D+03
  324.8941  0.125605D+01  0.125524D+01  0.615443D+02
  325.0460  0.123361D+01  0.124217D+01 -0.665474D+03
  325.1980  0.127889D+01  0.128583D+01 -0.502488D+03
  325.3498  0.135744D+01  0.135792D+01 -0.319887D+02
  325.5016  0.147586D+01  0.147327D+01  0.168156D+03
  325.6533  0.159807D+01  0.160152D+01 -0.223321D+03
  325.8049  0.169038D+01  0.168098D+01  0.609737D+03
  325.9565  0.173123D+01  0.172454D+01  0.433875D+03
  326.1080  0.173816D+01  0.173073D+01  0.481763D+03
  326.2595  0.169749D+01  0.168885D+01  0.560398D+03
  326.4108  0.162086D+01  0.162166D+01 -0.517264D+02
  326.5621  0.159677D+01  0.158952D+01  0.470457D+03
  326.7133  0.164294D+01  0.164632D+01 -0.218819D+03
  326.8645  0.169820D+01  0.170407D+01 -0.380405D+03
  327.0156  0.167041D+01  0.167523D+01 -0.312464D+03
  327.1666  0.161127D+01  0.161257D+01 -0.840288D+02
  327.3175  0.160464D+01  0.160928D+01 -0.300960D+03
  327.4684  0.164543D+01  0.165055D+01 -0.332191D+03
  327.6193  0.165553D+01  0.165300D+01  0.157411D+03
  327.7700  0.161648D+01  0.161482D+01  0.107617D+03
  327.9207  0.157968D+01  0.158103D+01 -0.877099D+02
  328.0714  0.156830D+01  0.157190D+01 -0.233322D+03
  328.2219  0.157109D+01  0.157217D+01 -0.702483D+02
  328.3723  0.157425D+01  0.156698D+01  0.471958D+03
  328.5228  0.152925D+01  0.152884D+01  0.265022D+02
   31 325.502 330.023 327.762  2.559D-01  0.000D+00 -2.090D-03  0.000D+00  9.952D-01  2.667D+02   300  2.805D-03
  325.5016  0.147586D+01  0.147973D+01 -0.251442D+03
  325.6533  0.159807D+01  0.160562D+01 -0.489656D+03
  325.8049  0.169038D+01  0.168552D+01  0.314835D+03
  325.9565  0.173123D+01  0.172819D+01  0.197333D+03
  326.1080  0.173816D+01  0.173311D+01  0.327797D+03
  326.2595  0.169749D+01  0.169129D+01  0.402024D+03
  326.4108  0.162086D+01  0.162491D+01 -0.262711D+03
  326.5621  0.159677D+01  0.159237D+01  0.285502D+03
  326.7133  0.164294D+01  0.164386D+01 -0.593967D+02
  326.8645  0.169820D+01  0.169926D+01 -0.686364D+02
  327.0156  0.167041D+01  0.167325D+01 -0.184192D+03
  327.1666  0.161127D+01  0.161339D+01 -0.137403D+03
  327.3175  0.160464D+01  0.160789D+01 -0.211054D+03
  327.4684  0.164543D+01  0.164631D+01 -0.575136D+02
  327.6193  0.165553D+01  0.165032D+01  0.323800D+03
  327.7700  0.161648D+01  0.161501D+01  0.957666D+02
  327.9207  0.157968D+01  0.158220D+01 -0.163467D+03
  328.0714  0.156830D+01  0.157329D+01 -0.323431D+03
  328.2219  0.157109D+01  0.157440D+01 -0.214880D+03
  328.3723  0.157425D+01  0.157043D+01  0.248090D+03
  328.5228  0.152925D+01  0.153428D+01 -0.326214D+03
  328.6731  0.145560D+01  0.145870D+01 -0.200981D+03
  328.8234  0.145507D+01  0.145043D+01  0.300902D+03
  328.9736  0.158071D+01  0.158312D+01 -0.155742D+03
  329.1238  0.174156D+01  0.173794D+01  0.219643D+03
  329.2738  0.183526D+01  0.182386D+01  0.656690D+03
  329.4239  0.187333D+01  0.187261D+01  0.413309D+02
  329.5738  0.189662D+01  0.189401D+01  0.148254D+03
  329.7236  0.189718D+01  0.190148D+01 -0.241656D+03
  329.8735  0.192620D+01  0.192627D+01 -0.347387D+01
  330.0232  0.196821D+01  0.197256D+01 -0.241631D+03
   31 327.016 331.517 329.266  2.549D-01  0.000D+00 -4.736D-03  0.000D+00  1.000D+00  3.133D+02 10300  2.832D-03
  327.0156  0.167041D+01  0.167006D+01  0.226955D+02
  327.1666  0.161127D+01  0.161018D+01  0.708022D+02
  327.3175  0.160464D+01  0.160644D+01 -0.117168D+03
  327.4684  0.164543D+01  0.164577D+01 -0.223247D+02
  327.6193  0.165553D+01  0.164929D+01  0.387683D+03
  327.7700  0.161648D+01  0.161374D+01  0.177864D+03
  327.9207  0.157968D+01  0.158177D+01 -0.135286D+03
  328.0714  0.156830D+01  0.157365D+01 -0.346819D+03
  328.2219  0.157109D+01  0.157523D+01 -0.268861D+03
  328.3723  0.157425D+01  0.157149D+01  0.179420D+03
  328.5228  0.152925D+01  0.153482D+01 -0.361514D+03
  328.6731  0.145560D+01  0.145842D+01 -0.183115D+03
  328.8234  0.145507D+01  0.145198D+01  0.200769D+03
  328.9736  0.158071D+01  0.158711D+01 -0.413817D+03
  329.1238  0.174156D+01  0.174114D+01  0.256220D+02
  329.2738  0.183526D+01  0.182503D+01  0.589602D+03
  329.4239  0.187333D+01  0.187222D+01  0.635492D+02
  329.5738  0.189662D+01  0.189170D+01  0.278675D+03
  329.7236  0.189718D+01  0.189725D+01 -0.417636D+01
  329.8735  0.192620D+01  0.192031D+01  0.329432D+03
  330.0232  0.196821D+01  0.196430D+01  0.217642D+03
  330.1729  0.194141D+01  0.194543D+01 -0.223510D+03
  330.3225  0.183185D+01  0.182199D+01  0.561944D+03
  330.4720  0.167305D+01  0.168316D+01 -0.613004D+03
  330.6215  0.156286D+01  0.156994D+01 -0.459147D+03
  330.7709  0.154922D+01  0.154636D+01  0.185516D+03
  330.9203  0.162781D+01  0.163879D+01 -0.676671D+03
  331.0695  0.172321D+01  0.172266D+01  0.320258D+02
  331.2188  0.172107D+01  0.171838D+01  0.155277D+03
  331.3679  0.165081D+01  0.165226D+01 -0.863430D+02
  331.5170  0.161076D+01  0.160430D+01  0.398141D+03
   31 328.523 333.004 330.763  2.544D-01  0.000D+00 -3.530D-03  0.000D+00  9.990D-01  3.766D+02 10300  2.919D-03
  328.5228  0.152925D+01  0.153380D+01 -0.295093D+03
  328.6731  0.145560D+01  0.145813D+01 -0.164208D+03
  328.8234  0.145507D+01  0.145102D+01  0.263015D+03
  328.9736  0.158071D+01  0.158618D+01 -0.353753D+03
  329.1238  0.174156D+01  0.174120D+01  0.214092D+02
  329.2738  0.183526D+01  0.182547D+01  0.563985D+03
  329.4239  0.187333D+01  0.187273D+01  0.342018D+02
  329.5738  0.189662D+01  0.189217D+01  0.252084D+03
  329.7236  0.189718D+01  0.189726D+01 -0.482865D+01
  329.8735  0.192620D+01  0.191972D+01  0.362834D+03
  330.0232  0.196821D+01  0.196370D+01  0.250971D+03
  330.1729  0.194141D+01  0.194569D+01 -0.238078D+03
  330.3225  0.183185D+01  0.182245D+01  0.535727D+03
  330.4720  0.167305D+01  0.168359D+01 -0.639379D+03
  330.6215  0.156286D+01  0.157021D+01 -0.476522D+03
  330.7709  0.154922D+01  0.154602D+01  0.207583D+03
  330.9203  0.162781D+01  0.163920D+01 -0.702382D+03
  331.0695  0.172321D+01  0.172527D+01 -0.119071D+03
  331.2188  0.172107D+01  0.172334D+01 -0.131876D+03
  331.3679  0.165081D+01  0.165916D+01 -0.497368D+03
  331.5170  0.161076D+01  0.161283D+01 -0.127897D+03
  331.6660  0.164999D+01  0.165179D+01 -0.108154D+03
  331.8149  0.172931D+01  0.172936D+01 -0.304491D+01
  331.9638  0.176492D+01  0.175104D+01  0.786712D+03
  332.1126  0.170134D+01  0.169150D+01  0.564775D+03
  332.2614  0.159555D+01  0.159233D+01  0.193111D+03
  332.4101  0.156862D+01  0.155826D+01  0.630102D+03
  332.5587  0.163568D+01  0.163813D+01 -0.143027D+03
  332.7072  0.169935D+01  0.170201D+01 -0.151817D+03
  332.8557  0.166136D+01  0.166224D+01 -0.504667D+02
  333.0042  0.160963D+01  0.161856D+01 -0.517695D+03
   31 330.023 334.485 332.254  2.544D-01  0.000D+00 -2.518D-03  0.000D+00  9.970D-01  3.913D+02 10300  3.025D-03
  330.0232  0.196821D+01  0.196069D+01  0.418435D+03
  330.1729  0.194141D+01  0.194346D+01 -0.114187D+03
  330.3225  0.183185D+01  0.182096D+01  0.620544D+03
  330.4720  0.167305D+01  0.168242D+01 -0.568323D+03
  330.6215  0.156286D+01  0.156920D+01 -0.411055D+03
  330.7709  0.154922D+01  0.154451D+01  0.306049D+03
  330.9203  0.162781D+01  0.163757D+01 -0.601562D+03
  331.0695  0.172321D+01  0.172449D+01 -0.741209D+02
  331.2188  0.172107D+01  0.172355D+01 -0.143939D+03
  331.3679  0.165081D+01  0.165987D+01 -0.539892D+03
  331.5170  0.161076D+01  0.161331D+01 -0.157527D+03
  331.6660  0.164999D+01  0.165183D+01 -0.110667D+03
  331.8149  0.172931D+01  0.172951D+01 -0.114336D+02
  331.9638  0.176492D+01  0.175151D+01  0.760050D+03
  332.1126  0.170134D+01  0.169201D+01  0.535378D+03
  332.2614  0.159555D+01  0.159218D+01  0.202049D+03
  332.4101  0.156862D+01  0.155645D+01  0.740273D+03
  332.5587  0.163568D+01  0.163457D+01  0.642295D+02
  332.7072  0.169935D+01  0.169740D+01  0.111764D+03
  332.8557  0.166136D+01  0.165636D+01  0.286895D+03
  333.0042  0.160963D+01  0.161025D+01 -0.359039D+02
  333.1525  0.163381D+01  0.164014D+01 -0.364129D+03
  333.3007  0.167760D+01  0.168004D+01 -0.138636D+03
  333.4490  0.162217D+01  0.162995D+01 -0.444720D+03
  333.5971  0.150074D+01  0.150710D+01 -0.386627D+03
  333.7452  0.145247D+01  0.145434D+01 -0.113660D+03
  333.8932  0.151344D+01  0.152570D+01 -0.709844D+03
  334.0412  0.160431D+01  0.160608D+01 -0.100244D+03
  334.1891  0.164344D+01  0.163985D+01  0.201123D+03
  334.3369  0.169368D+01  0.168592D+01  0.433877D+03
  334.4846  0.176810D+01  0.176362D+01  0.248867D+03
   24 331.517 334.928 333.222  2.544D-01  0.000D+00 -2.846D-03  0.000D+00  9.952D-01  2.544D+02 10300  2.189D-03
  331.5170  0.161076D+01  0.161145D+01 -0.425366D+02
  331.6660  0.164999D+01  0.165336D+01 -0.203225D+03
  331.8149  0.172931D+01  0.173349D+01 -0.239446D+03
  331.9638  0.176492D+01  0.175689D+01  0.455302D+03
  332.1126  0.170134D+01  0.169774D+01  0.206661D+03
  332.2614  0.159555D+01  0.159759D+01 -0.122299D+03
  332.4101  0.156862D+01  0.156153D+01  0.431627D+03
  332.5587  0.163568D+01  0.163923D+01 -0.206693D+03
  332.7072  0.169935D+01  0.170082D+01 -0.839700D+02
  332.8557  0.166136D+01  0.165810D+01  0.187191D+03
  333.0042  0.160963D+01  0.161058D+01 -0.551218D+02
  333.1525  0.163381D+01  0.163919D+01 -0.309514D+03
  333.3007  0.167760D+01  0.167762D+01 -0.118652D+01
  333.4490  0.162217D+01  0.162625D+01 -0.233213D+03
  333.5971  0.150074D+01  0.150289D+01 -0.130510D+03
  333.7452  0.145247D+01  0.145024D+01  0.135238D+03
  333.8932  0.151344D+01  0.152181D+01 -0.484568D+03
  334.0412  0.160431D+01  0.160274D+01  0.889438D+02
  334.1891  0.164344D+01  0.163798D+01  0.305555D+03
  334.3369  0.169368D+01  0.168663D+01  0.394130D+03
  334.4846  0.176810D+01  0.176810D+01 -0.318561D+00
  334.6323  0.181169D+01  0.180572D+01  0.331685D+03
  334.7800  0.173287D+01  0.173629D+01 -0.190174D+03
  334.9275  0.160322D+01  0.160849D+01 -0.301376D+03
