 solar_fit_vary
           0
 T T
nw  fwave  lwave  avgwav    hwe     asym  shift    squeeze      sin      rms   exval  std
   31 263.796 274.420 269.108  5.263D-01  0.000D+00 -1.106D-02  0.000D+00  9.737D-01  2.697D+03 10300  2.763D-02
  263.7963  0.444625D+00  0.496004D+00 -0.174794D+04
  264.1653  0.559430D+00  0.551278D+00  0.225188D+04
  264.5329  0.509121D+00  0.508010D+00  0.306954D+03
  264.8994  0.445208D+00  0.438967D+00  0.172399D+04
  265.2646  0.448714D+00  0.431598D+00  0.472787D+04
  265.6287  0.434955D+00  0.446317D+00 -0.313822D+04
  265.9916  0.398580D+00  0.423453D+00 -0.687029D+04
  266.3534  0.369848D+00  0.383177D+00 -0.368169D+04
  266.7141  0.358417D+00  0.361232D+00 -0.777613D+03
  267.0738  0.354532D+00  0.359253D+00 -0.130404D+04
  267.4324  0.363638D+00  0.362818D+00  0.226583D+03
  267.7899  0.347737D+00  0.352342D+00 -0.135401D+04
  268.1465  0.344542D+00  0.338165D+00  0.192742D+04
  268.5021  0.345838D+00  0.334515D+00  0.339462D+04
  268.8567  0.332415D+00  0.328000D+00  0.145263D+04
  269.2105  0.329412D+00  0.323196D+00  0.214641D+04
  269.5633  0.327258D+00  0.328040D+00 -0.277150D+03
  269.9153  0.360093D+00  0.351204D+00  0.245513D+04
  270.2664  0.390795D+00  0.380110D+00  0.284138D+04
  270.6166  0.386168D+00  0.384542D+00  0.449084D+03
  270.9660  0.370562D+00  0.371522D+00 -0.264965D+03
  271.3147  0.358788D+00  0.350174D+00  0.237946D+04
  271.6626  0.312202D+00  0.309547D+00  0.967715D+03
  272.0098  0.258731D+00  0.269617D+00 -0.433754D+04
  272.3561  0.263471D+00  0.272355D+00 -0.350556D+04
  272.7018  0.300622D+00  0.311966D+00 -0.422115D+04
  273.0468  0.337904D+00  0.338544D+00 -0.200197D+03
  273.3911  0.305329D+00  0.310606D+00 -0.194901D+04
  273.7348  0.251841D+00  0.251706D+00  0.541902D+02
  274.0779  0.212225D+00  0.204884D+00  0.316476D+04
  274.4203  0.189793D+00  0.182449D+00  0.336925D+04
   31 267.432 277.814 272.623  4.876D-01  0.000D+00  3.554D-02  0.000D+00  1.006D+00  1.722D+03 10300  2.055D-02
  267.4324  0.363638D+00  0.353241D+00  0.287196D+04
  267.7899  0.347737D+00  0.353171D+00 -0.159755D+04
  268.1465  0.344542D+00  0.341867D+00  0.808594D+03
  268.5021  0.345838D+00  0.343173D+00  0.799037D+03
  268.8567  0.332415D+00  0.339037D+00 -0.217859D+04
  269.2105  0.329412D+00  0.333118D+00 -0.128000D+04
  269.5633  0.327258D+00  0.334693D+00 -0.263682D+04
  269.9153  0.360093D+00  0.354525D+00  0.153800D+04
  270.2664  0.390795D+00  0.386104D+00  0.124751D+04
  270.6166  0.386168D+00  0.390676D+00 -0.124507D+04
  270.9660  0.370562D+00  0.373579D+00 -0.833202D+03
  271.3147  0.358788D+00  0.352459D+00  0.174835D+04
  271.6626  0.312202D+00  0.311070D+00  0.412449D+03
  272.0098  0.258731D+00  0.262459D+00 -0.148524D+04
  272.3561  0.263471D+00  0.257344D+00  0.241764D+04
  272.7018  0.300622D+00  0.296227D+00  0.163521D+04
  273.0468  0.337904D+00  0.331710D+00  0.193499D+04
  273.3911  0.305329D+00  0.311521D+00 -0.228698D+04
  273.7348  0.251841D+00  0.253120D+00 -0.513078D+03
  274.0779  0.212225D+00  0.206194D+00  0.259995D+04
  274.4203  0.189793D+00  0.184778D+00  0.230067D+04
  274.7621  0.181777D+00  0.184322D+00 -0.117132D+04
  275.1033  0.207278D+00  0.205344D+00  0.828929D+03
  275.4439  0.234079D+00  0.237694D+00 -0.143760D+04
  275.7840  0.274483D+00  0.277803D+00 -0.122742D+04
  276.1235  0.322017D+00  0.324662D+00 -0.889076D+03
  276.4626  0.343902D+00  0.350126D+00 -0.184458D+04
  276.8011  0.349854D+00  0.357795D+00 -0.226505D+04
  277.1391  0.357596D+00  0.358552D+00 -0.264140D+03
  277.4766  0.356877D+00  0.346354D+00  0.290667D+04
  277.8136  0.305128D+00  0.301294D+00  0.125071D+04
   31 270.966 281.161 276.063  4.821D-01  0.000D+00  4.225D-02  0.000D+00  9.834D-01  1.597D+03 10300  1.876D-02
  270.9660  0.370562D+00  0.375146D+00 -0.126615D+04
  271.3147  0.358788D+00  0.354566D+00  0.116645D+04
  271.6626  0.312202D+00  0.313443D+00 -0.452538D+03
  272.0098  0.258731D+00  0.263541D+00 -0.191647D+04
  272.3561  0.263471D+00  0.257267D+00  0.244810D+04
  272.7018  0.300622D+00  0.296175D+00  0.165458D+04
  273.0468  0.337904D+00  0.333015D+00  0.152719D+04
  273.3911  0.305329D+00  0.313544D+00 -0.303398D+04
  273.7348  0.251841D+00  0.254409D+00 -0.103019D+04
  274.0779  0.212225D+00  0.206704D+00  0.238026D+04
  274.4203  0.189793D+00  0.184740D+00  0.231831D+04
  274.7621  0.181777D+00  0.183812D+00 -0.936609D+03
  275.1033  0.207278D+00  0.204454D+00  0.121023D+04
  275.4439  0.234079D+00  0.236763D+00 -0.106755D+04
  275.7840  0.274483D+00  0.276443D+00 -0.724675D+03
  276.1235  0.322017D+00  0.324100D+00 -0.700179D+03
  276.4626  0.343902D+00  0.350132D+00 -0.184618D+04
  276.8011  0.349854D+00  0.358251D+00 -0.239490D+04
  277.1391  0.357596D+00  0.359662D+00 -0.570618D+03
  277.4766  0.356877D+00  0.349003D+00  0.217489D+04
  277.8136  0.305128D+00  0.304485D+00  0.209646D+03
  278.1502  0.260722D+00  0.258472D+00  0.585825D+03
  278.4864  0.246383D+00  0.234846D+00  0.303314D+04
  278.8221  0.215157D+00  0.206094D+00  0.245412D+04
  279.1573  0.161475D+00  0.160638D+00  0.243581D+03
  279.4922  0.121178D+00  0.123402D+00 -0.681705D+03
  279.8267  0.105709D+00  0.107701D+00 -0.644355D+03
  280.1608  0.105600D+00  0.108991D+00 -0.111066D+04
  280.4944  0.124232D+00  0.129851D+00 -0.182057D+04
  280.8278  0.177213D+00  0.176327D+00  0.267891D+03
  281.1607  0.237399D+00  0.237913D+00 -0.149110D+03
   31 274.420 284.472 279.446  4.344D-01  0.000D+00  4.937D-02  0.000D+00  9.954D-01  1.308D+03 10300  2.325D-02
  274.4203  0.189793D+00  0.186883D+00  0.133511D+04
  274.7621  0.181777D+00  0.183772D+00 -0.918021D+03
  275.1033  0.207278D+00  0.203539D+00  0.160215D+04
  275.4439  0.234079D+00  0.236022D+00 -0.772725D+03
  275.7840  0.274483D+00  0.272596D+00  0.697414D+03
  276.1235  0.322017D+00  0.324591D+00 -0.865171D+03
  276.4626  0.343902D+00  0.349331D+00 -0.160899D+04
  276.8011  0.349854D+00  0.356761D+00 -0.197009D+04
  277.1391  0.357596D+00  0.358667D+00 -0.295888D+03
  277.4766  0.356877D+00  0.353148D+00  0.103012D+04
  277.8136  0.305128D+00  0.305646D+00 -0.169119D+03
  278.1502  0.260722D+00  0.256359D+00  0.113594D+04
  278.4864  0.246383D+00  0.237044D+00  0.245535D+04
  278.8221  0.215157D+00  0.210506D+00  0.125946D+04
  279.1573  0.161475D+00  0.161622D+00 -0.428639D+02
  279.4922  0.121178D+00  0.122456D+00 -0.391832D+03
  279.8267  0.105709D+00  0.107160D+00 -0.469172D+03
  280.1608  0.105600D+00  0.107566D+00 -0.643900D+03
  280.4944  0.124232D+00  0.126653D+00 -0.784342D+03
  280.8278  0.177213D+00  0.173360D+00  0.116504D+04
  281.1607  0.237399D+00  0.233782D+00  0.105044D+04
  281.4933  0.304301D+00  0.299093D+00  0.141562D+04
  281.8256  0.363081D+00  0.362275D+00  0.222414D+03
  282.1574  0.408387D+00  0.408126D+00  0.722822D+02
  282.4891  0.432772D+00  0.433556D+00 -0.216762D+03
  282.8203  0.454781D+00  0.454458D+00  0.894143D+02
  283.1512  0.477819D+00  0.481343D+00 -0.973333D+03
  283.4818  0.462318D+00  0.477445D+00 -0.417845D+04
  283.8121  0.461456D+00  0.458332D+00  0.862766D+03
  284.1422  0.442861D+00  0.436372D+00  0.179239D+04
  284.4718  0.383379D+00  0.379506D+00  0.106968D+04
   31 277.814 287.753 282.783  3.949D-01  0.000D+00  1.513D-02  0.000D+00  9.971D-01  9.441D+02   300  8.353D-03
  277.8136  0.305128D+00  0.307675D+00 -0.831156D+03
  278.1502  0.260722D+00  0.257746D+00  0.774835D+03
  278.4864  0.246383D+00  0.243427D+00  0.777177D+03
  278.8221  0.215157D+00  0.213636D+00  0.411741D+03
  279.1573  0.161475D+00  0.158734D+00  0.798133D+03
  279.4922  0.121178D+00  0.120085D+00  0.334774D+03
  279.8267  0.105709D+00  0.107169D+00 -0.472050D+03
  280.1608  0.105600D+00  0.108119D+00 -0.825062D+03
  280.4944  0.124232D+00  0.128286D+00 -0.131356D+04
  280.8278  0.177213D+00  0.178700D+00 -0.449662D+03
  281.1607  0.237399D+00  0.238802D+00 -0.407323D+03
  281.4933  0.304301D+00  0.303846D+00  0.123625D+03
  281.8256  0.363081D+00  0.365335D+00 -0.622686D+03
  282.1574  0.408387D+00  0.408079D+00  0.850522D+02
  282.4891  0.432772D+00  0.429454D+00  0.916408D+03
  282.8203  0.454781D+00  0.450238D+00  0.125504D+04
  283.1512  0.477819D+00  0.481045D+00 -0.891142D+03
  283.4818  0.462318D+00  0.472156D+00 -0.271728D+04
  283.8121  0.461456D+00  0.456180D+00  0.145725D+04
  284.1422  0.442861D+00  0.438517D+00  0.119996D+04
  284.4718  0.383379D+00  0.381380D+00  0.552106D+03
  284.8012  0.281564D+00  0.281661D+00 -0.278531D+02
  285.1303  0.171878D+00  0.173152D+00 -0.416267D+03
  285.4592  0.172174D+00  0.169141D+00  0.991426D+03
  285.7877  0.288189D+00  0.285516D+00  0.764993D+03
  286.1160  0.420234D+00  0.421096D+00 -0.238306D+03
  286.4439  0.490356D+00  0.493226D+00 -0.792729D+03
  286.7716  0.500682D+00  0.507439D+00 -0.186625D+04
  287.0991  0.541587D+00  0.538378D+00  0.886370D+03
  287.4262  0.554898D+00  0.553150D+00  0.482863D+03
  287.7531  0.486365D+00  0.485845D+00  0.143615D+03
   31 281.161 291.006 286.084  3.916D-01  0.000D+00  9.744D-03  0.000D+00  9.863D-01  1.155D+03   304  7.081D-03
  281.1607  0.237399D+00  0.240003D+00 -0.756310D+03
  281.4933  0.304301D+00  0.304742D+00 -0.120005D+03
  281.8256  0.363081D+00  0.365579D+00 -0.690099D+03
  282.1574  0.408387D+00  0.407693D+00  0.191755D+03
  282.4891  0.432772D+00  0.428519D+00  0.117467D+04
  282.8203  0.454781D+00  0.449503D+00  0.145811D+04
  283.1512  0.477819D+00  0.480709D+00 -0.798170D+03
  283.4818  0.462318D+00  0.471255D+00 -0.246862D+04
  283.8121  0.461456D+00  0.456015D+00  0.150275D+04
  284.1422  0.442861D+00  0.438588D+00  0.118048D+04
  284.4718  0.383379D+00  0.381149D+00  0.615724D+03
  284.8012  0.281564D+00  0.280678D+00  0.256330D+03
  285.1303  0.171878D+00  0.171950D+00 -0.235301D+02
  285.4592  0.172174D+00  0.170297D+00  0.613405D+03
  285.7877  0.288189D+00  0.289197D+00 -0.288800D+03
  286.1160  0.420234D+00  0.425291D+00 -0.139693D+04
  286.4439  0.490356D+00  0.496193D+00 -0.161231D+04
  286.7716  0.500682D+00  0.508860D+00 -0.225880D+04
  287.0991  0.541587D+00  0.539771D+00  0.501568D+03
  287.4262  0.554898D+00  0.552452D+00  0.675630D+03
  287.7531  0.486365D+00  0.482292D+00  0.112511D+04
  288.0797  0.379529D+00  0.383068D+00 -0.977506D+03
  288.4060  0.428889D+00  0.419636D+00  0.255570D+04
  288.7320  0.557913D+00  0.549849D+00  0.222745D+04
  289.0578  0.597973D+00  0.600325D+00 -0.649495D+03
  289.3833  0.648226D+00  0.649538D+00 -0.362492D+03
  289.7085  0.755604D+00  0.756551D+00 -0.261478D+03
  290.0334  0.865847D+00  0.868076D+00 -0.615834D+03
  290.3581  0.929239D+00  0.928239D+00  0.221400D+03
  290.6824  0.917179D+00  0.919015D+00 -0.444874D+03
  291.0065  0.884250D+00  0.882745D+00  0.415439D+03
   31 284.472 294.230 289.351  3.820D-01  0.000D+00  8.987D-03  0.000D+00  9.903D-01  1.322D+03   300  6.178D-03
  284.4718  0.383379D+00  0.379632D+00  0.103489D+04
  284.8012  0.281564D+00  0.279518D+00  0.591793D+03
  285.1303  0.171878D+00  0.169235D+00  0.864216D+03
  285.4592  0.172174D+00  0.167770D+00  0.143938D+04
  285.7877  0.288189D+00  0.289052D+00 -0.247217D+03
  286.1160  0.420234D+00  0.426659D+00 -0.177488D+04
  286.4439  0.490356D+00  0.497351D+00 -0.193209D+04
  286.7716  0.500682D+00  0.508484D+00 -0.215493D+04
  287.0991  0.541587D+00  0.540345D+00  0.343136D+03
  287.4262  0.554898D+00  0.554433D+00  0.128547D+03
  287.7531  0.486365D+00  0.483073D+00  0.909385D+03
  288.0797  0.379529D+00  0.380176D+00 -0.178724D+03
  288.4060  0.428889D+00  0.417943D+00  0.302337D+04
  288.7320  0.557913D+00  0.552284D+00  0.155506D+04
  289.0578  0.597973D+00  0.600336D+00 -0.652528D+03
  289.3833  0.648226D+00  0.648225D+00  0.313734D+00
  289.7085  0.755604D+00  0.756657D+00 -0.290686D+03
  290.0334  0.865847D+00  0.869104D+00 -0.899669D+03
  290.3581  0.929239D+00  0.929559D+00 -0.707017D+02
  290.6824  0.917179D+00  0.919514D+00 -0.565631D+03
  291.0065  0.884250D+00  0.881748D+00  0.690935D+03
  291.3303  0.894541D+00  0.882817D+00  0.323822D+04
  291.6537  0.857691D+00  0.855436D+00  0.622967D+03
  291.9769  0.834386D+00  0.835859D+00 -0.406795D+03
  292.2997  0.798784D+00  0.805135D+00 -0.175430D+04
  292.6222  0.728340D+00  0.736960D+00 -0.238119D+04
  292.9444  0.761052D+00  0.766441D+00 -0.148852D+04
  293.2663  0.869788D+00  0.868032D+00  0.485077D+03
  293.5878  0.828579D+00  0.827883D+00  0.192183D+03
  293.9090  0.735449D+00  0.734773D+00  0.186763D+03
  294.2298  0.772247D+00  0.768063D+00  0.115552D+04
   31 287.753 297.417 292.585  3.760D-01  0.000D+00  8.517D-03  0.000D+00  9.873D-01  1.120D+03 10300  4.610D-03
  287.7531  0.486365D+00  0.487513D+00 -0.317208D+03
  288.0797  0.379529D+00  0.380980D+00 -0.400886D+03
  288.4060  0.428889D+00  0.419301D+00  0.264835D+04
  288.7320  0.557913D+00  0.556302D+00  0.445039D+03
  289.0578  0.597973D+00  0.602393D+00 -0.122077D+04
  289.3833  0.648226D+00  0.649100D+00 -0.241507D+03
  289.7085  0.755604D+00  0.758130D+00 -0.697686D+03
  290.0334  0.865847D+00  0.870578D+00 -0.130685D+04
  290.3581  0.929239D+00  0.930568D+00 -0.294087D+03
  290.6824  0.917179D+00  0.919534D+00 -0.570574D+03
  291.0065  0.884250D+00  0.880343D+00  0.107916D+04
  291.3303  0.894541D+00  0.882410D+00  0.335074D+04
  291.6537  0.857691D+00  0.854004D+00  0.101866D+04
  291.9769  0.834386D+00  0.834682D+00 -0.817079D+02
  292.2997  0.798784D+00  0.804498D+00 -0.157824D+04
  292.6222  0.728340D+00  0.734662D+00 -0.174648D+04
  292.9444  0.761052D+00  0.764671D+00 -0.999511D+03
  293.2663  0.869788D+00  0.869540D+00  0.685245D+02
  293.5878  0.828579D+00  0.828341D+00  0.656362D+02
  293.9090  0.735449D+00  0.733009D+00  0.674141D+03
  294.2298  0.772247D+00  0.769405D+00  0.784877D+03
  294.5503  0.796535D+00  0.797111D+00 -0.159247D+03
  294.8704  0.736946D+00  0.741883D+00 -0.136368D+04
  295.1901  0.792713D+00  0.789663D+00  0.718025D+03
  295.5095  0.840402D+00  0.839852D+00  0.151923D+03
  295.8284  0.867191D+00  0.868298D+00 -0.305724D+03
  296.1469  0.899793D+00  0.901177D+00 -0.336810D+03
  296.4650  0.808259D+00  0.806248D+00  0.555440D+03
  296.7827  0.648854D+00  0.645407D+00  0.952128D+03
  297.0999  0.648337D+00  0.644994D+00  0.923506D+03
  297.4167  0.762483D+00  0.766969D+00 -0.123898D+04
   31 291.006 300.557 295.782  3.790D-01  0.000D+00  7.317D-03  0.000D+00  9.953D-01  4.490D+03 10000  1.362D-02
  291.0065  0.884250D+00  0.898009D+00 -0.380052D+04
  291.3303  0.894541D+00  0.891633D+00  0.803247D+03
  291.6537  0.857691D+00  0.857033D+00  0.182010D+03
  291.9769  0.834386D+00  0.832963D+00  0.392938D+03
  292.2997  0.798784D+00  0.799061D+00 -0.765589D+02
  292.6222  0.728340D+00  0.728587D+00 -0.684745D+02
  292.9444  0.761052D+00  0.757497D+00  0.982003D+03
  293.2663  0.869788D+00  0.859175D+00  0.293171D+04
  293.5878  0.828579D+00  0.818761D+00  0.271193D+04
  293.9090  0.735449D+00  0.727234D+00  0.226926D+04
  294.2298  0.772247D+00  0.763907D+00  0.230371D+04
  294.5503  0.796535D+00  0.792517D+00  0.110965D+04
  294.8704  0.736946D+00  0.741364D+00 -0.122058D+04
  295.1901  0.792713D+00  0.791183D+00  0.360197D+03
  295.5095  0.840402D+00  0.844157D+00 -0.103734D+04
  295.8284  0.867191D+00  0.876144D+00 -0.247294D+04
  296.1469  0.899793D+00  0.911455D+00 -0.283724D+04
  296.4650  0.808259D+00  0.817662D+00 -0.259740D+04
  296.7827  0.648854D+00  0.658462D+00 -0.265372D+04
  297.0999  0.648337D+00  0.659843D+00 -0.317826D+04
  297.4167  0.762483D+00  0.786043D+00 -0.650762D+04
  297.7330  0.914491D+00  0.939107D+00 -0.557826D+04
  298.0489  0.839104D+00  0.847319D+00 -0.226908D+04
  298.3642  0.636181D+00  0.624846D+00  0.313088D+04
  298.6790  0.627481D+00  0.603603D+00  0.659556D+04
  298.9933  0.784926D+00  0.749682D+00  0.973529D+04
  299.3071  0.824970D+00  0.779397D+00  0.125880D+05
  299.6204  0.774861D+00  0.754294D+00  0.568127D+04
  299.9330  0.703728D+00  0.715702D+00 -0.330748D+04
  300.2451  0.599377D+00  0.614929D+00 -0.429581D+04
  300.5566  0.644614D+00  0.679634D+00 -0.967321D+04
   31 294.230 303.635 298.932  3.969D-01  0.000D+00 -1.740D-03  0.000D+00  9.985D-01  6.907D+03 10300  2.157D-02
  294.2298  0.772247D+00  0.752564D+00  0.543680D+04
  294.5503  0.796535D+00  0.782278D+00  0.393790D+04
  294.8704  0.736946D+00  0.745039D+00 -0.223566D+04
  295.1901  0.792713D+00  0.795450D+00 -0.644314D+03
  295.5095  0.840402D+00  0.848962D+00 -0.236442D+04
  295.8284  0.867191D+00  0.883753D+00 -0.457491D+04
  296.1469  0.899793D+00  0.911778D+00 -0.291571D+04
  296.4650  0.808259D+00  0.813762D+00 -0.152011D+04
  296.7827  0.648854D+00  0.664188D+00 -0.423536D+04
  297.0999  0.648337D+00  0.665275D+00 -0.467873D+04
  297.4167  0.762483D+00  0.789002D+00 -0.732501D+04
  297.7330  0.914491D+00  0.923527D+00 -0.204752D+04
  298.0489  0.839104D+00  0.826826D+00  0.339156D+04
  298.3642  0.636181D+00  0.620068D+00  0.445075D+04
  298.6790  0.627481D+00  0.602762D+00  0.682773D+04
  298.9933  0.784926D+00  0.733594D+00  0.141789D+05
  299.3071  0.824970D+00  0.761293D+00  0.175889D+05
  299.6204  0.774861D+00  0.739861D+00  0.966786D+04
  299.9330  0.703728D+00  0.696638D+00  0.195841D+04
  300.2451  0.599377D+00  0.613518D+00 -0.390612D+04
  300.5566  0.644614D+00  0.674491D+00 -0.825262D+04
  300.8675  0.694482D+00  0.737757D+00 -0.119534D+05
  301.1777  0.760403D+00  0.804611D+00 -0.122112D+05
  301.4873  0.780592D+00  0.819110D+00 -0.106396D+05
  301.7962  0.681761D+00  0.693618D+00 -0.327525D+04
  302.1045  0.615030D+00  0.596161D+00  0.521214D+04
  302.4120  0.732888D+00  0.708534D+00  0.672712D+04
  302.7188  0.892079D+00  0.870300D+00  0.473791D+04
  303.0249  0.100118D+01  0.980018D+00  0.363490D+04
  303.3302  0.104097D+01  0.103777D+01  0.511882D+03
  303.6347  0.100255D+01  0.100487D+01 -0.376799D+03
   31 297.417 306.632 302.024  4.133D-01  0.000D+00 -7.536D-04  0.000D+00  9.886D-01  7.398D+03 10300  2.556D-02
  297.4167  0.762483D+00  0.805645D+00 -0.119222D+05
  297.7330  0.914491D+00  0.927837D+00 -0.302428D+04
  298.0489  0.839104D+00  0.831436D+00  0.211813D+04
  298.3642  0.636181D+00  0.631861D+00  0.119322D+04
  298.6790  0.627481D+00  0.610705D+00  0.463368D+04
  298.9933  0.784926D+00  0.730925D+00  0.149163D+05
  299.3071  0.824970D+00  0.761556D+00  0.175163D+05
  299.6204  0.774861D+00  0.741429D+00  0.923476D+04
  299.9330  0.703728D+00  0.696634D+00  0.195969D+04
  300.2451  0.599377D+00  0.622788D+00 -0.646670D+04
  300.5566  0.644614D+00  0.677086D+00 -0.896960D+04
  300.8675  0.694482D+00  0.743080D+00 -0.134237D+05
  301.1777  0.760403D+00  0.809099D+00 -0.134510D+05
  301.4873  0.780592D+00  0.820432D+00 -0.110047D+05
  301.7962  0.681761D+00  0.700465D+00 -0.516642D+04
  302.1045  0.615030D+00  0.609490D+00  0.153037D+04
  302.4120  0.732888D+00  0.713989D+00  0.522034D+04
  302.7188  0.892079D+00  0.871693D+00  0.443481D+04
  303.0249  0.100118D+01  0.979143D+00  0.378527D+04
  303.3302  0.104097D+01  0.103137D+01  0.153624D+04
  303.6347  0.100255D+01  0.993784D+00  0.142566D+04
  303.9384  0.934505D+00  0.904899D+00  0.536911D+04
  304.2414  0.946739D+00  0.909971D+00  0.620629D+04
  304.5434  0.994586D+00  0.957398D+00  0.568900D+04
  304.8446  0.101229D+01  0.968881D+00  0.611207D+04
  305.1449  0.103224D+01  0.102130D+01  0.149579D+04
  305.4443  0.956644D+00  0.994675D+00 -0.525245D+04
  305.7427  0.821888D+00  0.850023D+00 -0.452484D+04
  306.0402  0.812567D+00  0.821703D+00 -0.141144D+04
  306.3367  0.869763D+00  0.890906D+00 -0.292004D+04
  306.6322  0.875431D+00  0.886493D+00 -0.152777D+04
   31 300.557 309.526 305.041  4.318D-01  0.000D+00 -3.471D-02  0.000D+00  1.002D+00  2.297D+03 10300  1.249D-02
  300.5566  0.644614D+00  0.623552D+00  0.581778D+04
  300.8675  0.694482D+00  0.700898D+00 -0.177204D+04
  301.1777  0.760403D+00  0.775984D+00 -0.430400D+04
  301.4873  0.780592D+00  0.784597D+00 -0.110635D+04
  301.7962  0.681761D+00  0.675913D+00  0.161540D+04
  302.1045  0.615030D+00  0.619111D+00 -0.112720D+04
  302.4120  0.732888D+00  0.736866D+00 -0.109858D+04
  302.7188  0.892079D+00  0.894093D+00 -0.438134D+03
  303.0249  0.100118D+01  0.100014D+01  0.177925D+03
  303.3302  0.104097D+01  0.104599D+01 -0.801940D+03
  303.6347  0.100255D+01  0.998743D+00  0.619358D+03
  303.9384  0.934505D+00  0.919952D+00  0.263913D+04
  304.2414  0.946739D+00  0.930905D+00  0.267274D+04
  304.5434  0.994586D+00  0.970022D+00  0.375781D+04
  304.8446  0.101229D+01  0.985627D+00  0.375418D+04
  305.1449  0.103224D+01  0.102848D+01  0.514034D+03
  305.4443  0.956644D+00  0.979436D+00 -0.314775D+04
  305.7427  0.821888D+00  0.845348D+00 -0.377296D+04
  306.0402  0.812567D+00  0.831518D+00 -0.292772D+04
  306.3367  0.869763D+00  0.886229D+00 -0.227415D+04
  306.6322  0.875431D+00  0.885335D+00 -0.136790D+04
  306.9267  0.931231D+00  0.928902D+00  0.299145D+03
  307.2201  0.100699D+01  0.989279D+00  0.244647D+04
  307.5124  0.100901D+01  0.100013D+01  0.122633D+04
  307.8036  0.100308D+01  0.100542D+01 -0.324068D+03
  308.0937  0.997075D+00  0.100789D+01 -0.149400D+04
  308.3826  0.101439D+01  0.102294D+01 -0.100308D+04
  308.6703  0.103404D+01  0.101607D+01  0.179006D+04
  308.9568  0.943282D+00  0.922176D+00  0.194415D+04
  309.2420  0.819755D+00  0.823326D+00 -0.328812D+03
  309.5260  0.791252D+00  0.796034D+00 -0.440301D+03
   22 303.635 309.809 306.722  4.212D-01  0.000D+00 -7.005D-02  0.000D+00  9.756D-01  1.652D+03 10300  1.567D-02
  303.6347  0.100255D+01  0.101386D+01 -0.183878D+04
  303.9384  0.934505D+00  0.930415D+00  0.741638D+03
  304.2414  0.946739D+00  0.948358D+00 -0.273275D+03
  304.5434  0.994586D+00  0.980075D+00  0.221985D+04
  304.8446  0.101229D+01  0.991383D+00  0.294378D+04
  305.1449  0.103224D+01  0.103430D+01 -0.281398D+03
  305.4443  0.956644D+00  0.963674D+00 -0.970866D+03
  305.7427  0.821888D+00  0.826213D+00 -0.695706D+03
  306.0402  0.812567D+00  0.832727D+00 -0.311456D+04
  306.3367  0.869763D+00  0.884069D+00 -0.197586D+04
  306.6322  0.875431D+00  0.877571D+00 -0.295556D+03
  306.9267  0.931231D+00  0.931032D+00  0.255671D+02
  307.2201  0.100699D+01  0.988421D+00  0.256491D+04
  307.5124  0.100901D+01  0.995105D+00  0.192053D+04
  307.8036  0.100308D+01  0.100368D+01 -0.827223D+02
  308.0937  0.997075D+00  0.100749D+01 -0.143782D+04
  308.3826  0.101439D+01  0.102880D+01 -0.169007D+04
  308.6703  0.103404D+01  0.101776D+01  0.162165D+04
  308.9568  0.943282D+00  0.915254D+00  0.258173D+04
  309.2420  0.819755D+00  0.823781D+00 -0.370676D+03
  309.5260  0.791252D+00  0.808593D+00 -0.159657D+04
  309.8086  0.793549D+00  0.797292D+00 -0.302505D+03
   31 310.146 314.871 312.509  2.447D-01  0.000D+00  1.256D-02  0.000D+00  9.848D-01  1.366D+03 10300  7.276D-03
  310.1457  0.933333D+00  0.955979D+00 -0.157392D+04
  310.3043  0.105226D+01  0.108400D+01 -0.217475D+04
  310.4628  0.131995D+01  0.135367D+01 -0.218931D+04
  310.6212  0.152789D+01  0.150060D+01  0.171252D+04
  310.7796  0.160293D+01  0.155732D+01  0.288726D+04
  310.9379  0.159322D+01  0.156383D+01  0.190373D+04
  311.0961  0.153237D+01  0.149631D+01  0.239504D+04
  311.2543  0.145339D+01  0.143978D+01  0.948700D+03
  311.4124  0.138925D+01  0.139634D+01 -0.522844D+03
  311.5703  0.129662D+01  0.131520D+01 -0.141582D+04
  311.7283  0.116703D+01  0.119372D+01 -0.213756D+04
  311.8861  0.104352D+01  0.106238D+01 -0.160467D+04
  312.0439  0.967536D+00  0.984592D+00 -0.151594D+04
  312.2016  0.976147D+00  0.982681D+00 -0.572354D+03
  312.3592  0.103773D+01  0.104903D+01 -0.958368D+03
  312.5168  0.108274D+01  0.109182D+01 -0.743662D+03
  312.6743  0.108833D+01  0.107625D+01  0.985099D+03
  312.8317  0.109542D+01  0.108490D+01  0.855144D+03
  312.9890  0.111551D+01  0.110502D+01  0.847917D+03
  313.1463  0.111206D+01  0.109639D+01  0.126912D+04
  313.3035  0.108432D+01  0.107238D+01  0.973471D+03
  313.4606  0.107596D+01  0.106588D+01  0.824469D+03
  313.6176  0.111909D+01  0.111396D+01  0.410412D+03
  313.7746  0.121470D+01  0.121432D+01  0.297606D+02
  313.9315  0.130205D+01  0.130903D+01 -0.544673D+03
  314.0884  0.131669D+01  0.132198D+01 -0.412720D+03
  314.2451  0.119120D+01  0.121108D+01 -0.159135D+04
  314.4018  0.979876D+00  0.982191D+00 -0.201679D+03
  314.5584  0.859040D+00  0.844551D+00  0.135374D+04
  314.7150  0.929004D+00  0.932413D+00 -0.299582D+03
  314.8714  0.109570D+01  0.109482D+01  0.703074D+02
   31 311.728 316.432 314.080  2.562D-01  0.000D+00  9.983D-03  0.000D+00  9.959D-01  5.843D+02 10300  3.421D-03
  311.7283  0.116703D+01  0.114791D+01  0.153102D+04
  311.8861  0.104352D+01  0.103952D+01  0.340047D+03
  312.0439  0.967536D+00  0.976175D+00 -0.767818D+03
  312.2016  0.976147D+00  0.983798D+00 -0.670180D+03
  312.3592  0.103773D+01  0.105134D+01 -0.115346D+04
  312.5168  0.108274D+01  0.109522D+01 -0.102231D+04
  312.6743  0.108833D+01  0.108787D+01  0.369026D+02
  312.8317  0.109542D+01  0.109701D+01 -0.129173D+03
  312.9890  0.111551D+01  0.111385D+01  0.134031D+03
  313.1463  0.111206D+01  0.110423D+01  0.633624D+03
  313.3035  0.108432D+01  0.108003D+01  0.349913D+03
  313.4606  0.107596D+01  0.107388D+01  0.169902D+03
  313.6176  0.111909D+01  0.111991D+01 -0.659924D+02
  313.7746  0.121470D+01  0.121402D+01  0.533858D+02
  313.9315  0.130205D+01  0.129979D+01  0.177245D+03
  314.0884  0.131669D+01  0.130591D+01  0.840878D+03
  314.2451  0.119120D+01  0.119146D+01 -0.205674D+02
  314.4018  0.979876D+00  0.976421D+00  0.301021D+03
  314.5584  0.859040D+00  0.852715D+00  0.590953D+03
  314.7150  0.929004D+00  0.934726D+00 -0.502892D+03
  314.8714  0.109570D+01  0.109221D+01  0.280044D+03
  315.0278  0.119950D+01  0.119859D+01  0.707223D+02
  315.1842  0.122714D+01  0.122719D+01 -0.344277D+01
  315.3404  0.121168D+01  0.121665D+01 -0.388697D+03
  315.4966  0.116457D+01  0.117107D+01 -0.509541D+03
  315.6527  0.104494D+01  0.105613D+01 -0.917007D+03
  315.8087  0.880826D+00  0.886864D+00 -0.550345D+03
  315.9647  0.767350D+00  0.769591D+00 -0.218829D+03
  316.1206  0.777025D+00  0.778088D+00 -0.103700D+03
  316.2764  0.890013D+00  0.880792D+00  0.823160D+03
  316.4322  0.100435D+01  0.997625D+00  0.556272D+03
   31 313.303 317.986 315.645  2.568D-01  0.000D+00  7.230D-03  0.000D+00  9.980D-01  3.775D+02 10300  2.118D-03
  313.3035  0.108432D+01  0.108214D+01  0.177715D+03
  313.4606  0.107596D+01  0.107744D+01 -0.120852D+03
  313.6176  0.111909D+01  0.112483D+01 -0.459683D+03
  313.7746  0.121470D+01  0.121954D+01 -0.378073D+03
  313.9315  0.130205D+01  0.130384D+01 -0.139527D+03
  314.0884  0.131669D+01  0.130732D+01  0.730821D+03
  314.2451  0.119120D+01  0.118968D+01  0.122411D+03
  314.4018  0.979876D+00  0.974145D+00  0.499316D+03
  314.5584  0.859040D+00  0.853420D+00  0.525128D+03
  314.7150  0.929004D+00  0.937204D+00 -0.720690D+03
  314.8714  0.109570D+01  0.109304D+01  0.213873D+03
  315.0278  0.119950D+01  0.119712D+01  0.185291D+03
  315.1842  0.122714D+01  0.122435D+01  0.216358D+03
  315.3404  0.121168D+01  0.121318D+01 -0.117815D+03
  315.4966  0.116457D+01  0.116690D+01 -0.183024D+03
  315.6527  0.104494D+01  0.105152D+01 -0.539249D+03
  315.8087  0.880826D+00  0.883760D+00 -0.267420D+03
  315.9647  0.767350D+00  0.769808D+00 -0.239959D+03
  316.1206  0.777025D+00  0.781919D+00 -0.477081D+03
  316.2764  0.890013D+00  0.888214D+00  0.160608D+03
  316.4322  0.100435D+01  0.100763D+01 -0.271762D+03
  316.5878  0.108034D+01  0.107615D+01  0.334239D+03
  316.7434  0.111756D+01  0.111994D+01 -0.186754D+03
  316.8990  0.117860D+01  0.117775D+01  0.664814D+02
  317.0544  0.129308D+01  0.128545D+01  0.586481D+03
  317.2098  0.140936D+01  0.141024D+01 -0.642291D+02
  317.3651  0.145684D+01  0.145592D+01  0.661454D+02
  317.5204  0.144303D+01  0.143287D+01  0.727516D+03
  317.6756  0.139111D+01  0.139011D+01  0.741939D+02
  317.8307  0.125542D+01  0.126366D+01 -0.627848D+03
  317.9857  0.105276D+01  0.105553D+01 -0.226063D+03
   31 314.871 319.532 317.202  2.572D-01  0.000D+00  4.467D-03  0.000D+00  9.985D-01  2.817D+02 10300  1.761D-03
  314.8714  0.109570D+01  0.109909D+01 -0.271873D+03
  315.0278  0.119950D+01  0.119967D+01 -0.133888D+02
  315.1842  0.122714D+01  0.122397D+01  0.245664D+03
  315.3404  0.121168D+01  0.121096D+01  0.560332D+02
  315.4966  0.116457D+01  0.116281D+01  0.138045D+03
  315.6527  0.104494D+01  0.104590D+01 -0.780558D+02
  315.8087  0.880826D+00  0.878495D+00  0.212442D+03
  315.9647  0.767350D+00  0.767060D+00  0.283271D+02
  316.1206  0.777025D+00  0.781452D+00 -0.431619D+03
  316.2764  0.890013D+00  0.888727D+00  0.114822D+03
  316.4322  0.100435D+01  0.100770D+01 -0.277304D+03
  316.5878  0.108034D+01  0.107602D+01  0.344450D+03
  316.7434  0.111756D+01  0.112046D+01 -0.226896D+03
  316.8990  0.117860D+01  0.117962D+01 -0.796359D+02
  317.0544  0.129308D+01  0.128900D+01  0.313787D+03
  317.2098  0.140936D+01  0.141351D+01 -0.301772D+03
  317.3651  0.145684D+01  0.145787D+01 -0.733736D+02
  317.5204  0.144303D+01  0.143443D+01  0.615666D+03
  317.6756  0.139111D+01  0.139037D+01  0.554150D+02
  317.8307  0.125542D+01  0.126101D+01 -0.425886D+03
  317.9857  0.105276D+01  0.105200D+01  0.622160D+02
  318.1407  0.910888D+00  0.915821D+00 -0.426195D+03
  318.2956  0.909669D+00  0.913063D+00 -0.294681D+03
  318.4504  0.992676D+00  0.990319D+00  0.193227D+03
  318.6052  0.108974D+01  0.109187D+01 -0.167006D+03
  318.7599  0.119658D+01  0.119205D+01  0.353994D+03
  318.9145  0.128375D+01  0.127686D+01  0.528250D+03
  319.0690  0.125388D+01  0.125855D+01 -0.353582D+03
  319.2235  0.110909D+01  0.110849D+01  0.481286D+02
  319.3779  0.100469D+01  0.100175D+01  0.236210D+03
  319.5322  0.103557D+01  0.103986D+01 -0.339296D+03
   31 316.432 321.072 318.752  2.562D-01  0.000D+00  1.796D-03  0.000D+00  1.000D+00  3.427D+02 10300  2.308D-03
  316.4322  0.100435D+01  0.100739D+01 -0.252051D+03
  316.5878  0.108034D+01  0.107532D+01  0.400239D+03
  316.7434  0.111756D+01  0.112033D+01 -0.216748D+03
  316.8990  0.117860D+01  0.118026D+01 -0.129291D+03
  317.0544  0.129308D+01  0.129069D+01  0.183696D+03
  317.2098  0.140936D+01  0.141513D+01 -0.419162D+03
  317.3651  0.145684D+01  0.145760D+01 -0.541249D+02
  317.5204  0.144303D+01  0.143355D+01  0.678869D+03
  317.6756  0.139111D+01  0.138904D+01  0.154117D+03
  317.8307  0.125542D+01  0.125762D+01 -0.168147D+03
  317.9857  0.105276D+01  0.104735D+01  0.441011D+03
  318.1407  0.910888D+00  0.913251D+00 -0.204130D+03
  318.2956  0.909669D+00  0.913069D+00 -0.295238D+03
  318.4504  0.992676D+00  0.991393D+00  0.105177D+03
  318.6052  0.108974D+01  0.109388D+01 -0.323811D+03
  318.7599  0.119658D+01  0.119450D+01  0.162483D+03
  318.9145  0.128375D+01  0.128022D+01  0.270698D+03
  319.0690  0.125388D+01  0.126087D+01 -0.529126D+03
  319.2235  0.110909D+01  0.110969D+01 -0.471471D+02
  319.3779  0.100469D+01  0.100591D+01 -0.977414D+02
  319.5322  0.103557D+01  0.104908D+01 -0.106723D+04
  319.6865  0.115484D+01  0.114974D+01  0.398111D+03
  319.8406  0.126388D+01  0.125818D+01  0.427752D+03
  319.9948  0.132780D+01  0.132739D+01  0.297514D+02
  320.1488  0.135216D+01  0.134608D+01  0.439035D+03
  320.3027  0.138549D+01  0.138541D+01  0.589756D+01
  320.4567  0.144874D+01  0.144852D+01  0.148973D+02
  320.6105  0.148369D+01  0.148040D+01  0.224241D+03
  320.7643  0.143572D+01  0.143649D+01 -0.537303D+02
  320.9180  0.130095D+01  0.130428D+01 -0.246361D+03
  321.0716  0.113288D+01  0.113417D+01 -0.981537D+02
   31 317.986 322.604 320.295  2.545D-01  0.000D+00  1.404D-03  0.000D+00  9.934D-01  3.374D+02   300  2.453D-03
  317.9857  0.105276D+01  0.104717D+01  0.455559D+03
  318.1407  0.910888D+00  0.912473D+00 -0.136907D+03
  318.2956  0.909669D+00  0.912942D+00 -0.284168D+03
  318.4504  0.992676D+00  0.991756D+00  0.754327D+02
  318.6052  0.108974D+01  0.109410D+01 -0.340933D+03
  318.7599  0.119658D+01  0.119453D+01  0.160415D+03
  318.9145  0.128375D+01  0.128089D+01  0.219641D+03
  319.0690  0.125388D+01  0.126151D+01 -0.577422D+03
  319.2235  0.110909D+01  0.110810D+01  0.790495D+02
  319.3779  0.100469D+01  0.100375D+01  0.755198D+02
  319.5322  0.103557D+01  0.104818D+01 -0.996392D+03
  319.6865  0.115484D+01  0.114920D+01  0.439952D+03
  319.8406  0.126388D+01  0.125797D+01  0.443676D+03
  319.9948  0.132780D+01  0.132713D+01  0.487975D+02
  320.1488  0.135216D+01  0.134498D+01  0.518373D+03
  320.3027  0.138549D+01  0.138441D+01  0.771460D+02
  320.4567  0.144874D+01  0.144809D+01  0.445732D+02
  320.6105  0.148369D+01  0.148029D+01  0.231488D+03
  320.7643  0.143572D+01  0.143643D+01 -0.492934D+02
  320.9180  0.130095D+01  0.130366D+01 -0.200114D+03
  321.0716  0.113288D+01  0.113291D+01 -0.260611D+01
  321.2252  0.100590D+01  0.101111D+01 -0.413663D+03
  321.3786  0.971133D+00  0.972697D+00 -0.125298D+03
  321.5320  0.101607D+01  0.101999D+01 -0.307937D+03
  321.6854  0.112055D+01  0.112314D+01 -0.202300D+03
  321.8387  0.124679D+01  0.124225D+01  0.339006D+03
  321.9919  0.132823D+01  0.132961D+01 -0.982091D+02
  322.1450  0.131367D+01  0.131711D+01 -0.245238D+03
  322.2981  0.124539D+01  0.123686D+01  0.625969D+03
  322.4510  0.117718D+01  0.117713D+01  0.391786D+01
  322.6040  0.110861D+01  0.111054D+01 -0.149717D+03
   31 319.532 324.129 321.831  2.546D-01  0.000D+00 -7.802D-04  0.000D+00  9.819D-01  3.348D+02 10300  2.966D-03
  319.5322  0.103557D+01  0.104788D+01 -0.972789D+03
  319.6865  0.115484D+01  0.114981D+01  0.392806D+03
  319.8406  0.126388D+01  0.125904D+01  0.363358D+03
  319.9948  0.132780D+01  0.132770D+01  0.719443D+01
  320.1488  0.135216D+01  0.134573D+01  0.464245D+03
  320.3027  0.138549D+01  0.138585D+01 -0.254789D+02
  320.4567  0.144874D+01  0.144948D+01 -0.511159D+02
  320.6105  0.148369D+01  0.148078D+01  0.198484D+03
  320.7643  0.143572D+01  0.143538D+01  0.235889D+02
  320.9180  0.130095D+01  0.130140D+01 -0.336007D+02
  321.0716  0.113288D+01  0.113063D+01  0.171311D+03
  321.2252  0.100590D+01  0.100979D+01 -0.308568D+03
  321.3786  0.971133D+00  0.972581D+00 -0.115936D+03
  321.5320  0.101607D+01  0.102086D+01 -0.376522D+03
  321.6854  0.112055D+01  0.112459D+01 -0.315329D+03
  321.8387  0.124679D+01  0.124385D+01  0.219326D+03
  321.9919  0.132823D+01  0.133062D+01 -0.169605D+03
  322.1450  0.131367D+01  0.131715D+01 -0.248574D+03
  322.2981  0.124539D+01  0.123763D+01  0.569652D+03
  322.4510  0.117718D+01  0.117918D+01 -0.151692D+03
  322.6040  0.110861D+01  0.111325D+01 -0.360010D+03
  322.7569  0.101815D+01  0.101905D+01 -0.713954D+02
  322.9097  0.955385D+00  0.958704D+00 -0.261764D+03
  323.0624  0.995603D+00  0.986184D+00  0.735914D+03
  323.2150  0.107689D+01  0.107532D+01  0.122899D+03
  323.3676  0.110821D+01  0.110829D+01 -0.627887D+01
  323.5201  0.108103D+01  0.107576D+01  0.411674D+03
  323.6725  0.107731D+01  0.107654D+01  0.597246D+02
  323.8249  0.113192D+01  0.113286D+01 -0.720010D+02
  323.9772  0.121146D+01  0.120990D+01  0.114754D+03
  324.1295  0.127870D+01  0.128446D+01 -0.407381D+03
   31 321.072 325.648 323.360  2.575D-01  0.000D+00 -3.835D-03  0.000D+00  9.808D-01  3.064D+02 10300  3.049D-03
  321.0716  0.113288D+01  0.112618D+01  0.510025D+03
  321.2252  0.100590D+01  0.100732D+01 -0.112683D+03
  321.3786  0.971133D+00  0.972274D+00 -0.913998D+02
  321.5320  0.101607D+01  0.102155D+01 -0.430571D+03
  321.6854  0.112055D+01  0.112540D+01 -0.378535D+03
  321.8387  0.124679D+01  0.124413D+01  0.198456D+03
  321.9919  0.132823D+01  0.132883D+01 -0.424283D+02
  322.1450  0.131367D+01  0.131452D+01 -0.606695D+02
  322.2981  0.124539D+01  0.123711D+01  0.607815D+03
  322.4510  0.117718D+01  0.117891D+01 -0.131798D+03
  322.6040  0.110861D+01  0.111227D+01 -0.283373D+03
  322.7569  0.101815D+01  0.101936D+01 -0.957339D+02
  322.9097  0.955385D+00  0.961550D+00 -0.486171D+03
  323.0624  0.995603D+00  0.990547D+00  0.395001D+03
  323.2150  0.107689D+01  0.107719D+01 -0.233261D+02
  323.3676  0.110821D+01  0.110808D+01  0.100080D+02
  323.5201  0.108103D+01  0.107613D+01  0.382713D+03
  323.6725  0.107731D+01  0.107709D+01  0.167760D+02
  323.8249  0.113192D+01  0.113191D+01  0.502792D+00
  323.9772  0.121146D+01  0.120634D+01  0.376339D+03
  324.1295  0.127870D+01  0.127651D+01  0.155294D+03
  324.2816  0.130997D+01  0.131256D+01 -0.180738D+03
  324.4337  0.133465D+01  0.132834D+01  0.434166D+03
  324.5858  0.134456D+01  0.134764D+01 -0.210659D+03
  324.7377  0.131450D+01  0.131956D+01 -0.348685D+03
  324.8896  0.125530D+01  0.125679D+01 -0.106039D+03
  325.0415  0.123235D+01  0.124051D+01 -0.581753D+03
  325.1932  0.127576D+01  0.128063D+01 -0.340679D+03
  325.3449  0.135369D+01  0.135124D+01  0.166650D+03
  325.4965  0.146917D+01  0.146264D+01  0.431442D+03
  325.6480  0.158951D+01  0.158816D+01  0.877627D+02
   31 322.604 327.160 324.882  2.564D-01  0.000D+00 -6.698D-03  0.000D+00  9.872D-01  2.995D+02 10300  3.018D-03
  322.6040  0.110861D+01  0.111161D+01 -0.232208D+03
  322.7569  0.101815D+01  0.101775D+01  0.313596D+02
  322.9097  0.955385D+00  0.960515D+00 -0.404552D+03
  323.0624  0.995603D+00  0.991182D+00  0.345460D+03
  323.2150  0.107689D+01  0.107835D+01 -0.114154D+03
  323.3676  0.110821D+01  0.110735D+01  0.669424D+02
  323.5201  0.108103D+01  0.107439D+01  0.518806D+03
  323.6725  0.107731D+01  0.107635D+01  0.746035D+02
  323.8249  0.113192D+01  0.113205D+01 -0.102677D+02
  323.9772  0.121146D+01  0.120677D+01  0.345171D+03
  324.1295  0.127870D+01  0.127681D+01  0.134217D+03
  324.2816  0.130997D+01  0.131223D+01 -0.158010D+03
  324.4337  0.133465D+01  0.132820D+01  0.443755D+03
  324.5858  0.134456D+01  0.134793D+01 -0.230827D+03
  324.7377  0.131450D+01  0.131903D+01 -0.312567D+03
  324.8896  0.125530D+01  0.125625D+01 -0.673380D+02
  325.0415  0.123235D+01  0.124185D+01 -0.677317D+03
  325.1932  0.127576D+01  0.128348D+01 -0.540519D+03
  325.3449  0.135369D+01  0.135544D+01 -0.118478D+03
  325.4965  0.146917D+01  0.146868D+01  0.322744D+02
  325.6480  0.158951D+01  0.159546D+01 -0.387120D+03
  325.7996  0.168090D+01  0.167701D+01  0.244125D+03
  325.9509  0.172560D+01  0.172091D+01  0.288562D+03
  326.1023  0.173355D+01  0.172777D+01  0.354999D+03
  326.2536  0.169585D+01  0.168767D+01  0.506938D+03
  326.4048  0.162214D+01  0.162263D+01 -0.310871D+02
  326.5559  0.159525D+01  0.159037D+01  0.300692D+03
  326.7070  0.164062D+01  0.164121D+01 -0.370053D+02
  326.8580  0.169380D+01  0.169705D+01 -0.198954D+03
  327.0089  0.167112D+01  0.167189D+01 -0.471748D+02
  327.1598  0.160787D+01  0.161176D+01 -0.245431D+03
   31 324.129 328.665 326.397  2.547D-01  0.000D+00 -4.305D-03  0.000D+00  9.933D-01  2.948D+02 10300  3.602D-03
  324.1295  0.127870D+01  0.127382D+01  0.345918D+03
  324.2816  0.130997D+01  0.131072D+01 -0.522221D+02
  324.4337  0.133465D+01  0.132680D+01  0.539916D+03
  324.5858  0.134456D+01  0.134822D+01 -0.250718D+03
  324.7377  0.131450D+01  0.132030D+01 -0.399500D+03
  324.8896  0.125530D+01  0.125664D+01 -0.951196D+02
  325.0415  0.123235D+01  0.124120D+01 -0.630629D+03
  325.1932  0.127576D+01  0.128277D+01 -0.490894D+03
  325.3449  0.135369D+01  0.135395D+01 -0.170688D+02
  325.4965  0.146917D+01  0.146677D+01  0.158766D+03
  325.6480  0.158951D+01  0.159417D+01 -0.303483D+03
  325.7996  0.168090D+01  0.167598D+01  0.308808D+03
  325.9509  0.172560D+01  0.172036D+01  0.322223D+03
  326.1023  0.173355D+01  0.172778D+01  0.354846D+03
  326.2536  0.169585D+01  0.168788D+01  0.493569D+03
  326.4048  0.162214D+01  0.162230D+01 -0.104692D+02
  326.5559  0.159525D+01  0.158824D+01  0.431649D+03
  326.7070  0.164062D+01  0.163907D+01  0.960690D+02
  326.8580  0.169380D+01  0.169686D+01 -0.187623D+03
  327.0089  0.167112D+01  0.167306D+01 -0.119218D+03
  327.1598  0.160787D+01  0.161236D+01 -0.283179D+03
  327.3106  0.160266D+01  0.160468D+01 -0.125293D+03
  327.4614  0.163849D+01  0.164348D+01 -0.306276D+03
  327.6120  0.164916D+01  0.164899D+01  0.105446D+02
  327.7626  0.161386D+01  0.161362D+01  0.151018D+02
  327.9131  0.157827D+01  0.157955D+01 -0.805745D+02
  328.0636  0.156538D+01  0.156950D+01 -0.261329D+03
  328.2140  0.156791D+01  0.156990D+01 -0.109075D+03
  328.3643  0.157204D+01  0.156568D+01  0.400140D+03
  328.5146  0.152947D+01  0.153090D+01 -0.910322D+02
  328.6648  0.145696D+01  0.145415D+01  0.182402D+03
   31 325.648 330.163 327.906  2.605D-01  0.000D+00 -4.466D-03  0.000D+00  9.937D-01  2.844D+02   300  3.115D-03
  325.6480  0.158951D+01  0.159953D+01 -0.652653D+03
  325.7996  0.168090D+01  0.168051D+01  0.247010D+02
  325.9509  0.172560D+01  0.172313D+01  0.152081D+03
  326.1023  0.173355D+01  0.172867D+01  0.300004D+03
  326.2536  0.169585D+01  0.168816D+01  0.476236D+03
  326.4048  0.162214D+01  0.162354D+01 -0.887996D+02
  326.5559  0.159525D+01  0.159106D+01  0.258304D+03
  326.7070  0.164062D+01  0.163854D+01  0.129164D+03
  326.8580  0.169380D+01  0.169285D+01  0.586470D+02
  327.0089  0.167112D+01  0.167034D+01  0.478290D+02
  327.1598  0.160787D+01  0.161318D+01 -0.335363D+03
  327.3106  0.160266D+01  0.160519D+01 -0.157069D+03
  327.4614  0.163849D+01  0.164127D+01 -0.170816D+03
  327.6120  0.164916D+01  0.164705D+01  0.129844D+03
  327.7626  0.161386D+01  0.161351D+01  0.221563D+02
  327.9131  0.157827D+01  0.158098D+01 -0.171316D+03
  328.0636  0.156538D+01  0.157109D+01 -0.361874D+03
  328.2140  0.156791D+01  0.157159D+01 -0.201801D+03
  328.3643  0.157204D+01  0.156761D+01  0.278373D+03
  328.5146  0.152947D+01  0.153261D+01 -0.199638D+03
  328.6648  0.145696D+01  0.146058D+01 -0.235606D+03
  328.8149  0.144918D+01  0.144923D+01 -0.325690D+01
  328.9650  0.156986D+01  0.157360D+01 -0.236959D+03
  329.1150  0.172552D+01  0.172638D+01 -0.516364D+02
  329.2649  0.182860D+01  0.181573D+01  0.748904D+03
  329.4147  0.186961D+01  0.186476D+01  0.280540D+03
  329.5645  0.188916D+01  0.188712D+01  0.117542D+03
  329.7142  0.189436D+01  0.189413D+01  0.136303D+02
  329.8639  0.191938D+01  0.191691D+01  0.141652D+03
  330.0135  0.196211D+01  0.195942D+01  0.152481D+03
  330.1630  0.193738D+01  0.194749D+01 -0.575101D+03
   31 327.160 331.655 329.407  2.578D-01  0.000D+00 -5.926D-03  0.000D+00  9.982D-01  2.890D+02   300  2.704D-03
  327.1598  0.160787D+01  0.160753D+01  0.210422D+02
  327.3106  0.160266D+01  0.160129D+01  0.849909D+02
  327.4614  0.163849D+01  0.163946D+01 -0.595691D+02
  327.6120  0.164916D+01  0.164555D+01  0.222030D+03
  327.7626  0.161386D+01  0.161174D+01  0.133059D+03
  327.9131  0.157827D+01  0.157978D+01 -0.953480D+02
  328.0636  0.156538D+01  0.157077D+01 -0.341444D+03
  328.2140  0.156791D+01  0.157198D+01 -0.223072D+03
  328.3643  0.157204D+01  0.156859D+01  0.217208D+03
  328.5146  0.152947D+01  0.153385D+01 -0.278310D+03
  328.6648  0.145696D+01  0.146001D+01 -0.198552D+03
  328.8149  0.144918D+01  0.144858D+01  0.386155D+02
  328.9650  0.156986D+01  0.157594D+01 -0.385145D+03
  329.1150  0.172552D+01  0.172983D+01 -0.258465D+03
  329.2649  0.182860D+01  0.181753D+01  0.644355D+03
  329.4147  0.186961D+01  0.186560D+01  0.231966D+03
  329.5645  0.188916D+01  0.188684D+01  0.133687D+03
  329.7142  0.189436D+01  0.189235D+01  0.115819D+03
  329.8639  0.191938D+01  0.191403D+01  0.306251D+03
  330.0135  0.196211D+01  0.195635D+01  0.326447D+03
  330.1630  0.193738D+01  0.194272D+01 -0.304086D+03
  330.3125  0.183416D+01  0.182593D+01  0.476618D+03
  330.4619  0.168101D+01  0.168688D+01 -0.352884D+03
  330.6112  0.156550D+01  0.157299D+01 -0.466724D+03
  330.7604  0.154494D+01  0.154254D+01  0.150095D+03
  330.9097  0.161822D+01  0.162835D+01 -0.618210D+03
  331.0588  0.171301D+01  0.171487D+01 -0.109576D+03
  331.2078  0.171900D+01  0.171729D+01  0.100220D+03
  331.3568  0.165167D+01  0.165514D+01 -0.207624D+03
  331.5057  0.160808D+01  0.160543D+01  0.160891D+03
  331.6546  0.164100D+01  0.163581D+01  0.309620D+03
   31 328.665 333.140 330.902  2.559D-01  0.000D+00 -3.135D-03  0.000D+00  9.962D-01  3.512D+02   300  2.878D-03
  328.6648  0.145696D+01  0.146259D+01 -0.366820D+03
  328.8149  0.144918D+01  0.144748D+01  0.110585D+03
  328.9650  0.156986D+01  0.157411D+01 -0.269427D+03
  329.1150  0.172552D+01  0.173024D+01 -0.283232D+03
  329.2649  0.182860D+01  0.181780D+01  0.628410D+03
  329.4147  0.186961D+01  0.186602D+01  0.207941D+03
  329.5645  0.188916D+01  0.188690D+01  0.130258D+03
  329.7142  0.189436D+01  0.189179D+01  0.147707D+03
  329.8639  0.191938D+01  0.191231D+01  0.405387D+03
  330.0135  0.196211D+01  0.195543D+01  0.378646D+03
  330.1630  0.193738D+01  0.194457D+01 -0.408881D+03
  330.3125  0.183416D+01  0.182763D+01  0.378421D+03
  330.4619  0.168101D+01  0.168824D+01 -0.434132D+03
  330.6112  0.156550D+01  0.157316D+01 -0.477216D+03
  330.7604  0.154494D+01  0.154046D+01  0.280065D+03
  330.9097  0.161822D+01  0.162695D+01 -0.532902D+03
  331.0588  0.171301D+01  0.171690D+01 -0.228762D+03
  331.2078  0.171900D+01  0.172197D+01 -0.174235D+03
  331.3568  0.165167D+01  0.166108D+01 -0.563222D+03
  331.5057  0.160808D+01  0.161085D+01 -0.168718D+03
  331.6546  0.164100D+01  0.164268D+01 -0.100201D+03
  331.8034  0.171950D+01  0.171992D+01 -0.240641D+02
  331.9521  0.175746D+01  0.174735D+01  0.583124D+03
  332.1008  0.170322D+01  0.169385D+01  0.543160D+03
  332.2494  0.159855D+01  0.159573D+01  0.168014D+03
  332.3979  0.156053D+01  0.155213D+01  0.508619D+03
  332.5464  0.162551D+01  0.162305D+01  0.145182D+03
  332.6948  0.169035D+01  0.169258D+01 -0.129136D+03
  332.8431  0.166160D+01  0.165968D+01  0.111879D+03
  332.9914  0.160984D+01  0.161117D+01 -0.781760D+02
  333.1396  0.162754D+01  0.163579D+01 -0.482024D+03
   31 330.163 334.618 332.391  2.559D-01  0.000D+00  5.679D-06  0.000D+00  9.943D-01  3.216D+02 10300  2.444D-03
  330.1630  0.193738D+01  0.193620D+01  0.668902D+02
  330.3125  0.183416D+01  0.182350D+01  0.617733D+03
  330.4619  0.168101D+01  0.168583D+01 -0.289454D+03
  330.6112  0.156550D+01  0.157170D+01 -0.386044D+03
  330.7604  0.154494D+01  0.153763D+01  0.456310D+03
  330.9097  0.161822D+01  0.162331D+01 -0.310614D+03
  331.0588  0.171301D+01  0.171528D+01 -0.133476D+03
  331.2078  0.171900D+01  0.172295D+01 -0.231748D+03
  331.3568  0.165167D+01  0.166321D+01 -0.690872D+03
  331.5057  0.160808D+01  0.161210D+01 -0.244317D+03
  331.6546  0.164100D+01  0.164229D+01 -0.769326D+02
  331.8034  0.171950D+01  0.171971D+01 -0.120956D+02
  331.9521  0.175746D+01  0.174863D+01  0.509670D+03
  332.1008  0.170322D+01  0.169626D+01  0.403504D+03
  332.2494  0.159855D+01  0.159787D+01  0.404418D+02
  332.3979  0.156053D+01  0.155132D+01  0.557898D+03
  332.5464  0.162551D+01  0.161975D+01  0.340415D+03
  332.6948  0.169035D+01  0.169003D+01  0.187119D+02
  332.8431  0.166160D+01  0.165794D+01  0.213422D+03
  332.9914  0.160984D+01  0.160743D+01  0.141494D+03
  333.1396  0.162754D+01  0.162925D+01 -0.997991D+02
  333.2877  0.167066D+01  0.167237D+01 -0.991408D+02
  333.4358  0.162882D+01  0.163417D+01 -0.311636D+03
  333.5838  0.150963D+01  0.151545D+01 -0.348695D+03
  333.7317  0.144848D+01  0.145053D+01 -0.125116D+03
  333.8796  0.150409D+01  0.151134D+01 -0.432621D+03
  334.0274  0.159136D+01  0.159647D+01 -0.296228D+03
  334.1751  0.163867D+01  0.163457D+01  0.235482D+03
  334.3228  0.167919D+01  0.167817D+01  0.579848D+02
  334.4704  0.175480D+01  0.175590D+01 -0.619937D+02
  334.6180  0.180577D+01  0.179860D+01  0.398146D+03
   24 331.655 335.060 333.357  2.566D-01  0.000D+00 -2.157D-03  0.000D+00  9.919D-01  1.910D+02   300  1.629D-03
  331.6546  0.164100D+01  0.164353D+01 -0.150843D+03
  331.8034  0.171950D+01  0.172276D+01 -0.189869D+03
  331.9521  0.175746D+01  0.175199D+01  0.315917D+03
  332.1008  0.170322D+01  0.169953D+01  0.213914D+03
  332.2494  0.159855D+01  0.160175D+01 -0.191333D+03
  332.3979  0.156053D+01  0.155690D+01  0.219694D+03
  332.5464  0.162551D+01  0.162571D+01 -0.121271D+02
  332.6948  0.169035D+01  0.169354D+01 -0.184491D+03
  332.8431  0.166160D+01  0.165967D+01  0.112833D+03
  332.9914  0.160984D+01  0.160891D+01  0.550735D+02
  333.1396  0.162754D+01  0.163050D+01 -0.172934D+03
  333.2877  0.167066D+01  0.167132D+01 -0.382780D+02
  333.4358  0.162882D+01  0.163041D+01 -0.928167D+02
  333.5838  0.150963D+01  0.151106D+01 -0.857572D+02
  333.7317  0.144848D+01  0.144770D+01  0.476928D+02
  333.8796  0.150409D+01  0.150903D+01 -0.295043D+03
  334.0274  0.159136D+01  0.159293D+01 -0.909510D+02
  334.1751  0.163867D+01  0.163122D+01  0.427367D+03
  334.3228  0.167919D+01  0.167619D+01  0.170988D+03
  334.4704  0.175480D+01  0.175562D+01 -0.461788D+02
  334.6180  0.180577D+01  0.179981D+01  0.330972D+03
  334.7654  0.173938D+01  0.174254D+01 -0.176250D+03
  334.9129  0.161283D+01  0.161616D+01 -0.190294D+03
  335.0602  0.157998D+01  0.157946D+01  0.300315D+02
