 solar_fit_vary
           0
 T T
nw  fwave  lwave  avgwav    hwe     asym  shift    squeeze      sin      rms   exval  std
   31 263.817 274.385 269.101  3.830D-01  0.000D+00 -2.509D-02  0.000D+00  1.015D+00  1.713D+03 10300  1.666D-02
  263.8167  0.225298D+00  0.334131D+00 -0.367629D+04
  264.1805  0.399858D+00  0.392168D+00  0.209777D+04
  264.5433  0.366822D+00  0.372151D+00 -0.145383D+04
  264.9052  0.307638D+00  0.315382D+00 -0.234712D+04
  265.2662  0.364776D+00  0.346634D+00  0.494909D+04
  265.6264  0.394502D+00  0.396070D+00 -0.427828D+03
  265.9856  0.371581D+00  0.383335D+00 -0.320639D+04
  266.3440  0.345069D+00  0.350191D+00 -0.152021D+04
  266.7016  0.350412D+00  0.343684D+00  0.194005D+04
  267.0583  0.351423D+00  0.352935D+00 -0.433390D+03
  267.4142  0.374219D+00  0.373854D+00  0.994971D+02
  267.7694  0.361045D+00  0.364657D+00 -0.985311D+03
  268.1238  0.350632D+00  0.345070D+00  0.159462D+04
  268.4774  0.357464D+00  0.352765D+00  0.128192D+04
  268.8303  0.342335D+00  0.342820D+00 -0.146434D+03
  269.1824  0.334375D+00  0.335006D+00 -0.206193D+03
  269.5338  0.330368D+00  0.333485D+00 -0.105472D+04
  269.8845  0.356944D+00  0.355458D+00  0.406104D+03
  270.2345  0.398719D+00  0.397107D+00  0.439762D+03
  270.5838  0.394799D+00  0.395016D+00 -0.593418D+02
  270.9324  0.371970D+00  0.370503D+00  0.400033D+03
  271.2804  0.360979D+00  0.357533D+00  0.939973D+03
  271.6277  0.314746D+00  0.311340D+00  0.116146D+04
  271.9745  0.250118D+00  0.249201D+00  0.357673D+03
  272.3206  0.249437D+00  0.252303D+00 -0.111701D+04
  272.6660  0.295000D+00  0.301900D+00 -0.244085D+04
  273.0109  0.346501D+00  0.352822D+00 -0.186630D+04
  273.3552  0.321015D+00  0.319773D+00  0.423778D+03
  273.6989  0.253374D+00  0.249472D+00  0.152079D+04
  274.0421  0.206265D+00  0.203251D+00  0.128320D+04
  274.3846  0.184967D+00  0.185888D+00 -0.418689D+03
   31 267.414 277.782 272.598  3.914D-01  0.000D+00  5.433D-03  0.000D+00  1.009D+00  9.121D+02 10300  9.616D-03
  267.4142  0.374219D+00  0.371588D+00  0.717627D+03
  267.7694  0.361045D+00  0.367373D+00 -0.172613D+04
  268.1238  0.350632D+00  0.345890D+00  0.135953D+04
  268.4774  0.357464D+00  0.352882D+00  0.125001D+04
  268.8303  0.342335D+00  0.345219D+00 -0.870534D+03
  269.1824  0.334375D+00  0.335804D+00 -0.466916D+03
  269.5338  0.330368D+00  0.334871D+00 -0.152378D+04
  269.8845  0.356944D+00  0.352847D+00  0.111946D+04
  270.2345  0.398719D+00  0.395067D+00  0.996224D+03
  270.5838  0.394799D+00  0.397176D+00 -0.648468D+03
  270.9324  0.371970D+00  0.372408D+00 -0.119581D+03
  271.2804  0.360979D+00  0.358746D+00  0.609136D+03
  271.6277  0.314746D+00  0.315928D+00 -0.402827D+03
  271.9745  0.250118D+00  0.253247D+00 -0.121933D+04
  272.3206  0.249437D+00  0.248518D+00  0.358069D+03
  272.6660  0.295000D+00  0.294833D+00  0.590579D+02
  273.0109  0.346501D+00  0.346407D+00  0.274959D+02
  273.3552  0.321015D+00  0.321684D+00 -0.228090D+03
  273.6989  0.253374D+00  0.251973D+00  0.546027D+03
  274.0421  0.206265D+00  0.203283D+00  0.126971D+04
  274.3846  0.184967D+00  0.183246D+00  0.782259D+03
  274.7267  0.182093D+00  0.182387D+00 -0.133624D+03
  275.0682  0.205757D+00  0.204876D+00  0.387493D+03
  275.4092  0.243413D+00  0.241536D+00  0.731447D+03
  275.7497  0.276094D+00  0.277354D+00 -0.484498D+03
  276.0897  0.337292D+00  0.337995D+00 -0.219731D+03
  276.4292  0.357692D+00  0.360869D+00 -0.866717D+03
  276.7682  0.363489D+00  0.367473D+00 -0.108691D+04
  277.1067  0.363645D+00  0.369045D+00 -0.147299D+04
  277.4447  0.367177D+00  0.366292D+00  0.241450D+03
  277.7823  0.315547D+00  0.310442D+00  0.174070D+04
   31 270.932 281.135 276.034  3.839D-01  0.000D+00  8.267D-03  0.000D+00  1.003D+00  8.411D+02 10000  8.239D-03
  270.9324  0.371970D+00  0.370385D+00  0.432132D+03
  271.2804  0.360979D+00  0.358458D+00  0.687553D+03
  271.6277  0.314746D+00  0.316545D+00 -0.613407D+03
  271.9745  0.250118D+00  0.252915D+00 -0.108995D+04
  272.3206  0.249437D+00  0.248159D+00  0.498074D+03
  272.6660  0.295000D+00  0.294824D+00  0.620964D+02
  273.0109  0.346501D+00  0.348284D+00 -0.526566D+03
  273.3552  0.321015D+00  0.323651D+00 -0.898541D+03
  273.6989  0.253374D+00  0.252876D+00  0.194169D+03
  274.0421  0.206265D+00  0.203697D+00  0.109332D+04
  274.3846  0.184967D+00  0.183453D+00  0.688332D+03
  274.7267  0.182093D+00  0.182336D+00 -0.110647D+03
  275.0682  0.205757D+00  0.204439D+00  0.579584D+03
  275.4092  0.243413D+00  0.241666D+00  0.681121D+03
  275.7497  0.276094D+00  0.276106D+00 -0.478312D+01
  276.0897  0.337292D+00  0.338140D+00 -0.265043D+03
  276.4292  0.357692D+00  0.360336D+00 -0.721307D+03
  276.7682  0.363489D+00  0.366961D+00 -0.947311D+03
  277.1067  0.363645D+00  0.368168D+00 -0.123369D+04
  277.4447  0.367177D+00  0.366689D+00  0.133212D+03
  277.7823  0.315547D+00  0.310402D+00  0.175455D+04
  278.1195  0.258797D+00  0.256269D+00  0.871741D+03
  278.4561  0.242086D+00  0.241740D+00  0.131431D+03
  278.7924  0.216204D+00  0.214582D+00  0.631940D+03
  279.1283  0.161268D+00  0.159866D+00  0.637735D+03
  279.4637  0.116791D+00  0.119688D+00 -0.157927D+04
  279.7987  0.102716D+00  0.106263D+00 -0.193539D+04
  280.1333  0.105103D+00  0.106609D+00 -0.821745D+03
  280.4675  0.124622D+00  0.125137D+00 -0.174254D+03
  280.8013  0.176163D+00  0.175270D+00  0.270791D+03
  281.1347  0.240407D+00  0.236850D+00  0.107055D+04
   31 274.385 284.449 279.417  3.815D-01  0.000D+00  6.362D-03  0.000D+00  1.005D+00  9.740D+02 10300  1.243D-02
  274.3846  0.184967D+00  0.184396D+00  0.259587D+03
  274.7267  0.182093D+00  0.182849D+00 -0.343551D+03
  275.0682  0.205757D+00  0.204845D+00  0.401328D+03
  275.4092  0.243413D+00  0.241874D+00  0.600025D+03
  275.7497  0.276094D+00  0.276029D+00  0.249643D+02
  276.0897  0.337292D+00  0.338207D+00 -0.285844D+03
  276.4292  0.357692D+00  0.360035D+00 -0.639011D+03
  276.7682  0.363489D+00  0.366573D+00 -0.841272D+03
  277.1067  0.363645D+00  0.368062D+00 -0.120500D+04
  277.4447  0.367177D+00  0.366860D+00  0.864326D+02
  277.7823  0.315547D+00  0.310217D+00  0.181756D+04
  278.1195  0.258797D+00  0.256279D+00  0.868187D+03
  278.4561  0.242086D+00  0.242223D+00 -0.520736D+02
  278.7924  0.216204D+00  0.214935D+00  0.494496D+03
  279.1283  0.161268D+00  0.159854D+00  0.643178D+03
  279.4637  0.116791D+00  0.119684D+00 -0.157685D+04
  279.7987  0.102716D+00  0.106345D+00 -0.197988D+04
  280.1333  0.105103D+00  0.106641D+00 -0.839117D+03
  280.4675  0.124622D+00  0.125025D+00 -0.136607D+03
  280.8013  0.176163D+00  0.175043D+00  0.339635D+03
  281.1347  0.240407D+00  0.235794D+00  0.138817D+04
  281.4678  0.305771D+00  0.301591D+00  0.114043D+04
  281.8004  0.366334D+00  0.365655D+00  0.185242D+03
  282.1327  0.410009D+00  0.410846D+00 -0.228311D+03
  282.4647  0.436505D+00  0.434051D+00  0.669446D+03
  282.7963  0.458178D+00  0.454543D+00  0.991854D+03
  283.1275  0.482511D+00  0.488972D+00 -0.176247D+04
  283.4584  0.473738D+00  0.481377D+00 -0.208378D+04
  283.7890  0.465626D+00  0.464301D+00  0.361372D+03
  284.1192  0.453690D+00  0.448861D+00  0.131723D+04
  284.4490  0.392600D+00  0.392046D+00  0.151238D+03
   31 277.782 287.731 282.756  3.818D-01  0.000D+00  2.731D-03  0.000D+00  1.007D+00  9.065D+02 10300  7.694D-03
  277.7823  0.315547D+00  0.312532D+00  0.102803D+04
  278.1195  0.258797D+00  0.258398D+00  0.137607D+03
  278.4561  0.242086D+00  0.244149D+00 -0.783831D+03
  278.7924  0.216204D+00  0.216015D+00  0.734556D+02
  279.1283  0.161268D+00  0.160265D+00  0.456126D+03
  279.4637  0.116791D+00  0.120024D+00 -0.176241D+04
  279.7987  0.102716D+00  0.106668D+00 -0.215600D+04
  280.1333  0.105103D+00  0.106966D+00 -0.101627D+04
  280.4675  0.124622D+00  0.125521D+00 -0.304457D+03
  280.8013  0.176163D+00  0.175659D+00  0.152796D+03
  281.1347  0.240407D+00  0.236120D+00  0.129029D+04
  281.4678  0.305771D+00  0.301650D+00  0.112418D+04
  281.8004  0.366334D+00  0.365119D+00  0.331285D+03
  282.1327  0.410009D+00  0.409738D+00  0.738221D+02
  282.4647  0.436505D+00  0.432586D+00  0.106920D+04
  282.7963  0.458178D+00  0.453275D+00  0.133751D+04
  283.1275  0.482511D+00  0.487668D+00 -0.140682D+04
  283.4584  0.473738D+00  0.480043D+00 -0.171985D+04
  283.7890  0.465626D+00  0.463928D+00  0.463150D+03
  284.1192  0.453690D+00  0.448952D+00  0.129239D+04
  284.4490  0.392600D+00  0.392614D+00 -0.388502D+01
  284.7786  0.289750D+00  0.292099D+00 -0.644887D+03
  285.1079  0.177920D+00  0.176740D+00  0.367195D+03
  285.4368  0.167764D+00  0.167669D+00  0.302361D+02
  285.7654  0.285989D+00  0.287326D+00 -0.366081D+03
  286.0937  0.426795D+00  0.428925D+00 -0.581034D+03
  286.4217  0.503623D+00  0.504394D+00 -0.210252D+03
  286.7493  0.516749D+00  0.516610D+00  0.379389D+02
  287.0767  0.544295D+00  0.546578D+00 -0.622749D+03
  287.4037  0.566367D+00  0.564466D+00  0.518701D+03
  287.7305  0.496802D+00  0.495409D+00  0.380016D+03
   31 281.135 290.982 286.059  3.846D-01  0.000D+00  5.947D-03  0.000D+00  1.003D+00  6.751D+02   300  4.092D-03
  281.1347  0.240407D+00  0.239076D+00  0.400674D+03
  281.4678  0.305771D+00  0.304429D+00  0.366202D+03
  281.8004  0.366334D+00  0.367590D+00 -0.342589D+03
  282.1327  0.410009D+00  0.411716D+00 -0.465693D+03
  282.4647  0.436505D+00  0.434085D+00  0.660222D+03
  282.7963  0.458178D+00  0.454046D+00  0.112741D+04
  283.1275  0.482511D+00  0.487593D+00 -0.138631D+04
  283.4584  0.473738D+00  0.480105D+00 -0.173676D+04
  283.7890  0.465626D+00  0.463485D+00  0.584025D+03
  284.1192  0.453690D+00  0.448356D+00  0.145490D+04
  284.4490  0.392600D+00  0.392353D+00  0.674109D+02
  284.7786  0.289750D+00  0.292620D+00 -0.787959D+03
  285.1079  0.177920D+00  0.177789D+00  0.407676D+02
  285.4368  0.167764D+00  0.167498D+00  0.849694D+02
  285.7654  0.285989D+00  0.285522D+00  0.127866D+03
  286.0937  0.426795D+00  0.426938D+00 -0.389497D+02
  286.4217  0.503623D+00  0.503326D+00  0.810664D+02
  286.7493  0.516749D+00  0.516536D+00  0.580775D+02
  287.0767  0.544295D+00  0.546196D+00 -0.518630D+03
  287.4037  0.566367D+00  0.564487D+00  0.512770D+03
  287.7305  0.496802D+00  0.496486D+00  0.861319D+02
  288.0570  0.391934D+00  0.391094D+00  0.229193D+03
  288.3832  0.416656D+00  0.417013D+00 -0.975625D+02
  288.7091  0.558111D+00  0.553789D+00  0.117901D+04
  289.0347  0.608416D+00  0.607142D+00  0.347351D+03
  289.3600  0.650891D+00  0.652554D+00 -0.453655D+03
  289.6850  0.755922D+00  0.758616D+00 -0.734754D+03
  290.0098  0.871300D+00  0.873340D+00 -0.556434D+03
  290.3342  0.937605D+00  0.937630D+00 -0.691825D+01
  290.6584  0.930289D+00  0.931071D+00 -0.213493D+03
  290.9823  0.893438D+00  0.890786D+00  0.723188D+03
   31 284.449 294.205 289.327  3.705D-01  0.000D+00  6.702D-03  0.000D+00  1.003D+00  9.580D+02 10300  4.342D-03
  284.4490  0.392600D+00  0.391669D+00  0.253917D+03
  284.7786  0.289750D+00  0.292774D+00 -0.830356D+03
  285.1079  0.177920D+00  0.174918D+00  0.933989D+03
  285.4368  0.167764D+00  0.163713D+00  0.129572D+04
  285.7654  0.285989D+00  0.284837D+00  0.315308D+03
  286.0937  0.426795D+00  0.429004D+00 -0.602371D+03
  286.4217  0.503623D+00  0.505640D+00 -0.550313D+03
  286.7493  0.516749D+00  0.516349D+00  0.109211D+03
  287.0767  0.544295D+00  0.546575D+00 -0.621899D+03
  287.4037  0.566367D+00  0.567468D+00 -0.300330D+03
  287.7305  0.496802D+00  0.498168D+00 -0.372762D+03
  288.0570  0.391934D+00  0.387412D+00  0.123341D+04
  288.3832  0.416656D+00  0.412831D+00  0.104342D+04
  288.7091  0.558111D+00  0.556338D+00  0.483655D+03
  289.0347  0.608416D+00  0.606407D+00  0.548078D+03
  289.3600  0.650891D+00  0.649421D+00  0.401013D+03
  289.6850  0.755922D+00  0.757525D+00 -0.437224D+03
  290.0098  0.871300D+00  0.874055D+00 -0.751366D+03
  290.3342  0.937605D+00  0.939508D+00 -0.519226D+03
  290.6584  0.930289D+00  0.933517D+00 -0.880486D+03
  290.9823  0.893438D+00  0.891593D+00  0.503235D+03
  291.3058  0.900007D+00  0.894539D+00  0.149142D+04
  291.6292  0.874586D+00  0.868574D+00  0.164017D+04
  291.9522  0.844767D+00  0.847689D+00 -0.797048D+03
  292.2749  0.817628D+00  0.822709D+00 -0.138609D+04
  292.5974  0.744312D+00  0.750069D+00 -0.157055D+04
  292.9195  0.767104D+00  0.771084D+00 -0.108576D+04
  293.2413  0.891019D+00  0.884974D+00  0.164882D+04
  293.5630  0.863868D+00  0.857026D+00  0.185244D+04
  293.8842  0.749003D+00  0.752494D+00 -0.952401D+03
  294.2052  0.784879D+00  0.786606D+00 -0.471148D+03
   31 287.731 298.350 293.040  3.481D-01  0.000D+00  1.015D-02  0.000D+00  1.006D+00  1.505D+03 10300  4.596D-03
  287.7305  0.496802D+00  0.504286D+00 -0.204150D+04
  288.0570  0.391934D+00  0.383775D+00  0.222566D+04
  288.3832  0.416656D+00  0.406341D+00  0.281369D+04
  288.7091  0.558111D+00  0.562071D+00 -0.108017D+04
  289.0347  0.608416D+00  0.606738D+00  0.457698D+03
  289.3600  0.650891D+00  0.645621D+00  0.143772D+04
  289.6850  0.755922D+00  0.756205D+00 -0.771059D+02
  290.0098  0.871300D+00  0.875277D+00 -0.108487D+04
  290.3342  0.937605D+00  0.942109D+00 -0.122875D+04
  290.6584  0.930289D+00  0.936381D+00 -0.166195D+04
  290.9823  0.893438D+00  0.888941D+00  0.122650D+04
  291.3058  0.900007D+00  0.897336D+00  0.728670D+03
  291.6292  0.874586D+00  0.868604D+00  0.163199D+04
  291.9522  0.844767D+00  0.847896D+00 -0.853645D+03
  292.2749  0.817628D+00  0.826945D+00 -0.254148D+04
  292.5974  0.744312D+00  0.746542D+00 -0.608457D+03
  292.9195  0.767104D+00  0.763894D+00  0.875511D+03
  293.2413  0.891019D+00  0.890812D+00  0.563081D+02
  293.5630  0.863868D+00  0.860480D+00  0.917108D+03
  293.8842  0.749003D+00  0.741977D+00  0.191650D+04
  294.2052  0.784879D+00  0.781929D+00  0.804715D+03
  294.5259  0.824609D+00  0.826223D+00 -0.440132D+03
  294.8463  0.757614D+00  0.754883D+00  0.745111D+03
  296.1248  0.935444D+00  0.933491D+00  0.532727D+03
  296.4438  0.848226D+00  0.849988D+00 -0.480703D+03
  296.7623  0.649709D+00  0.659832D+00 -0.276144D+04
  297.0805  0.648389D+00  0.654577D+00 -0.168812D+04
  297.3984  0.766673D+00  0.774516D+00 -0.213948D+04
  297.7160  0.961906D+00  0.956162D+00  0.156694D+04
  298.0333  0.883673D+00  0.874528D+00  0.249471D+04
  298.3502  0.618027D+00  0.621940D+00 -0.106733D+04
   31 290.982 301.500 296.241  3.287D-01  0.000D+00  7.036D-03  0.000D+00  1.028D+00  5.334D+03 10300  1.298D-02
  290.9823  0.893438D+00  0.898508D+00 -0.138324D+04
  291.3058  0.900007D+00  0.906294D+00 -0.171514D+04
  291.6292  0.874586D+00  0.869306D+00  0.144048D+04
  291.9522  0.844767D+00  0.846235D+00 -0.400478D+03
  292.2749  0.817628D+00  0.826296D+00 -0.236453D+04
  292.5974  0.744312D+00  0.737501D+00  0.185805D+04
  292.9195  0.767104D+00  0.754181D+00  0.352528D+04
  293.2413  0.891019D+00  0.891958D+00 -0.256229D+03
  293.5630  0.863868D+00  0.857690D+00  0.167252D+04
  293.8842  0.749003D+00  0.730591D+00  0.502246D+04
  294.2052  0.784879D+00  0.780401D+00  0.122149D+04
  294.5259  0.824609D+00  0.830857D+00 -0.170425D+04
  294.8463  0.757614D+00  0.748432D+00  0.250479D+04
  296.1248  0.935444D+00  0.947594D+00 -0.331432D+04
  296.4438  0.848226D+00  0.864445D+00 -0.442451D+04
  296.7623  0.649709D+00  0.658863D+00 -0.249713D+04
  297.0805  0.648389D+00  0.661833D+00 -0.366747D+04
  297.3984  0.766673D+00  0.783336D+00 -0.454553D+04
  297.7160  0.961906D+00  0.982106D+00 -0.551036D+04
  298.0333  0.883673D+00  0.889958D+00 -0.171462D+04
  298.3502  0.618027D+00  0.617778D+00  0.677931D+02
  298.6667  0.599438D+00  0.585799D+00  0.372056D+04
  298.9829  0.814297D+00  0.769632D+00  0.121843D+05
  299.2988  0.848872D+00  0.791177D+00  0.157388D+05
  299.6143  0.779248D+00  0.751786D+00  0.749158D+04
  299.9295  0.723650D+00  0.732264D+00 -0.234981D+04
  300.2443  0.555955D+00  0.584299D+00 -0.773201D+04
  300.5587  0.655276D+00  0.683092D+00 -0.751128D+04
  300.8728  0.689112D+00  0.721349D+00 -0.879402D+04
  301.1864  0.779944D+00  0.788744D+00 -0.240036D+04
  301.4997  0.827914D+00  0.804841D+00  0.629409D+04
   31 294.205 304.609 299.407  3.252D-01  0.000D+00 -6.707D-04  0.000D+00  1.006D+00  6.741D+03 10300  1.576D-02
  294.2052  0.784879D+00  0.773194D+00  0.318749D+04
  294.5259  0.824609D+00  0.827765D+00 -0.860806D+03
  294.8463  0.757614D+00  0.746389D+00  0.306215D+04
  296.1248  0.935444D+00  0.954181D+00 -0.511142D+04
  296.4438  0.848226D+00  0.863465D+00 -0.415711D+04
  296.7623  0.649709D+00  0.655613D+00 -0.161040D+04
  297.0805  0.648389D+00  0.661844D+00 -0.367033D+04
  297.3984  0.766673D+00  0.783459D+00 -0.457908D+04
  297.7160  0.961906D+00  0.979396D+00 -0.477109D+04
  298.0333  0.883673D+00  0.875302D+00  0.228335D+04
  298.3502  0.618027D+00  0.604011D+00  0.382355D+04
  298.6667  0.599438D+00  0.579322D+00  0.548746D+04
  298.9829  0.814297D+00  0.764045D+00  0.137085D+05
  299.2988  0.848872D+00  0.778867D+00  0.190967D+05
  299.6143  0.779248D+00  0.744659D+00  0.943566D+04
  299.9295  0.723650D+00  0.725158D+00 -0.411219D+03
  300.2443  0.555955D+00  0.581927D+00 -0.708502D+04
  300.5587  0.655276D+00  0.693156D+00 -0.102291D+05
  300.8728  0.689112D+00  0.736408D+00 -0.129020D+05
  301.1864  0.779944D+00  0.819779D+00 -0.108665D+05
  301.4997  0.827914D+00  0.848633D+00 -0.565201D+04
  301.8126  0.680586D+00  0.686129D+00 -0.151197D+04
  302.1250  0.556872D+00  0.556759D+00  0.306776D+02
  302.4371  0.748243D+00  0.731110D+00  0.467372D+04
  302.7487  0.926107D+00  0.897310D+00  0.778017D+04
  303.0599  0.103183D+01  0.999697D+00  0.450327D+04
  303.3707  0.108938D+01  0.106775D+01  0.294958D+04
  303.6810  0.101462D+01  0.100522D+01  0.139291D+04
  303.9909  0.889600D+00  0.894669D+00 -0.138281D+04
  304.3003  0.948659D+00  0.952268D+00 -0.861068D+03
  304.6092  0.101686D+01  0.103093D+01 -0.197320D+04
   31 298.350 307.671 303.011  3.073D-01  0.000D+00 -7.555D-03  0.000D+00  9.956D-01  5.075D+03 10300  1.170D-02
  298.3502  0.618027D+00  0.645468D+00 -0.748578D+04
  298.6667  0.599438D+00  0.611373D+00 -0.325565D+04
  298.9829  0.814297D+00  0.805846D+00  0.230540D+04
  299.2988  0.848872D+00  0.795242D+00  0.146298D+05
  299.6143  0.779248D+00  0.749629D+00  0.807986D+04
  299.9295  0.723650D+00  0.727516D+00 -0.105458D+04
  300.2443  0.555955D+00  0.564763D+00 -0.240281D+04
  300.5587  0.655276D+00  0.692663D+00 -0.100960D+05
  300.8728  0.689112D+00  0.721803D+00 -0.891775D+04
  301.1864  0.779944D+00  0.811593D+00 -0.863347D+04
  301.4997  0.827914D+00  0.842046D+00 -0.385525D+04
  301.8126  0.680586D+00  0.673087D+00  0.204579D+04
  302.1250  0.556872D+00  0.540539D+00  0.445533D+04
  302.4371  0.748243D+00  0.735012D+00  0.360921D+04
  302.7487  0.926107D+00  0.900059D+00  0.703737D+04
  303.0599  0.103183D+01  0.100007D+01  0.445055D+04
  303.3707  0.108938D+01  0.107501D+01  0.195930D+04
  303.6810  0.101462D+01  0.100342D+01  0.165868D+04
  303.9909  0.889600D+00  0.885610D+00  0.108842D+04
  304.3003  0.948659D+00  0.945155D+00  0.836052D+03
  304.6092  0.101686D+01  0.102032D+01 -0.484639D+03
  304.9177  0.985938D+00  0.979618D+00  0.103725D+04
  305.2257  0.111689D+01  0.112772D+01 -0.147714D+04
  305.5332  0.995818D+00  0.101777D+01 -0.347998D+04
  305.8401  0.778888D+00  0.786816D+00 -0.216263D+04
  306.1466  0.884510D+00  0.899599D+00 -0.403796D+04
  306.4526  0.948080D+00  0.956346D+00 -0.112752D+04
  306.7580  0.872223D+00  0.879208D+00 -0.953297D+03
  307.0629  0.101143D+01  0.100475D+01  0.910724D+03
  307.3672  0.104027D+01  0.102417D+01  0.219602D+04
  307.6709  0.101081D+01  0.987435D+00  0.318871D+04
   28 301.500 309.780 305.640  3.122D-01  0.000D+00 -8.168D-03  0.000D+00  1.023D+00  1.314D+03 10300  4.136D-03
  301.4997  0.827914D+00  0.832626D+00 -0.128560D+04
  301.8126  0.680586D+00  0.676185D+00  0.120054D+04
  302.1250  0.556872D+00  0.552714D+00  0.113430D+04
  302.4371  0.748243D+00  0.749710D+00 -0.400134D+03
  302.7487  0.926107D+00  0.921206D+00  0.132417D+04
  303.0599  0.103183D+01  0.102394D+01  0.110495D+04
  303.3707  0.108938D+01  0.109621D+01 -0.932472D+03
  303.6810  0.101462D+01  0.101936D+01 -0.701884D+03
  303.9909  0.889600D+00  0.897845D+00 -0.224915D+04
  304.3003  0.948659D+00  0.951711D+00 -0.728243D+03
  304.6092  0.101686D+01  0.101854D+01 -0.234666D+03
  304.9177  0.985938D+00  0.976758D+00  0.150674D+04
  305.2257  0.111689D+01  0.111276D+01  0.563550D+03
  305.5332  0.995818D+00  0.100107D+01 -0.833390D+03
  305.8401  0.778888D+00  0.776567D+00  0.633197D+03
  306.1466  0.884510D+00  0.882877D+00  0.436833D+03
  306.4526  0.948080D+00  0.939703D+00  0.114259D+04
  306.7580  0.872223D+00  0.872559D+00 -0.458539D+02
  307.0629  0.101143D+01  0.100127D+01  0.138579D+04
  307.3672  0.104027D+01  0.103377D+01  0.886082D+03
  307.6709  0.101081D+01  0.101518D+01 -0.595901D+03
  307.9741  0.103687D+01  0.103805D+01 -0.161088D+03
  308.2766  0.985946D+00  0.100803D+01 -0.301157D+04
  308.5786  0.107444D+01  0.107794D+01 -0.476892D+03
  308.8800  0.100382D+01  0.990690D+00  0.179034D+04
  309.1808  0.810330D+00  0.816956D+00 -0.903759D+03
  309.4809  0.771932D+00  0.788209D+00 -0.222010D+04
  309.7804  0.815995D+00  0.795710D+00  0.270946D+04
   18 304.609 309.780 307.195  3.081D-01  0.000D+00 -6.161D-03  0.000D+00  1.005D+00  1.258D+03 10300  5.714D-03
  304.6092  0.101686D+01  0.101922D+01 -0.330815D+03
  304.9177  0.985938D+00  0.975878D+00  0.165108D+04
  305.2257  0.111689D+01  0.111902D+01 -0.290446D+03
  305.5332  0.995818D+00  0.100845D+01 -0.200203D+04
  305.8401  0.778888D+00  0.777968D+00  0.250970D+03
  306.1466  0.884510D+00  0.886259D+00 -0.468051D+03
  306.4526  0.948080D+00  0.944584D+00  0.476809D+03
  306.7580  0.872223D+00  0.871623D+00  0.818822D+02
  307.0629  0.101143D+01  0.100178D+01  0.131620D+04
  307.3672  0.104027D+01  0.103307D+01  0.981499D+03
  307.6709  0.101081D+01  0.101166D+01 -0.115275D+03
  307.9741  0.103687D+01  0.103529D+01  0.214970D+03
  308.2766  0.985946D+00  0.100231D+01 -0.223161D+04
  308.5786  0.107444D+01  0.107509D+01 -0.879121D+02
  308.8800  0.100382D+01  0.989142D+00  0.200146D+04
  309.1808  0.810330D+00  0.815775D+00 -0.742617D+03
  309.4809  0.771932D+00  0.789135D+00 -0.234630D+04
  309.7804  0.815995D+00  0.802559D+00  0.179465D+04
   31 310.045 314.796 312.421  2.309D-01  0.000D+00  2.104D-03  0.000D+00  9.999D-01  9.040D+02   300  4.762D-03
  310.0454  0.680741D+00  0.681447D+00 -0.534921D+02
  310.2049  0.679891D+00  0.675778D+00  0.317327D+03
  310.3644  0.881795D+00  0.895115D+00 -0.102770D+04
  310.5237  0.111873D+01  0.111951D+01 -0.592677D+02
  310.6830  0.124188D+01  0.123025D+01  0.861469D+03
  310.8422  0.131081D+01  0.131146D+01 -0.491394D+02
  311.0013  0.132330D+01  0.132662D+01 -0.256745D+03
  311.1604  0.131130D+01  0.129563D+01  0.120936D+04
  311.3193  0.128184D+01  0.129733D+01 -0.119501D+04
  311.4782  0.129175D+01  0.127445D+01  0.133501D+04
  311.6370  0.119464D+01  0.120465D+01 -0.772608D+03
  311.7958  0.109684D+01  0.109077D+01  0.540800D+03
  311.9544  0.983023D+00  0.994755D+00 -0.113144D+04
  312.1130  0.957531D+00  0.964891D+00 -0.709844D+03
  312.2715  0.102354D+01  0.101558D+01  0.767244D+03
  312.4298  0.108877D+01  0.110142D+01 -0.117092D+04
  312.5882  0.111208D+01  0.110661D+01  0.485915D+03
  312.7464  0.109275D+01  0.109471D+01 -0.181085D+03
  312.9046  0.112742D+01  0.112422D+01  0.269272D+03
  313.0627  0.113684D+01  0.112913D+01  0.621990D+03
  313.2207  0.111395D+01  0.110577D+01  0.682628D+03
  313.3786  0.107863D+01  0.108022D+01 -0.144164D+03
  313.5364  0.109603D+01  0.109673D+01 -0.590878D+02
  313.6942  0.117636D+01  0.117746D+01 -0.850792D+02
  313.8519  0.128713D+01  0.128839D+01 -0.973088D+02
  314.0095  0.134729D+01  0.134432D+01  0.228798D+03
  314.1671  0.130334D+01  0.129152D+01  0.912470D+03
  314.3245  0.106679D+01  0.109148D+01 -0.197900D+04
  314.4819  0.870085D+00  0.858289D+00  0.113765D+04
  314.6392  0.843684D+00  0.866751D+00 -0.217228D+04
  314.7964  0.105447D+01  0.103828D+01  0.141499D+04
   31 311.637 316.364 314.001  2.302D-01  0.000D+00 -1.262D-04  0.000D+00  1.007D+00  8.435D+02 10300  4.479D-03
  311.6370  0.119464D+01  0.119638D+01 -0.134119D+03
  311.7958  0.109684D+01  0.108453D+01  0.109698D+04
  311.9544  0.983023D+00  0.990977D+00 -0.767062D+03
  312.1130  0.957531D+00  0.963179D+00 -0.544767D+03
  312.2715  0.102354D+01  0.101600D+01  0.726455D+03
  312.4298  0.108877D+01  0.110256D+01 -0.127617D+04
  312.5882  0.111208D+01  0.110684D+01  0.465028D+03
  312.7464  0.109275D+01  0.109583D+01 -0.284330D+03
  312.9046  0.112742D+01  0.112592D+01  0.126810D+03
  313.0627  0.113684D+01  0.113038D+01  0.521004D+03
  313.2207  0.111395D+01  0.110664D+01  0.609991D+03
  313.3786  0.107863D+01  0.108098D+01 -0.212736D+03
  313.5364  0.109603D+01  0.109809D+01 -0.174216D+03
  313.6942  0.117636D+01  0.117942D+01 -0.236719D+03
  313.8519  0.128713D+01  0.129023D+01 -0.238938D+03
  314.0095  0.134729D+01  0.134450D+01  0.214663D+03
  314.1671  0.130334D+01  0.128968D+01  0.105427D+04
  314.3245  0.106679D+01  0.108707D+01 -0.162504D+04
  314.4819  0.870085D+00  0.854706D+00  0.148325D+04
  314.6392  0.843684D+00  0.867168D+00 -0.221159D+04
  314.7964  0.105447D+01  0.103955D+01  0.130390D+04
  314.9535  0.118521D+01  0.118569D+01 -0.373307D+02
  315.1106  0.124390D+01  0.123761D+01  0.485293D+03
  315.2675  0.123172D+01  0.123356D+01 -0.141946D+03
  315.4245  0.120715D+01  0.121115D+01 -0.308731D+03
  315.5813  0.113460D+01  0.112996D+01  0.311252D+03
  315.7381  0.953498D+00  0.961922D+00 -0.812471D+03
  315.8947  0.796495D+00  0.790970D+00  0.532942D+03
  316.0513  0.740406D+00  0.752523D+00 -0.116860D+04
  316.2079  0.851482D+00  0.839737D+00  0.113277D+04
  316.3643  0.980747D+00  0.982014D+00 -0.118964D+03
   31 313.221 317.925 315.573  2.318D-01  0.000D+00 -8.871D-04  0.000D+00  1.007D+00  8.675D+02 10300  4.581D-03
  313.2207  0.111395D+01  0.110767D+01  0.524043D+03
  313.3786  0.107863D+01  0.108210D+01 -0.314162D+03
  313.5364  0.109603D+01  0.109955D+01 -0.297759D+03
  313.6942  0.117636D+01  0.118068D+01 -0.333580D+03
  313.8519  0.128713D+01  0.129059D+01 -0.266490D+03
  314.0095  0.134729D+01  0.134387D+01  0.263458D+03
  314.1671  0.130334D+01  0.128774D+01  0.120361D+04
  314.3245  0.106679D+01  0.108504D+01 -0.146292D+04
  314.4819  0.870085D+00  0.855769D+00  0.138070D+04
  314.6392  0.843684D+00  0.868506D+00 -0.233756D+04
  314.7964  0.105447D+01  0.103950D+01  0.130796D+04
  314.9535  0.118521D+01  0.118475D+01  0.349908D+02
  315.1106  0.124390D+01  0.123664D+01  0.560073D+03
  315.2675  0.123172D+01  0.123295D+01 -0.951212D+02
  315.4245  0.120715D+01  0.121021D+01 -0.235822D+03
  315.5813  0.113460D+01  0.112857D+01  0.404148D+03
  315.7381  0.953498D+00  0.961131D+00 -0.736182D+03
  315.8947  0.796495D+00  0.791928D+00  0.440518D+03
  316.0513  0.740406D+00  0.754410D+00 -0.135062D+04
  316.2079  0.851482D+00  0.842130D+00  0.901961D+03
  316.3643  0.980747D+00  0.984383D+00 -0.341491D+03
  316.5207  0.107893D+01  0.107431D+01  0.358478D+03
  316.6770  0.112342D+01  0.111594D+01  0.577484D+03
  316.8332  0.114802D+01  0.116180D+01 -0.106374D+04
  316.9893  0.126068D+01  0.124601D+01  0.113239D+04
  317.1454  0.138601D+01  0.139592D+01 -0.764412D+03
  317.3014  0.148952D+01  0.148509D+01  0.336534D+03
  317.4573  0.145935D+01  0.146438D+01 -0.388455D+03
  317.6131  0.144612D+01  0.143429D+01  0.912844D+03
  317.7689  0.134559D+01  0.135942D+01 -0.106684D+04
  317.9246  0.114612D+01  0.114012D+01  0.463044D+03
   31 314.796 319.477 317.137  2.308D-01  0.000D+00 -1.973D-03  0.000D+00  1.010D+00  6.945D+02 10300  3.820D-03
  314.7964  0.105447D+01  0.104878D+01  0.497633D+03
  314.9535  0.118521D+01  0.119209D+01 -0.530873D+03
  315.1106  0.124390D+01  0.124090D+01  0.231397D+03
  315.2675  0.123172D+01  0.123494D+01 -0.248397D+03
  315.4245  0.120715D+01  0.121073D+01 -0.275902D+03
  315.5813  0.113460D+01  0.112775D+01  0.458801D+03
  315.7381  0.953498D+00  0.958892D+00 -0.520205D+03
  315.8947  0.796495D+00  0.789403D+00  0.684016D+03
  316.0513  0.740406D+00  0.752954D+00 -0.121023D+04
  316.2079  0.851482D+00  0.841521D+00  0.960695D+03
  316.3643  0.980747D+00  0.984262D+00 -0.330115D+03
  316.5207  0.107893D+01  0.107367D+01  0.408326D+03
  316.6770  0.112342D+01  0.111518D+01  0.636190D+03
  316.8332  0.114802D+01  0.116124D+01 -0.102045D+04
  316.9893  0.126068D+01  0.124583D+01  0.114600D+04
  317.1454  0.138601D+01  0.139673D+01 -0.827154D+03
  317.3014  0.148952D+01  0.148519D+01  0.328996D+03
  317.4573  0.145935D+01  0.146311D+01 -0.289826D+03
  317.6131  0.144612D+01  0.143276D+01  0.103045D+04
  317.7689  0.134559D+01  0.135699D+01 -0.879958D+03
  317.9246  0.114612D+01  0.113530D+01  0.834468D+03
  318.0802  0.927498D+00  0.936655D+00 -0.869173D+03
  318.2357  0.889802D+00  0.897477D+00 -0.739526D+03
  318.3912  0.964812D+00  0.965711D+00 -0.735944D+02
  318.5466  0.107123D+01  0.106965D+01  0.121824D+03
  318.7019  0.116188D+01  0.117036D+01 -0.654930D+03
  318.8571  0.129176D+01  0.127524D+01  0.127450D+04
  319.0123  0.131937D+01  0.132261D+01 -0.250028D+03
  319.1674  0.118453D+01  0.117926D+01  0.406691D+03
  319.3224  0.100969D+01  0.100369D+01  0.464504D+03
  319.4773  0.100424D+01  0.101450D+01 -0.795118D+03
   31 316.364 321.023 318.693  2.315D-01  0.000D+00 -8.532D-04  0.000D+00  1.010D+00  8.312D+02 10000  4.895D-03
  316.3643  0.980747D+00  0.983767D+00 -0.283667D+03
  316.5207  0.107893D+01  0.107437D+01  0.353732D+03
  316.6770  0.112342D+01  0.111643D+01  0.539641D+03
  316.8332  0.114802D+01  0.116256D+01 -0.112181D+04
  316.9893  0.126068D+01  0.124672D+01  0.107731D+04
  317.1454  0.138601D+01  0.139670D+01 -0.824606D+03
  317.3014  0.148952D+01  0.148537D+01  0.315094D+03
  317.4573  0.145935D+01  0.146349D+01 -0.319550D+03
  317.6131  0.144612D+01  0.143222D+01  0.107208D+04
  317.7689  0.134559D+01  0.135624D+01 -0.821786D+03
  317.9246  0.114612D+01  0.113570D+01  0.803697D+03
  318.0802  0.927498D+00  0.936595D+00 -0.863429D+03
  318.2357  0.889802D+00  0.895978D+00 -0.595045D+03
  318.3912  0.964812D+00  0.963388D+00  0.116595D+03
  318.5466  0.107123D+01  0.106717D+01  0.312686D+03
  318.7019  0.116188D+01  0.116844D+01 -0.506344D+03
  318.8571  0.129176D+01  0.127405D+01  0.136662D+04
  319.0123  0.131937D+01  0.132323D+01 -0.297906D+03
  319.1674  0.118453D+01  0.118341D+01  0.863881D+02
  319.3224  0.100969D+01  0.100936D+01  0.253371D+02
  319.4773  0.100424D+01  0.102087D+01 -0.128860D+04
  319.6322  0.111787D+01  0.112419D+01 -0.487810D+03
  319.7870  0.126003D+01  0.123721D+01  0.176141D+04
  319.9417  0.132140D+01  0.133705D+01 -0.120720D+04
  320.0963  0.137705D+01  0.135459D+01  0.173303D+04
  320.2509  0.136036D+01  0.137744D+01 -0.131795D+04
  320.4054  0.145065D+01  0.144753D+01  0.240195D+03
  320.5598  0.149825D+01  0.150382D+01 -0.397833D+03
  320.7142  0.149876D+01  0.149183D+01  0.494143D+03
  320.8685  0.137794D+01  0.138088D+01 -0.226934D+03
  321.0227  0.119863D+01  0.119745D+01  0.914201D+02
   31 317.925 322.561 320.243  2.285D-01  0.000D+00  3.607D-04  0.000D+00  1.005D+00  8.084D+02   300  5.047D-03
  317.9246  0.114612D+01  0.113751D+01  0.663917D+03
  318.0802  0.927498D+00  0.935261D+00 -0.736820D+03
  318.2357  0.889802D+00  0.894535D+00 -0.456061D+03
  318.3912  0.964812D+00  0.962540D+00  0.186112D+03
  318.5466  0.107123D+01  0.106683D+01  0.339400D+03
  318.7019  0.116188D+01  0.116803D+01 -0.474509D+03
  318.8571  0.129176D+01  0.127429D+01  0.134772D+04
  319.0123  0.131937D+01  0.132741D+01 -0.620285D+03
  319.1674  0.118453D+01  0.118640D+01 -0.144371D+03
  319.3224  0.100969D+01  0.100747D+01  0.172183D+03
  319.4773  0.100424D+01  0.101963D+01 -0.119204D+04
  319.6322  0.111787D+01  0.112405D+01 -0.477060D+03
  319.7870  0.126003D+01  0.123663D+01  0.180567D+04
  319.9417  0.132140D+01  0.133848D+01 -0.131750D+04
  320.0963  0.137705D+01  0.135430D+01  0.175521D+04
  320.2509  0.136036D+01  0.137581D+01 -0.119221D+04
  320.4054  0.145065D+01  0.144612D+01  0.348899D+03
  320.5598  0.149825D+01  0.150284D+01 -0.328017D+03
  320.7142  0.149876D+01  0.149120D+01  0.538852D+03
  320.8685  0.137794D+01  0.138009D+01 -0.165902D+03
  321.0227  0.119863D+01  0.119478D+01  0.296914D+03
  321.1768  0.103970D+01  0.104172D+01 -0.155850D+03
  321.3309  0.964924D+00  0.975519D+00 -0.828190D+03
  321.4848  0.100642D+01  0.100169D+01  0.364614D+03
  321.6387  0.108420D+01  0.110052D+01 -0.125953D+04
  321.7926  0.123728D+01  0.122417D+01  0.101126D+04
  321.9464  0.133875D+01  0.134306D+01 -0.332964D+03
  322.1001  0.136837D+01  0.136640D+01  0.151885D+03
  322.2537  0.127883D+01  0.127439D+01  0.342534D+03
  322.4072  0.121371D+01  0.120543D+01  0.638564D+03
  322.5607  0.114867D+01  0.115826D+01 -0.740576D+03
   31 319.477 324.092 321.784  2.304D-01  0.000D+00  8.248D-04  0.000D+00  9.952D-01  7.833D+02   300  6.123D-03
  319.4773  0.100424D+01  0.101642D+01 -0.943357D+03
  319.6322  0.111787D+01  0.112121D+01 -0.257816D+03
  319.7870  0.126003D+01  0.123494D+01  0.193653D+04
  319.9417  0.132140D+01  0.133691D+01 -0.119622D+04
  320.0963  0.137705D+01  0.135490D+01  0.170876D+04
  320.2509  0.136036D+01  0.137712D+01 -0.129323D+04
  320.4054  0.145065D+01  0.144710D+01  0.273374D+03
  320.5598  0.149825D+01  0.150360D+01 -0.381794D+03
  320.7142  0.149876D+01  0.149187D+01  0.491591D+03
  320.8685  0.137794D+01  0.138091D+01 -0.229260D+03
  321.0227  0.119863D+01  0.119633D+01  0.177861D+03
  321.1768  0.103970D+01  0.104320D+01 -0.269888D+03
  321.3309  0.964924D+00  0.976382D+00 -0.895686D+03
  321.4848  0.100642D+01  0.100196D+01  0.343941D+03
  321.6387  0.108420D+01  0.109983D+01 -0.120655D+04
  321.7926  0.123728D+01  0.122325D+01  0.108228D+04
  321.9464  0.133875D+01  0.134111D+01 -0.181949D+03
  322.1001  0.136837D+01  0.136473D+01  0.281008D+03
  322.2537  0.127883D+01  0.127483D+01  0.308668D+03
  322.4072  0.121371D+01  0.120616D+01  0.582387D+03
  322.5607  0.114867D+01  0.115886D+01 -0.786292D+03
  322.7141  0.106581D+01  0.105790D+01  0.610816D+03
  322.8674  0.956431D+00  0.970541D+00 -0.108870D+04
  323.0207  0.971455D+00  0.967089D+00  0.336878D+03
  323.1739  0.107109D+01  0.106900D+01  0.161032D+03
  323.3270  0.113346D+01  0.113690D+01 -0.264909D+03
  323.4801  0.110775D+01  0.109677D+01  0.847270D+03
  323.6331  0.106481D+01  0.107283D+01 -0.618667D+03
  323.7859  0.112443D+01  0.112462D+01 -0.147062D+02
  323.9388  0.120033D+01  0.120311D+01 -0.214839D+03
  324.0916  0.128906D+01  0.128633D+01  0.209803D+03
   31 321.023 325.615 323.319  2.320D-01  0.000D+00 -1.049D-03  0.000D+00  9.933D-01  6.249D+02 10300  5.264D-03
  321.0227  0.119863D+01  0.119337D+01  0.405643D+03
  321.1768  0.103970D+01  0.104107D+01 -0.105659D+03
  321.3309  0.964924D+00  0.975177D+00 -0.801458D+03
  321.4848  0.100642D+01  0.100180D+01  0.356577D+03
  321.6387  0.108420D+01  0.109985D+01 -0.120775D+04
  321.7926  0.123728D+01  0.122368D+01  0.104937D+04
  321.9464  0.133875D+01  0.134072D+01 -0.151860D+03
  322.1001  0.136837D+01  0.136320D+01  0.399340D+03
  322.2537  0.127883D+01  0.127467D+01  0.320850D+03
  322.4072  0.121371D+01  0.120730D+01  0.494571D+03
  322.5607  0.114867D+01  0.115933D+01 -0.822796D+03
  322.7141  0.106581D+01  0.105878D+01  0.543023D+03
  322.8674  0.956431D+00  0.972689D+00 -0.125440D+04
  323.0207  0.971455D+00  0.971018D+00  0.337465D+02
  323.1739  0.107109D+01  0.107247D+01 -0.106277D+03
  323.3270  0.113346D+01  0.113785D+01 -0.338006D+03
  323.4801  0.110775D+01  0.109740D+01  0.798817D+03
  323.6331  0.106481D+01  0.107349D+01 -0.669328D+03
  323.7859  0.112443D+01  0.112373D+01  0.538112D+02
  323.9388  0.120033D+01  0.119979D+01  0.413069D+02
  324.0916  0.128906D+01  0.127938D+01  0.743220D+03
  324.2443  0.132496D+01  0.132809D+01 -0.227513D+03
  324.3969  0.134152D+01  0.133561D+01  0.410745D+03
  324.5494  0.137024D+01  0.136412D+01  0.411273D+03
  324.7019  0.134617D+01  0.135809D+01 -0.821422D+03
  324.8543  0.128693D+01  0.127713D+01  0.737641D+03
  325.0067  0.122666D+01  0.124059D+01 -0.107528D+04
  325.1590  0.127539D+01  0.127620D+01 -0.619700D+02
  325.3112  0.133202D+01  0.133806D+01 -0.412914D+03
  325.4633  0.145216D+01  0.143828D+01  0.892641D+03
  325.6154  0.157697D+01  0.157911D+01 -0.137313D+03
   31 322.561 327.132 324.846  2.320D-01  0.000D+00  2.995D-04  0.000D+00  9.988D-01  6.312D+02 10300  5.391D-03
  322.5607  0.114867D+01  0.115503D+01 -0.491316D+03
  322.7141  0.106581D+01  0.105583D+01  0.770205D+03
  322.8674  0.956431D+00  0.970102D+00 -0.105483D+04
  323.0207  0.971455D+00  0.967832D+00  0.279547D+03
  323.1739  0.107109D+01  0.106889D+01  0.169845D+03
  323.3270  0.113346D+01  0.113554D+01 -0.160423D+03
  323.4801  0.110775D+01  0.109608D+01  0.900558D+03
  323.6331  0.106481D+01  0.107197D+01 -0.552044D+03
  323.7859  0.112443D+01  0.112204D+01  0.184307D+03
  323.9388  0.120033D+01  0.119835D+01  0.152641D+03
  324.0916  0.128906D+01  0.127835D+01  0.822383D+03
  324.2443  0.132496D+01  0.132804D+01 -0.224028D+03
  324.3969  0.134152D+01  0.133625D+01  0.366242D+03
  324.5494  0.137024D+01  0.136527D+01  0.334245D+03
  324.7019  0.134617D+01  0.136073D+01 -0.100344D+04
  324.8543  0.128693D+01  0.128072D+01  0.466862D+03
  325.0067  0.122666D+01  0.124424D+01 -0.135684D+04
  325.1590  0.127539D+01  0.128056D+01 -0.394541D+03
  325.3112  0.133202D+01  0.134372D+01 -0.800307D+03
  325.4633  0.145216D+01  0.144543D+01  0.433088D+03
  325.6154  0.157697D+01  0.158892D+01 -0.768574D+03
  325.7673  0.169359D+01  0.168511D+01  0.545518D+03
  325.9193  0.174479D+01  0.173429D+01  0.675230D+03
  326.0711  0.175517D+01  0.175748D+01 -0.148960D+03
  326.2229  0.174449D+01  0.172492D+01  0.125878D+04
  326.3746  0.164696D+01  0.165686D+01 -0.636416D+03
  326.5263  0.160497D+01  0.159497D+01  0.642927D+03
  326.6779  0.163389D+01  0.163759D+01 -0.237813D+03
  326.8294  0.172213D+01  0.172325D+01 -0.722315D+02
  326.9808  0.171811D+01  0.171636D+01  0.112532D+03
  327.1322  0.163007D+01  0.163759D+01 -0.483595D+03
   31 324.092 328.642 326.367  2.323D-01  0.000D+00  1.825D-03  0.000D+00  1.004D+00  6.222D+02 10300  6.476D-03
  324.0916  0.128906D+01  0.127915D+01  0.761313D+03
  324.2443  0.132496D+01  0.132893D+01 -0.288690D+03
  324.3969  0.134152D+01  0.133695D+01  0.317859D+03
  324.5494  0.137024D+01  0.136536D+01  0.328241D+03
  324.7019  0.134617D+01  0.136130D+01 -0.104311D+04
  324.8543  0.128693D+01  0.128156D+01  0.404059D+03
  325.0067  0.122666D+01  0.124408D+01 -0.134413D+04
  325.1590  0.127539D+01  0.127969D+01 -0.328023D+03
  325.3112  0.133202D+01  0.134256D+01 -0.720557D+03
  325.4633  0.145216D+01  0.144359D+01  0.551035D+03
  325.6154  0.157697D+01  0.158682D+01 -0.633619D+03
  325.7673  0.169359D+01  0.168361D+01  0.641990D+03
  325.9193  0.174479D+01  0.173294D+01  0.762173D+03
  326.0711  0.175517D+01  0.175643D+01 -0.811532D+02
  326.2229  0.174449D+01  0.172429D+01  0.129909D+04
  326.3746  0.164696D+01  0.165645D+01 -0.610359D+03
  326.5263  0.160497D+01  0.159406D+01  0.701726D+03
  326.6779  0.163389D+01  0.163517D+01 -0.821228D+02
  326.8294  0.172213D+01  0.172068D+01  0.931234D+02
  326.9808  0.171811D+01  0.171469D+01  0.219691D+03
  327.1322  0.163007D+01  0.163590D+01 -0.374990D+03
  327.2835  0.160812D+01  0.160909D+01 -0.620859D+02
  327.4347  0.165299D+01  0.165842D+01 -0.348965D+03
  327.5859  0.167566D+01  0.167865D+01 -0.192623D+03
  327.7370  0.164308D+01  0.163964D+01  0.221181D+03
  327.8880  0.158370D+01  0.159781D+01 -0.907127D+03
  328.0390  0.158346D+01  0.158353D+01 -0.447076D+01
  328.1898  0.156991D+01  0.158441D+01 -0.932387D+03
  328.3407  0.159742D+01  0.158218D+01  0.979812D+03
  328.4915  0.156317D+01  0.156178D+01  0.892986D+02
  328.6422  0.147988D+01  0.147472D+01  0.331881D+03
   31 325.615 330.145 327.880  2.376D-01  0.000D+00 -1.006D-03  0.000D+00  1.004D+00  6.522D+02   300  6.011D-03
  325.6154  0.157697D+01  0.159481D+01 -0.114728D+04
  325.7673  0.169359D+01  0.168982D+01  0.242438D+03
  325.9193  0.174479D+01  0.173820D+01  0.423855D+03
  326.0711  0.175517D+01  0.175847D+01 -0.212817D+03
  326.2229  0.174449D+01  0.172471D+01  0.127176D+04
  326.3746  0.164696D+01  0.165621D+01 -0.594549D+03
  326.5263  0.160497D+01  0.159705D+01  0.508955D+03
  326.6779  0.163389D+01  0.163749D+01 -0.231289D+03
  326.8294  0.172213D+01  0.171723D+01  0.315266D+03
  326.9808  0.171811D+01  0.170912D+01  0.577966D+03
  327.1322  0.163007D+01  0.163436D+01 -0.276250D+03
  327.2835  0.160812D+01  0.160982D+01 -0.109036D+03
  327.4347  0.165299D+01  0.165654D+01 -0.227886D+03
  327.5859  0.167566D+01  0.167501D+01  0.411994D+02
  327.7370  0.164308D+01  0.163853D+01  0.292126D+03
  327.8880  0.158370D+01  0.159889D+01 -0.976956D+03
  328.0390  0.158346D+01  0.158602D+01 -0.164653D+03
  328.1898  0.156991D+01  0.158820D+01 -0.117564D+04
  328.3407  0.159742D+01  0.158805D+01  0.602590D+03
  328.4915  0.156317D+01  0.156735D+01 -0.269127D+03
  328.6422  0.147988D+01  0.148477D+01 -0.314536D+03
  328.7928  0.143186D+01  0.143468D+01 -0.181505D+03
  328.9433  0.155187D+01  0.155593D+01 -0.260842D+03
  329.0938  0.173671D+01  0.173651D+01  0.126236D+02
  329.2443  0.185736D+01  0.183197D+01  0.148025D+04
  329.3946  0.189230D+01  0.188543D+01  0.386648D+03
  329.5448  0.192040D+01  0.191355D+01  0.379723D+03
  329.6951  0.192584D+01  0.191762D+01  0.454628D+03
  329.8452  0.192332D+01  0.193547D+01 -0.669855D+03
  329.9954  0.200652D+01  0.199017D+01  0.901119D+03
  330.1453  0.198474D+01  0.200832D+01 -0.129982D+04
   31 327.132 331.642 329.387  2.338D-01  0.000D+00 -2.493D-03  0.000D+00  1.011D+00  6.880D+02   300  5.529D-03
  327.1322  0.163007D+01  0.162861D+01  0.937286D+02
  327.2835  0.160812D+01  0.160445D+01  0.236302D+03
  327.4347  0.165299D+01  0.165372D+01 -0.471179D+02
  327.5859  0.167566D+01  0.167242D+01  0.207750D+03
  327.7370  0.164308D+01  0.163478D+01  0.533117D+03
  327.8880  0.158370D+01  0.159568D+01 -0.770239D+03
  328.0390  0.158346D+01  0.158398D+01 -0.330485D+02
  328.1898  0.156991D+01  0.158748D+01 -0.112936D+04
  328.3407  0.159742D+01  0.158809D+01  0.599569D+03
  328.4915  0.156317D+01  0.156918D+01 -0.386430D+03
  328.6422  0.147988D+01  0.148442D+01 -0.292121D+03
  328.7928  0.143186D+01  0.143260D+01 -0.475929D+02
  328.9433  0.155187D+01  0.155860D+01 -0.432386D+03
  329.0938  0.173671D+01  0.174222D+01 -0.353769D+03
  329.2443  0.185736D+01  0.183509D+01  0.129829D+04
  329.3946  0.189230D+01  0.188730D+01  0.281633D+03
  329.5448  0.192040D+01  0.191422D+01  0.342632D+03
  329.6951  0.192584D+01  0.191545D+01  0.574087D+03
  329.8452  0.192332D+01  0.193054D+01 -0.398166D+03
  329.9954  0.200652D+01  0.198375D+01  0.125467D+04
  330.1453  0.198474D+01  0.199941D+01 -0.808766D+03
  330.2953  0.189802D+01  0.187477D+01  0.128845D+04
  330.4452  0.171852D+01  0.172665D+01 -0.517455D+03
  330.5950  0.157589D+01  0.159892D+01 -0.148118D+04
  330.7448  0.154542D+01  0.153853D+01  0.443259D+03
  330.8944  0.160978D+01  0.163266D+01 -0.147144D+04
  331.0440  0.174401D+01  0.174185D+01  0.136260D+03
  331.1935  0.175487D+01  0.175056D+01  0.267275D+03
  331.3430  0.167760D+01  0.167898D+01 -0.885962D+02
  331.4925  0.160754D+01  0.160675D+01  0.510525D+02
  331.6418  0.163823D+01  0.162944D+01  0.565106D+03
   31 328.642 333.132 330.887  2.312D-01  0.000D+00  1.165D-03  0.000D+00  1.008D+00  6.828D+02 10300  4.625D-03
  328.6422  0.147988D+01  0.148726D+01 -0.474808D+03
  328.7928  0.143186D+01  0.143124D+01  0.398009D+02
  328.9433  0.155187D+01  0.155620D+01 -0.278320D+03
  329.0938  0.173671D+01  0.174424D+01 -0.483518D+03
  329.2443  0.185736D+01  0.183817D+01  0.111903D+04
  329.3946  0.189230D+01  0.189035D+01  0.109771D+03
  329.5448  0.192040D+01  0.191776D+01  0.146400D+03
  329.6951  0.192584D+01  0.191718D+01  0.478813D+03
  329.8452  0.192332D+01  0.193004D+01 -0.370568D+03
  329.9954  0.200652D+01  0.198220D+01  0.134029D+04
  330.1453  0.198474D+01  0.200165D+01 -0.932106D+03
  330.2953  0.189802D+01  0.187698D+01  0.116563D+04
  330.4452  0.171852D+01  0.172695D+01 -0.536119D+03
  330.5950  0.157589D+01  0.159854D+01 -0.145656D+04
  330.7448  0.154542D+01  0.153312D+01  0.790946D+03
  330.8944  0.160978D+01  0.162794D+01 -0.116797D+04
  331.0440  0.174401D+01  0.174174D+01  0.143056D+03
  331.1935  0.175487D+01  0.175479D+01  0.488998D+01
  331.3430  0.167760D+01  0.168611D+01 -0.546675D+03
  331.4925  0.160754D+01  0.161471D+01 -0.460715D+03
  331.6418  0.163823D+01  0.163992D+01 -0.109001D+03
  331.7911  0.173365D+01  0.173371D+01 -0.382174D+01
  331.9403  0.178582D+01  0.177493D+01  0.633998D+03
  332.0895  0.174221D+01  0.172550D+01  0.996595D+03
  332.2386  0.160500D+01  0.161372D+01 -0.560765D+03
  332.3876  0.155519D+01  0.154182D+01  0.855552D+03
  332.5366  0.162836D+01  0.162764D+01  0.461840D+02
  332.6854  0.172853D+01  0.172709D+01  0.852913D+02
  332.8343  0.169704D+01  0.168833D+01  0.529629D+03
  332.9830  0.161407D+01  0.161944D+01 -0.345169D+03
  333.1317  0.163873D+01  0.164917D+01 -0.666928D+03
   31 330.145 334.615 332.380  2.302D-01  0.000D+00  3.557D-03  0.000D+00  1.004D+00  6.090D+02 10300  3.865D-03
  330.1453  0.198474D+01  0.199332D+01 -0.473042D+03
  330.2953  0.189802D+01  0.187100D+01  0.149703D+04
  330.4452  0.171852D+01  0.172179D+01 -0.208098D+03
  330.5950  0.157589D+01  0.159458D+01 -0.120191D+04
  330.7448  0.154542D+01  0.152749D+01  0.115304D+04
  330.8944  0.160978D+01  0.162207D+01 -0.790570D+03
  331.0440  0.174401D+01  0.173868D+01  0.335589D+03
  331.1935  0.175487D+01  0.175443D+01  0.274059D+02
  331.3430  0.167760D+01  0.168753D+01 -0.638241D+03
  331.4925  0.160754D+01  0.161564D+01 -0.520547D+03
  331.6418  0.163823D+01  0.164001D+01 -0.114515D+03
  331.7911  0.173365D+01  0.173518D+01 -0.943029D+02
  331.9403  0.178582D+01  0.177858D+01  0.421313D+03
  332.0895  0.174221D+01  0.173032D+01  0.708991D+03
  332.2386  0.160500D+01  0.161809D+01 -0.842101D+03
  332.3876  0.155519D+01  0.154281D+01  0.792004D+03
  332.5366  0.162836D+01  0.162633D+01  0.130455D+03
  332.6854  0.172853D+01  0.172675D+01  0.105778D+03
  332.8343  0.169704D+01  0.168701D+01  0.610250D+03
  332.9830  0.161407D+01  0.161392D+01  0.950217D+01
  333.1317  0.163873D+01  0.163894D+01 -0.132950D+02
  333.2804  0.171296D+01  0.170703D+01  0.345239D+03
  333.4289  0.167726D+01  0.167888D+01 -0.971575D+02
  333.5775  0.152603D+01  0.153759D+01 -0.743747D+03
  333.7259  0.144786D+01  0.144546D+01  0.154033D+03
  333.8743  0.151043D+01  0.152318D+01 -0.820066D+03
  334.0226  0.163040D+01  0.162752D+01  0.173862D+03
  334.1708  0.165018D+01  0.165645D+01 -0.361662D+03
  334.3190  0.169530D+01  0.169078D+01  0.252087D+03
  334.4671  0.177549D+01  0.178332D+01 -0.431737D+03
  334.6151  0.185677D+01  0.184309D+01  0.754032D+03
   23 331.642 334.911 333.276  2.275D-01  0.000D+00  6.479D-04  0.000D+00  1.006D+00  4.551D+02   300  3.412D-03
  331.6418  0.163823D+01  0.163872D+01 -0.319324D+02
  331.7911  0.173365D+01  0.173819D+01 -0.279580D+03
  331.9403  0.178582D+01  0.178173D+01  0.237925D+03
  332.0895  0.174221D+01  0.173238D+01  0.586458D+03
  332.2386  0.160500D+01  0.161873D+01 -0.882938D+03
  332.3876  0.155519D+01  0.154367D+01  0.737248D+03
  332.5366  0.162836D+01  0.163253D+01 -0.268219D+03
  332.6854  0.172853D+01  0.173334D+01 -0.285407D+03
  332.8343  0.169704D+01  0.168898D+01  0.490157D+03
  332.9830  0.161407D+01  0.161353D+01  0.344965D+02
  333.1317  0.163873D+01  0.164108D+01 -0.150352D+03
  333.2804  0.171296D+01  0.171021D+01  0.159891D+03
  333.4289  0.167726D+01  0.167852D+01 -0.758642D+02
  333.5775  0.152603D+01  0.153271D+01 -0.429687D+03
  333.7259  0.144786D+01  0.144048D+01  0.474530D+03
  333.8743  0.151043D+01  0.152277D+01 -0.793563D+03
  334.0226  0.163040D+01  0.162700D+01  0.204903D+03
  334.1708  0.165018D+01  0.165298D+01 -0.161858D+03
  334.3190  0.169530D+01  0.168711D+01  0.456263D+03
  334.4671  0.177549D+01  0.178214D+01 -0.366639D+03
  334.6151  0.185677D+01  0.184197D+01  0.815796D+03
  334.7631  0.178593D+01  0.178292D+01  0.166225D+03
  334.9111  0.160734D+01  0.161806D+01 -0.607558D+03
