 solar_fit_vary
           0
 T T
nw  fwave  lwave  avgwav    hwe     asym  shift    squeeze      sin      rms   exval  std
   31 263.664 274.254 268.959  3.675D-01  0.000D+00 -3.680D-02  0.000D+00  1.013D+00  2.206D+03 10300  2.026D-02
  263.6644  0.303880D+00  0.317117D+00 -0.461247D+03
  264.0294  0.413717D+00  0.403748D+00  0.271395D+04
  264.3934  0.422564D+00  0.414258D+00  0.226117D+04
  264.7565  0.317120D+00  0.342336D+00 -0.762775D+04
  265.1186  0.346230D+00  0.333890D+00  0.349864D+04
  265.4798  0.398712D+00  0.395411D+00  0.898768D+03
  265.8401  0.390155D+00  0.401867D+00 -0.318842D+04
  266.1994  0.356101D+00  0.365083D+00 -0.250207D+04
  266.5579  0.351320D+00  0.344774D+00  0.188282D+04
  266.9156  0.352512D+00  0.349887D+00  0.749925D+03
  267.2724  0.364189D+00  0.365609D+00 -0.386670D+03
  267.6283  0.373175D+00  0.376120D+00 -0.801552D+03
  267.9835  0.348145D+00  0.344619D+00  0.103387D+04
  268.3379  0.356648D+00  0.349685D+00  0.192135D+04
  268.6915  0.350198D+00  0.348430D+00  0.511895D+03
  269.0443  0.333796D+00  0.333300D+00  0.163324D+03
  269.3964  0.333552D+00  0.335042D+00 -0.492449D+03
  269.7477  0.340295D+00  0.339308D+00  0.301386D+03
  270.0983  0.389017D+00  0.386870D+00  0.584651D+03
  270.4482  0.402012D+00  0.403132D+00 -0.304929D+03
  270.7974  0.379529D+00  0.377973D+00  0.423578D+03
  271.1459  0.368658D+00  0.366200D+00  0.669358D+03
  271.4938  0.338396D+00  0.334885D+00  0.108978D+04
  271.8410  0.272173D+00  0.268566D+00  0.140278D+04
  272.1876  0.241511D+00  0.242251D+00 -0.292156D+03
  272.5335  0.276551D+00  0.283745D+00 -0.274002D+04
  272.8788  0.332490D+00  0.345109D+00 -0.425592D+04
  273.2235  0.342403D+00  0.345886D+00 -0.105265D+04
  273.5676  0.278050D+00  0.273586D+00  0.173623D+04
  273.9111  0.221516D+00  0.216140D+00  0.235510D+04
  274.2541  0.190501D+00  0.188832D+00  0.757509D+03
   31 267.272 277.655 272.463  3.894D-01  0.000D+00  3.226D-03  0.000D+00  1.012D+00  8.690D+02 10300  8.136D-03
  267.2724  0.364189D+00  0.361639D+00  0.694239D+03
  267.6283  0.373175D+00  0.375754D+00 -0.702110D+03
  267.9835  0.348145D+00  0.349560D+00 -0.414775D+03
  268.3379  0.356648D+00  0.349942D+00  0.185044D+04
  268.6915  0.350198D+00  0.351185D+00 -0.285624D+03
  269.0443  0.333796D+00  0.337022D+00 -0.106258D+04
  269.3964  0.333552D+00  0.336999D+00 -0.113891D+04
  269.7477  0.340295D+00  0.340184D+00  0.337523D+02
  270.0983  0.389017D+00  0.382293D+00  0.183073D+04
  270.4482  0.402012D+00  0.403172D+00 -0.315841D+03
  270.7974  0.379529D+00  0.381852D+00 -0.632500D+03
  271.1459  0.368658D+00  0.366150D+00  0.682856D+03
  271.4938  0.338396D+00  0.337939D+00  0.141937D+03
  271.8410  0.272173D+00  0.275689D+00 -0.136763D+04
  272.1876  0.241511D+00  0.241316D+00  0.770712D+02
  272.5335  0.276551D+00  0.275542D+00  0.384494D+03
  272.8788  0.332490D+00  0.332649D+00 -0.538355D+02
  273.2235  0.342403D+00  0.343092D+00 -0.208206D+03
  273.5676  0.278050D+00  0.278200D+00 -0.581204D+02
  273.9111  0.221516D+00  0.218483D+00  0.132857D+04
  274.2541  0.190501D+00  0.188042D+00  0.111604D+04
  274.5965  0.182168D+00  0.181809D+00  0.162908D+03
  274.9384  0.191941D+00  0.191983D+00 -0.176171D+02
  275.2796  0.232463D+00  0.231471D+00  0.392179D+03
  275.6204  0.258090D+00  0.258128D+00 -0.146616D+02
  275.9607  0.317593D+00  0.319773D+00 -0.741701D+03
  276.3004  0.352629D+00  0.353801D+00 -0.334567D+03
  276.6397  0.362957D+00  0.367710D+00 -0.129410D+04
  276.9785  0.361264D+00  0.365342D+00 -0.111021D+04
  277.3167  0.371899D+00  0.371683D+00  0.587999D+02
  277.6546  0.340681D+00  0.334726D+00  0.177553D+04
   31 270.797 281.009 275.903  3.870D-01  0.000D+00  6.986D-03  0.000D+00  1.004D+00  8.306D+02 10300  7.655D-03
  270.7974  0.379529D+00  0.380016D+00 -0.132762D+03
  271.1459  0.368658D+00  0.365094D+00  0.970469D+03
  271.4938  0.338396D+00  0.338041D+00  0.110295D+03
  271.8410  0.272173D+00  0.276193D+00 -0.156372D+04
  272.1876  0.241511D+00  0.241064D+00  0.176545D+03
  272.5335  0.276551D+00  0.275218D+00  0.507988D+03
  272.8788  0.332490D+00  0.332709D+00 -0.738912D+02
  273.2235  0.342403D+00  0.344450D+00 -0.618582D+03
  273.5676  0.278050D+00  0.279388D+00 -0.520307D+03
  273.9111  0.221516D+00  0.219209D+00  0.101067D+04
  274.2541  0.190501D+00  0.188366D+00  0.968655D+03
  274.5965  0.182168D+00  0.181951D+00  0.985884D+02
  274.9384  0.191941D+00  0.191620D+00  0.135608D+03
  275.2796  0.232463D+00  0.231323D+00  0.450813D+03
  275.6204  0.258090D+00  0.257450D+00  0.248868D+03
  275.9607  0.317593D+00  0.319262D+00 -0.567924D+03
  276.3004  0.352629D+00  0.353586D+00 -0.273092D+03
  276.6397  0.362957D+00  0.367803D+00 -0.131943D+04
  276.9785  0.361264D+00  0.365325D+00 -0.110560D+04
  277.3167  0.371899D+00  0.372300D+00 -0.109291D+03
  277.6546  0.340681D+00  0.336205D+00  0.133464D+04
  277.9919  0.274559D+00  0.271333D+00  0.109789D+04
  278.3288  0.245816D+00  0.245268D+00  0.198024D+03
  278.6653  0.230673D+00  0.228825D+00  0.718445D+03
  279.0013  0.183273D+00  0.180961D+00  0.919348D+03
  279.3370  0.129597D+00  0.131091D+00 -0.683641D+03
  279.6721  0.105408D+00  0.109263D+00 -0.209934D+04
  280.0069  0.103146D+00  0.104914D+00 -0.962807D+03
  280.3413  0.113713D+00  0.115053D+00 -0.453502D+03
  280.6753  0.153626D+00  0.153143D+00  0.147544D+03
  281.0089  0.217011D+00  0.213731D+00  0.989360D+03
   31 274.254 284.325 279.289  3.844D-01  0.000D+00  4.894D-03  0.000D+00  1.006D+00  9.897D+02 10300  1.101D-02
  274.2541  0.190501D+00  0.189728D+00  0.351023D+03
  274.5965  0.182168D+00  0.182736D+00 -0.257772D+03
  274.9384  0.191941D+00  0.191902D+00  0.168476D+02
  275.2796  0.232463D+00  0.231616D+00  0.334862D+03
  275.6204  0.258090D+00  0.256960D+00  0.439501D+03
  275.9607  0.317593D+00  0.319093D+00 -0.510425D+03
  276.3004  0.352629D+00  0.352851D+00 -0.634268D+02
  276.6397  0.362957D+00  0.367125D+00 -0.113500D+04
  276.9785  0.361264D+00  0.364618D+00 -0.913177D+03
  277.3167  0.371899D+00  0.372234D+00 -0.913087D+02
  277.6546  0.340681D+00  0.336042D+00  0.138308D+04
  277.9919  0.274559D+00  0.271179D+00  0.115026D+04
  278.3288  0.245816D+00  0.245789D+00  0.962621D+01
  278.6653  0.230673D+00  0.229602D+00  0.416574D+03
  279.0013  0.183273D+00  0.181384D+00  0.751106D+03
  279.3370  0.129597D+00  0.131334D+00 -0.794803D+03
  279.6721  0.105408D+00  0.109663D+00 -0.231704D+04
  280.0069  0.103146D+00  0.105352D+00 -0.120119D+04
  280.3413  0.113713D+00  0.115483D+00 -0.598995D+03
  280.6753  0.153626D+00  0.153707D+00 -0.249340D+02
  281.0089  0.217011D+00  0.214139D+00  0.866389D+03
  281.3421  0.281935D+00  0.276658D+00  0.143686D+04
  281.6749  0.346779D+00  0.344782D+00  0.543664D+03
  282.0074  0.397106D+00  0.397488D+00 -0.104231D+03
  282.3395  0.431064D+00  0.429079D+00  0.540322D+03
  282.6712  0.450109D+00  0.445625D+00  0.122075D+04
  283.0027  0.477036D+00  0.478736D+00 -0.462816D+03
  283.3337  0.480137D+00  0.490608D+00 -0.285074D+04
  283.6644  0.465243D+00  0.467575D+00 -0.634990D+03
  283.9947  0.463140D+00  0.458668D+00  0.121748D+04
  284.3248  0.419395D+00  0.416633D+00  0.751848D+03
   31 277.655 287.608 282.631  3.774D-01  0.000D+00 -1.110D-03  0.000D+00  1.009D+00  9.347D+02   304  7.325D-03
  277.6546  0.340681D+00  0.338501D+00  0.649921D+03
  277.9919  0.274559D+00  0.272267D+00  0.779940D+03
  278.3288  0.245816D+00  0.247912D+00 -0.757941D+03
  278.6653  0.230673D+00  0.231614D+00 -0.366179D+03
  279.0013  0.183273D+00  0.181819D+00  0.577973D+03
  279.3370  0.129597D+00  0.131170D+00 -0.719753D+03
  279.6721  0.105408D+00  0.109903D+00 -0.244774D+04
  280.0069  0.103146D+00  0.105631D+00 -0.135332D+04
  280.3413  0.113713D+00  0.115765D+00 -0.694173D+03
  280.6753  0.153626D+00  0.154478D+00 -0.260470D+03
  281.0089  0.217011D+00  0.215091D+00  0.579159D+03
  281.3421  0.281935D+00  0.277082D+00  0.132157D+04
  281.6749  0.346779D+00  0.344884D+00  0.515917D+03
  282.0074  0.397106D+00  0.396769D+00  0.916978D+02
  282.3395  0.431064D+00  0.427547D+00  0.957430D+03
  282.6712  0.450109D+00  0.443437D+00  0.181628D+04
  283.0027  0.477036D+00  0.477454D+00 -0.113863D+03
  283.3337  0.480137D+00  0.489139D+00 -0.245093D+04
  283.6644  0.465243D+00  0.466097D+00 -0.232660D+03
  283.9947  0.463140D+00  0.459146D+00  0.108735D+04
  284.3248  0.419395D+00  0.417532D+00  0.507285D+03
  284.6545  0.332027D+00  0.334702D+00 -0.728163D+03
  284.9839  0.212587D+00  0.212668D+00 -0.243400D+02
  285.3129  0.152196D+00  0.151848D+00  0.118500D+03
  285.6417  0.232052D+00  0.233738D+00 -0.509731D+03
  285.9701  0.379647D+00  0.382047D+00 -0.653406D+03
  286.2983  0.486692D+00  0.486560D+00  0.360028D+02
  286.6261  0.514473D+00  0.515545D+00 -0.291786D+03
  286.9536  0.529924D+00  0.529729D+00  0.530355D+02
  287.2808  0.568339D+00  0.569694D+00 -0.368937D+03
  287.6077  0.533170D+00  0.530384D+00  0.758266D+03
   31 281.009 290.861 285.935  3.798D-01  0.000D+00  2.475D-03  0.000D+00  1.003D+00  7.024D+02   300  4.067D-03
  281.0089  0.217011D+00  0.218400D+00 -0.419249D+03
  281.3421  0.281935D+00  0.280238D+00  0.462084D+03
  281.6749  0.346779D+00  0.347574D+00 -0.216394D+03
  282.0074  0.397106D+00  0.398865D+00 -0.478982D+03
  282.3395  0.431064D+00  0.428995D+00  0.563054D+03
  282.6712  0.450109D+00  0.444210D+00  0.160591D+04
  283.0027  0.477036D+00  0.477186D+00 -0.409483D+02
  283.3337  0.480137D+00  0.488789D+00 -0.235550D+04
  283.6644  0.465243D+00  0.465689D+00 -0.121602D+03
  283.9947  0.463140D+00  0.458322D+00  0.131173D+04
  284.3248  0.419395D+00  0.417244D+00  0.585481D+03
  284.6545  0.332027D+00  0.335114D+00 -0.840284D+03
  284.9839  0.212587D+00  0.213888D+00 -0.393593D+03
  285.3129  0.152196D+00  0.152272D+00 -0.259072D+02
  285.6417  0.232052D+00  0.232401D+00 -0.105396D+03
  285.9701  0.379647D+00  0.380208D+00 -0.152647D+03
  286.2983  0.486692D+00  0.485569D+00  0.305882D+03
  286.6261  0.514473D+00  0.515586D+00 -0.302900D+03
  286.9536  0.529924D+00  0.529746D+00  0.484712D+02
  287.2808  0.568339D+00  0.569259D+00 -0.250555D+03
  287.6077  0.533170D+00  0.530865D+00  0.627456D+03
  287.9344  0.425716D+00  0.426580D+00 -0.235321D+03
  288.2607  0.381661D+00  0.381273D+00  0.105782D+03
  288.5868  0.511914D+00  0.510936D+00  0.266492D+03
  288.9125  0.601654D+00  0.597425D+00  0.115119D+04
  289.2380  0.629469D+00  0.629945D+00 -0.129465D+03
  289.5631  0.712656D+00  0.715444D+00 -0.759080D+03
  289.8881  0.834719D+00  0.837087D+00 -0.644596D+03
  290.2127  0.923733D+00  0.923311D+00  0.114807D+03
  290.5370  0.943085D+00  0.942861D+00  0.610791D+02
  290.8611  0.902914D+00  0.901910D+00  0.273408D+03
   31 284.325 294.086 289.205  3.669D-01  0.000D+00  4.106D-03  0.000D+00  1.005D+00  1.046D+03 10300  4.647D-03
  284.3248  0.419395D+00  0.416615D+00  0.756929D+03
  284.6545  0.332027D+00  0.336057D+00 -0.109700D+04
  284.9839  0.212587D+00  0.212963D+00 -0.113768D+03
  285.3129  0.152196D+00  0.148522D+00  0.125031D+04
  285.6417  0.232052D+00  0.230413D+00  0.495838D+03
  285.9701  0.379647D+00  0.381092D+00 -0.393235D+03
  286.2983  0.486692D+00  0.487627D+00 -0.254602D+03
  286.6261  0.514473D+00  0.516740D+00 -0.617082D+03
  286.9536  0.529924D+00  0.528735D+00  0.323601D+03
  287.2808  0.568339D+00  0.571860D+00 -0.958568D+03
  287.6077  0.533170D+00  0.532770D+00  0.108687D+03
  287.9344  0.425716D+00  0.426150D+00 -0.118342D+03
  288.2607  0.381661D+00  0.375392D+00  0.170691D+04
  288.5868  0.511914D+00  0.511597D+00  0.864221D+02
  288.9125  0.601654D+00  0.597947D+00  0.100903D+04
  289.2380  0.629469D+00  0.627433D+00  0.554458D+03
  289.5631  0.712656D+00  0.713306D+00 -0.177015D+03
  289.8881  0.834719D+00  0.837148D+00 -0.661222D+03
  290.2127  0.923733D+00  0.924964D+00 -0.335230D+03
  290.5370  0.943085D+00  0.946353D+00 -0.889641D+03
  290.8611  0.902914D+00  0.904059D+00 -0.311606D+03
  291.1848  0.896171D+00  0.892107D+00  0.110651D+04
  291.5083  0.891631D+00  0.883242D+00  0.228380D+04
  291.8315  0.848794D+00  0.849277D+00 -0.131569D+03
  292.1544  0.832679D+00  0.838775D+00 -0.165957D+04
  292.4770  0.767098D+00  0.772174D+00 -0.138201D+04
  292.7993  0.733647D+00  0.739722D+00 -0.165389D+04
  293.1213  0.844214D+00  0.842712D+00  0.409045D+03
  293.4431  0.894111D+00  0.884278D+00  0.267716D+04
  293.7646  0.770803D+00  0.769776D+00  0.279715D+03
  294.0857  0.746649D+00  0.751422D+00 -0.129942D+04
   31 287.608 297.281 292.444  3.519D-01  0.000D+00  4.308D-03  0.000D+00  1.002D+00  1.203D+03 10300  4.512D-03
  287.6077  0.533170D+00  0.538345D+00 -0.140914D+04
  287.9344  0.425716D+00  0.427654D+00 -0.527579D+03
  288.2607  0.381661D+00  0.369877D+00  0.320813D+04
  288.5868  0.511914D+00  0.515172D+00 -0.886820D+03
  288.9125  0.601654D+00  0.599789D+00  0.507698D+03
  289.2380  0.629469D+00  0.625563D+00  0.106347D+04
  289.5631  0.712656D+00  0.711601D+00  0.287412D+03
  289.8881  0.834719D+00  0.836909D+00 -0.596159D+03
  290.2127  0.923733D+00  0.925276D+00 -0.420174D+03
  290.5370  0.943085D+00  0.947451D+00 -0.118865D+04
  290.8611  0.902914D+00  0.901607D+00  0.355754D+03
  291.1848  0.896171D+00  0.891167D+00  0.136245D+04
  291.5083  0.891631D+00  0.883941D+00  0.209352D+04
  291.8315  0.848794D+00  0.847551D+00  0.338508D+03
  292.1544  0.832679D+00  0.841014D+00 -0.226910D+04
  292.4770  0.767098D+00  0.772018D+00 -0.133951D+04
  292.7993  0.733647D+00  0.735513D+00 -0.507777D+03
  293.1213  0.844214D+00  0.845676D+00 -0.398124D+03
  293.4431  0.894111D+00  0.891600D+00  0.683635D+03
  293.7646  0.770803D+00  0.767551D+00  0.885254D+03
  294.0857  0.746649D+00  0.750216D+00 -0.971053D+03
  294.4066  0.814907D+00  0.815310D+00 -0.109593D+03
  294.7272  0.773120D+00  0.775987D+00 -0.780689D+03
  295.0474  0.754597D+00  0.758979D+00 -0.119320D+04
  295.3674  0.850468D+00  0.844721D+00  0.156473D+04
  295.6870  0.862620D+00  0.860343D+00  0.619706D+03
  296.0063  0.907825D+00  0.906561D+00  0.344078D+03
  296.3254  0.895249D+00  0.887858D+00  0.201220D+04
  296.6441  0.696633D+00  0.699970D+00 -0.908493D+03
  296.9625  0.618988D+00  0.624204D+00 -0.142011D+04
  297.2805  0.698221D+00  0.699882D+00 -0.452253D+03
   31 290.861 300.442 295.652  3.261D-01  0.000D+00  4.690D-03  0.000D+00  1.006D+00  4.959D+03 10300  1.216D-02
  290.8611  0.902914D+00  0.913406D+00 -0.285658D+04
  291.1848  0.896171D+00  0.898732D+00 -0.697182D+03
  291.5083  0.891631D+00  0.888822D+00  0.764687D+03
  291.8315  0.848794D+00  0.843419D+00  0.146340D+04
  292.1544  0.832679D+00  0.840784D+00 -0.220658D+04
  292.4770  0.767098D+00  0.764513D+00  0.703892D+03
  292.7993  0.733647D+00  0.720408D+00  0.360453D+04
  293.1213  0.844214D+00  0.839996D+00  0.114833D+04
  293.4431  0.894111D+00  0.892330D+00  0.484856D+03
  293.7646  0.770803D+00  0.752828D+00  0.489368D+04
  294.0857  0.746649D+00  0.740283D+00  0.173314D+04
  294.4066  0.814907D+00  0.816149D+00 -0.338009D+03
  294.7272  0.773120D+00  0.773620D+00 -0.136146D+03
  295.0474  0.754597D+00  0.750704D+00  0.105974D+04
  295.3674  0.850468D+00  0.852806D+00 -0.636374D+03
  295.6870  0.862620D+00  0.862177D+00  0.120507D+03
  296.0063  0.907825D+00  0.917867D+00 -0.273412D+04
  296.3254  0.895249D+00  0.911813D+00 -0.450955D+04
  296.6441  0.696633D+00  0.704432D+00 -0.212334D+04
  296.9625  0.618988D+00  0.633255D+00 -0.388433D+04
  297.2805  0.698221D+00  0.712791D+00 -0.396673D+04
  297.5983  0.889119D+00  0.908920D+00 -0.539103D+04
  297.9157  0.952167D+00  0.960897D+00 -0.237668D+04
  298.2327  0.697862D+00  0.696327D+00  0.417764D+03
  298.5495  0.561811D+00  0.555133D+00  0.181802D+04
  298.8658  0.726620D+00  0.697557D+00  0.791251D+04
  299.1818  0.873530D+00  0.816506D+00  0.155252D+05
  299.4974  0.783665D+00  0.744967D+00  0.105355D+05
  299.8127  0.773265D+00  0.777546D+00 -0.116544D+04
  300.1276  0.593386D+00  0.623930D+00 -0.831581D+04
  300.4421  0.607325D+00  0.646857D+00 -0.107628D+05
   31 294.086 303.565 298.825  3.232D-01  0.000D+00  4.076D-04  0.000D+00  1.005D+00  6.810D+03 10000  1.606D-02
  294.0857  0.746649D+00  0.727507D+00  0.521143D+04
  294.4066  0.814907D+00  0.809754D+00  0.140289D+04
  294.7272  0.773120D+00  0.770136D+00  0.812506D+03
  295.0474  0.754597D+00  0.752831D+00  0.480668D+03
  295.3674  0.850468D+00  0.858155D+00 -0.209280D+04
  295.6870  0.862620D+00  0.867665D+00 -0.137349D+04
  296.0063  0.907825D+00  0.924545D+00 -0.455223D+04
  296.3254  0.895249D+00  0.916177D+00 -0.569758D+04
  296.6441  0.696633D+00  0.702782D+00 -0.167404D+04
  296.9625  0.618988D+00  0.633503D+00 -0.395187D+04
  297.2805  0.698221D+00  0.711911D+00 -0.372721D+04
  297.5983  0.889119D+00  0.906570D+00 -0.475104D+04
  297.9157  0.952167D+00  0.951030D+00  0.309549D+03
  298.2327  0.697862D+00  0.682655D+00  0.414010D+04
  298.5495  0.561811D+00  0.544862D+00  0.461443D+04
  298.8658  0.726620D+00  0.687235D+00  0.107228D+05
  299.1818  0.873530D+00  0.800401D+00  0.199097D+05
  299.4974  0.783665D+00  0.727297D+00  0.153463D+05
  299.8127  0.773265D+00  0.761736D+00  0.313880D+04
  300.1276  0.593386D+00  0.607890D+00 -0.394893D+04
  300.4421  0.607325D+00  0.637447D+00 -0.820088D+04
  300.7562  0.687846D+00  0.729987D+00 -0.114731D+05
  301.0700  0.734488D+00  0.780323D+00 -0.124788D+05
  301.3833  0.831787D+00  0.858797D+00 -0.735357D+04
  301.6962  0.757754D+00  0.770382D+00 -0.343803D+04
  302.0088  0.563448D+00  0.568869D+00 -0.147600D+04
  302.3208  0.664110D+00  0.655804D+00  0.226116D+04
  302.6325  0.864023D+00  0.842450D+00  0.587342D+04
  302.9437  0.100689D+01  0.981992D+00  0.373374D+04
  303.2544  0.106339D+01  0.104727D+01  0.220101D+04
  303.5647  0.107546D+01  0.106729D+01  0.111218D+04
   31 297.281 306.640 301.960  3.204D-01  0.000D+00  1.698D-03  0.000D+00  9.963D-01  7.070D+03 10000  1.643D-02
  297.2805  0.698221D+00  0.719619D+00 -0.582579D+04
  297.5983  0.889119D+00  0.914457D+00 -0.689832D+04
  297.9157  0.952167D+00  0.959473D+00 -0.198915D+04
  298.2327  0.697862D+00  0.685924D+00  0.325017D+04
  298.5495  0.561811D+00  0.545194D+00  0.452400D+04
  298.8658  0.726620D+00  0.688706D+00  0.103224D+05
  299.1818  0.873530D+00  0.804545D+00  0.187816D+05
  299.4974  0.783665D+00  0.729004D+00  0.148817D+05
  299.8127  0.773265D+00  0.767098D+00  0.167899D+04
  300.1276  0.593386D+00  0.610502D+00 -0.466000D+04
  300.4421  0.607325D+00  0.640677D+00 -0.908025D+04
  300.7562  0.687846D+00  0.735673D+00 -0.130210D+05
  301.0700  0.734488D+00  0.785769D+00 -0.139615D+05
  301.3833  0.831787D+00  0.866383D+00 -0.941876D+04
  301.6962  0.757754D+00  0.777838D+00 -0.546787D+04
  302.0088  0.563448D+00  0.571118D+00 -0.208842D+04
  302.3208  0.664110D+00  0.657714D+00  0.174114D+04
  302.6325  0.864023D+00  0.843305D+00  0.564064D+04
  302.9437  0.100689D+01  0.980426D+00  0.396851D+04
  303.2544  0.106339D+01  0.103979D+01  0.322170D+04
  303.5647  0.107546D+01  0.105563D+01  0.269878D+04
  303.8745  0.914936D+00  0.903854D+00  0.301356D+04
  304.1839  0.912981D+00  0.895580D+00  0.470361D+04
  304.4928  0.100947D+01  0.991968D+00  0.254340D+04
  304.8011  0.984553D+00  0.961877D+00  0.339518D+04
  305.1090  0.107292D+01  0.104905D+01  0.324945D+04
  305.4164  0.107486D+01  0.107616D+01 -0.176710D+03
  305.7232  0.840500D+00  0.853993D+00 -0.367338D+04
  306.0295  0.808824D+00  0.810543D+00 -0.467821D+03
  306.3353  0.961630D+00  0.967900D+00 -0.853496D+03
  306.6404  0.875360D+00  0.904261D+00 -0.393414D+04
   31 300.442 309.659 305.051  3.143D-01  0.000D+00 -1.083D-02  0.000D+00  1.026D+00  1.701D+03 10300  5.676D-03
  300.4421  0.607325D+00  0.589480D+00  0.485844D+04
  300.7562  0.687846D+00  0.686783D+00  0.289496D+03
  301.0700  0.734488D+00  0.751512D+00 -0.463471D+04
  301.3833  0.831787D+00  0.840634D+00 -0.240851D+04
  301.6962  0.757754D+00  0.757377D+00  0.102774D+03
  302.0088  0.563448D+00  0.558803D+00  0.126439D+04
  302.3208  0.664110D+00  0.667892D+00 -0.102961D+04
  302.6325  0.864023D+00  0.857460D+00  0.178700D+04
  302.9437  0.100689D+01  0.999135D+00  0.116334D+04
  303.2544  0.106339D+01  0.106142D+01  0.269278D+03
  303.5647  0.107546D+01  0.107443D+01  0.140030D+03
  303.8745  0.914936D+00  0.915471D+00 -0.145547D+03
  304.1839  0.912981D+00  0.914067D+00 -0.293655D+03
  304.4928  0.100947D+01  0.101342D+01 -0.573315D+03
  304.8011  0.984553D+00  0.970680D+00  0.207704D+04
  305.1090  0.107292D+01  0.106585D+01  0.962552D+03
  305.4164  0.107486D+01  0.107731D+01 -0.333546D+03
  305.7232  0.840500D+00  0.841322D+00 -0.223770D+03
  306.0295  0.808824D+00  0.808207D+00  0.168130D+03
  306.3353  0.961630D+00  0.958645D+00  0.406383D+03
  306.6404  0.875360D+00  0.880616D+00 -0.715480D+03
  306.9450  0.947657D+00  0.947380D+00  0.376838D+02
  307.2491  0.105267D+01  0.104422D+01  0.115004D+04
  307.5526  0.101335D+01  0.101812D+01 -0.649747D+03
  307.8554  0.103187D+01  0.103625D+01 -0.595741D+03
  308.1576  0.100058D+01  0.101680D+01 -0.220872D+04
  308.4592  0.103179D+01  0.104977D+01 -0.244820D+04
  308.7602  0.106259D+01  0.104638D+01  0.220599D+04
  309.0605  0.886582D+00  0.878006D+00  0.116737D+04
  309.3601  0.757186D+00  0.768273D+00 -0.150924D+04
  309.6591  0.815961D+00  0.802405D+00  0.184540D+04
   22 303.565 309.957 306.761  3.100D-01  0.000D+00 -9.451D-03  0.000D+00  1.010D+00  1.082D+03 10300  4.897D-03
  303.5647  0.107546D+01  0.107323D+01  0.302656D+03
  303.8745  0.914936D+00  0.913890D+00  0.284529D+03
  304.1839  0.912981D+00  0.914689D+00 -0.461565D+03
  304.4928  0.100947D+01  0.101868D+01 -0.133738D+04
  304.8011  0.984553D+00  0.972904D+00  0.174410D+04
  305.1090  0.107292D+01  0.107004D+01  0.391567D+03
  305.4164  0.107486D+01  0.108377D+01 -0.121227D+04
  305.7232  0.840500D+00  0.842725D+00 -0.605526D+03
  306.0295  0.808824D+00  0.806340D+00  0.676494D+03
  306.3353  0.961630D+00  0.961099D+00  0.723442D+02
  306.6404  0.875360D+00  0.877931D+00 -0.349933D+03
  306.9450  0.947657D+00  0.943868D+00  0.515773D+03
  307.2491  0.105267D+01  0.104144D+01  0.152907D+04
  307.5526  0.101335D+01  0.101293D+01  0.565846D+02
  307.8554  0.103187D+01  0.103162D+01  0.352686D+02
  308.1576  0.100058D+01  0.101210D+01 -0.156785D+04
  308.4592  0.103179D+01  0.104616D+01 -0.195610D+04
  308.7602  0.106259D+01  0.104726D+01  0.208622D+04
  309.0605  0.886582D+00  0.880178D+00  0.871669D+03
  309.3601  0.757186D+00  0.770987D+00 -0.187861D+04
  309.6591  0.815961D+00  0.812810D+00  0.428997D+03
  309.9574  0.746098D+00  0.741141D+00  0.478884D+03
   31 310.102 314.852 312.477  2.315D-01  0.000D+00  3.492D-03  0.000D+00  1.002D+00  9.414D+02   300  4.942D-03
  310.1022  0.678896D+00  0.671014D+00  0.609521D+03
  310.2617  0.739596D+00  0.747535D+00 -0.611354D+03
  310.4211  0.986696D+00  0.100410D+01 -0.134008D+04
  310.5804  0.119367D+01  0.118570D+01  0.607282D+03
  310.7396  0.128557D+01  0.127960D+01  0.454532D+03
  310.8988  0.134113D+01  0.134493D+01 -0.291230D+03
  311.0579  0.133809D+01  0.132999D+01  0.623614D+03
  311.2169  0.131481D+01  0.130774D+01  0.544497D+03
  311.3757  0.130227D+01  0.130701D+01 -0.364605D+03
  311.5346  0.128427D+01  0.126570D+01  0.143056D+04
  311.6933  0.116691D+01  0.117659D+01 -0.780743D+03
  311.8520  0.105535D+01  0.105730D+01 -0.187822D+03
  312.0106  0.969957D+00  0.980746D+00 -0.103858D+04
  312.1691  0.967392D+00  0.976235D+00 -0.851270D+03
  312.3275  0.105752D+01  0.105094D+01  0.633227D+03
  312.4859  0.109726D+01  0.111595D+01 -0.172496D+04
  312.6442  0.111396D+01  0.109894D+01  0.129575D+04
  312.8024  0.109713D+01  0.110487D+01 -0.676186D+03
  312.9604  0.113974D+01  0.113135D+01  0.681497D+03
  313.1185  0.113100D+01  0.112398D+01  0.570546D+03
  313.2764  0.109880D+01  0.109537D+01  0.298945D+03
  313.4343  0.108385D+01  0.107905D+01  0.426408D+03
  313.5921  0.111241D+01  0.111734D+01 -0.409837D+03
  313.7498  0.122636D+01  0.121566D+01  0.823345D+03
  313.9075  0.131020D+01  0.131817D+01 -0.612437D+03
  314.0650  0.135720D+01  0.134023D+01  0.130282D+04
  314.2225  0.123293D+01  0.124158D+01 -0.662922D+03
  314.3799  0.986377D+00  0.100064D+01 -0.137258D+04
  314.5372  0.840073D+00  0.831830D+00  0.793481D+03
  314.6945  0.902465D+00  0.922336D+00 -0.191267D+04
  314.8517  0.112174D+01  0.110064D+01  0.169055D+04
   31 311.693 316.419 314.056  2.326D-01  0.000D+00  3.654D-05  0.000D+00  1.008D+00  8.607D+02   300  4.605D-03
  311.6933  0.116691D+01  0.116460D+01  0.186309D+03
  311.8520  0.105535D+01  0.104880D+01  0.630223D+03
  312.0106  0.969957D+00  0.976023D+00 -0.583928D+03
  312.1691  0.967392D+00  0.974731D+00 -0.706478D+03
  312.3275  0.105752D+01  0.105123D+01  0.605376D+03
  312.4859  0.109726D+01  0.111502D+01 -0.163928D+04
  312.6442  0.111396D+01  0.109889D+01  0.130055D+04
  312.8024  0.109713D+01  0.110650D+01 -0.818611D+03
  312.9604  0.113974D+01  0.113284D+01  0.560214D+03
  313.1185  0.113100D+01  0.112510D+01  0.479704D+03
  313.2764  0.109880D+01  0.109653D+01  0.197328D+03
  313.4343  0.108385D+01  0.108117D+01  0.238470D+03
  313.5921  0.111241D+01  0.112077D+01 -0.695494D+03
  313.7498  0.122636D+01  0.121958D+01  0.521534D+03
  313.9075  0.131020D+01  0.132031D+01 -0.777389D+03
  314.0650  0.135720D+01  0.133927D+01  0.137638D+04
  314.2225  0.123293D+01  0.123640D+01 -0.266061D+03
  314.3799  0.986377D+00  0.994369D+00 -0.769282D+03
  314.5372  0.840073D+00  0.831302D+00  0.844275D+03
  314.6945  0.902465D+00  0.924214D+00 -0.209348D+04
  314.8517  0.112174D+01  0.110042D+01  0.170824D+04
  315.0087  0.121059D+01  0.121702D+01 -0.494666D+03
  315.1657  0.124964D+01  0.124068D+01  0.690128D+03
  315.3227  0.122568D+01  0.123166D+01 -0.460643D+03
  315.4796  0.119728D+01  0.119370D+01  0.276169D+03
  315.6363  0.107820D+01  0.108223D+01 -0.329330D+03
  315.7930  0.896045D+00  0.895997D+00  0.466279D+01
  315.9496  0.761136D+00  0.763433D+00 -0.221110D+03
  316.1062  0.765467D+00  0.773827D+00 -0.804687D+03
  316.2626  0.903579D+00  0.889881D+00  0.131852D+04
  316.4190  0.101898D+01  0.102327D+01 -0.393571D+03
   31 313.276 317.979 315.628  2.328D-01  0.000D+00 -5.812D-04  0.000D+00  1.009D+00  7.616D+02 10300  3.905D-03
  313.2764  0.109880D+01  0.109688D+01  0.166795D+03
  313.4343  0.108385D+01  0.108178D+01  0.184368D+03
  313.5921  0.111241D+01  0.112168D+01 -0.770579D+03
  313.7498  0.122636D+01  0.122059D+01  0.443796D+03
  313.9075  0.131020D+01  0.132100D+01 -0.830365D+03
  314.0650  0.135720D+01  0.133934D+01  0.137112D+04
  314.2225  0.123293D+01  0.123564D+01 -0.207439D+03
  314.3799  0.986377D+00  0.993294D+00 -0.665732D+03
  314.5372  0.840073D+00  0.831167D+00  0.857245D+03
  314.6945  0.902465D+00  0.924515D+00 -0.212243D+04
  314.8517  0.112174D+01  0.110037D+01  0.171288D+04
  315.0087  0.121059D+01  0.121639D+01 -0.446523D+03
  315.1657  0.124964D+01  0.123979D+01  0.758530D+03
  315.3227  0.122568D+01  0.123077D+01 -0.391765D+03
  315.4796  0.119728D+01  0.119271D+01  0.351810D+03
  315.6363  0.107820D+01  0.108117D+01 -0.242376D+03
  315.7930  0.896045D+00  0.895264D+00  0.751599D+02
  315.9496  0.761136D+00  0.763589D+00 -0.236066D+03
  316.1062  0.765467D+00  0.774907D+00 -0.908611D+03
  316.2626  0.903579D+00  0.891884D+00  0.112575D+04
  316.4190  0.101898D+01  0.102614D+01 -0.656003D+03
  316.5754  0.110205D+01  0.109147D+01  0.833381D+03
  316.7316  0.112840D+01  0.113265D+01 -0.329187D+03
  316.8878  0.118015D+01  0.118510D+01 -0.381308D+03
  317.0439  0.130194D+01  0.129664D+01  0.408154D+03
  317.1999  0.143546D+01  0.144223D+01 -0.521642D+03
  317.3558  0.148789D+01  0.148636D+01  0.118180D+03
  317.5117  0.145690D+01  0.145300D+01  0.299925D+03
  317.6675  0.142641D+01  0.142244D+01  0.305514D+03
  317.8232  0.128744D+01  0.129674D+01 -0.716102D+03
  317.9788  0.106254D+01  0.105843D+01  0.324989D+03
   31 314.852 319.531 317.191  2.318D-01  0.000D+00 -1.147D-03  0.000D+00  1.011D+00  6.331D+02 10300  3.498D-03
  314.8517  0.112174D+01  0.111104D+01  0.857661D+03
  315.0087  0.121059D+01  0.122450D+01 -0.107107D+04
  315.1657  0.124964D+01  0.124466D+01  0.383483D+03
  315.3227  0.122568D+01  0.123332D+01 -0.588613D+03
  315.4796  0.119728D+01  0.119361D+01  0.282643D+03
  315.6363  0.107820D+01  0.108062D+01 -0.197490D+03
  315.7930  0.896045D+00  0.893427D+00  0.252019D+03
  315.9496  0.761136D+00  0.761559D+00 -0.407274D+02
  316.1062  0.765467D+00  0.773436D+00 -0.767006D+03
  316.2626  0.903579D+00  0.890858D+00  0.122450D+04
  316.4190  0.101898D+01  0.102533D+01 -0.581423D+03
  316.5754  0.110205D+01  0.109029D+01  0.926782D+03
  316.7316  0.112840D+01  0.113165D+01 -0.251577D+03
  316.8878  0.118015D+01  0.118421D+01 -0.312453D+03
  317.0439  0.130194D+01  0.129637D+01  0.429311D+03
  317.1999  0.143546D+01  0.144284D+01 -0.568304D+03
  317.3558  0.148789D+01  0.148640D+01  0.115213D+03
  317.5117  0.145690D+01  0.145225D+01  0.357522D+03
  317.6675  0.142641D+01  0.142187D+01  0.349444D+03
  317.8232  0.128744D+01  0.129514D+01 -0.593264D+03
  317.9788  0.106254D+01  0.105494D+01  0.600726D+03
  318.1344  0.894290D+00  0.907580D+00 -0.127926D+04
  318.2899  0.911936D+00  0.914004D+00 -0.199129D+03
  318.4453  0.100137D+01  0.100120D+01  0.144013D+02
  318.6006  0.110362D+01  0.110648D+01 -0.220157D+03
  318.7559  0.120542D+01  0.120762D+01 -0.169577D+03
  318.9110  0.132356D+01  0.130761D+01  0.122844D+04
  319.0661  0.128954D+01  0.129607D+01 -0.502892D+03
  319.2212  0.111920D+01  0.110790D+01  0.869951D+03
  319.3762  0.989991D+00  0.988026D+00  0.154198D+03
  319.5310  0.103785D+01  0.104823D+01 -0.799437D+03
   31 316.419 321.076 318.747  2.321D-01  0.000D+00 -4.569D-04  0.000D+00  1.012D+00  6.290D+02 10000  3.711D-03
  316.4190  0.101898D+01  0.102463D+01 -0.517443D+03
  316.5754  0.110205D+01  0.109037D+01  0.920369D+03
  316.7316  0.112840D+01  0.113192D+01 -0.272752D+03
  316.8878  0.118015D+01  0.118448D+01 -0.333354D+03
  317.0439  0.130194D+01  0.129609D+01  0.450519D+03
  317.1999  0.143546D+01  0.144216D+01 -0.516240D+03
  317.3558  0.148789D+01  0.148588D+01  0.155191D+03
  317.5117  0.145690D+01  0.145150D+01  0.415262D+03
  317.6675  0.142641D+01  0.142053D+01  0.452427D+03
  317.8232  0.128744D+01  0.129420D+01 -0.520772D+03
  317.9788  0.106254D+01  0.105454D+01  0.632152D+03
  318.1344  0.894290D+00  0.906632D+00 -0.118801D+04
  318.2899  0.911936D+00  0.912464D+00 -0.509038D+02
  318.4453  0.100137D+01  0.999514D+00  0.153501D+03
  318.6006  0.110362D+01  0.110520D+01 -0.122058D+03
  318.7559  0.120542D+01  0.120721D+01 -0.138347D+03
  318.9110  0.132356D+01  0.130855D+01  0.115618D+04
  319.0661  0.128954D+01  0.129951D+01 -0.767792D+03
  319.2212  0.111920D+01  0.111366D+01  0.426334D+03
  319.3762  0.989991D+00  0.994787D+00 -0.376492D+03
  319.5310  0.103785D+01  0.105741D+01 -0.150674D+04
  319.6859  0.117224D+01  0.116397D+01  0.637416D+03
  319.8406  0.129218D+01  0.128156D+01  0.817509D+03
  319.9952  0.134512D+01  0.135354D+01 -0.648447D+03
  320.1498  0.137295D+01  0.135862D+01  0.108916D+04
  320.3043  0.139238D+01  0.140131D+01 -0.559791D+03
  320.4588  0.146957D+01  0.147358D+01 -0.282090D+03
  320.6132  0.151619D+01  0.151042D+01  0.382599D+03
  320.7675  0.146273D+01  0.146592D+01 -0.226233D+03
  320.9217  0.132428D+01  0.132062D+01  0.281611D+03
  321.0758  0.113211D+01  0.113580D+01 -0.283725D+03
   31 317.979 322.613 320.296  2.311D-01  0.000D+00  6.646D-04  0.000D+00  1.006D+00  6.908D+02 10300  4.550D-03
  317.9788  0.106254D+01  0.105315D+01  0.742013D+03
  318.1344  0.894290D+00  0.904967D+00 -0.102776D+04
  318.2899  0.911936D+00  0.911022D+00  0.879484D+02
  318.4453  0.100137D+01  0.998529D+00  0.234976D+03
  318.6006  0.110362D+01  0.110477D+01 -0.884500D+02
  318.7559  0.120542D+01  0.120699D+01 -0.121074D+03
  318.9110  0.132356D+01  0.130942D+01  0.108904D+04
  319.0661  0.128954D+01  0.130242D+01 -0.991815D+03
  319.2212  0.111920D+01  0.111567D+01  0.272132D+03
  319.3762  0.989991D+00  0.994642D+00 -0.365102D+03
  319.5310  0.103785D+01  0.105722D+01 -0.149163D+04
  319.6859  0.117224D+01  0.116359D+01  0.666688D+03
  319.8406  0.129218D+01  0.128115D+01  0.849326D+03
  319.9952  0.134512D+01  0.135366D+01 -0.657637D+03
  320.1498  0.137295D+01  0.135776D+01  0.115470D+04
  320.3043  0.139238D+01  0.139967D+01 -0.456854D+03
  320.4588  0.146957D+01  0.147185D+01 -0.160769D+03
  320.6132  0.151619D+01  0.150886D+01  0.486192D+03
  320.7675  0.146273D+01  0.146490D+01 -0.153594D+03
  320.9217  0.132428D+01  0.131989D+01  0.338396D+03
  321.0758  0.113211D+01  0.113458D+01 -0.190044D+03
  321.2299  0.100607D+01  0.100989D+01 -0.297861D+03
  321.3839  0.966037D+00  0.975006D+00 -0.714230D+03
  321.5378  0.103276D+01  0.103144D+01  0.101858D+03
  321.6917  0.113224D+01  0.114214D+01 -0.762010D+03
  321.8455  0.127847D+01  0.126908D+01  0.722870D+03
  321.9992  0.136805D+01  0.136664D+01  0.108521D+03
  322.1528  0.133785D+01  0.134382D+01 -0.460069D+03
  322.3064  0.126380D+01  0.124630D+01  0.134540D+04
  322.4600  0.118303D+01  0.119679D+01 -0.105986D+04
  322.6133  0.113418D+01  0.113124D+01  0.226013D+03
   31 319.531 324.144 321.837  2.331D-01  0.000D+00  1.266D-04  0.000D+00  9.957D-01  6.520D+02   300  5.289D-03
  319.5310  0.103785D+01  0.105577D+01 -0.137988D+04
  319.6859  0.117224D+01  0.116260D+01  0.742438D+03
  319.8406  0.129218D+01  0.128027D+01  0.917463D+03
  319.9952  0.134512D+01  0.135304D+01 -0.609516D+03
  320.1498  0.137295D+01  0.135907D+01  0.105491D+04
  320.3043  0.139238D+01  0.140110D+01 -0.546614D+03
  320.4588  0.146957D+01  0.147311D+01 -0.249503D+03
  320.6132  0.151619D+01  0.150957D+01  0.438689D+03
  320.7675  0.146273D+01  0.146496D+01 -0.158418D+03
  320.9217  0.132428D+01  0.132017D+01  0.316890D+03
  321.0758  0.113211D+01  0.113590D+01 -0.292018D+03
  321.2299  0.100607D+01  0.101147D+01 -0.421128D+03
  321.3839  0.966037D+00  0.976690D+00 -0.848355D+03
  321.5378  0.103276D+01  0.103245D+01  0.242255D+02
  321.6917  0.113224D+01  0.114282D+01 -0.814529D+03
  321.8455  0.127847D+01  0.126910D+01  0.721308D+03
  321.9992  0.136805D+01  0.136467D+01  0.259952D+03
  322.1528  0.133785D+01  0.134156D+01 -0.286228D+03
  322.3064  0.126380D+01  0.124537D+01  0.141670D+04
  322.4600  0.118303D+01  0.119502D+01 -0.923798D+03
  322.6133  0.113418D+01  0.112894D+01  0.403096D+03
  322.7667  0.101931D+01  0.102393D+01 -0.355612D+03
  322.9200  0.950115D+00  0.959000D+00 -0.697162D+03
  323.0732  0.100297D+01  0.996538D+00  0.495439D+03
  323.2263  0.110479D+01  0.110620D+01 -0.108964D+03
  323.3794  0.113198D+01  0.113095D+01  0.799454D+02
  323.5324  0.108723D+01  0.108193D+01  0.408213D+03
  323.6853  0.108256D+01  0.108583D+01 -0.252025D+03
  323.8382  0.114702D+01  0.115207D+01 -0.388938D+03
  323.9910  0.124389D+01  0.123218D+01  0.901433D+03
  324.1437  0.130351D+01  0.131071D+01 -0.554386D+03
   31 321.076 325.667 323.371  2.340D-01  0.000D+00 -2.326D-03  0.000D+00  9.954D-01  5.843D+02 10300  5.031D-03
  321.0758  0.113211D+01  0.112882D+01  0.253136D+03
  321.2299  0.100607D+01  0.100667D+01 -0.469281D+02
  321.3839  0.966037D+00  0.973836D+00 -0.621057D+03
  321.5378  0.103276D+01  0.103116D+01  0.123583D+03
  321.6917  0.113224D+01  0.114233D+01 -0.776879D+03
  321.8455  0.127847D+01  0.126916D+01  0.717200D+03
  321.9992  0.136805D+01  0.136385D+01  0.323120D+03
  322.1528  0.133785D+01  0.133995D+01 -0.161975D+03
  322.3064  0.126380D+01  0.124552D+01  0.140572D+04
  322.4600  0.118303D+01  0.119605D+01 -0.100263D+04
  322.6133  0.113418D+01  0.112949D+01  0.360896D+03
  322.7667  0.101931D+01  0.102512D+01 -0.447659D+03
  322.9200  0.950115D+00  0.961778D+00 -0.915077D+03
  323.0732  0.100297D+01  0.100118D+01  0.137690D+03
  323.2263  0.110479D+01  0.111001D+01 -0.402225D+03
  323.3794  0.113198D+01  0.113244D+01 -0.347944D+02
  323.5324  0.108723D+01  0.108311D+01  0.317729D+03
  323.6853  0.108256D+01  0.108707D+01 -0.347818D+03
  323.8382  0.114702D+01  0.115194D+01 -0.378651D+03
  323.9910  0.124389D+01  0.122966D+01  0.109609D+04
  324.1437  0.130351D+01  0.130436D+01 -0.658897D+02
  324.2963  0.133884D+01  0.133466D+01  0.313101D+03
  324.4489  0.135021D+01  0.134419D+01  0.450610D+03
  324.6014  0.137108D+01  0.137336D+01 -0.162365D+03
  324.7538  0.133011D+01  0.133507D+01 -0.362965D+03
  324.9062  0.126258D+01  0.125620D+01  0.491354D+03
  325.0585  0.123434D+01  0.124919D+01 -0.114382D+04
  325.2108  0.129788D+01  0.129718D+01  0.534973D+02
  325.3629  0.136291D+01  0.136870D+01 -0.410543D+03
  325.5150  0.150142D+01  0.148782D+01  0.874523D+03
  325.6669  0.161921D+01  0.162138D+01 -0.139038D+03
   31 322.613 327.183 324.898  2.321D-01  0.000D+00 -2.290D-04  0.000D+00  1.000D+00  6.407D+02   300  5.444D-03
  322.6133  0.113418D+01  0.112975D+01  0.340887D+03
  322.7667  0.101931D+01  0.102469D+01 -0.414140D+03
  322.9200  0.950115D+00  0.959409D+00 -0.729225D+03
  323.0732  0.100297D+01  0.997613D+00  0.412696D+03
  323.2263  0.110479D+01  0.110800D+01 -0.247284D+03
  323.3794  0.113198D+01  0.113207D+01 -0.627992D+01
  323.5324  0.108723D+01  0.108150D+01  0.441754D+03
  323.6853  0.108256D+01  0.108436D+01 -0.138862D+03
  323.8382  0.114702D+01  0.114926D+01 -0.172245D+03
  323.9910  0.124389D+01  0.122738D+01  0.127130D+04
  324.1437  0.130351D+01  0.130314D+01  0.286776D+02
  324.2963  0.133884D+01  0.133455D+01  0.321328D+03
  324.4489  0.135021D+01  0.134413D+01  0.455781D+03
  324.6014  0.137108D+01  0.137506D+01 -0.282897D+03
  324.7538  0.133011D+01  0.133881D+01 -0.636659D+03
  324.9062  0.126258D+01  0.125920D+01  0.260052D+03
  325.0585  0.123434D+01  0.125259D+01 -0.140585D+04
  325.2108  0.129788D+01  0.130179D+01 -0.297903D+03
  325.3629  0.136291D+01  0.137472D+01 -0.837612D+03
  325.5150  0.150142D+01  0.149572D+01  0.366709D+03
  325.6669  0.161921D+01  0.163426D+01 -0.965714D+03
  325.8189  0.172633D+01  0.170715D+01  0.123099D+04
  325.9707  0.175333D+01  0.175089D+01  0.156915D+03
  326.1225  0.176303D+01  0.175601D+01  0.450623D+03
  326.2743  0.172343D+01  0.170926D+01  0.909251D+03
  326.4259  0.162293D+01  0.163450D+01 -0.742411D+03
  326.5775  0.161493D+01  0.160021D+01  0.944161D+03
  326.7291  0.166274D+01  0.167613D+01 -0.859134D+03
  326.8805  0.174586D+01  0.173925D+01  0.424314D+03
  327.0319  0.169114D+01  0.169760D+01 -0.414188D+03
  327.1832  0.162249D+01  0.162427D+01 -0.114055D+03
   31 324.144 328.693 326.418  2.335D-01  0.000D+00  4.015D-03  0.000D+00  1.008D+00  6.379D+02 10300  6.391D-03
  324.1437  0.130351D+01  0.129989D+01  0.278926D+03
  324.2963  0.133884D+01  0.133336D+01  0.411021D+03
  324.4489  0.135021D+01  0.134312D+01  0.531097D+03
  324.6014  0.137108D+01  0.137413D+01 -0.216779D+03
  324.7538  0.133011D+01  0.134066D+01 -0.771831D+03
  324.9062  0.126258D+01  0.126142D+01  0.893746D+02
  325.0585  0.123434D+01  0.125260D+01 -0.140614D+04
  325.2108  0.129788D+01  0.130070D+01 -0.214643D+03
  325.3629  0.136291D+01  0.137291D+01 -0.708665D+03
  325.5150  0.150142D+01  0.149242D+01  0.578782D+03
  325.6669  0.161921D+01  0.163092D+01 -0.750969D+03
  325.8189  0.172633D+01  0.170602D+01  0.130322D+04
  325.9707  0.175333D+01  0.174972D+01  0.232108D+03
  326.1225  0.176303D+01  0.175614D+01  0.442122D+03
  326.2743  0.172343D+01  0.171017D+01  0.851242D+03
  326.4259  0.162293D+01  0.163603D+01 -0.840814D+03
  326.5775  0.161493D+01  0.159898D+01  0.102303D+04
  326.7291  0.166274D+01  0.167111D+01 -0.536763D+03
  326.8805  0.174586D+01  0.173542D+01  0.670028D+03
  327.0319  0.169114D+01  0.169588D+01 -0.303870D+03
  327.1832  0.162249D+01  0.162227D+01  0.143424D+02
  327.3345  0.161872D+01  0.162601D+01 -0.467585D+03
  327.4857  0.167730D+01  0.167654D+01  0.488919D+02
  327.6367  0.167141D+01  0.167493D+01 -0.225776D+03
  327.7878  0.163170D+01  0.162909D+01  0.167523D+03
  327.9388  0.158096D+01  0.159482D+01 -0.889007D+03
  328.0897  0.158605D+01  0.158816D+01 -0.135938D+03
  328.2405  0.158006D+01  0.158961D+01 -0.612700D+03
  328.3913  0.159966D+01  0.158500D+01  0.940713D+03
  328.5420  0.154163D+01  0.154614D+01 -0.289408D+03
  328.6926  0.145633D+01  0.144774D+01  0.551129D+03
   31 325.667 330.195 327.931  2.384D-01  0.000D+00 -1.022D-03  0.000D+00  1.007D+00  6.453D+02   300  6.034D-03
  325.6669  0.161921D+01  0.164036D+01 -0.135698D+04
  325.8189  0.172633D+01  0.171369D+01  0.811238D+03
  325.9707  0.175333D+01  0.175485D+01 -0.972312D+02
  326.1225  0.176303D+01  0.175751D+01  0.354292D+03
  326.2743  0.172343D+01  0.170922D+01  0.911608D+03
  326.4259  0.162293D+01  0.163535D+01 -0.796617D+03
  326.5775  0.161493D+01  0.160289D+01  0.772173D+03
  326.7291  0.166274D+01  0.167307D+01 -0.662881D+03
  326.8805  0.174586D+01  0.173123D+01  0.939101D+03
  327.0319  0.169114D+01  0.169044D+01  0.452140D+02
  327.1832  0.162249D+01  0.162132D+01  0.753997D+02
  327.3345  0.161872D+01  0.162709D+01 -0.537188D+03
  327.4857  0.167730D+01  0.167463D+01  0.171677D+03
  327.6367  0.167141D+01  0.167182D+01 -0.262555D+02
  327.7878  0.163170D+01  0.162833D+01  0.216324D+03
  327.9388  0.158096D+01  0.159617D+01 -0.975675D+03
  328.0897  0.158605D+01  0.159114D+01 -0.326996D+03
  328.2405  0.158006D+01  0.159382D+01 -0.882834D+03
  328.3913  0.159966D+01  0.159025D+01  0.604099D+03
  328.5420  0.154163D+01  0.155021D+01 -0.550511D+03
  328.6926  0.145633D+01  0.145815D+01 -0.117011D+03
  328.8432  0.145844D+01  0.146042D+01 -0.126910D+03
  328.9937  0.161941D+01  0.162428D+01 -0.312138D+03
  329.1441  0.178923D+01  0.178153D+01  0.461413D+03
  329.2945  0.187905D+01  0.185457D+01  0.137208D+04
  329.4448  0.189913D+01  0.190120D+01 -0.115255D+03
  329.5950  0.193302D+01  0.191769D+01  0.846024D+03
  329.7452  0.191642D+01  0.192219D+01 -0.318562D+03
  329.8953  0.195277D+01  0.195088D+01  0.103920D+03
  330.0453  0.201185D+01  0.200724D+01  0.253562D+03
  330.1953  0.196331D+01  0.198041D+01 -0.940130D+03
   31 327.183 331.691 329.437  2.353D-01  0.000D+00 -1.650D-03  0.000D+00  1.013D+00  6.496D+02   300  5.363D-03
  327.1832  0.162249D+01  0.161645D+01  0.387857D+03
  327.3345  0.161872D+01  0.162311D+01 -0.281875D+03
  327.4857  0.167730D+01  0.167237D+01  0.316767D+03
  327.6367  0.167141D+01  0.166935D+01  0.132633D+03
  327.7878  0.163170D+01  0.162533D+01  0.409233D+03
  327.9388  0.158096D+01  0.159362D+01 -0.811860D+03
  328.0897  0.158605D+01  0.158970D+01 -0.234490D+03
  328.2405  0.158006D+01  0.159335D+01 -0.852595D+03
  328.3913  0.159966D+01  0.159077D+01  0.570197D+03
  328.5420  0.154163D+01  0.155166D+01 -0.643490D+03
  328.6926  0.145633D+01  0.145704D+01 -0.456349D+02
  328.8432  0.145844D+01  0.145909D+01 -0.417032D+02
  328.9937  0.161941D+01  0.162678D+01 -0.473024D+03
  329.1441  0.178923D+01  0.178534D+01  0.233177D+03
  329.2945  0.187905D+01  0.185653D+01  0.126199D+04
  329.4448  0.189913D+01  0.190271D+01 -0.199073D+03
  329.5950  0.193302D+01  0.191737D+01  0.864013D+03
  329.7452  0.191642D+01  0.191976D+01 -0.184743D+03
  329.8953  0.195277D+01  0.194618D+01  0.362373D+03
  330.0453  0.201185D+01  0.200210D+01  0.536137D+03
  330.1953  0.196331D+01  0.197264D+01 -0.512698D+03
  330.3452  0.185244D+01  0.182458D+01  0.154320D+04
  330.4950  0.166141D+01  0.168571D+01 -0.154240D+04
  330.6447  0.156030D+01  0.156651D+01 -0.398661D+03
  330.7944  0.155486D+01  0.155876D+01 -0.250217D+03
  330.9440  0.165905D+01  0.167837D+01 -0.118922D+04
  331.0936  0.176708D+01  0.175907D+01  0.449038D+03
  331.2431  0.173889D+01  0.173747D+01  0.795789D+02
  331.3925  0.165034D+01  0.165465D+01 -0.263488D+03
  331.5419  0.161413D+01  0.160736D+01  0.423504D+03
  331.6912  0.166982D+01  0.166310D+01  0.396094D+03
   31 328.693 333.181 330.937  2.334D-01  0.000D+00  2.159D-03  0.000D+00  1.009D+00  6.440D+02 10300  4.612D-03
  328.6926  0.145633D+01  0.146283D+01 -0.417525D+03
  328.8432  0.145844D+01  0.145947D+01 -0.665065D+02
  328.9937  0.161941D+01  0.162716D+01 -0.497273D+03
  329.1441  0.178923D+01  0.178872D+01  0.303141D+02
  329.2945  0.187905D+01  0.185971D+01  0.108380D+04
  329.4448  0.189913D+01  0.190572D+01 -0.366680D+03
  329.5950  0.193302D+01  0.191996D+01  0.720767D+03
  329.7452  0.191642D+01  0.192051D+01 -0.225762D+03
  329.8953  0.195277D+01  0.194447D+01  0.456199D+03
  330.0453  0.201185D+01  0.200081D+01  0.607578D+03
  330.1953  0.196331D+01  0.197460D+01 -0.621042D+03
  330.3452  0.185244D+01  0.182578D+01  0.147661D+04
  330.4950  0.166141D+01  0.168641D+01 -0.158675D+04
  330.6447  0.156030D+01  0.156546D+01 -0.331196D+03
  330.7944  0.155486D+01  0.155343D+01  0.915103D+02
  330.9440  0.165905D+01  0.167466D+01 -0.960962D+03
  331.0936  0.176708D+01  0.175989D+01  0.402778D+03
  331.2431  0.173889D+01  0.174238D+01 -0.196872D+03
  331.3925  0.165034D+01  0.166193D+01 -0.709503D+03
  331.5419  0.161413D+01  0.161480D+01 -0.421933D+02
  331.6912  0.166982D+01  0.167388D+01 -0.239402D+03
  331.8404  0.176677D+01  0.176171D+01  0.281004D+03
  331.9896  0.178345D+01  0.177252D+01  0.603449D+03
  332.1387  0.170530D+01  0.169780D+01  0.424435D+03
  332.2877  0.157727D+01  0.158377D+01 -0.412956D+03
  332.4367  0.157598D+01  0.156012D+01  0.100644D+04
  332.5856  0.166825D+01  0.167377D+01 -0.316258D+03
  332.7344  0.174365D+01  0.173167D+01  0.662592D+03
  332.8832  0.166472D+01  0.166496D+01 -0.138285D+02
  333.0319  0.162221D+01  0.162074D+01  0.867270D+02
  333.1805  0.166202D+01  0.167681D+01 -0.854924D+03
   31 330.195 334.663 332.429  2.328D-01  0.000D+00  4.596D-03  0.000D+00  1.007D+00  6.313D+02   300  4.180D-03
  330.1953  0.196331D+01  0.196742D+01 -0.225778D+03
  330.3452  0.185244D+01  0.182025D+01  0.178269D+04
  330.4950  0.166141D+01  0.168227D+01 -0.132373D+04
  330.6447  0.156030D+01  0.156200D+01 -0.109524D+03
  330.7944  0.155486D+01  0.154824D+01  0.424827D+03
  330.9440  0.165905D+01  0.167019D+01 -0.685807D+03
  331.0936  0.176708D+01  0.175819D+01  0.498020D+03
  331.2431  0.173889D+01  0.174344D+01 -0.256836D+03
  331.3925  0.165034D+01  0.166390D+01 -0.830041D+03
  331.5419  0.161413D+01  0.161549D+01 -0.850129D+02
  331.6912  0.166982D+01  0.167375D+01 -0.231877D+03
  331.8404  0.176677D+01  0.176346D+01  0.184157D+03
  331.9896  0.178345D+01  0.177585D+01  0.419411D+03
  332.1387  0.170530D+01  0.170207D+01  0.182803D+03
  332.2877  0.157727D+01  0.158660D+01 -0.592689D+03
  332.4367  0.157598D+01  0.155923D+01  0.106272D+04
  332.5856  0.166825D+01  0.167195D+01 -0.211975D+03
  332.7344  0.174365D+01  0.173051D+01  0.726888D+03
  332.8832  0.166472D+01  0.166262D+01  0.119825D+03
  333.0319  0.162221D+01  0.161432D+01  0.467023D+03
  333.1805  0.166202D+01  0.166687D+01 -0.280134D+03
  333.3291  0.172609D+01  0.171432D+01  0.658962D+03
  333.4776  0.163293D+01  0.164277D+01 -0.592360D+03
  333.6260  0.148975D+01  0.149660D+01 -0.438736D+03
  333.7744  0.146031D+01  0.145990D+01  0.257621D+02
  333.9227  0.155080D+01  0.156468D+01 -0.889933D+03
  334.0710  0.164856D+01  0.164474D+01  0.223529D+03
  334.2192  0.165569D+01  0.166430D+01 -0.501516D+03
  334.3673  0.172230D+01  0.171885D+01  0.192815D+03
  334.5154  0.180577D+01  0.181278D+01 -0.385657D+03
  334.6633  0.185573D+01  0.183966D+01  0.883066D+03
   23 331.691 334.959 333.325  2.317D-01  0.000D+00  5.839D-04  0.000D+00  1.008D+00  4.758D+02 10300  3.549D-03
  331.6912  0.166982D+01  0.167259D+01 -0.163467D+03
  331.8404  0.176677D+01  0.176530D+01  0.819557D+02
  331.9896  0.178345D+01  0.177788D+01  0.307527D+03
  332.1387  0.170530D+01  0.170367D+01  0.918765D+02
  332.2877  0.157727D+01  0.158832D+01 -0.701971D+03
  332.4367  0.157598D+01  0.156520D+01  0.683938D+03
  332.5856  0.166825D+01  0.168116D+01 -0.739409D+03
  332.7344  0.174365D+01  0.173598D+01  0.424209D+03
  332.8832  0.166472D+01  0.166418D+01  0.309727D+02
  333.0319  0.162221D+01  0.161665D+01  0.329033D+03
  333.1805  0.166202D+01  0.167049D+01 -0.489704D+03
  333.3291  0.172609D+01  0.171508D+01  0.616636D+03
  333.4776  0.163293D+01  0.163845D+01 -0.332496D+03
  333.6260  0.148975D+01  0.149017D+01 -0.265399D+02
  333.7744  0.146031D+01  0.145732D+01  0.191635D+03
  333.9227  0.155080D+01  0.156381D+01 -0.833965D+03
  334.0710  0.164856D+01  0.164113D+01  0.434715D+03
  334.2192  0.165569D+01  0.165956D+01 -0.225267D+03
  334.3673  0.172230D+01  0.171622D+01  0.339403D+03
  334.5154  0.180577D+01  0.181139D+01 -0.308836D+03
  334.6633  0.185573D+01  0.183767D+01  0.991963D+03
  334.8113  0.172675D+01  0.173775D+01 -0.610494D+03
  334.9592  0.158142D+01  0.158244D+01 -0.617666D+02
