 solar_fit_vary
           0
 T T
nw  fwave  lwave  avgwav    hwe     asym  shift    squeeze      sin      rms   exval  std
   31 263.845 274.523 269.184  4.384D-01  0.000D+00 -2.398D-02  0.000D+00  9.897D-01  3.268D+03 10300  3.216D-02
  263.8448  0.421776D+00  0.449382D+00 -0.732785D+04
  264.2162  0.522398D+00  0.496992D+00  0.697428D+04
  264.5862  0.429128D+00  0.445768D+00 -0.456758D+04
  264.9550  0.399511D+00  0.382451D+00  0.468317D+04
  265.3227  0.440365D+00  0.407718D+00  0.896175D+04
  265.6890  0.431336D+00  0.434996D+00 -0.100463D+04
  266.0541  0.387563D+00  0.405566D+00 -0.494212D+04
  266.4182  0.362618D+00  0.367575D+00 -0.136077D+04
  266.7810  0.354665D+00  0.356969D+00 -0.633463D+03
  267.1428  0.354720D+00  0.362865D+00 -0.223976D+04
  267.5034  0.367740D+00  0.372943D+00 -0.141477D+04
  267.8630  0.341837D+00  0.354111D+00 -0.369667D+04
  268.2216  0.347200D+00  0.342010D+00  0.151511D+04
  268.5791  0.346335D+00  0.342585D+00  0.109973D+04
  268.9357  0.329227D+00  0.331309D+00 -0.723266D+03
  269.2913  0.329940D+00  0.326894D+00  0.105580D+04
  269.6459  0.330053D+00  0.330619D+00 -0.195972D+03
  269.9997  0.375744D+00  0.362493D+00  0.363744D+04
  270.3525  0.397366D+00  0.389892D+00  0.205147D+04
  270.7044  0.379056D+00  0.379850D+00 -0.217845D+03
  271.0555  0.368959D+00  0.362704D+00  0.171702D+04
  271.4057  0.347948D+00  0.339491D+00  0.245515D+04
  271.7551  0.286502D+00  0.286474D+00  0.109539D+02
  272.1037  0.240710D+00  0.247943D+00 -0.296280D+04
  272.4516  0.264873D+00  0.270911D+00 -0.236790D+04
  272.7987  0.315733D+00  0.322926D+00 -0.263012D+04
  273.1450  0.342991D+00  0.341850D+00  0.341660D+03
  273.4906  0.287881D+00  0.289776D+00 -0.742972D+03
  273.8355  0.230847D+00  0.227918D+00  0.121518D+04
  274.1797  0.194639D+00  0.191663D+00  0.136148D+04
  274.5233  0.181588D+00  0.180331D+00  0.575354D+03
   31 267.503 277.926 272.715  3.933D-01  0.000D+00 -2.897D-04  0.000D+00  1.001D+00  1.280D+03 10300  1.246D-02
  267.5034  0.367740D+00  0.362674D+00  0.137785D+04
  267.8630  0.341837D+00  0.348293D+00 -0.194444D+04
  268.2216  0.347200D+00  0.338958D+00  0.240610D+04
  268.5791  0.346335D+00  0.346143D+00  0.562416D+02
  268.9357  0.329227D+00  0.334731D+00 -0.191192D+04
  269.2913  0.329940D+00  0.332357D+00 -0.837438D+03
  269.6459  0.330053D+00  0.331991D+00 -0.670621D+03
  269.9997  0.375744D+00  0.365744D+00  0.274506D+04
  270.3525  0.397366D+00  0.398521D+00 -0.317182D+03
  270.7044  0.379056D+00  0.385549D+00 -0.178229D+04
  271.0555  0.368959D+00  0.365693D+00  0.896463D+03
  271.4057  0.347948D+00  0.345356D+00  0.752303D+03
  271.7551  0.286502D+00  0.289075D+00 -0.100904D+04
  272.1037  0.240710D+00  0.240333D+00  0.154213D+03
  272.4516  0.264873D+00  0.262353D+00  0.988217D+03
  272.7987  0.315733D+00  0.316311D+00 -0.211689D+03
  273.1450  0.342991D+00  0.344872D+00 -0.563416D+03
  273.4906  0.287881D+00  0.290099D+00 -0.869798D+03
  273.8355  0.230847D+00  0.225989D+00  0.201546D+04
  274.1797  0.194639D+00  0.189523D+00  0.234033D+04
  274.5233  0.181588D+00  0.179337D+00  0.103014D+04
  274.8662  0.182099D+00  0.184625D+00 -0.115557D+04
  275.2085  0.222356D+00  0.220207D+00  0.889469D+03
  275.5502  0.243647D+00  0.247649D+00 -0.156939D+04
  275.8912  0.299965D+00  0.302012D+00 -0.732234D+03
  276.2317  0.341804D+00  0.344350D+00 -0.766742D+03
  276.5716  0.359456D+00  0.360881D+00 -0.391191D+03
  276.9109  0.356766D+00  0.360035D+00 -0.897564D+03
  277.2497  0.366253D+00  0.366996D+00 -0.204013D+03
  277.5880  0.346313D+00  0.342157D+00  0.121926D+04
  277.9257  0.279950D+00  0.278217D+00  0.602626D+03
   31 271.055 281.278 276.167  3.879D-01  0.000D+00  7.008D-03  0.000D+00  9.869D-01  9.977D+02 10300  9.757D-03
  271.0555  0.368959D+00  0.366326D+00  0.722831D+03
  271.4057  0.347948D+00  0.347034D+00  0.265229D+03
  271.7551  0.286502D+00  0.290991D+00 -0.176041D+04
  272.1037  0.240710D+00  0.240247D+00  0.189460D+03
  272.4516  0.264873D+00  0.261617D+00  0.127681D+04
  272.7987  0.315733D+00  0.315732D+00  0.137498D+00
  273.1450  0.342991D+00  0.346693D+00 -0.110907D+04
  273.4906  0.287881D+00  0.292066D+00 -0.164093D+04
  273.8355  0.230847D+00  0.227107D+00  0.155170D+04
  274.1797  0.194639D+00  0.189990D+00  0.212666D+04
  274.5233  0.181588D+00  0.179441D+00  0.982576D+03
  274.8662  0.182099D+00  0.184026D+00 -0.881640D+03
  275.2085  0.222356D+00  0.219689D+00  0.110380D+04
  275.5502  0.243647D+00  0.246720D+00 -0.120495D+04
  275.8912  0.299965D+00  0.300792D+00 -0.295856D+03
  276.2317  0.341804D+00  0.343950D+00 -0.646321D+03
  276.5716  0.359456D+00  0.360663D+00 -0.331513D+03
  276.9109  0.356766D+00  0.359488D+00 -0.747204D+03
  277.2497  0.366253D+00  0.366666D+00 -0.113544D+03
  277.5880  0.346313D+00  0.343170D+00  0.922041D+03
  277.9257  0.279950D+00  0.278390D+00  0.542256D+03
  278.2630  0.244127D+00  0.244616D+00 -0.188985D+03
  278.5997  0.233699D+00  0.231713D+00  0.778858D+03
  278.9360  0.192903D+00  0.190300D+00  0.103623D+04
  279.2719  0.136900D+00  0.137782D+00 -0.286610D+03
  279.6072  0.106790D+00  0.111065D+00 -0.146695D+04
  279.9421  0.101279D+00  0.104483D+00 -0.110479D+04
  280.2766  0.107976D+00  0.111381D+00 -0.117352D+04
  280.6107  0.140679D+00  0.143356D+00 -0.913159D+03
  280.9444  0.203976D+00  0.202745D+00  0.386051D+03
  281.2777  0.268025D+00  0.265953D+00  0.607583D+03
   31 274.523 284.591 279.557  3.625D-01  0.000D+00  5.868D-03  0.000D+00  9.995D-01  9.786D+02 10300  1.131D-02
  274.5233  0.181588D+00  0.179857D+00  0.792180D+03
  274.8662  0.182099D+00  0.182561D+00 -0.211273D+03
  275.2085  0.222356D+00  0.220867D+00  0.616059D+03
  275.5502  0.243647D+00  0.244337D+00 -0.270557D+03
  275.8912  0.299965D+00  0.301229D+00 -0.452119D+03
  276.2317  0.341804D+00  0.343711D+00 -0.574376D+03
  276.5716  0.359456D+00  0.361106D+00 -0.453077D+03
  276.9109  0.356766D+00  0.357762D+00 -0.273563D+03
  277.2497  0.366253D+00  0.367947D+00 -0.465001D+03
  277.5880  0.346313D+00  0.345582D+00  0.214415D+03
  277.9257  0.279950D+00  0.276599D+00  0.116535D+04
  278.2630  0.244127D+00  0.244145D+00 -0.695017D+01
  278.5997  0.233699D+00  0.234053D+00 -0.138684D+03
  278.9360  0.192903D+00  0.191337D+00  0.623619D+03
  279.2719  0.136900D+00  0.136706D+00  0.630878D+02
  279.6072  0.106790D+00  0.110591D+00 -0.130432D+04
  279.9421  0.101279D+00  0.104092D+00 -0.969916D+03
  280.2766  0.107976D+00  0.110270D+00 -0.790556D+03
  280.6107  0.140679D+00  0.141524D+00 -0.288268D+03
  280.9444  0.203976D+00  0.201403D+00  0.806843D+03
  281.2777  0.268025D+00  0.261559D+00  0.189677D+04
  281.6106  0.335441D+00  0.331127D+00  0.120209D+04
  281.9431  0.387028D+00  0.387097D+00 -0.190769D+02
  282.2752  0.423619D+00  0.423077D+00  0.149033D+03
  282.6070  0.440751D+00  0.437778D+00  0.816327D+03
  282.9384  0.467446D+00  0.467433D+00  0.359991D+01
  283.2695  0.478682D+00  0.490359D+00 -0.320541D+04
  283.6003  0.457861D+00  0.463995D+00 -0.168383D+04
  283.9307  0.459918D+00  0.456102D+00  0.104749D+04
  284.2607  0.425216D+00  0.421873D+00  0.917604D+03
  284.5905  0.351625D+00  0.348157D+00  0.966415D+03
   31 277.926 287.872 282.899  3.630D-01  0.000D+00 -4.257D-03  0.000D+00  9.996D-01  9.237D+02 10000  7.154D-03
  277.9257  0.279950D+00  0.277052D+00  0.100756D+04
  278.2630  0.244127D+00  0.246105D+00 -0.764710D+03
  278.5997  0.233699D+00  0.235507D+00 -0.708621D+03
  278.9360  0.192903D+00  0.191268D+00  0.651126D+03
  279.2719  0.136900D+00  0.136520D+00  0.123310D+03
  279.6072  0.106790D+00  0.110935D+00 -0.142212D+04
  279.9421  0.101279D+00  0.104581D+00 -0.113848D+04
  280.2766  0.107976D+00  0.111047D+00 -0.105828D+04
  280.6107  0.140679D+00  0.143171D+00 -0.850214D+03
  280.9444  0.203976D+00  0.202996D+00  0.307314D+03
  281.2777  0.268025D+00  0.262753D+00  0.154641D+04
  281.6106  0.335441D+00  0.331613D+00  0.106675D+04
  281.9431  0.387028D+00  0.386358D+00  0.183704D+03
  282.2752  0.423619D+00  0.421247D+00  0.651220D+03
  282.6070  0.440751D+00  0.435779D+00  0.136486D+04
  282.9384  0.467446D+00  0.466485D+00  0.263818D+03
  283.2695  0.478682D+00  0.488711D+00 -0.275301D+04
  283.6003  0.457861D+00  0.463534D+00 -0.155723D+04
  283.9307  0.459918D+00  0.457927D+00  0.546526D+03
  284.2607  0.425216D+00  0.424477D+00  0.202921D+03
  284.5905  0.351625D+00  0.351224D+00  0.111696D+03
  284.9200  0.233436D+00  0.231517D+00  0.611549D+03
  285.2491  0.147394D+00  0.146613D+00  0.277297D+03
  285.5780  0.204112D+00  0.205267D+00 -0.380811D+03
  285.9066  0.351395D+00  0.352104D+00 -0.197815D+03
  286.2349  0.473697D+00  0.470114D+00  0.983623D+03
  286.5628  0.511413D+00  0.509957D+00  0.399931D+03
  286.8905  0.515004D+00  0.516560D+00 -0.427342D+03
  287.2180  0.562006D+00  0.563444D+00 -0.394757D+03
  287.5451  0.543183D+00  0.541578D+00  0.440764D+03
  287.8720  0.443269D+00  0.444314D+00 -0.287078D+03
   31 281.278 291.126 286.202  3.599D-01  0.000D+00 -1.283D-03  0.000D+00  9.919D-01  9.601D+02 10300  5.325D-03
  281.2777  0.268025D+00  0.264989D+00  0.890644D+03
  281.6106  0.335441D+00  0.333742D+00  0.473553D+03
  281.9431  0.387028D+00  0.388078D+00 -0.288235D+03
  282.2752  0.423619D+00  0.422567D+00  0.288929D+03
  282.6070  0.440751D+00  0.436333D+00  0.121284D+04
  282.9384  0.467446D+00  0.466539D+00  0.249109D+03
  283.2695  0.478682D+00  0.489245D+00 -0.289954D+04
  283.6003  0.457861D+00  0.463429D+00 -0.152866D+04
  283.9307  0.459918D+00  0.458126D+00  0.491935D+03
  284.2607  0.425216D+00  0.425092D+00  0.341814D+02
  284.5905  0.351625D+00  0.352416D+00 -0.220624D+03
  284.9200  0.233436D+00  0.232626D+00  0.258080D+03
  285.2491  0.147394D+00  0.146077D+00  0.467337D+03
  285.5780  0.204112D+00  0.203849D+00  0.865754D+02
  285.9066  0.351395D+00  0.351057D+00  0.945116D+02
  286.2349  0.473697D+00  0.469833D+00  0.106072D+04
  286.5628  0.511413D+00  0.509808D+00  0.440702D+03
  286.8905  0.515004D+00  0.515015D+00 -0.297881D+01
  287.2180  0.562006D+00  0.561802D+00  0.559638D+02
  287.5451  0.543183D+00  0.539648D+00  0.970633D+03
  287.8720  0.443269D+00  0.441990D+00  0.350991D+03
  288.1986  0.360454D+00  0.361293D+00 -0.230356D+03
  288.5249  0.482602D+00  0.479546D+00  0.838765D+03
  288.8510  0.591010D+00  0.585528D+00  0.150505D+04
  289.1768  0.612237D+00  0.612666D+00 -0.117809D+03
  289.5023  0.682140D+00  0.685399D+00 -0.894558D+03
  289.8276  0.803131D+00  0.808482D+00 -0.146909D+04
  290.1526  0.900198D+00  0.905010D+00 -0.132070D+04
  290.4774  0.936636D+00  0.938431D+00 -0.492878D+03
  290.8018  0.899966D+00  0.900758D+00 -0.217355D+03
  291.1260  0.885808D+00  0.878429D+00  0.202557D+04
   31 284.591 294.353 289.472  3.472D-01  0.000D+00  2.394D-03  0.000D+00  9.935D-01  1.145D+03 10300  4.780D-03
  284.5905  0.351625D+00  0.355133D+00 -0.977853D+03
  284.9200  0.233436D+00  0.234078D+00 -0.204563D+03
  285.2491  0.147394D+00  0.143235D+00  0.147604D+04
  285.5780  0.204112D+00  0.201237D+00  0.947063D+03
  285.9066  0.351395D+00  0.351099D+00  0.826197D+02
  286.2349  0.473697D+00  0.472327D+00  0.376135D+03
  286.5628  0.511413D+00  0.512451D+00 -0.284939D+03
  286.8905  0.515004D+00  0.514229D+00  0.212673D+03
  287.2180  0.562006D+00  0.564912D+00 -0.797668D+03
  287.5451  0.543183D+00  0.542884D+00  0.821220D+02
  287.8720  0.443269D+00  0.444405D+00 -0.312029D+03
  288.1986  0.360454D+00  0.355767D+00  0.128645D+04
  288.5249  0.482602D+00  0.478919D+00  0.101092D+04
  288.8510  0.591010D+00  0.587207D+00  0.104412D+04
  289.1768  0.612237D+00  0.611182D+00  0.289479D+03
  289.5023  0.682140D+00  0.683166D+00 -0.281711D+03
  289.8276  0.803131D+00  0.807941D+00 -0.132036D+04
  290.1526  0.900198D+00  0.906126D+00 -0.162718D+04
  290.4774  0.936636D+00  0.941523D+00 -0.134154D+04
  290.8018  0.899966D+00  0.902594D+00 -0.721531D+03
  291.1260  0.885808D+00  0.880364D+00  0.149443D+04
  291.4500  0.895196D+00  0.882875D+00  0.338223D+04
  291.7736  0.846450D+00  0.842380D+00  0.111738D+04
  292.0970  0.835537D+00  0.837801D+00 -0.621630D+03
  292.4202  0.775782D+00  0.779937D+00 -0.114050D+04
  292.7430  0.716572D+00  0.723239D+00 -0.183022D+04
  293.0655  0.813201D+00  0.815078D+00 -0.515194D+03
  293.3878  0.899179D+00  0.892960D+00  0.170709D+04
  293.7098  0.781246D+00  0.779808D+00  0.394740D+03
  294.0315  0.729265D+00  0.733815D+00 -0.124915D+04
  294.3529  0.803684D+00  0.802814D+00  0.238940D+03
   31 287.872 297.549 292.711  3.373D-01  0.000D+00  3.272D-03  0.000D+00  9.921D-01  1.142D+03 10300  4.061D-03
  287.8720  0.443269D+00  0.447120D+00 -0.105714D+04
  288.1986  0.360454D+00  0.352029D+00  0.231267D+04
  288.5249  0.482602D+00  0.480349D+00  0.618592D+03
  288.8510  0.591010D+00  0.589424D+00  0.435525D+03
  289.1768  0.612237D+00  0.610508D+00  0.474611D+03
  289.5023  0.682140D+00  0.681939D+00  0.550668D+02
  289.8276  0.803131D+00  0.807897D+00 -0.130834D+04
  290.1526  0.900198D+00  0.906658D+00 -0.177330D+04
  290.4774  0.936636D+00  0.942476D+00 -0.160315D+04
  290.8018  0.899966D+00  0.901800D+00 -0.503373D+03
  291.1260  0.885808D+00  0.879110D+00  0.183863D+04
  291.4500  0.895196D+00  0.883928D+00  0.309309D+04
  291.7736  0.846450D+00  0.840852D+00  0.153682D+04
  292.0970  0.835537D+00  0.838630D+00 -0.849282D+03
  292.4202  0.775782D+00  0.780237D+00 -0.122307D+04
  292.7430  0.716572D+00  0.720121D+00 -0.974170D+03
  293.0655  0.813201D+00  0.814614D+00 -0.387785D+03
  293.3878  0.899179D+00  0.896957D+00  0.609983D+03
  293.7098  0.781246D+00  0.778085D+00  0.867800D+03
  294.0315  0.729265D+00  0.730701D+00 -0.394310D+03
  294.3529  0.803684D+00  0.803381D+00  0.831378D+02
  294.6740  0.782113D+00  0.784818D+00 -0.742695D+03
  294.9948  0.731678D+00  0.735201D+00 -0.966930D+03
  295.3153  0.836580D+00  0.833258D+00  0.911954D+03
  295.6354  0.848999D+00  0.847073D+00  0.528619D+03
  295.9552  0.889817D+00  0.891948D+00 -0.585112D+03
  296.2747  0.903094D+00  0.901475D+00  0.444501D+03
  296.5939  0.721723D+00  0.722053D+00 -0.884639D+02
  296.9128  0.609476D+00  0.614165D+00 -0.128704D+04
  297.2312  0.672988D+00  0.674081D+00 -0.299983D+03
  297.5493  0.847835D+00  0.844775D+00  0.839902D+03
   31 291.126 300.708 295.917  3.280D-01  0.000D+00  5.861D-03  0.000D+00  1.000D+00  5.124D+03 10300  1.281D-02
  291.1260  0.885808D+00  0.899310D+00 -0.370630D+04
  291.4500  0.895196D+00  0.897518D+00 -0.637498D+03
  291.7736  0.846450D+00  0.843985D+00  0.676808D+03
  292.0970  0.835537D+00  0.838138D+00 -0.714039D+03
  292.4202  0.775782D+00  0.775858D+00 -0.208974D+02
  292.7430  0.716572D+00  0.709818D+00  0.185396D+04
  293.0655  0.813201D+00  0.803508D+00  0.266079D+04
  293.3878  0.899179D+00  0.889332D+00  0.270293D+04
  293.7098  0.781246D+00  0.767651D+00  0.373194D+04
  294.0315  0.729265D+00  0.719734D+00  0.261620D+04
  294.3529  0.803684D+00  0.797045D+00  0.182243D+04
  294.6740  0.782113D+00  0.781924D+00  0.517224D+02
  294.9948  0.731678D+00  0.728781D+00  0.795287D+03
  295.3153  0.836580D+00  0.836742D+00 -0.444179D+02
  295.6354  0.848999D+00  0.850832D+00 -0.503191D+03
  295.9552  0.889817D+00  0.901235D+00 -0.313446D+04
  296.2747  0.903094D+00  0.919536D+00 -0.451344D+04
  296.5939  0.721723D+00  0.736145D+00 -0.386345D+04
  296.9128  0.609476D+00  0.626337D+00 -0.462836D+04
  297.2312  0.672988D+00  0.690390D+00 -0.477695D+04
  297.5493  0.847835D+00  0.870785D+00 -0.629993D+04
  297.8670  0.959990D+00  0.974410D+00 -0.395844D+04
  298.1843  0.736840D+00  0.737298D+00 -0.125728D+03
  298.5013  0.560822D+00  0.554745D+00  0.166797D+04
  298.8179  0.684812D+00  0.660567D+00  0.665536D+04
  299.1340  0.863136D+00  0.807747D+00  0.152046D+05
  299.4497  0.793621D+00  0.742301D+00  0.140875D+05
  299.7650  0.774858D+00  0.767324D+00  0.206809D+04
  300.0798  0.625123D+00  0.638988D+00 -0.380609D+04
  300.3942  0.586811D+00  0.610424D+00 -0.648197D+04
  300.7081  0.682817D+00  0.714135D+00 -0.859701D+04
   31 294.353 303.819 299.086  3.292D-01  0.000D+00  1.117D-03  0.000D+00  9.979D-01  6.791D+03 10000  1.631D-02
  294.3529  0.803684D+00  0.785310D+00  0.504398D+04
  294.6740  0.782113D+00  0.774495D+00  0.209111D+04
  294.9948  0.731678D+00  0.728992D+00  0.737492D+03
  295.3153  0.836580D+00  0.838767D+00 -0.600333D+03
  295.6354  0.848999D+00  0.854251D+00 -0.144156D+04
  295.9552  0.889817D+00  0.905482D+00 -0.430027D+04
  296.2747  0.903094D+00  0.920582D+00 -0.480072D+04
  296.5939  0.721723D+00  0.733599D+00 -0.318150D+04
  296.9128  0.609476D+00  0.625750D+00 -0.446724D+04
  297.2312  0.672988D+00  0.689061D+00 -0.441216D+04
  297.5493  0.847835D+00  0.867226D+00 -0.532298D+04
  297.8670  0.959990D+00  0.961872D+00 -0.516684D+03
  298.1843  0.736840D+00  0.723453D+00  0.367485D+04
  298.5013  0.560822D+00  0.546452D+00  0.394464D+04
  298.8179  0.684812D+00  0.652962D+00  0.874305D+04
  299.1340  0.863136D+00  0.794521D+00  0.188353D+05
  299.4497  0.793621D+00  0.731229D+00  0.171268D+05
  299.7650  0.774858D+00  0.758163D+00  0.458271D+04
  300.0798  0.625123D+00  0.632694D+00 -0.207837D+04
  300.3942  0.586811D+00  0.613421D+00 -0.730468D+04
  300.7081  0.682817D+00  0.722480D+00 -0.108879D+05
  301.0215  0.719656D+00  0.762266D+00 -0.116967D+05
  301.3345  0.815626D+00  0.849489D+00 -0.929550D+04
  301.6469  0.771545D+00  0.794109D+00 -0.619398D+04
  301.9588  0.593356D+00  0.591615D+00  0.477850D+03
  302.2702  0.631219D+00  0.620571D+00  0.292295D+04
  302.5811  0.829040D+00  0.812074D+00  0.465714D+04
  302.8913  0.979285D+00  0.960293D+00  0.484827D+04
  303.2010  0.104738D+01  0.103004D+01  0.303958D+04
  303.5101  0.106660D+01  0.107448D+01 -0.129147D+04
  303.8186  0.941388D+00  0.942522D+00 -0.303710D+03
   31 297.549 306.866 302.208  3.397D-01  0.000D+00 -3.153D-04  0.000D+00  9.962D-01  7.196D+03 10300  1.795D-02
  297.5493  0.847835D+00  0.888165D+00 -0.110708D+05
  297.8670  0.959990D+00  0.969814D+00 -0.269661D+04
  298.1843  0.736840D+00  0.731556D+00  0.145054D+04
  298.5013  0.560822D+00  0.555460D+00  0.147171D+04
  298.8179  0.684812D+00  0.656872D+00  0.766962D+04
  299.1340  0.863136D+00  0.790824D+00  0.198500D+05
  299.4497  0.793621D+00  0.735433D+00  0.159730D+05
  299.7650  0.774858D+00  0.754598D+00  0.556131D+04
  300.0798  0.625123D+00  0.636125D+00 -0.301998D+04
  300.3942  0.586811D+00  0.618974D+00 -0.882886D+04
  300.7081  0.682817D+00  0.723941D+00 -0.112889D+05
  301.0215  0.719656D+00  0.769473D+00 -0.136751D+05
  301.3345  0.815626D+00  0.853584D+00 -0.104198D+05
  301.6469  0.771545D+00  0.796588D+00 -0.687444D+04
  301.9588  0.593356D+00  0.601021D+00 -0.210421D+04
  302.2702  0.631219D+00  0.629419D+00  0.493971D+03
  302.5811  0.829040D+00  0.817528D+00  0.316000D+04
  302.8913  0.979285D+00  0.962220D+00  0.435642D+04
  303.2010  0.104738D+01  0.103076D+01  0.291324D+04
  303.5101  0.106660D+01  0.106360D+01  0.492158D+03
  303.8186  0.941388D+00  0.932613D+00  0.234965D+04
  304.1264  0.908794D+00  0.891477D+00  0.475375D+04
  304.4337  0.987934D+00  0.973114D+00  0.282249D+04
  304.7403  0.100642D+01  0.973992D+00  0.556587D+04
  305.0461  0.104725D+01  0.101624D+01  0.485311D+04
  305.3513  0.107115D+01  0.107982D+01 -0.120182D+04
  305.6558  0.877160D+00  0.898230D+00 -0.553881D+04
  305.9596  0.785128D+00  0.786437D+00 -0.359297D+03
  306.2626  0.905840D+00  0.921618D+00 -0.253659D+04
  306.5648  0.889167D+00  0.902382D+00 -0.182185D+04
  306.8663  0.906506D+00  0.906543D+00 -0.508654D+01
   31 300.708 309.833 305.271  3.424D-01  0.000D+00 -1.355D-02  0.000D+00  1.015D+00  1.746D+03 10300  6.006D-03
  300.7081  0.682817D+00  0.667664D+00  0.415953D+04
  301.0215  0.719656D+00  0.729769D+00 -0.277625D+04
  301.3345  0.815626D+00  0.821952D+00 -0.173667D+04
  301.6469  0.771545D+00  0.771181D+00  0.999981D+02
  301.9588  0.593356D+00  0.590477D+00  0.790170D+03
  302.2702  0.631219D+00  0.637424D+00 -0.170333D+04
  302.5811  0.829040D+00  0.829852D+00 -0.223101D+03
  302.8913  0.979285D+00  0.977008D+00  0.581277D+03
  303.2010  0.104738D+01  0.104828D+01 -0.156907D+03
  303.5101  0.106660D+01  0.107568D+01 -0.148842D+04
  303.8186  0.941388D+00  0.941864D+00 -0.127434D+03
  304.1264  0.908794D+00  0.905881D+00  0.799715D+03
  304.4337  0.987934D+00  0.986312D+00  0.308955D+03
  304.7403  0.100642D+01  0.980422D+00  0.446231D+04
  305.0461  0.104725D+01  0.102713D+01  0.314793D+04
  305.3513  0.107115D+01  0.107644D+01 -0.732399D+03
  305.6558  0.877160D+00  0.887110D+00 -0.261566D+04
  305.9596  0.785128D+00  0.787032D+00 -0.522656D+03
  306.2626  0.905840D+00  0.917495D+00 -0.187371D+04
  306.5648  0.889167D+00  0.891034D+00 -0.257320D+03
  306.8663  0.906506D+00  0.902970D+00  0.485229D+03
  307.1670  0.102136D+01  0.100984D+01  0.157999D+04
  307.4668  0.101974D+01  0.100882D+01  0.149795D+04
  307.7658  0.100856D+01  0.100975D+01 -0.162126D+03
  308.0639  0.100362D+01  0.101193D+01 -0.114006D+04
  308.3611  0.996505D+00  0.101312D+01 -0.227987D+04
  308.6575  0.104419D+01  0.104785D+01 -0.502275D+03
  308.9529  0.940846D+00  0.929782D+00  0.151864D+04
  309.2473  0.788139D+00  0.789332D+00 -0.163829D+03
  309.5407  0.780649D+00  0.785777D+00 -0.541447D+03
  309.8332  0.787352D+00  0.765118D+00  0.203445D+04
   21 303.819 309.833 306.826  3.427D-01  0.000D+00 -2.143D-02  0.000D+00  9.918D-01  1.542D+03 10300  7.639D-03
  303.8186  0.941388D+00  0.942145D+00 -0.202659D+03
  304.1264  0.908794D+00  0.911177D+00 -0.654184D+03
  304.4337  0.987934D+00  0.992594D+00 -0.887459D+03
  304.7403  0.100642D+01  0.983739D+00  0.389302D+04
  305.0461  0.104725D+01  0.103435D+01  0.201847D+04
  305.3513  0.107115D+01  0.107703D+01 -0.814904D+03
  305.6558  0.877160D+00  0.882936D+00 -0.151820D+04
  305.9596  0.785128D+00  0.789416D+00 -0.117706D+04
  306.2626  0.905840D+00  0.918605D+00 -0.205213D+04
  306.5648  0.889167D+00  0.887361D+00  0.248998D+03
  306.8663  0.906506D+00  0.903040D+00  0.475652D+03
  307.1670  0.102136D+01  0.100715D+01  0.194998D+04
  307.4668  0.101974D+01  0.100394D+01  0.216758D+04
  307.7658  0.100856D+01  0.100599D+01  0.353834D+03
  308.0639  0.100362D+01  0.100741D+01 -0.520054D+03
  308.3611  0.996505D+00  0.101206D+01 -0.213547D+04
  308.6575  0.104419D+01  0.104614D+01 -0.267612D+03
  308.9529  0.940846D+00  0.927450D+00  0.183864D+04
  309.2473  0.788139D+00  0.791938D+00 -0.521533D+03
  309.5407  0.780649D+00  0.794675D+00 -0.148097D+04
  309.8332  0.787352D+00  0.775346D+00  0.109855D+04
   31 310.103 314.844 312.473  2.350D-01  0.000D+00  8.943D-03  0.000D+00  9.974D-01  1.557D+03 10300  8.004D-03
  310.1027  0.803440D+00  0.820303D+00 -0.130672D+04
  310.2618  0.871854D+00  0.885015D+00 -0.102168D+04
  310.4209  0.112093D+01  0.115749D+01 -0.255730D+04
  310.5799  0.134381D+01  0.134820D+01 -0.284174D+03
  310.7388  0.145137D+01  0.143222D+01  0.123939D+04
  310.8977  0.149878D+01  0.148098D+01  0.116503D+04
  311.0565  0.149343D+01  0.144619D+01  0.320811D+04
  311.2151  0.145036D+01  0.140050D+01  0.365439D+04
  311.3738  0.139870D+01  0.138045D+01  0.141615D+04
  311.5323  0.132593D+01  0.132323D+01  0.209798D+03
  311.6908  0.118923D+01  0.121961D+01 -0.242046D+04
  311.8492  0.106299D+01  0.108766D+01 -0.218878D+04
  312.0074  0.970535D+00  0.997755D+00 -0.264171D+04
  312.1657  0.965463D+00  0.981864D+00 -0.159148D+04
  312.3238  0.103551D+01  0.104561D+01 -0.928393D+03
  312.4819  0.108295D+01  0.110744D+01 -0.208943D+04
  312.6399  0.109808D+01  0.109064D+01  0.626219D+03
  312.7978  0.109107D+01  0.108996D+01  0.943928D+02
  312.9557  0.112130D+01  0.111347D+01  0.642508D+03
  313.1134  0.112027D+01  0.110700D+01  0.109557D+04
  313.2711  0.108976D+01  0.107925D+01  0.879347D+03
  313.4287  0.107478D+01  0.106185D+01  0.108414D+04
  313.5863  0.110534D+01  0.109578D+01  0.784010D+03
  313.7437  0.120443D+01  0.118976D+01  0.113907D+04
  313.9011  0.129497D+01  0.129413D+01  0.655071D+02
  314.0584  0.133328D+01  0.132571D+01  0.588161D+03
  314.2156  0.122785D+01  0.124118D+01 -0.103485D+04
  314.3728  0.100130D+01  0.101608D+01 -0.132225D+04
  314.5299  0.850383D+00  0.837580D+00  0.124262D+04
  314.6869  0.897543D+00  0.909465D+00 -0.111979D+04
  314.8438  0.108871D+01  0.108804D+01  0.553504D+02
   31 311.691 316.409 314.050  2.430D-01  0.000D+00  3.345D-03  0.000D+00  9.977D-01  6.530D+02 10300  3.576D-03
  311.6908  0.118923D+01  0.117281D+01  0.130828D+04
  311.8492  0.106299D+01  0.105746D+01  0.490491D+03
  312.0074  0.970535D+00  0.980161D+00 -0.934235D+03
  312.1657  0.965463D+00  0.973646D+00 -0.794070D+03
  312.3238  0.103551D+01  0.104045D+01 -0.454710D+03
  312.4819  0.108295D+01  0.110037D+01 -0.148653D+04
  312.6399  0.109808D+01  0.109086D+01  0.607889D+03
  312.7978  0.109107D+01  0.109467D+01 -0.304354D+03
  312.9557  0.112130D+01  0.111784D+01  0.284332D+03
  313.1134  0.112027D+01  0.111162D+01  0.714536D+03
  313.2711  0.108976D+01  0.108553D+01  0.354669D+03
  313.4287  0.107478D+01  0.107087D+01  0.327529D+03
  313.5863  0.110534D+01  0.110729D+01 -0.159815D+03
  313.7437  0.120443D+01  0.120010D+01  0.336459D+03
  313.9011  0.129497D+01  0.129819D+01 -0.249809D+03
  314.0584  0.133328D+01  0.132212D+01  0.866478D+03
  314.2156  0.122785D+01  0.122830D+01 -0.350340D+02
  314.3728  0.100130D+01  0.100571D+01 -0.394932D+03
  314.5299  0.850383D+00  0.841952D+00  0.818307D+03
  314.6869  0.897543D+00  0.910723D+00 -0.123794D+04
  314.8438  0.108871D+01  0.107881D+01  0.812349D+03
  315.0007  0.119769D+01  0.119945D+01 -0.136513D+03
  315.1574  0.123602D+01  0.123245D+01  0.265085D+03
  315.3141  0.121823D+01  0.122511D+01 -0.534650D+03
  315.4708  0.118624D+01  0.118927D+01 -0.234959D+03
  315.6273  0.107748D+01  0.108432D+01 -0.563674D+03
  315.7838  0.905252D+00  0.908910D+00 -0.354178D+03
  315.9402  0.772418D+00  0.772489D+00 -0.691178D+01
  316.0966  0.765898D+00  0.769211D+00 -0.321444D+03
  316.2528  0.883745D+00  0.872717D+00  0.105388D+04
  316.4090  0.100168D+01  0.100138D+01  0.259380D+02
   31 313.271 317.967 315.619  2.446D-01  0.000D+00  2.253D-03  0.000D+00  1.002D+00  4.716D+02 10000  2.520D-03
  313.2711  0.108976D+01  0.108691D+01  0.238583D+03
  313.4287  0.107478D+01  0.107355D+01  0.102358D+03
  313.5863  0.110534D+01  0.111099D+01 -0.463562D+03
  313.7437  0.120443D+01  0.120401D+01  0.329327D+02
  313.9011  0.129497D+01  0.130124D+01 -0.487029D+03
  314.0584  0.133328D+01  0.132376D+01  0.739378D+03
  314.2156  0.122785D+01  0.122781D+01  0.341783D+01
  314.3728  0.100130D+01  0.100540D+01 -0.366515D+03
  314.5299  0.850383D+00  0.844007D+00  0.618862D+03
  314.6869  0.897543D+00  0.912082D+00 -0.136563D+04
  314.8438  0.108871D+01  0.107825D+01  0.858564D+03
  315.0007  0.119769D+01  0.119721D+01  0.368691D+02
  315.1574  0.123602D+01  0.122962D+01  0.475295D+03
  315.3141  0.121823D+01  0.122190D+01 -0.285211D+03
  315.4708  0.118624D+01  0.118533D+01  0.705659D+02
  315.6273  0.107748D+01  0.108012D+01 -0.217895D+03
  315.7838  0.905252D+00  0.906328D+00 -0.104247D+03
  315.9402  0.772418D+00  0.772394D+00  0.230332D+01
  316.0966  0.765898D+00  0.770711D+00 -0.467089D+03
  316.2528  0.883745D+00  0.875482D+00  0.789665D+03
  316.4090  0.100168D+01  0.100560D+01 -0.349281D+03
  316.5651  0.108471D+01  0.107846D+01  0.493334D+03
  316.7211  0.111989D+01  0.112098D+01 -0.851340D+02
  316.8771  0.116799D+01  0.117342D+01 -0.421286D+03
  317.0330  0.128005D+01  0.127650D+01  0.275620D+03
  317.1888  0.140829D+01  0.141423D+01 -0.461094D+03
  317.3445  0.147031D+01  0.147007D+01  0.182431D+02
  317.5002  0.144923D+01  0.144484D+01  0.340533D+03
  317.6558  0.141438D+01  0.140978D+01  0.357891D+03
  317.8113  0.128799D+01  0.129577D+01 -0.603973D+03
  317.9667  0.107824D+01  0.107561D+01  0.212660D+03
   31 314.844 319.517 317.180  2.449D-01  0.000D+00  1.395D-03  0.000D+00  1.004D+00  3.964D+02 10300  2.296D-03
  314.8438  0.108871D+01  0.108580D+01  0.238627D+03
  315.0007  0.119769D+01  0.120239D+01 -0.365132D+03
  315.1574  0.123602D+01  0.123249D+01  0.261512D+03
  315.3141  0.121823D+01  0.122301D+01 -0.371621D+03
  315.4708  0.118624D+01  0.118490D+01  0.104682D+03
  315.6273  0.107748D+01  0.107844D+01 -0.790328D+02
  315.7838  0.905252D+00  0.904388D+00  0.836368D+02
  315.9402  0.772418D+00  0.771184D+00  0.119800D+03
  316.0966  0.765898D+00  0.770174D+00 -0.414945D+03
  316.2528  0.883745D+00  0.875181D+00  0.818377D+03
  316.4090  0.100168D+01  0.100506D+01 -0.301421D+03
  316.5651  0.108471D+01  0.107792D+01  0.536142D+03
  316.7211  0.111989D+01  0.112079D+01 -0.703449D+02
  316.8771  0.116799D+01  0.117377D+01 -0.448738D+03
  317.0330  0.128005D+01  0.127752D+01  0.196706D+03
  317.1888  0.140829D+01  0.141509D+01 -0.528000D+03
  317.3445  0.147031D+01  0.147040D+01 -0.715031D+01
  317.5002  0.144923D+01  0.144488D+01  0.337460D+03
  317.6558  0.141438D+01  0.140905D+01  0.413881D+03
  317.8113  0.128799D+01  0.129343D+01 -0.422506D+03
  317.9667  0.107824D+01  0.107262D+01  0.454412D+03
  318.1221  0.908326D+00  0.916700D+00 -0.779774D+03
  318.2773  0.902491D+00  0.906508D+00 -0.376372D+03
  318.4326  0.985178D+00  0.983463D+00  0.145557D+03
  318.5877  0.108533D+01  0.108603D+01 -0.548390D+02
  318.7428  0.118727D+01  0.118647D+01  0.617072D+02
  318.8978  0.129062D+01  0.128109D+01  0.739692D+03
  319.0527  0.127579D+01  0.128156D+01 -0.447949D+03
  319.2075  0.112751D+01  0.112257D+01  0.385730D+03
  319.3623  0.998643D+00  0.995399D+00  0.268948D+03
  319.5170  0.102551D+01  0.103204D+01 -0.524674D+03
   31 316.409 321.060 318.735  2.438D-01  0.000D+00  1.100D-03  0.000D+00  1.003D+00  4.654D+02 10300  2.861D-03
  316.4090  0.100168D+01  0.100474D+01 -0.272608D+03
  316.5651  0.108471D+01  0.107761D+01  0.560386D+03
  316.7211  0.111989D+01  0.112048D+01 -0.454090D+02
  316.8771  0.116799D+01  0.117330D+01 -0.412462D+03
  317.0330  0.128005D+01  0.127713D+01  0.226737D+03
  317.1888  0.140829D+01  0.141529D+01 -0.543305D+03
  317.3445  0.147031D+01  0.147003D+01  0.215007D+02
  317.5002  0.144923D+01  0.144357D+01  0.439091D+03
  317.6558  0.141438D+01  0.140805D+01  0.491613D+03
  317.8113  0.128799D+01  0.129241D+01 -0.342973D+03
  317.9667  0.107824D+01  0.107047D+01  0.627721D+03
  318.1221  0.908326D+00  0.914583D+00 -0.582654D+03
  318.2773  0.902491D+00  0.905193D+00 -0.253204D+03
  318.4326  0.985178D+00  0.982850D+00  0.197584D+03
  318.5877  0.108533D+01  0.108598D+01 -0.515022D+02
  318.7428  0.118727D+01  0.118717D+01  0.755241D+01
  318.8978  0.129062D+01  0.128360D+01  0.545169D+03
  319.0527  0.127579D+01  0.128594D+01 -0.788293D+03
  319.2075  0.112751D+01  0.112673D+01  0.612141D+02
  319.3623  0.998643D+00  0.100032D+01 -0.139361D+03
  319.5170  0.102551D+01  0.104061D+01 -0.121367D+04
  319.6717  0.114735D+01  0.114279D+01  0.354396D+03
  319.8262  0.126763D+01  0.125581D+01  0.917537D+03
  319.9807  0.133077D+01  0.133329D+01 -0.195434D+03
  320.1351  0.135839D+01  0.134756D+01  0.840766D+03
  320.2895  0.137748D+01  0.138340D+01 -0.459330D+03
  320.4437  0.144901D+01  0.145118D+01 -0.164227D+03
  320.5979  0.149335D+01  0.149127D+01  0.152010D+03
  320.7521  0.145574D+01  0.145580D+01 -0.466319D+01
  320.9061  0.132314D+01  0.132525D+01 -0.163868D+03
  321.0601  0.114773D+01  0.114771D+01  0.183929D+01
   31 317.967 322.596 320.281  2.426D-01  0.000D+00  6.389D-04  0.000D+00  9.974D-01  4.668D+02 10300  3.107D-03
  317.9667  0.107824D+01  0.107059D+01  0.617918D+03
  318.1221  0.908326D+00  0.914145D+00 -0.541856D+03
  318.2773  0.902491D+00  0.905254D+00 -0.258926D+03
  318.4326  0.985178D+00  0.983219D+00  0.166243D+03
  318.5877  0.108533D+01  0.108625D+01 -0.719358D+02
  318.7428  0.118727D+01  0.118713D+01  0.108227D+02
  318.8978  0.129062D+01  0.128388D+01  0.523499D+03
  319.0527  0.127579D+01  0.128623D+01 -0.810390D+03
  319.2075  0.112751D+01  0.112532D+01  0.171532D+03
  319.3623  0.998643D+00  0.998497D+00  0.120772D+02
  319.5170  0.102551D+01  0.103999D+01 -0.116393D+04
  319.6717  0.114735D+01  0.114244D+01  0.381462D+03
  319.8262  0.126763D+01  0.125565D+01  0.929885D+03
  319.9807  0.133077D+01  0.133320D+01 -0.188386D+03
  320.1351  0.135839D+01  0.134679D+01  0.900918D+03
  320.2895  0.137748D+01  0.138279D+01 -0.412258D+03
  320.4437  0.144901D+01  0.145102D+01 -0.151958D+03
  320.5979  0.149335D+01  0.149125D+01  0.153493D+03
  320.7521  0.145574D+01  0.145572D+01  0.127924D+01
  320.9061  0.132314D+01  0.132468D+01 -0.119361D+03
  321.0601  0.114773D+01  0.114662D+01  0.865623D+02
  321.2140  0.101306D+01  0.101643D+01 -0.274787D+03
  321.3679  0.968866D+00  0.972162D+00 -0.270700D+03
  321.5216  0.101625D+01  0.101705D+01 -0.643625D+02
  321.6753  0.111433D+01  0.112106D+01 -0.522647D+03
  321.8289  0.125077D+01  0.124391D+01  0.532607D+03
  321.9825  0.134121D+01  0.134132D+01 -0.826321D+01
  322.1360  0.132906D+01  0.133352D+01 -0.346080D+03
  322.2894  0.125560D+01  0.124513D+01  0.813206D+03
  322.4427  0.118313D+01  0.118646D+01 -0.259061D+03
  322.5960  0.112254D+01  0.112386D+01 -0.102441D+03
   31 319.517 324.125 321.821  2.425D-01  0.000D+00 -4.753D-04  0.000D+00  9.868D-01  4.455D+02 10300  3.647D-03
  319.5170  0.102551D+01  0.103886D+01 -0.107297D+04
  319.6717  0.114735D+01  0.114234D+01  0.389102D+03
  319.8262  0.126763D+01  0.125635D+01  0.875790D+03
  319.9807  0.133077D+01  0.133396D+01 -0.248033D+03
  320.1351  0.135839D+01  0.134769D+01  0.830676D+03
  320.2895  0.137748D+01  0.138420D+01 -0.521540D+03
  320.4437  0.144901D+01  0.145249D+01 -0.263622D+03
  320.5979  0.149335D+01  0.149216D+01  0.873124D+02
  320.7521  0.145574D+01  0.145564D+01  0.745141D+01
  320.9061  0.132314D+01  0.132357D+01 -0.333038D+02
  321.0601  0.114773D+01  0.114517D+01  0.198792D+03
  321.2140  0.101306D+01  0.101527D+01 -0.180172D+03
  321.3679  0.968866D+00  0.971480D+00 -0.214742D+03
  321.5216  0.101625D+01  0.101679D+01 -0.430656D+02
  321.6753  0.111433D+01  0.112101D+01 -0.518686D+03
  321.8289  0.125077D+01  0.124394D+01  0.530573D+03
  321.9825  0.134121D+01  0.134120D+01  0.127290D+01
  322.1360  0.132906D+01  0.133312D+01 -0.315235D+03
  322.2894  0.125560D+01  0.124543D+01  0.789380D+03
  322.4427  0.118313D+01  0.118815D+01 -0.389715D+03
  322.5960  0.112254D+01  0.112659D+01 -0.314158D+03
  322.7492  0.102646D+01  0.102717D+01 -0.560729D+02
  322.9023  0.951653D+00  0.958593D+00 -0.560372D+03
  323.0554  0.989804D+00  0.982827D+00  0.554139D+03
  323.2084  0.108225D+01  0.108272D+01 -0.366842D+02
  323.3613  0.112313D+01  0.112070D+01  0.188885D+03
  323.5141  0.108841D+01  0.108091D+01  0.582273D+03
  323.6669  0.107530D+01  0.107716D+01 -0.144325D+03
  323.8196  0.113333D+01  0.113608D+01 -0.213401D+03
  323.9722  0.121986D+01  0.121535D+01  0.350470D+03
  324.1248  0.128891D+01  0.129389D+01 -0.384437D+03
   31 321.060 325.647 323.353  2.432D-01  0.000D+00 -3.375D-03  0.000D+00  9.867D-01  4.173D+02 10300  3.828D-03
  321.0601  0.114773D+01  0.114327D+01  0.346838D+03
  321.2140  0.101306D+01  0.101383D+01 -0.623719D+02
  321.3679  0.968866D+00  0.971131D+00 -0.186010D+03
  321.5216  0.101625D+01  0.101745D+01 -0.964709D+02
  321.6753  0.111433D+01  0.112213D+01 -0.605634D+03
  321.8289  0.125077D+01  0.124506D+01  0.443337D+03
  321.9825  0.134121D+01  0.134093D+01  0.222498D+02
  322.1360  0.132906D+01  0.133126D+01 -0.170621D+03
  322.2894  0.125560D+01  0.124454D+01  0.858867D+03
  322.4427  0.118313D+01  0.118825D+01 -0.397844D+03
  322.5960  0.112254D+01  0.112627D+01 -0.289316D+03
  322.7492  0.102646D+01  0.102720D+01 -0.580308D+02
  322.9023  0.951653D+00  0.960291D+00 -0.697513D+03
  323.0554  0.989804D+00  0.986585D+00  0.255621D+03
  323.2084  0.108225D+01  0.108608D+01 -0.297929D+03
  323.3613  0.112313D+01  0.112143D+01  0.131974D+03
  323.5141  0.108841D+01  0.108093D+01  0.580900D+03
  323.6669  0.107530D+01  0.107728D+01 -0.153977D+03
  323.8196  0.113333D+01  0.113495D+01 -0.125582D+03
  323.9722  0.121986D+01  0.121154D+01  0.646306D+03
  324.1248  0.128891D+01  0.128605D+01  0.221412D+03
  324.2773  0.132192D+01  0.132303D+01 -0.839163D+02
  324.4297  0.134111D+01  0.133432D+01  0.491103D+03
  324.5820  0.135723D+01  0.136021D+01 -0.211088D+03
  324.7343  0.132488D+01  0.133298D+01 -0.371290D+03
  324.8865  0.126141D+01  0.125899D+01  0.184823D+03
  325.0387  0.122829D+01  0.124093D+01 -0.981670D+03
  325.1907  0.127719D+01  0.128270D+01 -0.409785D+03
  325.3428  0.134743D+01  0.135066D+01 -0.225876D+03
  325.4947  0.147208D+01  0.146179D+01  0.678408D+03
  325.6466  0.159541D+01  0.159212D+01  0.212994D+03
   31 322.596 327.161 324.879  2.405D-01  0.000D+00 -3.465D-04  0.000D+00  9.946D-01  5.358D+02   300  4.877D-03
  322.5960  0.112254D+01  0.112740D+01 -0.376944D+03
  322.7492  0.102646D+01  0.102742D+01 -0.753257D+02
  322.9023  0.951653D+00  0.958267D+00 -0.534084D+03
  323.0554  0.989804D+00  0.982625D+00  0.570182D+03
  323.2084  0.108225D+01  0.108422D+01 -0.153172D+03
  323.3613  0.112313D+01  0.112168D+01  0.112313D+03
  323.5141  0.108841D+01  0.107992D+01  0.659506D+03
  323.6669  0.107530D+01  0.107452D+01  0.603774D+02
  323.8196  0.113333D+01  0.113215D+01  0.917497D+02
  323.9722  0.121986D+01  0.120913D+01  0.832986D+03
  324.1248  0.128891D+01  0.128490D+01  0.310536D+03
  324.2773  0.132192D+01  0.132346D+01 -0.115925D+03
  324.4297  0.134111D+01  0.133454D+01  0.475221D+03
  324.5820  0.135723D+01  0.136228D+01 -0.357822D+03
  324.7343  0.132488D+01  0.133769D+01 -0.587045D+03
  324.8865  0.126141D+01  0.126265D+01 -0.950640D+02
  325.0387  0.122829D+01  0.124484D+01 -0.128502D+04
  325.1907  0.127719D+01  0.128764D+01 -0.777145D+03
  325.3428  0.134743D+01  0.135728D+01 -0.688201D+03
  325.4947  0.147208D+01  0.147039D+01  0.111498D+03
  325.6466  0.159541D+01  0.160650D+01 -0.717356D+03
  325.7983  0.169541D+01  0.168916D+01  0.404746D+03
  325.9501  0.174121D+01  0.173471D+01  0.419857D+03
  326.1017  0.175704D+01  0.174620D+01  0.692195D+03
  326.2533  0.172226D+01  0.170536D+01  0.108680D+04
  326.4048  0.163315D+01  0.163485D+01 -0.110365D+03
  326.5563  0.160288D+01  0.159196D+01  0.706759D+03
  326.7077  0.164686D+01  0.164948D+01 -0.169489D+03
  326.8590  0.171609D+01  0.171705D+01 -0.611001D+02
  327.0102  0.168335D+01  0.169023D+01 -0.435985D+03
  327.1614  0.161211D+01  0.161824D+01 -0.396813D+03
   31 324.125 328.669 326.397  2.380D-01  0.000D+00  4.401D-03  0.000D+00  1.000D+00  5.252D+02 10300  5.714D-03
  324.1248  0.128891D+01  0.128122D+01  0.594276D+03
  324.2773  0.132192D+01  0.132174D+01  0.135437D+02
  324.4297  0.134111D+01  0.133262D+01  0.614190D+03
  324.5820  0.135723D+01  0.136188D+01 -0.329483D+03
  324.7343  0.132488D+01  0.134053D+01 -0.717134D+03
  324.8865  0.126141D+01  0.126374D+01 -0.177881D+03
  325.0387  0.122829D+01  0.124354D+01 -0.118383D+04
  325.1907  0.127719D+01  0.128593D+01 -0.650102D+03
  325.3428  0.134743D+01  0.135407D+01 -0.463883D+03
  325.4947  0.147208D+01  0.146555D+01  0.431057D+03
  325.6466  0.159541D+01  0.160344D+01 -0.519718D+03
  325.7983  0.169541D+01  0.168742D+01  0.517173D+03
  325.9501  0.174121D+01  0.173319D+01  0.517860D+03
  326.1017  0.175704D+01  0.174634D+01  0.683536D+03
  326.2533  0.172226D+01  0.170646D+01  0.101588D+04
  326.4048  0.163315D+01  0.163567D+01 -0.162904D+03
  326.5563  0.160288D+01  0.158907D+01  0.893924D+03
  326.7077  0.164686D+01  0.164518D+01  0.108303D+03
  326.8590  0.171609D+01  0.171659D+01 -0.315310D+02
  327.0102  0.168335D+01  0.169248D+01 -0.578991D+03
  327.1614  0.161211D+01  0.161876D+01 -0.430416D+03
  327.3125  0.160271D+01  0.160836D+01 -0.365048D+03
  327.4636  0.165016D+01  0.165663D+01 -0.418274D+03
  327.6145  0.166313D+01  0.166465D+01 -0.981293D+02
  327.7654  0.162489D+01  0.162351D+01  0.896178D+02
  327.9163  0.158166D+01  0.158695D+01 -0.342239D+03
  328.0670  0.157491D+01  0.157680D+01 -0.122328D+03
  328.2177  0.157471D+01  0.157840D+01 -0.239196D+03
  328.3683  0.158957D+01  0.157569D+01  0.803770D+03
  328.5189  0.154345D+01  0.154604D+01 -0.167589D+03
  328.6694  0.146135D+01  0.145677D+01  0.296523D+03
   31 325.647 330.171 327.909  2.468D-01  0.000D+00 -7.677D-05  0.000D+00  1.000D+00  4.958D+02   300  4.886D-03
  325.6466  0.159541D+01  0.161450D+01 -0.123501D+04
  325.7983  0.169541D+01  0.169559D+01 -0.112764D+02
  325.9501  0.174121D+01  0.173888D+01  0.150089D+03
  326.1017  0.175704D+01  0.174702D+01  0.640140D+03
  326.2533  0.172226D+01  0.170523D+01  0.109515D+04
  326.4048  0.163315D+01  0.163491D+01 -0.114020D+03
  326.5563  0.160288D+01  0.159402D+01  0.573698D+03
  326.7077  0.164686D+01  0.164711D+01 -0.161416D+02
  326.8590  0.171609D+01  0.171070D+01  0.344875D+03
  327.0102  0.168335D+01  0.168586D+01 -0.159232D+03
  327.1614  0.161211D+01  0.161919D+01 -0.458307D+03
  327.3125  0.160271D+01  0.161080D+01 -0.523236D+03
  327.4636  0.165016D+01  0.165467D+01 -0.291405D+03
  327.6145  0.166313D+01  0.166151D+01  0.104668D+03
  327.7654  0.162489D+01  0.162379D+01  0.716984D+02
  327.9163  0.158166D+01  0.158939D+01 -0.500377D+03
  328.0670  0.157491D+01  0.158074D+01 -0.377354D+03
  328.2177  0.157471D+01  0.158300D+01 -0.536724D+03
  328.3683  0.158957D+01  0.158072D+01  0.512408D+03
  328.5189  0.154345D+01  0.154808D+01 -0.299443D+03
  328.6694  0.146135D+01  0.146571D+01 -0.281549D+03
  328.8198  0.144965D+01  0.144710D+01  0.165005D+03
  328.9702  0.158283D+01  0.158359D+01 -0.484124D+02
  329.1205  0.175066D+01  0.174655D+01  0.249619D+03
  329.2707  0.185127D+01  0.183170D+01  0.113391D+04
  329.4208  0.188186D+01  0.188060D+01  0.722728D+02
  329.5710  0.190872D+01  0.190181D+01  0.391078D+03
  329.7209  0.190447D+01  0.190592D+01 -0.821662D+02
  329.8709  0.192616D+01  0.192754D+01 -0.768895D+02
  330.0208  0.198179D+01  0.197731D+01  0.248460D+03
  330.1707  0.195327D+01  0.196802D+01 -0.818342D+03
   31 327.161 331.665 329.413  2.451D-01  0.000D+00 -3.491D-03  0.000D+00  1.005D+00  4.303D+02   300  3.740D-03
  327.1614  0.161211D+01  0.160918D+01  0.189336D+03
  327.3125  0.160271D+01  0.160464D+01 -0.124695D+03
  327.4636  0.165016D+01  0.165091D+01 -0.487418D+02
  327.6145  0.166313D+01  0.165791D+01  0.337384D+03
  327.7654  0.162489D+01  0.162044D+01  0.288101D+03
  327.9163  0.158166D+01  0.158740D+01 -0.371687D+03
  328.0670  0.157491D+01  0.158028D+01 -0.347620D+03
  328.2177  0.157471D+01  0.158336D+01 -0.560093D+03
  328.3683  0.158957D+01  0.158156D+01  0.463641D+03
  328.5189  0.154345D+01  0.154857D+01 -0.331254D+03
  328.6694  0.146135D+01  0.146451D+01 -0.204253D+03
  328.8198  0.144965D+01  0.144820D+01  0.938647D+02
  328.9702  0.158283D+01  0.158903D+01 -0.397804D+03
  329.1205  0.175066D+01  0.175149D+01 -0.505320D+02
  329.2707  0.185127D+01  0.183415D+01  0.992205D+03
  329.4208  0.188186D+01  0.188187D+01 -0.570805D+00
  329.5710  0.190872D+01  0.190168D+01  0.398868D+03
  329.7209  0.190447D+01  0.190442D+01  0.286551D+01
  329.8709  0.192616D+01  0.192545D+01  0.395385D+02
  330.0208  0.198179D+01  0.197482D+01  0.386873D+03
  330.1707  0.195327D+01  0.196202D+01 -0.485439D+03
  330.3204  0.185052D+01  0.183247D+01  0.102261D+04
  330.4701  0.167779D+01  0.169050D+01 -0.776216D+03
  330.6197  0.156322D+01  0.157185D+01 -0.556429D+03
  330.7692  0.154653D+01  0.154272D+01  0.245356D+03
  330.9187  0.162902D+01  0.164236D+01 -0.825839D+03
  331.0682  0.173447D+01  0.173250D+01  0.114813D+03
  331.2175  0.172982D+01  0.172813D+01  0.985676D+02
  331.3668  0.165448D+01  0.165690D+01 -0.145193D+03
  331.5160  0.160563D+01  0.160354D+01  0.129856D+03
  331.6652  0.164684D+01  0.164196D+01  0.297486D+03
   31 328.669 333.153 330.911  2.428D-01  0.000D+00 -6.570D-05  0.000D+00  1.001D+00  4.925D+02   300  3.684D-03
  328.6694  0.146135D+01  0.146989D+01 -0.552435D+03
  328.8198  0.144965D+01  0.144806D+01  0.103010D+03
  328.9702  0.158283D+01  0.158773D+01 -0.314235D+03
  329.1205  0.175066D+01  0.175259D+01 -0.116922D+03
  329.2707  0.185127D+01  0.183502D+01  0.941597D+03
  329.4208  0.188186D+01  0.188242D+01 -0.321594D+02
  329.5710  0.190872D+01  0.190196D+01  0.382617D+03
  329.7209  0.190447D+01  0.190339D+01  0.608966D+02
  329.8709  0.192616D+01  0.192278D+01  0.188392D+03
  330.0208  0.198179D+01  0.197281D+01  0.498090D+03
  330.1707  0.195327D+01  0.196346D+01 -0.565182D+03
  330.3204  0.185052D+01  0.183396D+01  0.938178D+03
  330.4701  0.167779D+01  0.169171D+01 -0.849978D+03
  330.6197  0.156322D+01  0.157198D+01 -0.564932D+03
  330.7692  0.154653D+01  0.153938D+01  0.461004D+03
  330.9187  0.162902D+01  0.164025D+01 -0.695367D+03
  331.0682  0.173447D+01  0.173478D+01 -0.181771D+02
  331.2175  0.172982D+01  0.173396D+01 -0.241959D+03
  331.3668  0.165448D+01  0.166459D+01 -0.607560D+03
  331.5160  0.160563D+01  0.161073D+01 -0.316938D+03
  331.6652  0.164684D+01  0.165096D+01 -0.251008D+03
  331.8142  0.173622D+01  0.173642D+01 -0.118038D+02
  331.9633  0.177477D+01  0.176212D+01  0.723654D+03
  332.1122  0.171165D+01  0.170227D+01  0.549360D+03
  332.2611  0.159342D+01  0.159499D+01 -0.970591D+02
  332.4099  0.156619D+01  0.155225D+01  0.876325D+03
  332.5587  0.164184D+01  0.164272D+01 -0.529727D+02
  332.7074  0.171799D+01  0.171627D+01  0.995718D+02
  332.8560  0.167506D+01  0.166968D+01  0.316800D+03
  333.0046  0.161546D+01  0.161751D+01 -0.123865D+03
  333.1531  0.164283D+01  0.165472D+01 -0.713465D+03
   31 330.171 334.634 332.403  2.424D-01  0.000D+00  3.017D-03  0.000D+00  1.001D+00  4.868D+02 10300  3.346D-03
  330.1707  0.195327D+01  0.195526D+01 -0.110473D+03
  330.3204  0.185052D+01  0.182939D+01  0.119718D+04
  330.4701  0.167779D+01  0.168885D+01 -0.675426D+03
  330.6197  0.156322D+01  0.157009D+01 -0.443094D+03
  330.7692  0.154653D+01  0.153562D+01  0.702939D+03
  330.9187  0.162902D+01  0.163614D+01 -0.440831D+03
  331.0682  0.173447D+01  0.173344D+01  0.603167D+02
  331.2175  0.172982D+01  0.173540D+01 -0.325973D+03
  331.3668  0.165448D+01  0.166741D+01 -0.777455D+03
  331.5160  0.160563D+01  0.161226D+01 -0.411938D+03
  331.6652  0.164684D+01  0.165094D+01 -0.249423D+03
  331.8142  0.173622D+01  0.173719D+01 -0.564563D+02
  331.9633  0.177477D+01  0.176469D+01  0.576862D+03
  332.1122  0.171165D+01  0.170577D+01  0.344140D+03
  332.2611  0.159342D+01  0.159762D+01 -0.261049D+03
  332.4099  0.156619D+01  0.155107D+01  0.950526D+03
  332.5587  0.164184D+01  0.163891D+01  0.175458D+03
  332.7074  0.171799D+01  0.171318D+01  0.278882D+03
  332.8560  0.167506D+01  0.166630D+01  0.515978D+03
  333.0046  0.161546D+01  0.161055D+01  0.296961D+03
  333.1531  0.164283D+01  0.164370D+01 -0.521667D+02
  333.3015  0.169624D+01  0.169481D+01  0.835685D+02
  333.4499  0.164195D+01  0.164716D+01 -0.309973D+03
  333.5981  0.150437D+01  0.151316D+01 -0.557439D+03
  333.7464  0.144926D+01  0.145071D+01 -0.940908D+02
  333.8946  0.151805D+01  0.153068D+01 -0.790102D+03
  334.0427  0.161493D+01  0.161883D+01 -0.230851D+03
  334.1907  0.164336D+01  0.164784D+01 -0.260760D+03
  334.3387  0.169343D+01  0.169196D+01  0.832381D+02
  334.4866  0.177716D+01  0.177769D+01 -0.292044D+02
  334.6344  0.183185D+01  0.181849D+01  0.739152D+03
   23 331.665 334.930 333.298  2.419D-01  0.000D+00  4.592D-04  0.000D+00  1.000D+00  2.998D+02 10300  2.411D-03
  331.6652  0.164684D+01  0.164830D+01 -0.888436D+02
  331.8142  0.173622D+01  0.173904D+01 -0.164355D+03
  331.9633  0.177477D+01  0.176804D+01  0.384997D+03
  332.1122  0.171165D+01  0.170991D+01  0.102049D+03
  332.2611  0.159342D+01  0.160193D+01 -0.528596D+03
  332.4099  0.156619D+01  0.155733D+01  0.557292D+03
  332.5587  0.164184D+01  0.164754D+01 -0.341588D+03
  332.7074  0.171799D+01  0.171947D+01 -0.859289D+02
  332.8560  0.167506D+01  0.166952D+01  0.326400D+03
  333.0046  0.161546D+01  0.161277D+01  0.163236D+03
  333.1531  0.164283D+01  0.164595D+01 -0.187525D+03
  333.3015  0.169624D+01  0.169491D+01  0.778197D+02
  333.4499  0.164195D+01  0.164313D+01 -0.701975D+02
  333.5981  0.150437D+01  0.150734D+01 -0.188693D+03
  333.7464  0.144926D+01  0.144623D+01  0.195925D+03
  333.8946  0.151805D+01  0.152722D+01 -0.573743D+03
  334.0427  0.161493D+01  0.161457D+01  0.212856D+02
  334.1907  0.164336D+01  0.164290D+01  0.269256D+02
  334.3387  0.169343D+01  0.168919D+01  0.240388D+03
  334.4866  0.177716D+01  0.177802D+01 -0.476377D+02
  334.6344  0.183185D+01  0.182054D+01  0.625985D+03
  334.7822  0.174600D+01  0.174909D+01 -0.168210D+03
  334.9299  0.160027D+01  0.160560D+01 -0.310282D+03
