 solar_fit_vary
           0
 T T
nw  fwave  lwave  avgwav    hwe     asym  shift    squeeze      sin      rms   exval  std
   31 263.853 274.461 269.157  3.968D-01  0.000D+00 -1.784D-02  0.000D+00  1.014D+00  3.203D+03 10300  3.103D-02
  263.8527  0.321686D+00  0.357884D+00 -0.929231D+04
  264.2192  0.447553D+00  0.410805D+00  0.100170D+05
  264.5846  0.360903D+00  0.379899D+00 -0.517786D+04
  264.9489  0.331495D+00  0.327393D+00  0.123327D+04
  265.3123  0.391818D+00  0.364235D+00  0.751871D+04
  265.6746  0.405181D+00  0.405835D+00 -0.178110D+03
  266.0360  0.373939D+00  0.386723D+00 -0.348466D+04
  266.3964  0.351945D+00  0.354223D+00 -0.652473D+03
  266.7559  0.354570D+00  0.349268D+00  0.149003D+04
  267.1144  0.353734D+00  0.358961D+00 -0.147423D+04
  267.4722  0.375266D+00  0.377959D+00 -0.733900D+03
  267.8289  0.351748D+00  0.361698D+00 -0.285233D+04
  268.1848  0.350785D+00  0.347477D+00  0.954283D+03
  268.5399  0.353877D+00  0.352777D+00  0.310105D+03
  268.8941  0.336572D+00  0.340312D+00 -0.118677D+04
  269.2476  0.334578D+00  0.335171D+00 -0.193337D+03
  269.6002  0.330049D+00  0.333607D+00 -0.121675D+04
  269.9520  0.369038D+00  0.362933D+00  0.166423D+04
  270.3031  0.402033D+00  0.397982D+00  0.110423D+04
  270.6534  0.390108D+00  0.388614D+00  0.407277D+03
  271.0030  0.370716D+00  0.367296D+00  0.932116D+03
  271.3518  0.355323D+00  0.349726D+00  0.155649D+04
  271.7000  0.300061D+00  0.297456D+00  0.982244D+03
  272.0475  0.242812D+00  0.244165D+00 -0.534175D+03
  272.3942  0.258130D+00  0.259775D+00 -0.640351D+03
  272.7404  0.306692D+00  0.312784D+00 -0.228004D+04
  273.0858  0.349349D+00  0.350575D+00 -0.356741D+03
  273.4306  0.305207D+00  0.304319D+00  0.333168D+03
  273.7748  0.240605D+00  0.237770D+00  0.113921D+04
  274.1184  0.198899D+00  0.197566D+00  0.605632D+03
  274.4614  0.182964D+00  0.184859D+00 -0.861225D+03
   31 267.472 277.861 272.667  3.884D-01  0.000D+00  3.304D-03  0.000D+00  1.008D+00  9.810D+02 10300  1.037D-02
  267.4722  0.375266D+00  0.371044D+00  0.115102D+04
  267.8289  0.351748D+00  0.359143D+00 -0.211982D+04
  268.1848  0.350785D+00  0.344279D+00  0.187707D+04
  268.5399  0.353877D+00  0.351956D+00  0.541453D+03
  268.8941  0.336572D+00  0.340936D+00 -0.138474D+04
  269.2476  0.334578D+00  0.335730D+00 -0.375800D+03
  269.6002  0.330049D+00  0.334262D+00 -0.144062D+04
  269.9520  0.369038D+00  0.361653D+00  0.201309D+04
  270.3031  0.402033D+00  0.399776D+00  0.615126D+03
  270.6534  0.390108D+00  0.392487D+00 -0.648360D+03
  271.0030  0.370716D+00  0.369415D+00  0.354564D+03
  271.3518  0.355323D+00  0.353505D+00  0.505445D+03
  271.7000  0.300061D+00  0.302357D+00 -0.865859D+03
  272.0475  0.242812D+00  0.244560D+00 -0.690181D+03
  272.3942  0.258130D+00  0.256344D+00  0.695816D+03
  272.7404  0.306692D+00  0.307823D+00 -0.423195D+03
  273.0858  0.349349D+00  0.349800D+00 -0.131167D+03
  273.4306  0.305207D+00  0.306136D+00 -0.348166D+03
  273.7748  0.240605D+00  0.237907D+00  0.108442D+04
  274.1184  0.198899D+00  0.195911D+00  0.135742D+04
  274.4614  0.182964D+00  0.181632D+00  0.605199D+03
  274.8038  0.183105D+00  0.183754D+00 -0.294940D+03
  275.1457  0.214997D+00  0.214910D+00  0.383390D+02
  275.4870  0.247890D+00  0.246184D+00  0.664207D+03
  275.8277  0.290289D+00  0.292967D+00 -0.100461D+04
  276.1679  0.346488D+00  0.345747D+00  0.218674D+03
  276.5075  0.361051D+00  0.365060D+00 -0.109285D+04
  276.8467  0.364493D+00  0.367039D+00 -0.694037D+03
  277.1853  0.369900D+00  0.372953D+00 -0.832112D+03
  277.5235  0.362154D+00  0.359682D+00  0.674034D+03
  277.8612  0.299060D+00  0.296111D+00  0.100480D+04
   31 271.003 281.213 276.108  3.824D-01  0.000D+00  6.136D-03  0.000D+00  1.002D+00  8.674D+02 10300  8.802D-03
  271.0030  0.370716D+00  0.367652D+00  0.835178D+03
  271.3518  0.355323D+00  0.353315D+00  0.558331D+03
  271.7000  0.300061D+00  0.302836D+00 -0.104637D+04
  272.0475  0.242812D+00  0.244127D+00 -0.519248D+03
  272.3942  0.258130D+00  0.256150D+00  0.771330D+03
  272.7404  0.306692D+00  0.308034D+00 -0.502274D+03
  273.0858  0.349349D+00  0.351862D+00 -0.730954D+03
  273.4306  0.305207D+00  0.307851D+00 -0.991153D+03
  273.7748  0.240605D+00  0.238809D+00  0.721905D+03
  274.1184  0.198899D+00  0.196458D+00  0.110913D+04
  274.4614  0.182964D+00  0.182025D+00  0.426477D+03
  274.8038  0.183105D+00  0.183691D+00 -0.266440D+03
  275.1457  0.214997D+00  0.214853D+00  0.636896D+02
  275.4870  0.247890D+00  0.245926D+00  0.764698D+03
  275.8277  0.290289D+00  0.292024D+00 -0.650738D+03
  276.1679  0.346488D+00  0.345274D+00  0.358393D+03
  276.5075  0.361051D+00  0.364030D+00 -0.812004D+03
  276.8467  0.364493D+00  0.365315D+00 -0.224067D+03
  277.1853  0.369900D+00  0.370888D+00 -0.269195D+03
  277.5235  0.362154D+00  0.358145D+00  0.109290D+04
  277.8612  0.299060D+00  0.293831D+00  0.178159D+04
  278.1984  0.250179D+00  0.250652D+00 -0.177426D+03
  278.5351  0.237654D+00  0.238725D+00 -0.413717D+03
  278.8714  0.204125D+00  0.203037D+00  0.423718D+03
  279.2072  0.147304D+00  0.147610D+00 -0.139007D+03
  279.5426  0.110961D+00  0.114919D+00 -0.215789D+04
  279.8776  0.102457D+00  0.105528D+00 -0.167406D+04
  280.2121  0.107541D+00  0.109273D+00 -0.589626D+03
  280.5462  0.133924D+00  0.134952D+00 -0.341785D+03
  280.8800  0.192463D+00  0.191480D+00  0.301419D+03
  281.2133  0.258235D+00  0.253577D+00  0.136901D+04
   31 274.461 284.527 279.494  3.727D-01  0.000D+00  1.691D-03  0.000D+00  1.009D+00  1.120D+03   304  1.571D-02
  274.4614  0.182964D+00  0.182154D+00  0.368017D+03
  274.8038  0.183105D+00  0.183303D+00 -0.901372D+02
  275.1457  0.214997D+00  0.215377D+00 -0.167206D+03
  275.4870  0.247890D+00  0.245577D+00  0.900470D+03
  275.8277  0.290289D+00  0.292462D+00 -0.815179D+03
  276.1679  0.346488D+00  0.345846D+00  0.189538D+03
  276.5075  0.361051D+00  0.364481D+00 -0.934941D+03
  276.8467  0.364493D+00  0.365144D+00 -0.177511D+03
  277.1853  0.369900D+00  0.371746D+00 -0.503223D+03
  277.5235  0.362154D+00  0.359353D+00  0.763700D+03
  277.8612  0.299060D+00  0.293192D+00  0.199947D+04
  278.1984  0.250179D+00  0.250562D+00 -0.143639D+03
  278.5351  0.237654D+00  0.239969D+00 -0.894141D+03
  278.8714  0.204125D+00  0.203546D+00  0.225482D+03
  279.2072  0.147304D+00  0.147036D+00  0.121803D+03
  279.5426  0.110961D+00  0.114576D+00 -0.197062D+04
  279.8776  0.102457D+00  0.105452D+00 -0.163235D+04
  280.2121  0.107541D+00  0.109023D+00 -0.504395D+03
  280.5462  0.133924D+00  0.134502D+00 -0.192322D+03
  280.8800  0.192463D+00  0.191094D+00  0.419838D+03
  281.2133  0.258235D+00  0.251526D+00  0.197177D+04
  281.5463  0.324892D+00  0.319945D+00  0.134843D+04
  281.8789  0.381823D+00  0.379685D+00  0.582720D+03
  282.2111  0.421278D+00  0.419788D+00  0.406049D+03
  282.5429  0.441836D+00  0.437667D+00  0.113642D+04
  282.8744  0.463833D+00  0.463163D+00  0.182736D+03
  283.2055  0.481774D+00  0.493100D+00 -0.308736D+04
  283.5363  0.466744D+00  0.473660D+00 -0.188498D+04
  283.8668  0.463889D+00  0.462107D+00  0.485686D+03
  284.1969  0.443018D+00  0.437164D+00  0.159555D+04
  284.5267  0.372185D+00  0.370617D+00  0.427655D+03
   31 277.861 287.807 282.834  3.798D-01  0.000D+00 -5.470D-04  0.000D+00  1.008D+00  1.104D+03 10300  9.001D-03
  277.8612  0.299060D+00  0.293845D+00  0.177685D+04
  278.1984  0.250179D+00  0.251779D+00 -0.599870D+03
  278.5351  0.237654D+00  0.240337D+00 -0.103643D+04
  278.8714  0.204125D+00  0.203641D+00  0.188433D+03
  279.2072  0.147304D+00  0.147580D+00 -0.125619D+03
  279.5426  0.110961D+00  0.115117D+00 -0.226545D+04
  279.8776  0.102457D+00  0.105803D+00 -0.182383D+04
  280.2121  0.107541D+00  0.109499D+00 -0.666577D+03
  280.5462  0.133924D+00  0.135294D+00 -0.455289D+03
  280.8800  0.192463D+00  0.191383D+00  0.331272D+03
  281.2133  0.258235D+00  0.251714D+00  0.191673D+04
  281.5463  0.324892D+00  0.319532D+00  0.146115D+04
  281.8789  0.381823D+00  0.378739D+00  0.840552D+03
  282.2111  0.421278D+00  0.418375D+00  0.791185D+03
  282.5429  0.441836D+00  0.436628D+00  0.141984D+04
  282.8744  0.463833D+00  0.462457D+00  0.375125D+03
  283.2055  0.481774D+00  0.491609D+00 -0.268092D+04
  283.5363  0.466744D+00  0.473832D+00 -0.193194D+04
  283.8668  0.463889D+00  0.462887D+00  0.273034D+03
  284.1969  0.443018D+00  0.438564D+00  0.121402D+04
  284.5267  0.372185D+00  0.372504D+00 -0.868664D+02
  284.8561  0.261970D+00  0.260849D+00  0.339399D+03
  285.1853  0.161462D+00  0.159729D+00  0.590424D+03
  285.5140  0.185962D+00  0.187543D+00 -0.522407D+03
  285.8426  0.321807D+00  0.323864D+00 -0.577767D+03
  286.1708  0.454697D+00  0.454603D+00  0.256539D+02
  286.4987  0.511817D+00  0.510925D+00  0.243155D+03
  286.8262  0.519493D+00  0.518708D+00  0.213854D+03
  287.1536  0.555499D+00  0.558086D+00 -0.705050D+03
  287.4805  0.558090D+00  0.555634D+00  0.669411D+03
  287.8073  0.469949D+00  0.470466D+00 -0.141013D+03
   31 281.213 291.059 286.136  3.787D-01  0.000D+00  4.681D-03  0.000D+00  1.001D+00  8.144D+02 10300  4.831D-03
  281.2133  0.258235D+00  0.255945D+00  0.672957D+03
  281.5463  0.324892D+00  0.323416D+00  0.402260D+03
  281.8789  0.381823D+00  0.382130D+00 -0.836701D+02
  282.2111  0.421278D+00  0.420980D+00  0.811958D+02
  282.5429  0.441836D+00  0.438186D+00  0.995066D+03
  282.8744  0.463833D+00  0.462638D+00  0.325585D+03
  283.2055  0.481774D+00  0.491592D+00 -0.267620D+04
  283.5363  0.466744D+00  0.473507D+00 -0.184331D+04
  283.8668  0.463889D+00  0.461919D+00  0.536969D+03
  284.1969  0.443018D+00  0.438159D+00  0.132440D+04
  284.5267  0.372185D+00  0.372834D+00 -0.176829D+03
  284.8561  0.261970D+00  0.262100D+00 -0.393355D+02
  285.1853  0.161462D+00  0.159824D+00  0.558047D+03
  285.5140  0.185962D+00  0.185344D+00  0.204224D+03
  285.8426  0.321807D+00  0.320802D+00  0.282487D+03
  286.1708  0.454697D+00  0.452466D+00  0.608054D+03
  286.4987  0.511817D+00  0.510042D+00  0.483816D+03
  286.8262  0.519493D+00  0.517728D+00  0.481072D+03
  287.1536  0.555499D+00  0.556792D+00 -0.352350D+03
  287.4805  0.558090D+00  0.555740D+00  0.640693D+03
  287.8073  0.469949D+00  0.471282D+00 -0.363213D+03
  288.1337  0.375883D+00  0.375625D+00  0.703078D+02
  288.4598  0.448333D+00  0.449666D+00 -0.363359D+03
  288.7857  0.580231D+00  0.576003D+00  0.115255D+04
  289.1112  0.613183D+00  0.614179D+00 -0.271599D+03
  289.4365  0.670108D+00  0.672771D+00 -0.725783D+03
  289.7615  0.785541D+00  0.789506D+00 -0.108077D+04
  290.0862  0.895703D+00  0.896228D+00 -0.143248D+03
  290.4107  0.945356D+00  0.944809D+00  0.148946D+03
  290.7349  0.920147D+00  0.921470D+00 -0.360551D+03
  291.0588  0.890996D+00  0.887591D+00  0.928080D+03
   31 284.527 294.282 289.405  3.644D-01  0.000D+00  5.906D-03  0.000D+00  1.004D+00  1.040D+03 10300  4.685D-03
  284.5267  0.372185D+00  0.374279D+00 -0.570693D+03
  284.8561  0.261970D+00  0.262953D+00 -0.297800D+03
  285.1853  0.161462D+00  0.156772D+00  0.159804D+04
  285.5140  0.185962D+00  0.182502D+00  0.114317D+04
  285.8426  0.321807D+00  0.321372D+00  0.122202D+03
  286.1708  0.454697D+00  0.455451D+00 -0.205699D+03
  286.4987  0.511817D+00  0.512766D+00 -0.258756D+03
  286.8262  0.519493D+00  0.517230D+00  0.616789D+03
  287.1536  0.555499D+00  0.558989D+00 -0.951259D+03
  287.4805  0.558090D+00  0.558637D+00 -0.149136D+03
  287.8073  0.469949D+00  0.473015D+00 -0.835824D+03
  288.1337  0.375883D+00  0.370306D+00  0.152026D+04
  288.4598  0.448333D+00  0.447630D+00  0.191561D+03
  288.7857  0.580231D+00  0.578440D+00  0.488228D+03
  289.1112  0.613183D+00  0.612534D+00  0.176771D+03
  289.4365  0.670108D+00  0.669757D+00  0.957183D+02
  289.7615  0.785541D+00  0.788378D+00 -0.773352D+03
  290.0862  0.895703D+00  0.896937D+00 -0.336516D+03
  290.4107  0.945356D+00  0.946889D+00 -0.418014D+03
  290.7349  0.920147D+00  0.923340D+00 -0.870458D+03
  291.0588  0.890996D+00  0.888767D+00  0.607593D+03
  291.3824  0.902606D+00  0.893620D+00  0.244956D+04
  291.7058  0.863291D+00  0.858057D+00  0.142681D+04
  292.0288  0.840676D+00  0.845265D+00 -0.125091D+04
  292.3516  0.799594D+00  0.804508D+00 -0.133946D+04
  292.6741  0.728394D+00  0.735818D+00 -0.179025D+04
  292.9963  0.789093D+00  0.792026D+00 -0.799502D+03
  293.3182  0.899561D+00  0.892689D+00  0.187308D+04
  293.6399  0.821533D+00  0.817824D+00  0.101094D+04
  293.9613  0.730953D+00  0.736860D+00 -0.161018D+04
  294.2824  0.792768D+00  0.791437D+00  0.362947D+03
   31 287.807 297.477 292.642  3.490D-01  0.000D+00  5.378D-03  0.000D+00  1.000D+00  1.160D+03   304  4.372D-03
  287.8073  0.469949D+00  0.475965D+00 -0.163989D+04
  288.1337  0.375883D+00  0.365091D+00  0.294175D+04
  288.4598  0.448333D+00  0.447441D+00  0.243083D+03
  288.7857  0.580231D+00  0.582627D+00 -0.653149D+03
  289.1112  0.613183D+00  0.611828D+00  0.369442D+03
  289.4365  0.670108D+00  0.667594D+00  0.685355D+03
  289.7615  0.785541D+00  0.788618D+00 -0.838683D+03
  290.0862  0.895703D+00  0.897949D+00 -0.612347D+03
  290.4107  0.945356D+00  0.948102D+00 -0.748461D+03
  290.7349  0.920147D+00  0.922832D+00 -0.731871D+03
  291.0588  0.890996D+00  0.886352D+00  0.126595D+04
  291.3824  0.902606D+00  0.894997D+00  0.207409D+04
  291.7058  0.863291D+00  0.856208D+00  0.193059D+04
  292.0288  0.840676D+00  0.845729D+00 -0.137741D+04
  292.3516  0.799594D+00  0.805380D+00 -0.157714D+04
  292.6741  0.728394D+00  0.731856D+00 -0.834676D+03
  292.9963  0.789093D+00  0.790570D+00 -0.402655D+03
  293.3182  0.899561D+00  0.899149D+00  0.112137D+03
  293.6399  0.821533D+00  0.818034D+00  0.953858D+03
  293.9613  0.730953D+00  0.732254D+00 -0.354523D+03
  294.2824  0.792768D+00  0.793704D+00 -0.254984D+03
  294.6032  0.803191D+00  0.806405D+00 -0.875969D+03
  294.9237  0.735740D+00  0.738829D+00 -0.842059D+03
  295.2439  0.820767D+00  0.819327D+00  0.392468D+03
  295.5638  0.856546D+00  0.851690D+00  0.132346D+04
  295.8834  0.886493D+00  0.886321D+00  0.468837D+02
  296.2027  0.920060D+00  0.915647D+00  0.120285D+04
  296.5217  0.781740D+00  0.780016D+00  0.469864D+03
  296.8404  0.618395D+00  0.627272D+00 -0.241977D+04
  297.1587  0.658310D+00  0.659264D+00 -0.259931D+03
  297.4767  0.806305D+00  0.805096D+00  0.329592D+03
   31 291.059 300.638 295.848  3.288D-01  0.000D+00  4.915D-03  0.000D+00  1.008D+00  5.190D+03 10300  1.314D-02
  291.0588  0.890996D+00  0.902527D+00 -0.314312D+04
  291.3824  0.902606D+00  0.908572D+00 -0.162623D+04
  291.7058  0.863291D+00  0.856855D+00  0.175443D+04
  292.0288  0.840676D+00  0.844624D+00 -0.107608D+04
  292.3516  0.799594D+00  0.800856D+00 -0.344019D+03
  292.6741  0.728394D+00  0.718355D+00  0.242082D+04
  292.9963  0.789093D+00  0.777641D+00  0.312166D+04
  293.3182  0.899561D+00  0.895117D+00  0.121119D+04
  293.6399  0.821533D+00  0.807199D+00  0.390729D+04
  293.9613  0.730953D+00  0.717168D+00  0.375760D+04
  294.2824  0.792768D+00  0.788586D+00  0.114018D+04
  294.6032  0.803191D+00  0.806238D+00 -0.830383D+03
  294.9237  0.735740D+00  0.727702D+00  0.219087D+04
  295.2439  0.820767D+00  0.825414D+00 -0.126682D+04
  295.5638  0.856546D+00  0.855393D+00  0.314098D+03
  295.8834  0.886493D+00  0.895041D+00 -0.232999D+04
  296.2027  0.920060D+00  0.936130D+00 -0.438051D+04
  296.5217  0.781740D+00  0.795672D+00 -0.379753D+04
  296.8404  0.618395D+00  0.633951D+00 -0.424016D+04
  297.1587  0.658310D+00  0.673740D+00 -0.420601D+04
  297.4767  0.806305D+00  0.827798D+00 -0.585866D+04
  297.7944  0.974709D+00  0.990263D+00 -0.423952D+04
  298.1117  0.808407D+00  0.810882D+00 -0.674712D+03
  298.4288  0.576982D+00  0.576262D+00  0.196395D+03
  298.7455  0.640250D+00  0.622468D+00  0.484697D+04
  299.0617  0.854756D+00  0.800644D+00  0.147501D+05
  299.3777  0.819495D+00  0.764969D+00  0.148629D+05
  299.6933  0.782943D+00  0.766018D+00  0.461332D+04
  300.0085  0.672672D+00  0.686992D+00 -0.390351D+04
  300.3234  0.562897D+00  0.593300D+00 -0.828741D+04
  300.6378  0.678680D+00  0.709059D+00 -0.828071D+04
   31 294.282 303.759 299.021  3.225D-01  0.000D+00  1.566D-04  0.000D+00  1.005D+00  6.837D+03 10300  1.627D-02
  294.2824  0.792768D+00  0.775589D+00  0.468273D+04
  294.6032  0.803191D+00  0.799233D+00  0.107891D+04
  294.9237  0.735740D+00  0.722463D+00  0.361912D+04
  295.2439  0.820767D+00  0.829808D+00 -0.246438D+04
  295.5638  0.856546D+00  0.857926D+00 -0.376344D+03
  295.8834  0.886493D+00  0.899560D+00 -0.356193D+04
  296.2027  0.920060D+00  0.941137D+00 -0.574541D+04
  296.5217  0.781740D+00  0.793715D+00 -0.326406D+04
  296.8404  0.618395D+00  0.630574D+00 -0.331976D+04
  297.1587  0.658310D+00  0.671619D+00 -0.362786D+04
  297.4767  0.806305D+00  0.824485D+00 -0.495557D+04
  297.7944  0.974709D+00  0.984786D+00 -0.274660D+04
  298.1117  0.808407D+00  0.796184D+00  0.333173D+04
  298.4288  0.576982D+00  0.562527D+00  0.394040D+04
  298.7455  0.640250D+00  0.612941D+00  0.744376D+04
  299.0617  0.854756D+00  0.791271D+00  0.173050D+05
  299.3777  0.819495D+00  0.749804D+00  0.189965D+05
  299.6933  0.782943D+00  0.757500D+00  0.693536D+04
  300.0085  0.672672D+00  0.677913D+00 -0.142872D+04
  300.3234  0.562897D+00  0.589695D+00 -0.730464D+04
  300.6378  0.678680D+00  0.717020D+00 -0.104509D+05
  300.9519  0.700952D+00  0.747507D+00 -0.126902D+05
  301.2655  0.809964D+00  0.842903D+00 -0.897859D+04
  301.5788  0.809992D+00  0.829878D+00 -0.542049D+04
  301.8916  0.625013D+00  0.631503D+00 -0.176907D+04
  302.2041  0.587164D+00  0.584191D+00  0.810381D+03
  302.5160  0.797392D+00  0.782218D+00  0.413615D+04
  302.8275  0.960681D+00  0.941497D+00  0.516075D+04
  303.1386  0.104110D+01  0.102166D+01  0.398316D+04
  303.4492  0.109394D+01  0.108784D+01  0.989693D+03
  303.7594  0.966261D+00  0.974571D+00 -0.193120D+04
   31 297.477 306.832 302.155  3.208D-01  0.000D+00  1.498D-03  0.000D+00  9.987D-01  7.040D+03 10000  1.613D-02
  297.4767  0.806305D+00  0.837193D+00 -0.841965D+04
  297.7944  0.974709D+00  0.997212D+00 -0.613394D+04
  298.1117  0.808407D+00  0.803415D+00  0.136073D+04
  298.4288  0.576982D+00  0.564553D+00  0.338801D+04
  298.7455  0.640250D+00  0.613259D+00  0.735710D+04
  299.0617  0.854756D+00  0.793190D+00  0.167818D+05
  299.3777  0.819495D+00  0.751250D+00  0.186025D+05
  299.6933  0.782943D+00  0.759441D+00  0.640613D+04
  300.0085  0.672672D+00  0.681003D+00 -0.227110D+04
  300.3234  0.562897D+00  0.591030D+00 -0.766841D+04
  300.6378  0.678680D+00  0.721370D+00 -0.116367D+05
  300.9519  0.700952D+00  0.751780D+00 -0.138547D+05
  301.2655  0.809964D+00  0.849359D+00 -0.107383D+05
  301.5788  0.809992D+00  0.837723D+00 -0.755901D+04
  301.8916  0.625013D+00  0.636745D+00 -0.319788D+04
  302.2041  0.587164D+00  0.586560D+00  0.164771D+03
  302.5160  0.797392D+00  0.785489D+00  0.324467D+04
  302.8275  0.960681D+00  0.942750D+00  0.482359D+04
  303.1386  0.104110D+01  0.101845D+01  0.464154D+04
  303.4492  0.109394D+01  0.107945D+01  0.235175D+04
  303.7594  0.966261D+00  0.959715D+00  0.152110D+04
  304.0690  0.890564D+00  0.883163D+00  0.201725D+04
  304.3782  0.972185D+00  0.960993D+00  0.245634D+04
  304.6869  0.100559D+01  0.988453D+00  0.337737D+04
  304.9951  0.101293D+01  0.994256D+00  0.344337D+04
  305.3026  0.111264D+01  0.110731D+01  0.727392D+03
  305.6097  0.930971D+00  0.944681D+00 -0.306574D+04
  305.9163  0.772501D+00  0.777039D+00 -0.123691D+04
  306.2222  0.928048D+00  0.928757D+00 -0.131356D+03
  306.5276  0.916277D+00  0.931971D+00 -0.234340D+04
  306.8325  0.895189D+00  0.910290D+00 -0.205811D+04
   31 300.638 309.846 305.242  3.143D-01  0.000D+00 -8.829D-03  0.000D+00  1.025D+00  1.424D+03 10300  4.171D-03
  300.6378  0.678680D+00  0.667793D+00  0.296752D+04
  300.9519  0.700952D+00  0.707511D+00 -0.178782D+04
  301.2655  0.809964D+00  0.817637D+00 -0.209142D+04
  301.5788  0.809992D+00  0.814282D+00 -0.116925D+04
  301.8916  0.625013D+00  0.618872D+00  0.167391D+04
  302.2041  0.587164D+00  0.586177D+00  0.269116D+03
  302.5160  0.797392D+00  0.795150D+00  0.611160D+03
  302.8275  0.960681D+00  0.957861D+00  0.758648D+03
  303.1386  0.104110D+01  0.103330D+01  0.159874D+04
  303.4492  0.109394D+01  0.109935D+01 -0.876414D+03
  303.7594  0.966261D+00  0.968565D+00 -0.535405D+03
  304.0690  0.890564D+00  0.896512D+00 -0.162137D+04
  304.3782  0.972185D+00  0.979121D+00 -0.152220D+04
  304.6869  0.100559D+01  0.998053D+00  0.148572D+04
  304.9951  0.101293D+01  0.100473D+01  0.151118D+04
  305.3026  0.111264D+01  0.111530D+01 -0.361860D+03
  305.6097  0.930971D+00  0.935879D+00 -0.109751D+04
  305.9163  0.772501D+00  0.768267D+00  0.115408D+04
  306.2222  0.928048D+00  0.927900D+00  0.275463D+02
  306.5276  0.916277D+00  0.914842D+00  0.214137D+03
  306.8325  0.895189D+00  0.893526D+00  0.226780D+03
  307.1367  0.104100D+01  0.102774D+01  0.180798D+04
  307.4403  0.103066D+01  0.102648D+01  0.570242D+03
  307.7433  0.102061D+01  0.102263D+01 -0.275000D+03
  308.0457  0.102746D+01  0.103182D+01 -0.594428D+03
  308.3474  0.995425D+00  0.101727D+01 -0.297792D+04
  308.6485  0.107495D+01  0.107513D+01 -0.234654D+02
  308.9488  0.952544D+00  0.945021D+00  0.102533D+04
  309.2485  0.775133D+00  0.783979D+00 -0.120569D+04
  309.5475  0.783642D+00  0.792215D+00 -0.116853D+04
  309.8457  0.788717D+00  0.764551D+00  0.295363D+04
   21 303.759 309.846 306.803  3.147D-01  0.000D+00 -7.995D-03  0.000D+00  1.010D+00  1.241D+03   300  5.038D-03
  303.7594  0.966261D+00  0.961948D+00  0.100219D+04
  304.0690  0.890564D+00  0.893210D+00 -0.721466D+03
  304.3782  0.972185D+00  0.977779D+00 -0.122765D+04
  304.6869  0.100559D+01  0.999130D+00  0.127340D+04
  304.9951  0.101293D+01  0.100655D+01  0.117702D+04
  305.3026  0.111264D+01  0.111804D+01 -0.735283D+03
  305.6097  0.930971D+00  0.939074D+00 -0.181198D+04
  305.9163  0.772501D+00  0.770293D+00  0.601798D+03
  306.2222  0.928048D+00  0.928797D+00 -0.138796D+03
  306.5276  0.916277D+00  0.915831D+00  0.665279D+02
  306.8325  0.895189D+00  0.893199D+00  0.271223D+03
  307.1367  0.104100D+01  0.102613D+01  0.202624D+04
  307.4403  0.103066D+01  0.102448D+01  0.842189D+03
  307.7433  0.102061D+01  0.101979D+01  0.111659D+03
  308.0457  0.102746D+01  0.102871D+01 -0.170572D+03
  308.3474  0.995425D+00  0.101417D+01 -0.255529D+04
  308.6485  0.107495D+01  0.107241D+01  0.346642D+03
  308.9488  0.952544D+00  0.944310D+00  0.112224D+04
  309.2485  0.775133D+00  0.784894D+00 -0.133038D+04
  309.5475  0.783642D+00  0.794637D+00 -0.149860D+04
  309.8457  0.788717D+00  0.770005D+00  0.228699D+04
   31 310.128 314.876 312.502  2.316D-01  0.000D+00  4.343D-03  0.000D+00  1.003D+00  8.636D+02   300  4.512D-03
  310.1276  0.695733D+00  0.689274D+00  0.497975D+03
  310.2870  0.795896D+00  0.805659D+00 -0.752666D+03
  310.4464  0.105144D+01  0.106943D+01 -0.134655D+04
  310.6057  0.124097D+01  0.123165D+01  0.646491D+03
  310.7648  0.132453D+01  0.132014D+01  0.305747D+03
  310.9240  0.136952D+01  0.137248D+01 -0.212141D+03
  311.0830  0.135618D+01  0.134451D+01  0.872623D+03
  311.2419  0.133059D+01  0.132535D+01  0.397801D+03
  311.4008  0.132554D+01  0.131832D+01  0.556968D+03
  311.5596  0.128324D+01  0.126638D+01  0.129965D+04
  311.7183  0.116054D+01  0.116677D+01 -0.498743D+03
  311.8769  0.103888D+01  0.104737D+01 -0.791853D+03
  312.0354  0.966010D+00  0.979638D+00 -0.131333D+04
  312.1939  0.977989D+00  0.985741D+00 -0.747073D+03
  312.3522  0.106779D+01  0.106677D+01  0.923446D+02
  312.5106  0.110045D+01  0.111757D+01 -0.148753D+04
  312.6688  0.110916D+01  0.109586D+01  0.114700D+04
  312.8270  0.110055D+01  0.110883D+01 -0.713020D+03
  312.9850  0.114084D+01  0.113152D+01  0.730663D+03
  313.1430  0.112588D+01  0.111873D+01  0.579642D+03
  313.3009  0.109094D+01  0.108908D+01  0.154877D+03
  313.4587  0.108584D+01  0.107856D+01  0.613410D+03
  313.6165  0.112478D+01  0.112694D+01 -0.167181D+03
  313.7742  0.124314D+01  0.123084D+01  0.948282D+03
  313.9318  0.132016D+01  0.132636D+01 -0.477500D+03
  314.0893  0.135001D+01  0.133251D+01  0.134929D+04
  314.2467  0.119367D+01  0.121258D+01 -0.145781D+04
  314.4041  0.954480D+00  0.962303D+00 -0.722163D+03
  314.5614  0.833734D+00  0.830871D+00  0.275907D+03
  314.7186  0.936197D+00  0.949303D+00 -0.121714D+04
  314.8757  0.114073D+01  0.112558D+01  0.116844D+04
   31 311.718 316.443 314.081  2.326D-01  0.000D+00 -2.885D-04  0.000D+00  1.007D+00  7.416D+02 10300  3.991D-03
  311.7183  0.116054D+01  0.115084D+01  0.777681D+03
  311.8769  0.103888D+01  0.103609D+01  0.260466D+03
  312.0354  0.966010D+00  0.973232D+00 -0.695995D+03
  312.1939  0.977989D+00  0.983563D+00 -0.537204D+03
  312.3522  0.106779D+01  0.106651D+01  0.116149D+03
  312.5106  0.110045D+01  0.111579D+01 -0.133276D+04
  312.6688  0.110916D+01  0.109554D+01  0.117429D+04
  312.8270  0.110055D+01  0.111081D+01 -0.883562D+03
  312.9850  0.114084D+01  0.113307D+01  0.608764D+03
  313.1430  0.112588D+01  0.111991D+01  0.483559D+03
  313.3009  0.109094D+01  0.109055D+01  0.322196D+02
  313.4587  0.108584D+01  0.108140D+01  0.374306D+03
  313.6165  0.112478D+01  0.113172D+01 -0.537462D+03
  313.7742  0.124314D+01  0.123592D+01  0.556681D+03
  313.9318  0.132016D+01  0.132893D+01 -0.676230D+03
  314.0893  0.135001D+01  0.133083D+01  0.147860D+04
  314.2467  0.119367D+01  0.120517D+01 -0.886871D+03
  314.4041  0.954480D+00  0.954142D+00  0.312533D+02
  314.5614  0.833734D+00  0.830449D+00  0.316604D+03
  314.7186  0.936197D+00  0.951126D+00 -0.138636D+04
  314.8757  0.114073D+01  0.112404D+01  0.128648D+04
  315.0328  0.121956D+01  0.122589D+01 -0.488050D+03
  315.1898  0.124791D+01  0.124022D+01  0.593372D+03
  315.3467  0.122224D+01  0.122907D+01 -0.526887D+03
  315.5035  0.118700D+01  0.118255D+01  0.343678D+03
  315.6602  0.104855D+01  0.105688D+01 -0.690500D+03
  315.8169  0.870419D+00  0.868842D+00  0.151968D+03
  315.9735  0.751234D+00  0.756029D+00 -0.462083D+03
  316.1300  0.782096D+00  0.786769D+00 -0.450346D+03
  316.2864  0.924194D+00  0.912346D+00  0.111708D+04
  316.4428  0.103499D+01  0.103760D+01 -0.222513D+03
   31 313.301 318.002 315.652  2.339D-01  0.000D+00 -1.109D-03  0.000D+00  1.009D+00  6.479D+02   300  3.289D-03
  313.3009  0.109094D+01  0.109109D+01 -0.132347D+02
  313.4587  0.108584D+01  0.108263D+01  0.270199D+03
  313.6165  0.112478D+01  0.113337D+01 -0.665645D+03
  313.7742  0.124314D+01  0.123758D+01  0.428681D+03
  313.9318  0.132016D+01  0.132951D+01 -0.720953D+03
  314.0893  0.135001D+01  0.133064D+01  0.149282D+04
  314.2467  0.119367D+01  0.120373D+01 -0.775417D+03
  314.4041  0.954480D+00  0.954177D+00  0.279478D+02
  314.5614  0.833734D+00  0.832342D+00  0.134171D+03
  314.7186  0.936197D+00  0.951960D+00 -0.146384D+04
  314.8757  0.114073D+01  0.112388D+01  0.129920D+04
  315.0328  0.121956D+01  0.122440D+01 -0.373246D+03
  315.1898  0.124791D+01  0.123923D+01  0.669581D+03
  315.3467  0.122224D+01  0.122752D+01 -0.407150D+03
  315.5035  0.118700D+01  0.118063D+01  0.491522D+03
  315.6602  0.104855D+01  0.105472D+01 -0.511588D+03
  315.8169  0.870419D+00  0.867917D+00  0.241139D+03
  315.9735  0.751234D+00  0.756790D+00 -0.535436D+03
  316.1300  0.782096D+00  0.788322D+00 -0.600027D+03
  316.2864  0.924194D+00  0.914492D+00  0.914785D+03
  316.4428  0.103499D+01  0.103996D+01 -0.423795D+03
  316.5991  0.111008D+01  0.109736D+01  0.980474D+03
  316.7553  0.113232D+01  0.113915D+01 -0.526763D+03
  316.9114  0.119523D+01  0.119650D+01 -0.977767D+02
  317.0675  0.132092D+01  0.131958D+01  0.103517D+03
  317.2235  0.145036D+01  0.145549D+01 -0.394283D+03
  317.3794  0.148164D+01  0.148117D+01  0.356012D+02
  317.5352  0.145482D+01  0.144629D+01  0.647954D+03
  317.6910  0.140896D+01  0.141107D+01 -0.161750D+03
  317.8467  0.125491D+01  0.126082D+01 -0.455860D+03
  318.0023  0.102726D+01  0.102419D+01  0.254578D+03
   31 314.876 319.554 317.215  2.331D-01  0.000D+00 -1.446D-03  0.000D+00  1.011D+00  5.582D+02 10300  3.087D-03
  314.8757  0.114073D+01  0.113256D+01  0.629899D+03
  315.0328  0.121956D+01  0.123069D+01 -0.858650D+03
  315.1898  0.124791D+01  0.124280D+01  0.393742D+03
  315.3467  0.122224D+01  0.122923D+01 -0.538661D+03
  315.5035  0.118700D+01  0.118099D+01  0.463587D+03
  315.6602  0.104855D+01  0.105398D+01 -0.450263D+03
  315.8169  0.870419D+00  0.866267D+00  0.400158D+03
  315.9735  0.751234D+00  0.755117D+00 -0.374188D+03
  316.1300  0.782096D+00  0.787018D+00 -0.474353D+03
  316.2864  0.924194D+00  0.913558D+00  0.100282D+04
  316.4428  0.103499D+01  0.103920D+01 -0.359314D+03
  316.5991  0.111008D+01  0.109646D+01  0.104985D+04
  316.7553  0.113232D+01  0.113852D+01 -0.477962D+03
  316.9114  0.119523D+01  0.119604D+01 -0.617309D+02
  317.0675  0.132092D+01  0.131976D+01  0.896760D+02
  317.2235  0.145036D+01  0.145636D+01 -0.461441D+03
  317.3794  0.148164D+01  0.148158D+01  0.464839D+01
  317.5352  0.145482D+01  0.144617D+01  0.657619D+03
  317.6910  0.140896D+01  0.141096D+01 -0.153411D+03
  317.8467  0.125491D+01  0.125960D+01 -0.361950D+03
  318.0023  0.102726D+01  0.102143D+01  0.483269D+03
  318.1578  0.887698D+00  0.900497D+00 -0.121368D+04
  318.3133  0.922492D+00  0.923482D+00 -0.904197D+02
  318.4687  0.101659D+01  0.101580D+01  0.634866D+02
  318.6240  0.111660D+01  0.112065D+01 -0.311729D+03
  318.7792  0.122539D+01  0.122203D+01  0.258543D+03
  318.9344  0.132570D+01  0.131508D+01  0.819475D+03
  319.0895  0.126819D+01  0.127261D+01 -0.340941D+03
  319.2445  0.108913D+01  0.107802D+01  0.856866D+03
  319.3994  0.987565D+00  0.988260D+00 -0.575115D+02
  319.5543  0.105412D+01  0.106284D+01 -0.672336D+03
   31 316.443 321.099 318.771  2.329D-01  0.000D+00 -1.625D-04  0.000D+00  1.011D+00  5.406D+02   304  3.176D-03
  316.4428  0.103499D+01  0.103985D+01 -0.414598D+03
  316.5991  0.111008D+01  0.109731D+01  0.984692D+03
  316.7553  0.113232D+01  0.113925D+01 -0.534640D+03
  316.9114  0.119523D+01  0.119623D+01 -0.770142D+02
  317.0675  0.132092D+01  0.131905D+01  0.144806D+03
  317.2235  0.145036D+01  0.145604D+01 -0.436922D+03
  317.3794  0.148164D+01  0.148158D+01  0.453961D+01
  317.5352  0.145482D+01  0.144551D+01  0.707509D+03
  317.6910  0.140896D+01  0.140985D+01 -0.683126D+02
  317.8467  0.125491D+01  0.125953D+01 -0.356511D+03
  318.0023  0.102726D+01  0.102105D+01  0.514557D+03
  318.1578  0.887698D+00  0.898755D+00 -0.104849D+04
  318.3133  0.922492D+00  0.920951D+00  0.140822D+03
  318.4687  0.101659D+01  0.101343D+01  0.253126D+03
  318.6240  0.111660D+01  0.111872D+01 -0.163242D+03
  318.7792  0.122539D+01  0.122116D+01  0.325917D+03
  318.9344  0.132570D+01  0.131588D+01  0.757719D+03
  319.0895  0.126819D+01  0.127712D+01 -0.688480D+03
  319.2445  0.108913D+01  0.108373D+01  0.416441D+03
  319.3994  0.987565D+00  0.993853D+00 -0.520309D+03
  319.5543  0.105412D+01  0.107082D+01 -0.128782D+04
  319.7091  0.118951D+01  0.117830D+01  0.864437D+03
  319.8638  0.129853D+01  0.129497D+01  0.274555D+03
  320.0185  0.135427D+01  0.135314D+01  0.871661D+02
  320.1731  0.136460D+01  0.135891D+01  0.438080D+03
  320.3276  0.140300D+01  0.140918D+01 -0.463705D+03
  320.4820  0.147305D+01  0.147954D+01 -0.469129D+03
  320.6364  0.151495D+01  0.150652D+01  0.581867D+03
  320.7906  0.144334D+01  0.144668D+01 -0.241454D+03
  320.9448  0.129481D+01  0.129028D+01  0.349169D+03
  321.0990  0.110651D+01  0.111007D+01 -0.274536D+03
   31 318.002 322.636 320.319  2.317D-01  0.000D+00  4.255D-04  0.000D+00  1.004D+00  6.257D+02 10300  4.094D-03
  318.0023  0.102726D+01  0.102049D+01  0.560962D+03
  318.1578  0.887698D+00  0.897938D+00 -0.970948D+03
  318.3133  0.922492D+00  0.920565D+00  0.176103D+03
  318.4687  0.101659D+01  0.101350D+01  0.248121D+03
  318.6240  0.111660D+01  0.111901D+01 -0.185996D+03
  318.7792  0.122539D+01  0.122145D+01  0.303373D+03
  318.9344  0.132570D+01  0.131737D+01  0.642301D+03
  319.0895  0.126819D+01  0.127965D+01 -0.883701D+03
  319.2445  0.108913D+01  0.108427D+01  0.374934D+03
  319.3994  0.987565D+00  0.993156D+00 -0.462633D+03
  319.5543  0.105412D+01  0.107075D+01 -0.128268D+04
  319.7091  0.118951D+01  0.117791D+01  0.894250D+03
  319.8638  0.129853D+01  0.129489D+01  0.280771D+03
  320.0185  0.135427D+01  0.135319D+01  0.836467D+02
  320.1731  0.136460D+01  0.135788D+01  0.517614D+03
  320.3276  0.140300D+01  0.140789D+01 -0.366789D+03
  320.4820  0.147305D+01  0.147846D+01 -0.390721D+03
  320.6364  0.151495D+01  0.150565D+01  0.641843D+03
  320.7906  0.144334D+01  0.144630D+01 -0.214287D+03
  320.9448  0.129481D+01  0.128973D+01  0.391511D+03
  321.0990  0.110651D+01  0.110905D+01 -0.195935D+03
  321.2530  0.993338D+00  0.997809D+00 -0.344983D+03
  321.4070  0.972807D+00  0.976822D+00 -0.318595D+03
  321.5609  0.104094D+01  0.104439D+01 -0.250121D+03
  321.7148  0.115534D+01  0.115912D+01 -0.291285D+03
  321.8686  0.129219D+01  0.128611D+01  0.467423D+03
  322.0223  0.137508D+01  0.136980D+01  0.393107D+03
  322.1759  0.131976D+01  0.132710D+01 -0.564404D+03
  322.3295  0.124957D+01  0.123312D+01  0.126848D+04
  322.4829  0.116814D+01  0.118804D+01 -0.153398D+04
  322.6364  0.112076D+01  0.111301D+01  0.597082D+03
   31 319.554 324.167 321.860  2.332D-01  0.000D+00 -5.023D-04  0.000D+00  9.940D-01  6.421D+02   300  5.148D-03
  319.5543  0.105412D+01  0.107002D+01 -0.122648D+04
  319.7091  0.118951D+01  0.117775D+01  0.906575D+03
  319.8638  0.129853D+01  0.129447D+01  0.313329D+03
  320.0185  0.135427D+01  0.135292D+01  0.104397D+03
  320.1731  0.136460D+01  0.135896D+01  0.434654D+03
  320.3276  0.140300D+01  0.140940D+01 -0.480234D+03
  320.4820  0.147305D+01  0.147969D+01 -0.480115D+03
  320.6364  0.151495D+01  0.150583D+01  0.629419D+03
  320.7906  0.144334D+01  0.144581D+01 -0.178870D+03
  320.9448  0.129481D+01  0.128914D+01  0.436802D+03
  321.0990  0.110651D+01  0.110921D+01 -0.208095D+03
  321.2530  0.993338D+00  0.998519D+00 -0.399760D+03
  321.4070  0.972807D+00  0.977739D+00 -0.391291D+03
  321.5609  0.104094D+01  0.104525D+01 -0.313103D+03
  321.7148  0.115534D+01  0.115973D+01 -0.338325D+03
  321.8686  0.129219D+01  0.128593D+01  0.481485D+03
  322.0223  0.137508D+01  0.136823D+01  0.510422D+03
  322.1759  0.131976D+01  0.132518D+01 -0.416695D+03
  322.3295  0.124957D+01  0.123260D+01  0.130841D+04
  322.4829  0.116814D+01  0.118692D+01 -0.144762D+04
  322.6364  0.112076D+01  0.111164D+01  0.702559D+03
  322.7897  0.997730D+00  0.100823D+01 -0.809177D+03
  322.9430  0.950066D+00  0.955573D+00 -0.453564D+03
  323.0962  0.101795D+01  0.101053D+01  0.571887D+03
  323.2493  0.111312D+01  0.111569D+01 -0.198351D+03
  323.4023  0.112721D+01  0.112242D+01  0.369404D+03
  323.5554  0.107659D+01  0.107432D+01  0.175000D+03
  323.7083  0.109046D+01  0.109080D+01 -0.260424D+02
  323.8611  0.115497D+01  0.116061D+01 -0.434834D+03
  324.0139  0.125559D+01  0.124073D+01  0.114613D+04
  324.1666  0.130447D+01  0.131487D+01 -0.801473D+03
   31 321.099 325.690 323.394  2.339D-01  0.000D+00 -3.491D-03  0.000D+00  9.930D-01  5.893D+02 10300  4.985D-03
  321.0990  0.110651D+01  0.110374D+01  0.213330D+03
  321.2530  0.993338D+00  0.995034D+00 -0.130838D+03
  321.4070  0.972807D+00  0.976132D+00 -0.263798D+03
  321.5609  0.104094D+01  0.104497D+01 -0.292290D+03
  321.7148  0.115534D+01  0.116008D+01 -0.365521D+03
  321.8686  0.129219D+01  0.128642D+01  0.443957D+03
  322.0223  0.137508D+01  0.136718D+01  0.588604D+03
  322.1759  0.131976D+01  0.132285D+01 -0.237726D+03
  322.3295  0.124957D+01  0.123211D+01  0.134601D+04
  322.4829  0.116814D+01  0.118700D+01 -0.145421D+04
  322.6364  0.112076D+01  0.111112D+01  0.742832D+03
  322.7897  0.997730D+00  0.100855D+01 -0.833849D+03
  322.9430  0.950066D+00  0.957979D+00 -0.651671D+03
  323.0962  0.101795D+01  0.101504D+01  0.224244D+03
  323.2493  0.111312D+01  0.111880D+01 -0.437819D+03
  323.4023  0.112721D+01  0.112322D+01  0.307352D+03
  323.5554  0.107659D+01  0.107534D+01  0.960390D+02
  323.7083  0.109046D+01  0.109233D+01 -0.144535D+03
  323.8611  0.115497D+01  0.116098D+01 -0.462955D+03
  324.0139  0.125559D+01  0.123916D+01  0.126674D+04
  324.1666  0.130447D+01  0.130976D+01 -0.407246D+03
  324.3192  0.133727D+01  0.133185D+01  0.410935D+03
  324.4718  0.135120D+01  0.134570D+01  0.409979D+03
  324.6243  0.136495D+01  0.137061D+01 -0.417530D+03
  324.7767  0.132030D+01  0.131868D+01  0.122347D+03
  324.9290  0.124891D+01  0.124718D+01  0.132767D+03
  325.0814  0.124056D+01  0.125200D+01 -0.881924D+03
  325.2335  0.130184D+01  0.130407D+01 -0.168495D+03
  325.3857  0.137861D+01  0.138102D+01 -0.175338D+03
  325.5378  0.151913D+01  0.150838D+01  0.690488D+03
  325.6898  0.163351D+01  0.163472D+01 -0.777447D+02
   31 322.636 327.206 324.921  2.310D-01  0.000D+00 -9.818D-04  0.000D+00  9.981D-01  6.156D+02   300  5.136D-03
  322.6364  0.112076D+01  0.111415D+01  0.509319D+03
  322.7897  0.997730D+00  0.100951D+01 -0.908563D+03
  322.9430  0.950066D+00  0.955995D+00 -0.488261D+03
  323.0962  0.101795D+01  0.101182D+01  0.472553D+03
  323.2493  0.111312D+01  0.111866D+01 -0.427586D+03
  323.4023  0.112721D+01  0.112363D+01  0.275522D+03
  323.5554  0.107659D+01  0.107337D+01  0.248378D+03
  323.7083  0.109046D+01  0.108906D+01  0.107516D+03
  323.8611  0.115497D+01  0.115809D+01 -0.240523D+03
  324.0139  0.125559D+01  0.123675D+01  0.145240D+04
  324.1666  0.130447D+01  0.130878D+01 -0.331742D+03
  324.3192  0.133727D+01  0.133149D+01  0.437566D+03
  324.4718  0.135120D+01  0.134481D+01  0.476439D+03
  324.6243  0.136495D+01  0.137309D+01 -0.601203D+03
  324.7767  0.132030D+01  0.132267D+01 -0.178740D+03
  324.9290  0.124891D+01  0.124896D+01 -0.438833D+01
  325.0814  0.124056D+01  0.125459D+01 -0.108158D+04
  325.2335  0.130184D+01  0.130822D+01 -0.482245D+03
  325.3857  0.137861D+01  0.138595D+01 -0.532988D+03
  325.5378  0.151913D+01  0.151615D+01  0.191813D+03
  325.6898  0.163351D+01  0.164770D+01 -0.911311D+03
  325.8417  0.172859D+01  0.171179D+01  0.107929D+04
  325.9936  0.175066D+01  0.175324D+01 -0.165557D+03
  326.1454  0.176263D+01  0.174891D+01  0.881172D+03
  326.2971  0.170525D+01  0.169631D+01  0.574468D+03
  326.4487  0.161512D+01  0.162085D+01 -0.367953D+03
  326.6003  0.161450D+01  0.160283D+01  0.749610D+03
  326.7518  0.167823D+01  0.168937D+01 -0.715489D+03
  326.9033  0.174695D+01  0.173796D+01  0.577558D+03
  327.0547  0.167295D+01  0.168241D+01 -0.607985D+03
  327.2060  0.161377D+01  0.161560D+01 -0.117274D+03
   31 324.167 328.715 326.441  2.327D-01  0.000D+00  4.955D-03  0.000D+00  1.006D+00  5.858D+02   300  5.699D-03
  324.1666  0.130447D+01  0.130237D+01  0.161672D+03
  324.3192  0.133727D+01  0.132904D+01  0.623702D+03
  324.4718  0.135120D+01  0.134253D+01  0.646490D+03
  324.6243  0.136495D+01  0.137210D+01 -0.527693D+03
  324.7767  0.132030D+01  0.132636D+01 -0.457521D+03
  324.9290  0.124891D+01  0.125228D+01 -0.260132D+03
  325.0814  0.124056D+01  0.125473D+01 -0.109239D+04
  325.2335  0.130184D+01  0.130752D+01 -0.429479D+03
  325.3857  0.137861D+01  0.138441D+01 -0.421038D+03
  325.5378  0.151913D+01  0.151192D+01  0.463298D+03
  325.6898  0.163351D+01  0.164479D+01 -0.724628D+03
  325.8417  0.172859D+01  0.171087D+01  0.113892D+04
  325.9936  0.175066D+01  0.175229D+01 -0.104661D+03
  326.1454  0.176263D+01  0.174971D+01  0.830100D+03
  326.2971  0.170525D+01  0.169794D+01  0.469591D+03
  326.4487  0.161512D+01  0.162234D+01 -0.463848D+03
  326.6003  0.161450D+01  0.159974D+01  0.948306D+03
  326.7518  0.167823D+01  0.168183D+01 -0.231074D+03
  326.9033  0.174695D+01  0.173264D+01  0.919775D+03
  327.0547  0.167295D+01  0.168033D+01 -0.474375D+03
  327.2060  0.161377D+01  0.161210D+01  0.107666D+03
  327.3572  0.161792D+01  0.162880D+01 -0.698745D+03
  327.5084  0.167798D+01  0.167655D+01  0.916168D+02
  327.6595  0.165921D+01  0.166490D+01 -0.365988D+03
  327.8106  0.161648D+01  0.161824D+01 -0.113114D+03
  327.9615  0.157742D+01  0.158783D+01 -0.669047D+03
  328.1125  0.157805D+01  0.158421D+01 -0.395697D+03
  328.2633  0.158190D+01  0.158579D+01 -0.249660D+03
  328.4141  0.159278D+01  0.157966D+01  0.842458D+03
  328.5647  0.152691D+01  0.153137D+01 -0.286480D+03
  328.7154  0.144292D+01  0.143329D+01  0.619304D+03
   31 325.690 330.218 327.954  2.368D-01  0.000D+00 -2.185D-03  0.000D+00  1.005D+00  6.506D+02   300  5.978D-03
  325.6898  0.163351D+01  0.165502D+01 -0.138216D+04
  325.8417  0.172859D+01  0.171859D+01  0.642373D+03
  325.9936  0.175066D+01  0.175652D+01 -0.376142D+03
  326.1454  0.176263D+01  0.174928D+01  0.857775D+03
  326.2971  0.170525D+01  0.169533D+01  0.637162D+03
  326.4487  0.161512D+01  0.162068D+01 -0.357307D+03
  326.6003  0.161450D+01  0.160371D+01  0.693523D+03
  326.7518  0.167823D+01  0.168389D+01 -0.363252D+03
  326.9033  0.174695D+01  0.172859D+01  0.118007D+04
  327.0547  0.167295D+01  0.167460D+01 -0.105912D+03
  327.2060  0.161377D+01  0.161154D+01  0.143759D+03
  327.3572  0.161792D+01  0.163087D+01 -0.831574D+03
  327.5084  0.167798D+01  0.167547D+01  0.160800D+03
  327.6595  0.165921D+01  0.166247D+01 -0.210006D+03
  327.8106  0.161648D+01  0.161809D+01 -0.103298D+03
  327.9615  0.157742D+01  0.159036D+01 -0.831498D+03
  328.1125  0.157805D+01  0.158823D+01 -0.654173D+03
  328.2633  0.158190D+01  0.159094D+01 -0.580925D+03
  328.4141  0.159278D+01  0.158555D+01  0.464527D+03
  328.5647  0.152691D+01  0.153498D+01 -0.518524D+03
  328.7154  0.144292D+01  0.144384D+01 -0.591953D+02
  328.8659  0.147199D+01  0.147493D+01 -0.188867D+03
  329.0164  0.164969D+01  0.165278D+01 -0.198766D+03
  329.1669  0.180660D+01  0.179597D+01  0.658363D+03
  329.3172  0.188448D+01  0.186147D+01  0.138822D+04
  329.4675  0.190160D+01  0.190496D+01 -0.199651D+03
  329.6177  0.193359D+01  0.191620D+01  0.100170D+04
  329.7679  0.191269D+01  0.192248D+01 -0.572085D+03
  329.9180  0.196507D+01  0.195769D+01  0.412677D+03
  330.0680  0.200922D+01  0.201234D+01 -0.171533D+03
  330.2180  0.194824D+01  0.196246D+01 -0.792808D+03
   31 327.206 331.714 329.460  2.348D-01  0.000D+00 -3.412D-03  0.000D+00  1.012D+00  6.510D+02   300  5.250D-03
  327.2060  0.161377D+01  0.160449D+01  0.596404D+03
  327.3572  0.161792D+01  0.162554D+01 -0.489614D+03
  327.5084  0.167798D+01  0.167121D+01  0.434940D+03
  327.6595  0.165921D+01  0.165804D+01  0.747567D+02
  327.8106  0.161648D+01  0.161389D+01  0.166496D+03
  327.9615  0.157742D+01  0.158734D+01 -0.637722D+03
  328.1125  0.157805D+01  0.158639D+01 -0.535834D+03
  328.2633  0.158190D+01  0.158993D+01 -0.515894D+03
  328.4141  0.159278D+01  0.158569D+01  0.455260D+03
  328.5647  0.152691D+01  0.153548D+01 -0.550929D+03
  328.7154  0.144292D+01  0.144300D+01 -0.484520D+01
  328.8659  0.147199D+01  0.147569D+01 -0.237508D+03
  329.0164  0.164969D+01  0.165677D+01 -0.455150D+03
  329.1669  0.180660D+01  0.179956D+01  0.435786D+03
  329.3172  0.188448D+01  0.186360D+01  0.125982D+04
  329.4675  0.190160D+01  0.190658D+01 -0.295773D+03
  329.6177  0.193359D+01  0.191609D+01  0.100800D+04
  329.7679  0.191269D+01  0.192037D+01 -0.449207D+03
  329.9180  0.196507D+01  0.195362D+01  0.640301D+03
  330.0680  0.200922D+01  0.200666D+01  0.141198D+03
  330.2180  0.194824D+01  0.195214D+01 -0.217244D+03
  330.3679  0.182000D+01  0.179842D+01  0.129811D+04
  330.5177  0.163422D+01  0.166372D+01 -0.188732D+04
  330.6675  0.155327D+01  0.155244D+01  0.531513D+02
  330.8171  0.156199D+01  0.157168D+01 -0.622333D+03
  330.9668  0.168321D+01  0.169720D+01 -0.872195D+03
  331.1163  0.176912D+01  0.176043D+01  0.525368D+03
  331.2658  0.172274D+01  0.172409D+01 -0.826232D+02
  331.4153  0.163523D+01  0.163860D+01 -0.213507D+03
  331.5646  0.161315D+01  0.160673D+01  0.411075D+03
  331.7139  0.168012D+01  0.167423D+01  0.363981D+03
   31 328.715 333.203 330.959  2.328D-01  0.000D+00  1.810D-03  0.000D+00  1.008D+00  6.745D+02 10300  4.717D-03
  328.7154  0.144292D+01  0.144995D+01 -0.451909D+03
  328.8659  0.147199D+01  0.147544D+01 -0.221535D+03
  329.0164  0.164969D+01  0.165683D+01 -0.458907D+03
  329.1669  0.180660D+01  0.180353D+01  0.190335D+03
  329.3172  0.188448D+01  0.186677D+01  0.106876D+04
  329.4675  0.190160D+01  0.190973D+01 -0.482688D+03
  329.6177  0.193359D+01  0.191809D+01  0.892769D+03
  329.7679  0.191269D+01  0.192014D+01 -0.435552D+03
  329.9180  0.196507D+01  0.195043D+01  0.818372D+03
  330.0680  0.200922D+01  0.200501D+01  0.231975D+03
  330.2180  0.194824D+01  0.195507D+01 -0.380875D+03
  330.3679  0.182000D+01  0.179967D+01  0.122307D+04
  330.5177  0.163422D+01  0.166460D+01 -0.194369D+04
  330.6675  0.155327D+01  0.155011D+01  0.202767D+03
  330.8171  0.156199D+01  0.156457D+01 -0.165342D+03
  330.9668  0.168321D+01  0.169237D+01 -0.571236D+03
  331.1163  0.176912D+01  0.176202D+01  0.429208D+03
  331.2658  0.172274D+01  0.173041D+01 -0.471968D+03
  331.4153  0.163523D+01  0.164696D+01 -0.742736D+03
  331.5646  0.161315D+01  0.161469D+01 -0.986184D+02
  331.7139  0.168012D+01  0.168648D+01 -0.393445D+03
  331.8632  0.177119D+01  0.176747D+01  0.221824D+03
  332.0123  0.177545D+01  0.176364D+01  0.693209D+03
  332.1614  0.168105D+01  0.167818D+01  0.176349D+03
  332.3104  0.156671D+01  0.156695D+01 -0.148674D+02
  332.4594  0.158517D+01  0.156866D+01  0.981274D+03
  332.6083  0.168399D+01  0.168900D+01 -0.307118D+03
  332.7571  0.174091D+01  0.172427D+01  0.979523D+03
  332.9059  0.164632D+01  0.164953D+01 -0.198008D+03
  333.0546  0.162265D+01  0.162016D+01  0.153739D+03
  333.2032  0.166968D+01  0.168555D+01 -0.969070D+03
   31 330.218 334.686 332.452  2.323D-01  0.000D+00  3.585D-03  0.000D+00  1.005D+00  6.241D+02 10000  4.083D-03
  330.2180  0.194824D+01  0.194919D+01 -0.527012D+02
  330.3679  0.182000D+01  0.179507D+01  0.149955D+04
  330.5177  0.163422D+01  0.166102D+01 -0.171485D+04
  330.6675  0.155327D+01  0.154675D+01  0.418907D+03
  330.8171  0.156199D+01  0.155998D+01  0.129109D+03
  330.9668  0.168321D+01  0.168864D+01 -0.338496D+03
  331.1163  0.176912D+01  0.176040D+01  0.527287D+03
  331.2658  0.172274D+01  0.173066D+01 -0.487444D+03
  331.4153  0.163523D+01  0.164785D+01 -0.798902D+03
  331.5646  0.161315D+01  0.161488D+01 -0.110801D+03
  331.7139  0.168012D+01  0.168659D+01 -0.400730D+03
  331.8632  0.177119D+01  0.176886D+01  0.138704D+03
  332.0123  0.177545D+01  0.176630D+01  0.536951D+03
  332.1614  0.168105D+01  0.168141D+01 -0.220595D+02
  332.3104  0.156671D+01  0.156900D+01 -0.145222D+03
  332.4594  0.158517D+01  0.156810D+01  0.101450D+04
  332.6083  0.168399D+01  0.168788D+01 -0.238666D+03
  332.7571  0.174091D+01  0.172366D+01  0.101588D+04
  332.9059  0.164632D+01  0.164739D+01 -0.656785D+02
  333.0546  0.162265D+01  0.161471D+01  0.490503D+03
  333.2032  0.166968D+01  0.167716D+01 -0.456435D+03
  333.3518  0.172177D+01  0.171106D+01  0.633054D+03
  333.5003  0.160616D+01  0.161962D+01 -0.836478D+03
  333.6487  0.147362D+01  0.147704D+01 -0.219239D+03
  333.7971  0.146656D+01  0.146980D+01 -0.207757D+03
  333.9455  0.157065D+01  0.158266D+01 -0.740226D+03
  334.0937  0.165120D+01  0.164936D+01  0.109135D+03
  334.2419  0.166532D+01  0.166882D+01 -0.203980D+03
  334.3900  0.173431D+01  0.173361D+01  0.388118D+02
  334.5381  0.182171D+01  0.182483D+01 -0.171410D+03
  334.6861  0.184718D+01  0.183404D+01  0.723441D+03
   22 331.714 334.834 333.274  2.314D-01  0.000D+00  1.134D-04  0.000D+00  1.007D+00  4.961D+02 10300  4.141D-03
  331.7139  0.168012D+01  0.168478D+01 -0.288664D+03
  331.8632  0.177119D+01  0.176985D+01  0.797770D+02
  332.0123  0.177545D+01  0.176788D+01  0.444003D+03
  332.1614  0.168105D+01  0.168296D+01 -0.117750D+03
  332.3104  0.156671D+01  0.157130D+01 -0.290617D+03
  332.4594  0.158517D+01  0.157461D+01  0.627584D+03
  332.6083  0.168399D+01  0.169654D+01 -0.769502D+03
  332.7571  0.174091D+01  0.172845D+01  0.733364D+03
  332.9059  0.164632D+01  0.164927D+01 -0.181967D+03
  333.0546  0.162265D+01  0.161759D+01  0.312071D+03
  333.2032  0.166968D+01  0.168070D+01 -0.672766D+03
  333.3518  0.172177D+01  0.171139D+01  0.613237D+03
  333.5003  0.160616D+01  0.161528D+01 -0.566903D+03
  333.6487  0.147362D+01  0.147147D+01  0.138323D+03
  333.7971  0.146656D+01  0.146773D+01 -0.749830D+02
  333.9455  0.157065D+01  0.158114D+01 -0.646831D+03
  334.0937  0.165120D+01  0.164490D+01  0.374060D+03
  334.2419  0.166532D+01  0.166377D+01  0.906093D+02
  334.3900  0.173431D+01  0.173032D+01  0.219857D+03
  334.5381  0.182171D+01  0.182207D+01 -0.196460D+02
  334.6861  0.184718D+01  0.183066D+01  0.909759D+03
  334.8340  0.169668D+01  0.171229D+01 -0.869747D+03
