 solar_fit_vary
           0
 T T
nw  fwave  lwave  avgwav    hwe     asym  shift    squeeze      sin      rms   exval  std
   31 263.796 274.400 269.098  5.039D-01  0.000D+00 -6.121D-02  0.000D+00  1.332D+00  1.660D+03 10300  2.073D-02
  263.7965  0.390675D+00  0.425233D+00 -0.103443D+04
  264.1645  0.480695D+00  0.483573D+00 -0.510864D+03
  264.5312  0.450543D+00  0.456323D+00 -0.102599D+04
  264.8967  0.423395D+00  0.413370D+00  0.220859D+04
  265.2610  0.455957D+00  0.436453D+00  0.409994D+04
  265.6242  0.465267D+00  0.471711D+00 -0.137792D+04
  265.9863  0.445496D+00  0.460387D+00 -0.370426D+04
  266.3472  0.430060D+00  0.431933D+00 -0.496934D+03
  266.7071  0.429593D+00  0.425331D+00  0.114027D+04
  267.0659  0.437960D+00  0.439300D+00 -0.344983D+03
  267.4237  0.459080D+00  0.456769D+00  0.508732D+03
  267.7805  0.443736D+00  0.451239D+00 -0.183856D+04
  268.1364  0.448718D+00  0.442711D+00  0.124768D+04
  268.4913  0.454842D+00  0.447212D+00  0.161938D+04
  268.8452  0.442490D+00  0.443765D+00 -0.280987D+03
  269.1983  0.442014D+00  0.442959D+00 -0.203770D+03
  269.5504  0.446667D+00  0.455289D+00 -0.177950D+04
  269.9018  0.501176D+00  0.495284D+00  0.104397D+04
  270.2523  0.549119D+00  0.539874D+00  0.164093D+04
  270.6020  0.548003D+00  0.544899D+00  0.551028D+03
  270.9508  0.530587D+00  0.528390D+00  0.389990D+03
  271.2989  0.514501D+00  0.501149D+00  0.237003D+04
  271.6463  0.447824D+00  0.442036D+00  0.102748D+04
  271.9929  0.375887D+00  0.388531D+00 -0.295018D+04
  272.3388  0.395836D+00  0.405185D+00 -0.185513D+04
  272.6841  0.463977D+00  0.476391D+00 -0.220356D+04
  273.0286  0.525232D+00  0.522587D+00  0.469529D+03
  273.3725  0.473547D+00  0.479079D+00 -0.982026D+03
  273.7157  0.397503D+00  0.392647D+00  0.862030D+03
  274.0584  0.338808D+00  0.330063D+00  0.170032D+04
  274.4004  0.309608D+00  0.307260D+00  0.506348D+03
   31 267.424 277.791 272.607  4.612D-01  0.000D+00 -1.409D-02  0.000D+00  1.535D+00  1.632D+03   300  2.268D-02
  267.4237  0.459080D+00  0.451561D+00  0.165503D+04
  267.7805  0.443736D+00  0.451756D+00 -0.196531D+04
  268.1364  0.448718D+00  0.441464D+00  0.150658D+04
  268.4913  0.454842D+00  0.450885D+00  0.839761D+03
  268.8452  0.442490D+00  0.448836D+00 -0.139890D+04
  269.1983  0.442014D+00  0.446663D+00 -0.100209D+04
  269.5504  0.446667D+00  0.454903D+00 -0.169994D+04
  269.9018  0.501176D+00  0.492148D+00  0.159971D+04
  270.2523  0.549119D+00  0.544285D+00  0.857989D+03
  270.6020  0.548003D+00  0.552115D+00 -0.729917D+03
  270.9508  0.530587D+00  0.532353D+00 -0.313398D+03
  271.2989  0.514501D+00  0.509562D+00  0.876729D+03
  271.6463  0.447824D+00  0.450614D+00 -0.495246D+03
  271.9929  0.375887D+00  0.382288D+00 -0.149352D+04
  272.3388  0.395836D+00  0.388198D+00  0.151537D+04
  272.6841  0.463977D+00  0.460094D+00  0.689253D+03
  273.0286  0.525232D+00  0.521335D+00  0.691746D+03
  273.3725  0.473547D+00  0.484592D+00 -0.196052D+04
  273.7157  0.397503D+00  0.392662D+00  0.859370D+03
  274.0584  0.338808D+00  0.324621D+00  0.275843D+04
  274.4004  0.309608D+00  0.298123D+00  0.247713D+04
  274.7418  0.303224D+00  0.303346D+00 -0.253029D+02
  275.0827  0.355307D+00  0.346244D+00  0.160871D+04
  275.4230  0.402352D+00  0.405158D+00 -0.498082D+03
  275.7628  0.480605D+00  0.479999D+00  0.102066D+03
  276.1020  0.562481D+00  0.567934D+00 -0.967901D+03
  276.4408  0.598556D+00  0.613622D+00 -0.267424D+04
  276.7790  0.609975D+00  0.629865D+00 -0.353060D+04
  277.1168  0.637917D+00  0.637753D+00  0.290333D+02
  277.4540  0.642525D+00  0.620071D+00  0.368700D+04
  277.7908  0.546073D+00  0.536044D+00  0.118677D+04
   31 270.951 281.136 276.044  4.563D-01  0.000D+00 -4.930D-03  0.000D+00  1.689D+00  1.579D+03 10300  2.179D-02
  270.9508  0.530587D+00  0.529503D+00  0.192470D+03
  271.2989  0.514501D+00  0.510070D+00  0.786565D+03
  271.6463  0.447824D+00  0.453477D+00 -0.100343D+04
  271.9929  0.375887D+00  0.383923D+00 -0.187501D+04
  272.3388  0.395836D+00  0.387986D+00  0.155741D+04
  272.6841  0.463977D+00  0.460067D+00  0.694020D+03
  273.0286  0.525232D+00  0.524318D+00  0.162165D+03
  273.3725  0.473547D+00  0.489207D+00 -0.277983D+04
  273.7157  0.397503D+00  0.395818D+00  0.299169D+03
  274.0584  0.338808D+00  0.326015D+00  0.248736D+04
  274.4004  0.309608D+00  0.298249D+00  0.245001D+04
  274.7418  0.303224D+00  0.302217D+00  0.209535D+03
  275.0827  0.355307D+00  0.343982D+00  0.201013D+04
  275.4230  0.402352D+00  0.402620D+00 -0.474943D+02
  275.7628  0.480605D+00  0.476125D+00  0.755147D+03
  276.1020  0.562481D+00  0.565506D+00 -0.536976D+03
  276.4408  0.598556D+00  0.612573D+00 -0.248806D+04
  276.7790  0.609975D+00  0.630279D+00 -0.360396D+04
  277.1168  0.637917D+00  0.639951D+00 -0.360801D+03
  277.4540  0.642525D+00  0.626742D+00  0.259156D+04
  277.7908  0.546073D+00  0.544856D+00  0.143967D+03
  278.1272  0.474940D+00  0.466506D+00  0.998019D+03
  278.4631  0.456544D+00  0.433416D+00  0.273679D+04
  278.7987  0.399540D+00  0.382522D+00  0.201379D+04
  279.1337  0.298125D+00  0.296358D+00  0.209125D+03
  279.4685  0.224807D+00  0.230048D+00 -0.703854D+03
  279.8028  0.199351D+00  0.205700D+00 -0.873125D+03
  280.1367  0.202648D+00  0.212028D+00 -0.129402D+04
  280.4702  0.245980D+00  0.257862D+00 -0.159894D+04
  280.8034  0.359987D+00  0.357974D+00  0.238174D+03
  281.1362  0.488569D+00  0.487387D+00  0.139865D+03
   31 274.400 284.446 279.423  4.093D-01  0.000D+00 -3.158D-03  0.000D+00  1.913D+00  1.216D+03   300  2.445D-02
  274.4004  0.309608D+00  0.308583D+00  0.220960D+03
  274.7418  0.303224D+00  0.306511D+00 -0.683751D+03
  275.0827  0.355307D+00  0.346066D+00  0.164029D+04
  275.4230  0.402352D+00  0.402933D+00 -0.103121D+03
  275.7628  0.480605D+00  0.469906D+00  0.180335D+04
  276.1020  0.562481D+00  0.566132D+00 -0.648059D+03
  276.4408  0.598556D+00  0.608658D+00 -0.179310D+04
  276.7790  0.609975D+00  0.624639D+00 -0.260296D+04
  277.1168  0.637917D+00  0.636083D+00  0.325226D+03
  277.4540  0.642525D+00  0.632669D+00  0.161847D+04
  277.7908  0.546073D+00  0.543759D+00  0.273757D+03
  278.1272  0.474940D+00  0.461929D+00  0.153962D+04
  278.4631  0.456544D+00  0.439078D+00  0.206677D+04
  278.7987  0.399540D+00  0.391342D+00  0.970042D+03
  279.1337  0.298125D+00  0.297749D+00  0.444892D+02
  279.4685  0.224807D+00  0.228930D+00 -0.553767D+03
  279.8028  0.199351D+00  0.206386D+00 -0.967394D+03
  280.1367  0.202648D+00  0.211227D+00 -0.118355D+04
  280.4702  0.245980D+00  0.254338D+00 -0.112482D+04
  280.8034  0.359987D+00  0.356644D+00  0.395591D+03
  281.1362  0.488569D+00  0.483260D+00  0.628314D+03
  281.4687  0.626175D+00  0.622219D+00  0.468095D+03
  281.8009  0.744437D+00  0.756444D+00 -0.130884D+04
  282.1327  0.848893D+00  0.853566D+00 -0.487189D+03
  282.4641  0.915094D+00  0.906725D+00  0.799693D+03
  282.7953  0.968306D+00  0.956069D+00  0.113631D+04
  283.1262  0.101581D+01  0.102105D+01 -0.469529D+03
  283.4567  0.976724D+00  0.100666D+01 -0.272827D+04
  283.7869  0.982061D+00  0.969520D+00  0.113141D+04
  284.1169  0.936081D+00  0.925020D+00  0.102773D+04
  284.4465  0.798388D+00  0.798539D+00 -0.150364D+02
   31 277.791 287.727 282.759  3.774D-01  0.000D+00 -2.452D-02  0.000D+00  2.084D+00  1.032D+03 10300  1.225D-02
  277.7908  0.546073D+00  0.547267D+00 -0.141348D+03
  278.1272  0.474940D+00  0.467271D+00  0.907428D+03
  278.4631  0.456544D+00  0.452526D+00  0.475491D+03
  278.7987  0.399540D+00  0.399768D+00 -0.269823D+02
  279.1337  0.298125D+00  0.296948D+00  0.139239D+03
  279.4685  0.224807D+00  0.228496D+00 -0.495499D+03
  279.8028  0.199351D+00  0.208395D+00 -0.124381D+04
  280.1367  0.202648D+00  0.213437D+00 -0.148839D+04
  280.4702  0.245980D+00  0.257060D+00 -0.149101D+04
  280.8034  0.359987D+00  0.365166D+00 -0.612919D+03
  281.1362  0.488569D+00  0.489856D+00 -0.152277D+03
  281.4687  0.626175D+00  0.628242D+00 -0.244648D+03
  281.8009  0.744437D+00  0.758584D+00 -0.154208D+04
  282.1327  0.848893D+00  0.849885D+00 -0.103392D+03
  282.4641  0.915094D+00  0.895961D+00  0.182834D+04
  282.7953  0.968306D+00  0.943454D+00  0.230762D+04
  283.1262  0.101581D+01  0.101493D+01  0.791286D+02
  283.4567  0.976724D+00  0.991457D+00 -0.134260D+04
  283.7869  0.982061D+00  0.961426D+00  0.186155D+04
  284.1169  0.936081D+00  0.925172D+00  0.101354D+04
  284.4465  0.798388D+00  0.801247D+00 -0.286013D+03
  284.7758  0.571081D+00  0.584270D+00 -0.150128D+04
  285.1049  0.343075D+00  0.350083D+00 -0.829211D+03
  285.4336  0.358882D+00  0.352966D+00  0.700058D+03
  285.7621  0.608521D+00  0.609731D+00 -0.134866D+03
  286.0903  0.882426D+00  0.891236D+00 -0.840714D+03
  286.4182  0.101658D+01  0.102783D+01 -0.100004D+04
  286.7459  0.102997D+01  0.104152D+01 -0.101615D+04
  287.0732  0.111183D+01  0.110263D+01  0.816653D+03
  287.4003  0.112048D+01  0.112127D+01 -0.702929D+02
  287.7271  0.976205D+00  0.966113D+00  0.954456D+03
   31 281.136 290.979 286.058  3.820D-01  0.000D+00 -3.592D-02  0.000D+00  2.054D+00  1.299D+03   300  1.092D-02
  281.1362  0.488569D+00  0.496384D+00 -0.924780D+03
  281.4687  0.626175D+00  0.634480D+00 -0.982732D+03
  281.8009  0.744437D+00  0.762417D+00 -0.195992D+04
  282.1327  0.848893D+00  0.851360D+00 -0.257186D+03
  282.4641  0.915094D+00  0.895387D+00  0.188318D+04
  282.7953  0.968306D+00  0.944109D+00  0.224678D+04
  283.1262  0.101581D+01  0.101227D+01  0.317460D+03
  283.4567  0.976724D+00  0.986865D+00 -0.924094D+03
  283.7869  0.982061D+00  0.958448D+00  0.213028D+04
  284.1169  0.936081D+00  0.919250D+00  0.156381D+04
  284.4465  0.798388D+00  0.793253D+00  0.513906D+03
  284.7758  0.571081D+00  0.574303D+00 -0.366776D+03
  285.1049  0.343075D+00  0.347101D+00 -0.476357D+03
  285.4336  0.358882D+00  0.361332D+00 -0.289974D+03
  285.7621  0.608521D+00  0.622346D+00 -0.154059D+04
  286.0903  0.882426D+00  0.901901D+00 -0.185848D+04
  286.4182  0.101658D+01  0.103585D+01 -0.171299D+04
  286.7459  0.102997D+01  0.105226D+01 -0.196134D+04
  287.0732  0.111183D+01  0.111837D+01 -0.580044D+03
  287.4003  0.112048D+01  0.113303D+01 -0.111333D+04
  287.7271  0.976205D+00  0.974602D+00  0.151634D+03
  288.0537  0.764799D+00  0.766302D+00 -0.159816D+03
  288.3799  0.887731D+00  0.863054D+00  0.249673D+04
  288.7059  0.114871D+01  0.112517D+01  0.208995D+04
  289.0316  0.121325D+01  0.121044D+01  0.248809D+03
  289.3570  0.131273D+01  0.130830D+01  0.392986D+03
  289.6820  0.152537D+01  0.152460D+01  0.679453D+02
  290.0069  0.174463D+01  0.173930D+01  0.445916D+03
  290.3314  0.186079D+01  0.184613D+01  0.119613D+04
  290.6556  0.181063D+01  0.181353D+01 -0.240152D+03
  290.9795  0.171908D+01  0.173739D+01 -0.161902D+04
   31 284.446 294.201 289.324  3.773D-01  0.000D+00 -3.490D-02  0.000D+00  1.993D+00  9.509D+02 10300  6.518D-03
  284.4465  0.798388D+00  0.783728D+00  0.146693D+04
  284.7758  0.571081D+00  0.567658D+00  0.389601D+03
  285.1049  0.343075D+00  0.340889D+00  0.258740D+03
  285.4336  0.358882D+00  0.354346D+00  0.536794D+03
  285.7621  0.608521D+00  0.614780D+00 -0.697452D+03
  286.0903  0.882426D+00  0.894466D+00 -0.114896D+04
  286.4182  0.101658D+01  0.102931D+01 -0.113117D+04
  286.7459  0.102997D+01  0.104587D+01 -0.139892D+04
  287.0732  0.111183D+01  0.111472D+01 -0.256386D+03
  287.4003  0.112048D+01  0.113319D+01 -0.112821D+04
  287.7271  0.976205D+00  0.976176D+00  0.279209D+01
  288.0537  0.764799D+00  0.764763D+00  0.373591D+01
  288.3799  0.887731D+00  0.862901D+00  0.251222D+04
  288.7059  0.114871D+01  0.113107D+01  0.156582D+04
  289.0316  0.121325D+01  0.121505D+01 -0.160043D+03
  289.3570  0.131273D+01  0.131166D+01  0.947180D+02
  289.6820  0.152537D+01  0.152889D+01 -0.312465D+03
  290.0069  0.174463D+01  0.174288D+01  0.146837D+03
  290.3314  0.186079D+01  0.184657D+01  0.116037D+04
  290.6556  0.181063D+01  0.180804D+01  0.214187D+03
  290.9795  0.171908D+01  0.172335D+01 -0.377999D+03
  291.3031  0.172197D+01  0.171551D+01  0.572915D+03
  291.6264  0.164772D+01  0.164413D+01  0.318426D+03
  291.9494  0.159694D+01  0.159520D+01  0.154423D+03
  292.2721  0.151198D+01  0.151627D+01 -0.381131D+03
  292.5944  0.135750D+01  0.137160D+01 -0.129261D+04
  292.9163  0.140224D+01  0.142255D+01 -0.183932D+04
  293.2380  0.157992D+01  0.158864D+01 -0.774005D+03
  293.5592  0.147902D+01  0.147654D+01  0.224697D+03
  293.8801  0.129422D+01  0.129257D+01  0.169078D+03
  294.2007  0.135281D+01  0.133779D+01  0.148574D+04
   31 287.727 297.383 292.555  3.727D-01  0.000D+00 -3.103D-02  0.000D+00  1.843D+00  8.112D+02 10300  5.022D-03
  287.7271  0.976205D+00  0.987196D+00 -0.103940D+04
  288.0537  0.764799D+00  0.769891D+00 -0.541160D+03
  288.3799  0.887731D+00  0.865500D+00  0.224918D+04
  288.7059  0.114871D+01  0.114092D+01  0.691156D+03
  289.0316  0.121325D+01  0.122371D+01 -0.928415D+03
  289.3570  0.131273D+01  0.131689D+01 -0.369023D+03
  289.6820  0.152537D+01  0.153390D+01 -0.756652D+03
  290.0069  0.174463D+01  0.174770D+01 -0.256199D+03
  290.3314  0.186079D+01  0.185053D+01  0.836778D+03
  290.6556  0.181063D+01  0.180972D+01  0.757892D+02
  290.9795  0.171908D+01  0.171997D+01 -0.785892D+02
  291.3031  0.172197D+01  0.171159D+01  0.920741D+03
  291.6264  0.164772D+01  0.163805D+01  0.857835D+03
  291.9494  0.159694D+01  0.158828D+01  0.768751D+03
  292.2721  0.151198D+01  0.151168D+01  0.263532D+02
  292.5944  0.135750D+01  0.136519D+01 -0.704541D+03
  292.9163  0.140224D+01  0.141522D+01 -0.117581D+04
  293.2380  0.157992D+01  0.159030D+01 -0.921436D+03
  293.5592  0.147902D+01  0.148513D+01 -0.553976D+03
  293.8801  0.129422D+01  0.130090D+01 -0.680842D+03
  294.2007  0.135281D+01  0.135647D+01 -0.361521D+03
  294.5208  0.137996D+01  0.138383D+01 -0.380297D+03
  294.8406  0.127038D+01  0.126883D+01  0.163289D+03
  295.1599  0.134636D+01  0.134181D+01  0.472339D+03
  295.4789  0.141774D+01  0.140532D+01  0.125663D+04
  295.7975  0.144077D+01  0.143621D+01  0.466445D+03
  296.1155  0.146695D+01  0.147151D+01 -0.467307D+03
  296.4332  0.129970D+01  0.129381D+01  0.647619D+03
  296.7504  0.102935D+01  0.102324D+01  0.723681D+03
  297.0671  0.102028D+01  0.101743D+01  0.337366D+03
  297.3834  0.118889D+01  0.120045D+01 -0.136784D+04
   31 290.979 300.516 295.748  3.829D-01  0.000D+00 -2.572D-02  0.000D+00  1.645D+00  2.744D+03 10300  1.302D-02
  290.9795  0.171908D+01  0.175240D+01 -0.294643D+04
  291.3031  0.172197D+01  0.172438D+01 -0.213918D+03
  291.6264  0.164772D+01  0.164258D+01  0.455816D+03
  291.9494  0.159694D+01  0.158203D+01  0.132375D+04
  292.2721  0.151198D+01  0.149985D+01  0.107674D+04
  292.5944  0.135750D+01  0.135594D+01  0.142606D+03
  292.9163  0.140224D+01  0.139776D+01  0.405168D+03
  293.2380  0.157992D+01  0.156205D+01  0.158618D+04
  293.5592  0.147902D+01  0.146830D+01  0.971385D+03
  293.8801  0.129422D+01  0.129369D+01  0.546526D+02
  294.2007  0.135281D+01  0.134154D+01  0.111415D+04
  294.5208  0.137996D+01  0.137171D+01  0.808574D+03
  294.8406  0.127038D+01  0.127073D+01 -0.363295D+02
  295.1599  0.134636D+01  0.133890D+01  0.774382D+03
  295.4789  0.141774D+01  0.140992D+01  0.791351D+03
  295.7975  0.144077D+01  0.144619D+01 -0.554803D+03
  296.1155  0.146695D+01  0.148372D+01 -0.171854D+04
  296.4332  0.129970D+01  0.131446D+01 -0.162278D+04
  296.7504  0.102935D+01  0.104981D+01 -0.242070D+04
  297.0671  0.102028D+01  0.103901D+01 -0.221733D+04
  297.3834  0.118889D+01  0.122200D+01 -0.391808D+04
  297.6991  0.140426D+01  0.143944D+01 -0.383215D+04
  298.0144  0.127701D+01  0.128733D+01 -0.122081D+04
  298.3291  0.960242D+00  0.943376D+00  0.199583D+04
  298.6433  0.930461D+00  0.898210D+00  0.381646D+04
  298.9569  0.114638D+01  0.109878D+01  0.563292D+04
  299.2700  0.120323D+01  0.113455D+01  0.812727D+04
  299.5824  0.111117D+01  0.108660D+01  0.290736D+04
  299.8943  0.100304D+01  0.102214D+01 -0.226014D+04
  300.2055  0.853701D+00  0.871254D+00 -0.207812D+04
  300.5162  0.898228D+00  0.946335D+00 -0.569283D+04
   31 294.201 303.583 298.892  4.020D-01  0.000D+00 -3.487D-02  0.000D+00  1.475D+00  4.156D+03 10300  2.036D-02
  294.2007  0.135281D+01  0.132768D+01  0.248470D+04
  294.5208  0.137996D+01  0.135711D+01  0.224048D+04
  294.8406  0.127038D+01  0.127889D+01 -0.894971D+03
  295.1599  0.134636D+01  0.134631D+01  0.444388D+01
  295.4789  0.141774D+01  0.141786D+01 -0.118333D+02
  295.7975  0.144077D+01  0.145840D+01 -0.180459D+04
  296.1155  0.146695D+01  0.148346D+01 -0.169240D+04
  296.4332  0.129970D+01  0.130869D+01 -0.988786D+03
  296.7504  0.102935D+01  0.106034D+01 -0.366763D+04
  297.0671  0.102028D+01  0.104958D+01 -0.346717D+04
  297.3834  0.118889D+01  0.122889D+01 -0.473298D+04
  297.6991  0.140426D+01  0.141794D+01 -0.149077D+04
  298.0144  0.127701D+01  0.125893D+01  0.213998D+04
  298.3291  0.960242D+00  0.939117D+00  0.249990D+04
  298.6433  0.930461D+00  0.899762D+00  0.363274D+04
  298.9569  0.114638D+01  0.107747D+01  0.815515D+04
  299.2700  0.120323D+01  0.110956D+01  0.110843D+05
  299.5824  0.111117D+01  0.106660D+01  0.527369D+04
  299.8943  0.100304D+01  0.994454D+00  0.101663D+04
  300.2055  0.853701D+00  0.868258D+00 -0.172334D+04
  300.5162  0.898228D+00  0.936883D+00 -0.457433D+04
  300.8261  0.960460D+00  0.101490D+01 -0.644229D+04
  301.1354  0.102560D+01  0.109280D+01 -0.795264D+04
  301.4440  0.104423D+01  0.110307D+01 -0.696304D+04
  301.7519  0.914007D+00  0.931298D+00 -0.204698D+04
  302.0591  0.813633D+00  0.787481D+00  0.340225D+04
  302.3655  0.941943D+00  0.912716D+00  0.345862D+04
  302.6712  0.113598D+01  0.110937D+01  0.314893D+04
  302.9760  0.126390D+01  0.123981D+01  0.285067D+04
  303.2801  0.129590D+01  0.130098D+01 -0.601115D+03
  303.5833  0.124754D+01  0.125486D+01 -0.866229D+03
   31 297.383 306.565 301.974  4.256D-01  0.000D+00 -3.256D-02  0.000D+00  1.313D+00  4.668D+03 10300  2.472D-02
  297.3834  0.118889D+01  0.125520D+01 -0.784655D+04
  297.6991  0.140426D+01  0.141697D+01 -0.138474D+04
  298.0144  0.127701D+01  0.126108D+01  0.188558D+04
  298.3291  0.960242D+00  0.959187D+00  0.124865D+03
  298.6433  0.930461D+00  0.911460D+00  0.224847D+04
  298.9569  0.114638D+01  0.106648D+01  0.945534D+04
  299.2700  0.120323D+01  0.110481D+01  0.116464D+05
  299.5824  0.111117D+01  0.106570D+01  0.538063D+04
  299.8943  0.100304D+01  0.991732D+00  0.133872D+04
  300.2055  0.853701D+00  0.883792D+00 -0.356243D+04
  300.5162  0.898228D+00  0.940671D+00 -0.502248D+04
  300.8261  0.960460D+00  0.102357D+01 -0.746864D+04
  301.1354  0.102560D+01  0.110126D+01 -0.895372D+04
  301.4440  0.104423D+01  0.110706D+01 -0.743445D+04
  301.7519  0.914007D+00  0.946263D+00 -0.381865D+04
  302.0591  0.813633D+00  0.815438D+00 -0.234749D+03
  302.3655  0.941943D+00  0.927220D+00  0.174228D+04
  302.6712  0.113598D+01  0.111755D+01  0.218090D+04
  302.9760  0.126390D+01  0.124503D+01  0.223279D+04
  303.2801  0.129590D+01  0.129813D+01 -0.263510D+03
  303.5833  0.124754D+01  0.124268D+01  0.575296D+03
  303.8857  0.114718D+01  0.111964D+01  0.325851D+04
  304.1871  0.113236D+01  0.109826D+01  0.403582D+04
  304.4877  0.116420D+01  0.113399D+01  0.357572D+04
  304.7874  0.116579D+01  0.113152D+01  0.405571D+04
  305.0861  0.115797D+01  0.116175D+01 -0.447140D+03
  305.3838  0.108174D+01  0.112104D+01 -0.465120D+04
  305.6806  0.924062D+00  0.948566D+00 -0.307970D+04
  305.9763  0.867854D+00  0.875308D+00 -0.952156D+03
  306.2710  0.909593D+00  0.916599D+00 -0.829067D+03
  306.5647  0.905731D+00  0.895382D+00  0.122462D+04
   31 300.516 309.436 304.976  4.496D-01  0.000D+00 -6.747D-02  0.000D+00  1.146D+00  1.770D+03 10300  1.417D-02
  300.5162  0.898228D+00  0.860142D+00  0.450687D+04
  300.8261  0.960460D+00  0.960261D+00  0.235149D+02
  301.1354  0.102560D+01  0.105127D+01 -0.303813D+04
  301.4440  0.104423D+01  0.105461D+01 -0.122765D+04
  301.7519  0.914007D+00  0.912082D+00  0.227897D+03
  302.0591  0.813633D+00  0.827979D+00 -0.186633D+04
  302.3655  0.941943D+00  0.955245D+00 -0.157405D+04
  302.6712  0.113598D+01  0.114219D+01 -0.734945D+03
  302.9760  0.126390D+01  0.126519D+01 -0.152671D+03
  303.2801  0.129590D+01  0.130762D+01 -0.138649D+04
  303.5833  0.124754D+01  0.123941D+01  0.962068D+03
  303.8857  0.114718D+01  0.112849D+01  0.221149D+04
  304.1871  0.113236D+01  0.111324D+01  0.226261D+04
  304.4877  0.116420D+01  0.113786D+01  0.311782D+04
  304.7874  0.116579D+01  0.113927D+01  0.313901D+04
  305.0861  0.115797D+01  0.115986D+01 -0.224027D+03
  305.3838  0.108174D+01  0.109657D+01 -0.175535D+04
  305.6806  0.924062D+00  0.939673D+00 -0.196203D+04
  305.9763  0.867854D+00  0.888379D+00 -0.262189D+04
  306.2710  0.909593D+00  0.921938D+00 -0.146085D+04
  306.5647  0.905731D+00  0.911579D+00 -0.692053D+03
  306.8572  0.927922D+00  0.927621D+00  0.355686D+02
  307.1486  0.980726D+00  0.968435D+00  0.145449D+04
  307.4389  0.978054D+00  0.967508D+00  0.124797D+04
  307.7280  0.947171D+00  0.954367D+00 -0.851555D+03
  308.0158  0.931285D+00  0.941045D+00 -0.105018D+04
  308.3025  0.927860D+00  0.936906D+00 -0.907137D+03
  308.5879  0.931898D+00  0.922830D+00  0.828515D+03
  308.8719  0.863431D+00  0.843050D+00  0.180877D+04
  309.1547  0.745147D+00  0.744261D+00  0.785730D+02
  309.4361  0.695210D+00  0.701869D+00 -0.542069D+03
   23 303.583 309.995 306.789  4.400D-01  0.000D+00 -8.764D-02  0.000D+00  9.889D-01  1.341D+03 10300  1.553D-02
  303.5833  0.124754D+01  0.126379D+01 -0.192283D+04
  303.8857  0.114718D+01  0.114230D+01  0.577102D+03
  304.1871  0.113236D+01  0.112864D+01  0.440907D+03
  304.4877  0.116420D+01  0.114872D+01  0.183186D+04
  304.7874  0.116579D+01  0.114416D+01  0.256021D+04
  305.0861  0.115797D+01  0.116457D+01 -0.781845D+03
  305.3838  0.108174D+01  0.108924D+01 -0.888401D+03
  305.6806  0.924062D+00  0.925671D+00 -0.202153D+03
  305.9763  0.867854D+00  0.885181D+00 -0.221333D+04
  306.2710  0.909593D+00  0.921384D+00 -0.139530D+04
  306.5647  0.905731D+00  0.905960D+00 -0.270793D+02
  306.8572  0.927922D+00  0.927292D+00  0.745846D+02
  307.1486  0.980726D+00  0.969057D+00  0.138082D+04
  307.4389  0.978054D+00  0.965445D+00  0.149210D+04
  307.7280  0.947171D+00  0.953565D+00 -0.756702D+03
  308.0158  0.931285D+00  0.941127D+00 -0.105898D+04
  308.3025  0.927860D+00  0.939199D+00 -0.113707D+04
  308.5879  0.931898D+00  0.924621D+00  0.664908D+03
  308.8719  0.863431D+00  0.838821D+00  0.218412D+04
  309.1547  0.745147D+00  0.740129D+00  0.445283D+03
  309.4361  0.695210D+00  0.702416D+00 -0.586604D+03
  309.7161  0.704416D+00  0.688750D+00  0.112810D+04
  309.9947  0.670333D+00  0.703558D+00 -0.219116D+04
   31 310.153 314.873 312.513  2.538D-01  0.000D+00  1.507D-02  0.000D+00  8.176D-01  8.194D+02 10300  4.682D-03
  310.1525  0.761386D+00  0.769268D+00 -0.690402D+03
  310.3109  0.858881D+00  0.874167D+00 -0.129791D+04
  310.4692  0.106854D+01  0.108077D+01 -0.985516D+03
  310.6275  0.122163D+01  0.120104D+01  0.160124D+04
  310.7856  0.126924D+01  0.125113D+01  0.142469D+04
  310.9438  0.126498D+01  0.125803D+01  0.548263D+03
  311.1018  0.122641D+01  0.121075D+01  0.127331D+04
  311.2597  0.117271D+01  0.116941D+01  0.280663D+03
  311.4176  0.112688D+01  0.113558D+01 -0.757987D+03
  311.5754  0.106313D+01  0.107265D+01 -0.858827D+03
  311.7332  0.962201D+00  0.976727D+00 -0.134909D+04
  311.8908  0.869588D+00  0.874898D+00 -0.521308D+03
  312.0485  0.806137D+00  0.814582D+00 -0.868331D+03
  312.2060  0.812878D+00  0.815855D+00 -0.300624D+03
  312.3634  0.862974D+00  0.869130D+00 -0.605049D+03
  312.5208  0.902175D+00  0.903899D+00 -0.164386D+03
  312.6781  0.908376D+00  0.896087D+00  0.116770D+04
  312.8354  0.909071D+00  0.903786D+00  0.502927D+03
  312.9925  0.925094D+00  0.919352D+00  0.541652D+03
  313.1496  0.923277D+00  0.913197D+00  0.950894D+03
  313.3066  0.902358D+00  0.894984D+00  0.702129D+03
  313.4636  0.896422D+00  0.891416D+00  0.476057D+03
  313.6205  0.931243D+00  0.931320D+00 -0.714867D+01
  313.7773  0.100781D+01  0.101212D+01 -0.395652D+03
  313.9341  0.107982D+01  0.108692D+01 -0.645512D+03
  314.0908  0.109252D+01  0.109500D+01 -0.221312D+03
  314.2473  0.989490D+00  0.100135D+01 -0.109351D+04
  314.4039  0.819857D+00  0.818759D+00  0.108893D+03
  314.5603  0.716030D+00  0.708904D+00  0.751389D+03
  314.7167  0.768043D+00  0.772705D+00 -0.478571D+03
  314.8730  0.904958D+00  0.899228D+00  0.534777D+03
   31 311.733 316.432 314.083  2.600D-01  0.000D+00  1.470D-02  0.000D+00  8.271D-01  5.307D+02 10300  3.293D-03
  311.7332  0.962201D+00  0.950924D+00  0.104722D+04
  311.8908  0.869588D+00  0.863324D+00  0.615062D+03
  312.0485  0.806137D+00  0.811841D+00 -0.586532D+03
  312.2060  0.812878D+00  0.818613D+00 -0.579236D+03
  312.3634  0.862974D+00  0.873621D+00 -0.104643D+04
  312.5208  0.902175D+00  0.910055D+00 -0.751460D+03
  312.6781  0.908376D+00  0.905824D+00  0.242480D+03
  312.8354  0.909071D+00  0.913107D+00 -0.384167D+03
  312.9925  0.925094D+00  0.926420D+00 -0.125053D+03
  313.1496  0.923277D+00  0.918710D+00  0.430881D+03
  313.3066  0.902358D+00  0.899183D+00  0.302307D+03
  313.4636  0.896422D+00  0.894084D+00  0.222301D+03
  313.6205  0.931243D+00  0.931404D+00 -0.150042D+02
  313.7773  0.100781D+01  0.100805D+01 -0.219315D+02
  313.9341  0.107982D+01  0.107805D+01  0.160806D+03
  314.0908  0.109252D+01  0.108311D+01  0.840699D+03
  314.2473  0.989490D+00  0.989591D+00 -0.927320D+01
  314.4039  0.819857D+00  0.814814D+00  0.499899D+03
  314.5603  0.716030D+00  0.711456D+00  0.482384D+03
  314.7167  0.768043D+00  0.774156D+00 -0.627519D+03
  314.8730  0.904958D+00  0.901987D+00  0.277252D+03
  315.0293  0.992358D+00  0.990653D+00  0.156454D+03
  315.1855  0.101739D+01  0.101620D+01  0.108655D+03
  315.3416  0.100458D+01  0.100775D+01 -0.289069D+03
  315.4977  0.965367D+00  0.970278D+00 -0.448274D+03
  315.6536  0.866279D+00  0.876744D+00 -0.996033D+03
  315.8095  0.732771D+00  0.739067D+00 -0.654122D+03
  315.9653  0.638297D+00  0.641239D+00 -0.325199D+03
  316.1211  0.645995D+00  0.645243D+00  0.817628D+02
  316.2768  0.735148D+00  0.728236D+00  0.707902D+03
  316.4324  0.830868D+00  0.824960D+00  0.571207D+03
   31 313.307 317.985 315.646  2.602D-01  0.000D+00  1.146D-02  0.000D+00  8.280D-01  4.244D+02 10000  2.569D-03
  313.3066  0.902358D+00  0.902293D+00  0.623419D+01
  313.4636  0.896422D+00  0.897510D+00 -0.103464D+03
  313.6205  0.931243D+00  0.935487D+00 -0.396278D+03
  313.7773  0.100781D+01  0.101231D+01 -0.412480D+03
  313.9341  0.107982D+01  0.108096D+01 -0.104050D+03
  314.0908  0.109252D+01  0.108361D+01  0.796139D+03
  314.2473  0.989490D+00  0.987120D+00  0.218558D+03
  314.4039  0.819857D+00  0.811542D+00  0.824172D+03
  314.5603  0.716030D+00  0.711081D+00  0.521848D+03
  314.7167  0.768043D+00  0.776138D+00 -0.830900D+03
  314.8730  0.904958D+00  0.903410D+00  0.144508D+03
  315.0293  0.992358D+00  0.990551D+00  0.165774D+03
  315.1855  0.101739D+01  0.101501D+01  0.217319D+03
  315.3416  0.100458D+01  0.100628D+01 -0.155122D+03
  315.4977  0.965367D+00  0.968314D+00 -0.269055D+03
  315.6536  0.866279D+00  0.874165D+00 -0.750578D+03
  315.8095  0.732771D+00  0.737030D+00 -0.442455D+03
  315.9653  0.638297D+00  0.641725D+00 -0.378936D+03
  316.1211  0.645995D+00  0.648860D+00 -0.311525D+03
  316.2768  0.735148D+00  0.734434D+00  0.730984D+02
  316.4324  0.830868D+00  0.832960D+00 -0.202231D+03
  316.5880  0.897059D+00  0.890975D+00  0.565218D+03
  316.7435  0.927608D+00  0.927508D+00  0.918562D+01
  316.8988  0.975882D+00  0.974639D+00  0.113552D+03
  317.0542  0.106621D+01  0.106114D+01  0.450266D+03
  317.2094  0.116141D+01  0.116239D+01 -0.835410D+02
  317.3647  0.120382D+01  0.120143D+01  0.199403D+03
  317.5198  0.119154D+01  0.118255D+01  0.752210D+03
  317.6749  0.114521D+01  0.114526D+01 -0.457204D+01
  317.8298  0.103443D+01  0.104198D+01 -0.672118D+03
  317.9848  0.868788D+00  0.872044D+00 -0.269110D+03
   31 314.873 319.530 317.202  2.608D-01  0.000D+00  6.322D-03  0.000D+00  8.249D-01  3.114D+02 10300  2.092D-03
  314.8730  0.904958D+00  0.907677D+00 -0.253730D+03
  315.0293  0.992358D+00  0.991960D+00  0.365082D+02
  315.1855  0.101739D+01  0.101411D+01  0.299957D+03
  315.3416  0.100458D+01  0.100410D+01  0.434272D+02
  315.4977  0.965367D+00  0.964242D+00  0.102689D+03
  315.6536  0.866279D+00  0.868069D+00 -0.170313D+03
  315.8095  0.732771D+00  0.731156D+00  0.167787D+03
  315.9653  0.638297D+00  0.639205D+00 -0.100358D+03
  316.1211  0.645995D+00  0.649617D+00 -0.393857D+03
  316.2768  0.735148D+00  0.736428D+00 -0.131149D+03
  316.4324  0.830868D+00  0.833891D+00 -0.292247D+03
  316.5880  0.897059D+00  0.890928D+00  0.569567D+03
  316.7435  0.927608D+00  0.927710D+00 -0.933359D+01
  316.8988  0.975882D+00  0.976226D+00 -0.313466D+02
  317.0542  0.106621D+01  0.106469D+01  0.134806D+03
  317.2094  0.116141D+01  0.116512D+01 -0.316188D+03
  317.3647  0.120382D+01  0.120227D+01  0.129169D+03
  317.5198  0.119154D+01  0.118333D+01  0.687346D+03
  317.6749  0.114521D+01  0.114518D+01  0.232716D+01
  317.8298  0.103443D+01  0.103919D+01 -0.423688D+03
  317.9848  0.868788D+00  0.869468D+00 -0.561858D+02
  318.1396  0.751230D+00  0.756030D+00 -0.475598D+03
  318.2944  0.746072D+00  0.750344D+00 -0.431718D+03
  318.4491  0.812568D+00  0.811524D+00  0.101040D+03
  318.6037  0.894244D+00  0.894171D+00  0.685715D+01
  318.7583  0.981484D+00  0.975997D+00  0.489888D+03
  318.9128  0.104835D+01  0.104458D+01  0.330906D+03
  319.0672  0.102560D+01  0.103141D+01 -0.510476D+03
  319.2216  0.916758D+00  0.913259D+00  0.318965D+03
  319.3759  0.828439D+00  0.825119D+00  0.308416D+03
  319.5302  0.848504D+00  0.852879D+00 -0.409833D+03
   31 316.432 321.069 318.750  2.613D-01  0.000D+00  4.488D-03  0.000D+00  8.209D-01  3.609D+02 10300  2.612D-03
  316.4324  0.830868D+00  0.835304D+00 -0.428856D+03
  316.5880  0.897059D+00  0.891871D+00  0.481991D+03
  316.7435  0.927608D+00  0.928434D+00 -0.756529D+02
  316.8988  0.975882D+00  0.977126D+00 -0.113482D+03
  317.0542  0.106621D+01  0.106579D+01  0.369064D+02
  317.2094  0.116141D+01  0.116566D+01 -0.362190D+03
  317.3647  0.120382D+01  0.120169D+01  0.177584D+03
  317.5198  0.119154D+01  0.118218D+01  0.783729D+03
  317.6749  0.114521D+01  0.114359D+01  0.138447D+03
  317.8298  0.103443D+01  0.103652D+01 -0.185540D+03
  317.9848  0.868788D+00  0.867309D+00  0.122231D+03
  318.1396  0.751230D+00  0.755396D+00 -0.412732D+03
  318.2944  0.746072D+00  0.750791D+00 -0.476885D+03
  318.4491  0.812568D+00  0.812816D+00 -0.239594D+02
  318.6037  0.894244D+00  0.895427D+00 -0.110789D+03
  318.7583  0.981484D+00  0.977899D+00  0.320065D+03
  318.9128  0.104835D+01  0.104640D+01  0.170978D+03
  319.0672  0.102560D+01  0.103263D+01 -0.617458D+03
  319.2216  0.916758D+00  0.914614D+00  0.195463D+03
  319.3759  0.828439D+00  0.828670D+00 -0.214766D+02
  319.5302  0.848504D+00  0.858452D+00 -0.931685D+03
  319.6843  0.944180D+00  0.938810D+00  0.477043D+03
  319.8384  0.103038D+01  0.102632D+01  0.352251D+03
  319.9924  0.108589D+01  0.108382D+01  0.173949D+03
  320.1464  0.110831D+01  0.110102D+01  0.608701D+03
  320.3002  0.113106D+01  0.113164D+01 -0.482389D+02
  320.4540  0.117972D+01  0.118109D+01 -0.111423D+03
  320.6078  0.120473D+01  0.120662D+01 -0.151719D+03
  320.7614  0.117093D+01  0.117271D+01 -0.145383D+03
  320.9150  0.106437D+01  0.106732D+01 -0.255906D+03
  321.0686  0.932651D+00  0.930165D+00  0.222747D+03
   31 317.985 322.600 320.292  2.606D-01  0.000D+00  2.216D-03  0.000D+00  8.124D-01  3.616D+02   300  2.800D-03
  317.9848  0.868788D+00  0.863407D+00  0.444642D+03
  318.1396  0.751230D+00  0.753158D+00 -0.191063D+03
  318.2944  0.746072D+00  0.750373D+00 -0.434672D+03
  318.4491  0.812568D+00  0.812933D+00 -0.353436D+02
  318.6037  0.894244D+00  0.896015D+00 -0.165841D+03
  318.7583  0.981484D+00  0.978242D+00  0.289475D+03
  318.9128  0.104835D+01  0.104653D+01  0.159607D+03
  319.0672  0.102560D+01  0.103105D+01 -0.478253D+03
  319.2216  0.916758D+00  0.911732D+00  0.458122D+03
  319.3759  0.828439D+00  0.826939D+00  0.139280D+03
  319.5302  0.848504D+00  0.858360D+00 -0.923146D+03
  319.6843  0.944180D+00  0.939250D+00  0.438021D+03
  319.8384  0.103038D+01  0.102679D+01  0.311017D+03
  319.9924  0.108589D+01  0.108378D+01  0.176607D+03
  320.1464  0.110831D+01  0.110062D+01  0.642227D+03
  320.3002  0.113106D+01  0.113198D+01 -0.763347D+02
  320.4540  0.117972D+01  0.118210D+01 -0.192985D+03
  320.6078  0.120473D+01  0.120793D+01 -0.257609D+03
  320.7614  0.117093D+01  0.117355D+01 -0.214171D+03
  320.9150  0.106437D+01  0.106777D+01 -0.295288D+03
  321.0686  0.932651D+00  0.930735D+00  0.171701D+03
  321.2220  0.827378D+00  0.830760D+00 -0.316685D+03
  321.3754  0.795573D+00  0.797690D+00 -0.201429D+03
  321.5287  0.830871D+00  0.834098D+00 -0.301525D+03
  321.6820  0.917625D+00  0.916916D+00  0.649910D+02
  321.8352  0.102048D+01  0.101361D+01  0.596661D+03
  321.9883  0.108578D+01  0.108509D+01  0.586632D+02
  322.1414  0.107981D+01  0.107905D+01  0.639705D+02
  322.2943  0.102441D+01  0.101757D+01  0.590563D+03
  322.4473  0.963790D+00  0.967624D+00 -0.339618D+03
  322.6001  0.910076D+00  0.913808D+00 -0.337383D+03
   31 319.530 324.125 321.827  2.590D-01  0.000D+00 -4.728D-04  0.000D+00  8.038D-01  3.349D+02   300  3.117D-03
  319.5302  0.848504D+00  0.857210D+00 -0.815369D+03
  319.6843  0.944180D+00  0.939162D+00  0.445787D+03
  319.8384  0.103038D+01  0.102729D+01  0.267687D+03
  319.9924  0.108589D+01  0.108390D+01  0.167133D+03
  320.1464  0.110831D+01  0.110024D+01  0.673793D+03
  320.3002  0.113106D+01  0.113232D+01 -0.104077D+03
  320.4540  0.117972D+01  0.118300D+01 -0.266236D+03
  320.6078  0.120473D+01  0.120856D+01 -0.307779D+03
  320.7614  0.117093D+01  0.117307D+01 -0.174848D+03
  320.9150  0.106437D+01  0.106590D+01 -0.132800D+03
  321.0686  0.932651D+00  0.928232D+00  0.395995D+03
  321.2220  0.827378D+00  0.828990D+00 -0.150968D+03
  321.3754  0.795573D+00  0.797245D+00 -0.159074D+03
  321.5287  0.830871D+00  0.834876D+00 -0.374265D+03
  321.6820  0.917625D+00  0.918430D+00 -0.738614D+02
  321.8352  0.102048D+01  0.101536D+01  0.444308D+03
  321.9883  0.108578D+01  0.108648D+01 -0.590699D+02
  322.1414  0.107981D+01  0.107874D+01  0.907712D+02
  322.2943  0.102441D+01  0.101633D+01  0.697202D+03
  322.4473  0.963790D+00  0.967174D+00 -0.299679D+03
  322.6001  0.910076D+00  0.913412D+00 -0.301551D+03
  322.7529  0.837106D+00  0.838006D+00 -0.820808D+02
  322.9056  0.784062D+00  0.788365D+00 -0.399136D+03
  323.0582  0.812715D+00  0.808242D+00  0.415060D+03
  323.2108  0.876735D+00  0.878148D+00 -0.126164D+03
  323.3633  0.906522D+00  0.907257D+00 -0.645846D+02
  323.5157  0.887479D+00  0.883159D+00  0.385222D+03
  323.6681  0.881055D+00  0.882366D+00 -0.115596D+03
  323.8204  0.925490D+00  0.926405D+00 -0.785632D+02
  323.9726  0.991015D+00  0.988420D+00  0.217403D+03
  324.1248  0.104630D+01  0.104857D+01 -0.184722D+03
   31 321.069 325.643 323.356  2.601D-01  0.000D+00 -1.795D-03  0.000D+00  8.038D-01  2.899D+02 10300  3.053D-03
  321.0686  0.932651D+00  0.928963D+00  0.330472D+03
  321.2220  0.827378D+00  0.829500D+00 -0.198697D+03
  321.3754  0.795573D+00  0.797830D+00 -0.214731D+03
  321.5287  0.830871D+00  0.835509D+00 -0.433393D+03
  321.6820  0.917625D+00  0.918956D+00 -0.122088D+03
  321.8352  0.102048D+01  0.101555D+01  0.428053D+03
  321.9883  0.108578D+01  0.108589D+01 -0.908271D+01
  322.1414  0.107981D+01  0.107775D+01  0.174127D+03
  322.2943  0.102441D+01  0.101600D+01  0.725317D+03
  322.4473  0.963790D+00  0.967115D+00 -0.294482D+03
  322.6001  0.910076D+00  0.913207D+00 -0.283099D+03
  322.7529  0.837106D+00  0.838224D+00 -0.102062D+03
  322.9056  0.784062D+00  0.789510D+00 -0.505306D+03
  323.0582  0.812715D+00  0.809990D+00  0.252822D+03
  323.2108  0.876735D+00  0.879340D+00 -0.232618D+03
  323.3633  0.906522D+00  0.907643D+00 -0.984999D+02
  323.5157  0.887479D+00  0.883551D+00  0.350234D+03
  323.6681  0.881055D+00  0.882740D+00 -0.148585D+03
  323.8204  0.925490D+00  0.925994D+00 -0.432979D+02
  323.9726  0.991015D+00  0.986682D+00  0.363049D+03
  324.1248  0.104630D+01  0.104479D+01  0.122255D+03
  324.2769  0.107430D+01  0.107605D+01 -0.141174D+03
  324.4289  0.109486D+01  0.108948D+01  0.395974D+03
  324.5809  0.110200D+01  0.110529D+01 -0.261452D+03
  324.7327  0.108065D+01  0.108474D+01 -0.326300D+03
  324.8846  0.103660D+01  0.103435D+01  0.184581D+03
  325.0363  0.101511D+01  0.101827D+01 -0.260179D+03
  325.1880  0.104819D+01  0.104937D+01 -0.957366D+02
  325.3397  0.111017D+01  0.110619D+01  0.278022D+03
  325.4911  0.119855D+01  0.119573D+01  0.219315D+03
  325.6426  0.129617D+01  0.129836D+01 -0.165228D+03
   31 322.600 327.154 324.877  2.627D-01  0.000D+00 -3.073D-03  0.000D+00  8.103D-01  2.400D+02   300  2.622D-03
  322.6001  0.910076D+00  0.909855D+00  0.200504D+02
  322.7529  0.837106D+00  0.836314D+00  0.723181D+02
  322.9056  0.784062D+00  0.789286D+00 -0.484513D+03
  323.0582  0.812715D+00  0.810429D+00  0.212116D+03
  323.2108  0.876735D+00  0.878233D+00 -0.133764D+03
  323.3633  0.906522D+00  0.906036D+00  0.427092D+02
  323.5157  0.887479D+00  0.883294D+00  0.373108D+03
  323.6681  0.881055D+00  0.883224D+00 -0.191230D+03
  323.8204  0.925490D+00  0.926357D+00 -0.744989D+02
  323.9726  0.991015D+00  0.986982D+00  0.337923D+03
  324.1248  0.104630D+01  0.104442D+01  0.152778D+03
  324.2769  0.107430D+01  0.107559D+01 -0.104125D+03
  324.4289  0.109486D+01  0.108994D+01  0.361738D+03
  324.5809  0.110200D+01  0.110482D+01 -0.224050D+03
  324.7327  0.108065D+01  0.108420D+01 -0.282840D+03
  324.8846  0.103660D+01  0.103511D+01  0.122067D+03
  325.0363  0.101511D+01  0.101980D+01 -0.386701D+03
  325.1880  0.104819D+01  0.105108D+01 -0.234696D+03
  325.3397  0.111017D+01  0.110884D+01  0.929895D+02
  325.4911  0.119855D+01  0.119878D+01 -0.179913D+02
  325.6426  0.129617D+01  0.130126D+01 -0.384355D+03
  325.7940  0.137575D+01  0.137057D+01  0.372096D+03
  325.9454  0.141222D+01  0.140735D+01  0.353990D+03
  326.0967  0.141596D+01  0.141441D+01  0.112751D+03
  326.2479  0.138669D+01  0.138363D+01  0.224506D+03
  326.3990  0.132805D+01  0.133204D+01 -0.296966D+03
  326.5501  0.130582D+01  0.130374D+01  0.154400D+03
  326.7011  0.133847D+01  0.133913D+01 -0.487329D+02
  326.8521  0.138040D+01  0.138395D+01 -0.258857D+03
  327.0029  0.136823D+01  0.136840D+01 -0.118890D+02
  327.1537  0.132229D+01  0.132134D+01  0.696534D+02
   31 324.125 328.658 326.391  2.624D-01  0.000D+00 -2.903D-03  0.000D+00  8.133D-01  2.394D+02 10300  3.211D-03
  324.1248  0.104630D+01  0.104395D+01  0.191090D+03
  324.2769  0.107430D+01  0.107535D+01 -0.845310D+02
  324.4289  0.109486D+01  0.108980D+01  0.372423D+03
  324.5809  0.110200D+01  0.110486D+01 -0.226733D+03
  324.7327  0.108065D+01  0.108431D+01 -0.292127D+03
  324.8846  0.103660D+01  0.103507D+01  0.125682D+03
  325.0363  0.101511D+01  0.101965D+01 -0.374257D+03
  325.1880  0.104819D+01  0.105086D+01 -0.217270D+03
  325.3397  0.111017D+01  0.110848D+01  0.117817D+03
  325.4911  0.119855D+01  0.119830D+01  0.196581D+02
  325.6426  0.129617D+01  0.130076D+01 -0.346955D+03
  325.7940  0.137575D+01  0.137000D+01  0.413145D+03
  325.9454  0.141222D+01  0.140675D+01  0.398078D+03
  326.0967  0.141596D+01  0.141388D+01  0.151778D+03
  326.2479  0.138669D+01  0.138319D+01  0.256644D+03
  326.3990  0.132805D+01  0.133169D+01 -0.270450D+03
  326.5501  0.130582D+01  0.130346D+01  0.175475D+03
  326.7011  0.133847D+01  0.133922D+01 -0.553917D+02
  326.8521  0.138040D+01  0.138468D+01 -0.311929D+03
  327.0029  0.136823D+01  0.136970D+01 -0.106706D+03
  327.1537  0.132229D+01  0.132313D+01 -0.607683D+02
  327.3045  0.131283D+01  0.131343D+01 -0.436946D+02
  327.4551  0.133980D+01  0.134139D+01 -0.114947D+03
  327.6057  0.135188D+01  0.134742D+01  0.324474D+03
  327.7563  0.132351D+01  0.132038D+01  0.229636D+03
  327.9067  0.128990D+01  0.129290D+01 -0.220742D+03
  328.0572  0.127860D+01  0.128252D+01 -0.288328D+03
  328.2075  0.128051D+01  0.128208D+01 -0.115173D+03
  328.3577  0.128322D+01  0.127803D+01  0.380284D+03
  328.5079  0.124873D+01  0.125041D+01 -0.124620D+03
  328.6581  0.119269D+01  0.119189D+01  0.601609D+02
   31 325.643 330.156 327.899  2.643D-01  0.000D+00 -3.744D-03  0.000D+00  8.123D-01  3.111D+02 10300  3.614D-03
  325.6426  0.129617D+01  0.130460D+01 -0.636561D+03
  325.7940  0.137575D+01  0.137272D+01  0.217340D+03
  325.9454  0.141222D+01  0.140836D+01  0.280444D+03
  326.0967  0.141596D+01  0.141422D+01  0.126805D+03
  326.2479  0.138669D+01  0.138270D+01  0.292122D+03
  326.3990  0.132805D+01  0.133111D+01 -0.227559D+03
  326.5501  0.130582D+01  0.130333D+01  0.185278D+03
  326.7011  0.133847D+01  0.133832D+01  0.107151D+02
  326.8521  0.138040D+01  0.138245D+01 -0.149523D+03
  327.0029  0.136823D+01  0.136743D+01  0.579551D+02
  327.1537  0.132229D+01  0.132200D+01  0.214153D+02
  327.3045  0.131283D+01  0.131273D+01  0.781916D+01
  327.4551  0.133980D+01  0.134027D+01 -0.336904D+02
  327.6057  0.135188D+01  0.134643D+01  0.396313D+03
  327.7563  0.132351D+01  0.132032D+01  0.233748D+03
  327.9067  0.128990D+01  0.129379D+01 -0.286482D+03
  328.0572  0.127860D+01  0.128420D+01 -0.411773D+03
  328.2075  0.128051D+01  0.128454D+01 -0.295368D+03
  328.3577  0.128322D+01  0.128124D+01  0.145343D+03
  328.5079  0.124873D+01  0.125418D+01 -0.405225D+03
  328.6581  0.119269D+01  0.119758D+01 -0.372032D+03
  328.8081  0.118578D+01  0.118533D+01  0.341786D+02
  328.9581  0.127409D+01  0.128054D+01 -0.471623D+03
  329.1081  0.140487D+01  0.140473D+01  0.960760D+01
  329.2579  0.149133D+01  0.148138D+01  0.683709D+03
  329.4077  0.153060D+01  0.152339D+01  0.485141D+03
  329.5575  0.154869D+01  0.154320D+01  0.367142D+03
  329.7072  0.155289D+01  0.155003D+01  0.190183D+03
  329.8568  0.156868D+01  0.156822D+01  0.303352D+02
  330.0063  0.160117D+01  0.160260D+01 -0.939050D+02
  330.1557  0.158861D+01  0.159654D+01 -0.522547D+03
   31 327.154 331.647 329.400  2.609D-01  0.000D+00 -5.118D-03  0.000D+00  8.163D-01  3.432D+02   300  3.427D-03
  327.1537  0.132229D+01  0.132159D+01  0.511637D+02
  327.3045  0.131283D+01  0.131237D+01  0.341991D+02
  327.4551  0.133980D+01  0.134085D+01 -0.756663D+02
  327.6057  0.135188D+01  0.134671D+01  0.375907D+03
  327.7563  0.132351D+01  0.131977D+01  0.273546D+03
  327.9067  0.128990D+01  0.129260D+01 -0.198428D+03
  328.0572  0.127860D+01  0.128388D+01 -0.388519D+03
  328.2075  0.128051D+01  0.128433D+01 -0.279889D+03
  328.3577  0.128322D+01  0.128153D+01  0.123467D+03
  328.5079  0.124873D+01  0.125454D+01 -0.431528D+03
  328.6581  0.119269D+01  0.119641D+01 -0.282452D+03
  328.8081  0.118578D+01  0.118342D+01  0.179406D+03
  328.9581  0.127409D+01  0.128142D+01 -0.536007D+03
  329.1081  0.140487D+01  0.140753D+01 -0.186832D+03
  329.2579  0.149133D+01  0.148275D+01  0.589370D+03
  329.4077  0.153060D+01  0.152385D+01  0.454321D+03
  329.5575  0.154869D+01  0.154293D+01  0.385632D+03
  329.7072  0.155289D+01  0.154839D+01  0.299535D+03
  329.8568  0.156868D+01  0.156545D+01  0.213592D+03
  330.0063  0.160117D+01  0.159958D+01  0.104361D+03
  330.1557  0.158861D+01  0.159242D+01 -0.250767D+03
  330.3051  0.150964D+01  0.150164D+01  0.537068D+03
  330.4545  0.138228D+01  0.138795D+01 -0.400504D+03
  330.6037  0.128477D+01  0.129375D+01 -0.649387D+03
  330.7529  0.126705D+01  0.126412D+01  0.213304D+03
  330.9021  0.131971D+01  0.132873D+01 -0.642476D+03
  331.0511  0.139720D+01  0.140071D+01 -0.243692D+03
  331.2001  0.140763D+01  0.140656D+01  0.744571D+02
  331.3491  0.135536D+01  0.135772D+01 -0.166110D+03
  331.4979  0.131831D+01  0.131483D+01  0.246698D+03
  331.6467  0.133938D+01  0.133428D+01  0.357168D+03
   31 328.658 333.131 330.895  2.612D-01  0.000D+00 -2.004D-03  0.000D+00  8.152D-01  3.299D+02 10300  2.872D-03
  328.6581  0.119269D+01  0.119753D+01 -0.368176D+03
  328.8081  0.118578D+01  0.118377D+01  0.152624D+03
  328.9581  0.127409D+01  0.128039D+01 -0.460711D+03
  329.1081  0.140487D+01  0.140716D+01 -0.160615D+03
  329.2579  0.149133D+01  0.148385D+01  0.513550D+03
  329.4077  0.153060D+01  0.152544D+01  0.347434D+03
  329.5575  0.154869D+01  0.154457D+01  0.275575D+03
  329.7072  0.155289D+01  0.154960D+01  0.219020D+03
  329.8568  0.156868D+01  0.156568D+01  0.198362D+03
  330.0063  0.160117D+01  0.159917D+01  0.130928D+03
  330.1557  0.158861D+01  0.159273D+01 -0.270947D+03
  330.3051  0.150964D+01  0.150313D+01  0.436716D+03
  330.4545  0.138228D+01  0.138925D+01 -0.492217D+03
  330.6037  0.128477D+01  0.129419D+01 -0.681604D+03
  330.7529  0.126705D+01  0.126291D+01  0.301687D+03
  330.9021  0.131971D+01  0.132612D+01 -0.457134D+03
  331.0511  0.139720D+01  0.139964D+01 -0.169430D+03
  331.2001  0.140763D+01  0.140822D+01 -0.404472D+02
  331.3491  0.135536D+01  0.136146D+01 -0.429983D+03
  331.4979  0.131831D+01  0.131961D+01 -0.923330D+02
  331.6467  0.133938D+01  0.134011D+01 -0.509000D+02
  331.7955  0.139913D+01  0.140015D+01 -0.704236D+02
  331.9442  0.143165D+01  0.142511D+01  0.445317D+03
  332.0928  0.139003D+01  0.138553D+01  0.308627D+03
  332.2413  0.131154D+01  0.130869D+01  0.202403D+03
  332.3898  0.127767D+01  0.126953D+01  0.580735D+03
  332.5381  0.132166D+01  0.131983D+01  0.127816D+03
  332.6865  0.137399D+01  0.137711D+01 -0.215921D+03
  332.8348  0.135945D+01  0.135753D+01  0.133529D+03
  332.9830  0.131673D+01  0.131900D+01 -0.159382D+03
  333.1311  0.132928D+01  0.133452D+01 -0.364511D+03
   31 330.156 334.609 332.382  2.613D-01  0.000D+00 -1.707D-04  0.000D+00  8.117D-01  3.039D+02 10300  2.461D-03
  330.1557  0.158861D+01  0.158721D+01  0.926669D+02
  330.3051  0.150964D+01  0.149974D+01  0.664414D+03
  330.4545  0.138228D+01  0.138702D+01 -0.335111D+03
  330.6037  0.128477D+01  0.129263D+01 -0.568961D+03
  330.7529  0.126705D+01  0.126098D+01  0.441894D+03
  330.9021  0.131971D+01  0.132386D+01 -0.295952D+03
  331.0511  0.139720D+01  0.139851D+01 -0.904342D+02
  331.2001  0.140763D+01  0.140851D+01 -0.605469D+02
  331.3491  0.135536D+01  0.136260D+01 -0.510035D+03
  331.4979  0.131831D+01  0.132055D+01 -0.159615D+03
  331.6467  0.133938D+01  0.134044D+01 -0.738746D+02
  331.7955  0.139913D+01  0.140056D+01 -0.985448D+02
  331.9442  0.143165D+01  0.142621D+01  0.370702D+03
  332.0928  0.139003D+01  0.138717D+01  0.196394D+03
  332.2413  0.131154D+01  0.131004D+01  0.106170D+03
  332.3898  0.127767D+01  0.126943D+01  0.587856D+03
  332.5381  0.132166D+01  0.131820D+01  0.241646D+03
  332.6865  0.137399D+01  0.137521D+01 -0.845803D+02
  332.8348  0.135945D+01  0.135546D+01  0.277996D+03
  332.9830  0.131673D+01  0.131547D+01  0.888551D+02
  333.1311  0.132928D+01  0.132878D+01  0.354049D+02
  333.2792  0.136310D+01  0.136255D+01  0.378612D+02
  333.4272  0.133214D+01  0.133643D+01 -0.298642D+03
  333.5752  0.124031D+01  0.124462D+01 -0.307203D+03
  333.7231  0.118701D+01  0.118877D+01 -0.127510D+03
  333.8708  0.122397D+01  0.123100D+01 -0.501210D+03
  334.0186  0.129618D+01  0.130037D+01 -0.290260D+03
  334.1663  0.133745D+01  0.133519D+01  0.155130D+03
  334.3139  0.137249D+01  0.137046D+01  0.136923D+03
  334.4615  0.143219D+01  0.143237D+01 -0.112469D+02
  334.6090  0.147510D+01  0.146980D+01  0.342808D+03
   24 331.647 335.051 333.349  2.620D-01  0.000D+00 -1.914D-03  0.000D+00  8.102D-01  1.862D+02   300  1.688D-03
  331.6467  0.133938D+01  0.134043D+01 -0.735877D+02
  331.7955  0.139913D+01  0.140198D+01 -0.196639D+03
  331.9442  0.143165D+01  0.142811D+01  0.241033D+03
  332.0928  0.139003D+01  0.138919D+01  0.570790D+02
  332.2413  0.131154D+01  0.131259D+01 -0.741335D+02
  332.3898  0.127767D+01  0.127317D+01  0.321280D+03
  332.5381  0.132166D+01  0.132214D+01 -0.340775D+02
  332.6865  0.137399D+01  0.137773D+01 -0.258684D+03
  332.8348  0.135945D+01  0.135682D+01  0.183349D+03
  332.9830  0.131673D+01  0.131677D+01 -0.270623D+01
  333.1311  0.132928D+01  0.132977D+01 -0.340450D+02
  333.2792  0.136310D+01  0.136194D+01  0.799111D+02
  333.4272  0.133214D+01  0.133405D+01 -0.132818D+03
  333.5752  0.124031D+01  0.124190D+01 -0.113455D+03
  333.7231  0.118701D+01  0.118707D+01 -0.398570D+01
  333.8708  0.122397D+01  0.122945D+01 -0.390828D+03
  334.0186  0.129618D+01  0.129799D+01 -0.125543D+03
  334.1663  0.133745D+01  0.133291D+01  0.311696D+03
  334.3139  0.137249D+01  0.136919D+01  0.222302D+03
  334.4615  0.143219D+01  0.143199D+01  0.135513D+02
  334.6090  0.147510D+01  0.147004D+01  0.326939D+03
  334.7564  0.142859D+01  0.142958D+01 -0.643190D+02
  334.9037  0.132783D+01  0.133124D+01 -0.227002D+03
  335.0511  0.129484D+01  0.129517D+01 -0.223859D+02
