 solar_fit_vary
           0
 T T
nw  fwave  lwave  avgwav    hwe     asym  shift    squeeze      sin      rms   exval  std
   31 263.856 274.487 269.172  4.143D-01  0.000D+00 -4.716D-02  0.000D+00  9.944D-01  2.486D+03 10300  2.377D-02
  263.8558  0.404622D+00  0.449236D+00 -0.140910D+04
  264.2242  0.502869D+00  0.488646D+00  0.389920D+04
  264.5913  0.408840D+00  0.430377D+00 -0.590451D+04
  264.9573  0.379313D+00  0.370188D+00  0.250171D+04
  265.3222  0.423874D+00  0.404704D+00  0.525521D+04
  265.6861  0.422433D+00  0.431556D+00 -0.250127D+04
  266.0488  0.384696D+00  0.399464D+00 -0.404881D+04
  266.4105  0.360325D+00  0.362286D+00 -0.537695D+03
  266.7712  0.355148D+00  0.354371D+00  0.215917D+03
  267.1309  0.354618D+00  0.361580D+00 -0.194586D+04
  267.4895  0.371774D+00  0.374040D+00 -0.621320D+03
  267.8473  0.345999D+00  0.352896D+00 -0.206263D+04
  268.2041  0.350421D+00  0.342184D+00  0.240148D+04
  268.5599  0.350609D+00  0.344353D+00  0.182370D+04
  268.9149  0.332984D+00  0.331966D+00  0.339159D+03
  269.2690  0.332992D+00  0.328744D+00  0.141821D+04
  269.6222  0.329670D+00  0.330748D+00 -0.376344D+03
  269.9746  0.374034D+00  0.365050D+00  0.246291D+04
  270.3262  0.398729D+00  0.394556D+00  0.114406D+04
  270.6770  0.382152D+00  0.383098D+00 -0.259408D+03
  271.0269  0.369057D+00  0.365917D+00  0.861018D+03
  271.3762  0.350824D+00  0.344464D+00  0.185792D+04
  271.7246  0.293140D+00  0.289724D+00  0.133798D+04
  272.0724  0.242116D+00  0.246815D+00 -0.191973D+04
  272.4193  0.263400D+00  0.270867D+00 -0.297565D+04
  272.7657  0.312108D+00  0.325603D+00 -0.501975D+04
  273.1113  0.346230D+00  0.349451D+00 -0.964771D+03
  273.4563  0.295612D+00  0.294976D+00  0.240240D+03
  273.8006  0.236577D+00  0.230578D+00  0.245010D+04
  274.1443  0.197932D+00  0.193360D+00  0.208910D+04
  274.4874  0.183114D+00  0.181793D+00  0.606659D+03
   31 267.490 277.887 272.688  3.980D-01  0.000D+00 -6.536D-03  0.000D+00  1.007D+00  1.226D+03 10300  1.250D-02
  267.4895  0.371774D+00  0.367571D+00  0.115236D+04
  267.8473  0.345999D+00  0.353454D+00 -0.222952D+04
  268.2041  0.350421D+00  0.342234D+00  0.238695D+04
  268.5599  0.350609D+00  0.348868D+00  0.507701D+03
  268.9149  0.332984D+00  0.337616D+00 -0.154328D+04
  269.2690  0.332992D+00  0.333987D+00 -0.332208D+03
  269.6222  0.329670D+00  0.333419D+00 -0.130944D+04
  269.9746  0.374034D+00  0.364610D+00  0.258334D+04
  270.3262  0.398729D+00  0.398921D+00 -0.527638D+02
  270.6770  0.382152D+00  0.388416D+00 -0.171748D+04
  271.0269  0.369057D+00  0.367582D+00  0.404303D+03
  271.3762  0.350824D+00  0.348724D+00  0.613567D+03
  271.7246  0.293140D+00  0.294841D+00 -0.665984D+03
  272.0724  0.242116D+00  0.243119D+00 -0.409754D+03
  272.4193  0.263400D+00  0.260539D+00  0.114027D+04
  272.7657  0.312108D+00  0.313278D+00 -0.435244D+03
  273.1113  0.346230D+00  0.347084D+00 -0.255688D+03
  273.4563  0.295612D+00  0.297825D+00 -0.836811D+03
  273.8006  0.236577D+00  0.232065D+00  0.184292D+04
  274.1443  0.197932D+00  0.193066D+00  0.222357D+04
  274.4874  0.183114D+00  0.180891D+00  0.102116D+04
  274.8298  0.182178D+00  0.184789D+00 -0.120007D+04
  275.1717  0.220164D+00  0.218019D+00  0.907369D+03
  275.5129  0.245262D+00  0.247233D+00 -0.786062D+03
  275.8536  0.296483D+00  0.297794D+00 -0.468983D+03
  276.1938  0.341401D+00  0.344285D+00 -0.869538D+03
  276.5334  0.358435D+00  0.361719D+00 -0.900344D+03
  276.8726  0.358273D+00  0.361879D+00 -0.988705D+03
  277.2111  0.366158D+00  0.367419D+00 -0.345707D+03
  277.5492  0.351032D+00  0.347138D+00  0.111695D+04
  277.8869  0.286360D+00  0.283953D+00  0.834936D+03
   31 271.027 281.238 276.133  3.936D-01  0.000D+00  7.037D-04  0.000D+00  9.930D-01  9.145D+02 10300  9.248D-03
  271.0269  0.369057D+00  0.366989D+00  0.566899D+03
  271.3762  0.350824D+00  0.349537D+00  0.375939D+03
  271.7246  0.293140D+00  0.296472D+00 -0.130491D+04
  272.0724  0.242116D+00  0.243202D+00 -0.443501D+03
  272.4193  0.263400D+00  0.259934D+00  0.138146D+04
  272.7657  0.312108D+00  0.312743D+00 -0.236234D+03
  273.1113  0.346230D+00  0.348681D+00 -0.734095D+03
  273.4563  0.295612D+00  0.299955D+00 -0.164201D+04
  273.8006  0.236577D+00  0.233325D+00  0.132847D+04
  274.1443  0.197932D+00  0.193623D+00  0.196892D+04
  274.4874  0.183114D+00  0.180975D+00  0.982471D+03
  274.8298  0.182178D+00  0.184265D+00 -0.959218D+03
  275.1717  0.220164D+00  0.217227D+00  0.124254D+04
  275.5129  0.245262D+00  0.246383D+00 -0.447214D+03
  275.8536  0.296483D+00  0.296225D+00  0.925965D+02
  276.1938  0.341401D+00  0.343770D+00 -0.714271D+03
  276.5334  0.358435D+00  0.361473D+00 -0.832837D+03
  276.8726  0.358273D+00  0.361786D+00 -0.963074D+03
  277.2111  0.366158D+00  0.367689D+00 -0.419671D+03
  277.5492  0.351032D+00  0.349117D+00  0.549360D+03
  277.8869  0.286360D+00  0.285736D+00  0.216448D+03
  278.2240  0.247176D+00  0.247302D+00 -0.455741D+02
  278.5606  0.236696D+00  0.234238D+00  0.940749D+03
  278.8969  0.199162D+00  0.196029D+00  0.125180D+04
  279.2326  0.143128D+00  0.142755D+00  0.170889D+03
  279.5679  0.109859D+00  0.113032D+00 -0.103978D+04
  279.9028  0.102496D+00  0.104963D+00 -0.851059D+03
  280.2373  0.107474D+00  0.110410D+00 -0.101647D+04
  280.5714  0.136437D+00  0.139321D+00 -0.940521D+03
  280.9050  0.198082D+00  0.197062D+00  0.315684D+03
  281.2383  0.261459D+00  0.260218D+00  0.353143D+03
   31 274.487 284.552 279.520  3.697D-01  0.000D+00 -1.161D-03  0.000D+00  1.001D+00  1.014D+03 10300  1.342D-02
  274.4874  0.183114D+00  0.181572D+00  0.708207D+03
  274.8298  0.182178D+00  0.183311D+00 -0.520684D+03
  275.1717  0.220164D+00  0.218106D+00  0.870832D+03
  275.5129  0.245262D+00  0.244920D+00  0.136356D+03
  275.8536  0.296483D+00  0.296097D+00  0.138470D+03
  276.1938  0.341401D+00  0.344072D+00 -0.805279D+03
  276.5334  0.358435D+00  0.361736D+00 -0.905113D+03
  276.8726  0.358273D+00  0.360399D+00 -0.582850D+03
  277.2111  0.366158D+00  0.368495D+00 -0.640609D+03
  277.5492  0.351032D+00  0.351579D+00 -0.156827D+03
  277.8869  0.286360D+00  0.284219D+00  0.742961D+03
  278.2240  0.247176D+00  0.246515D+00  0.239540D+03
  278.5606  0.236696D+00  0.236363D+00  0.127386D+03
  278.8969  0.199162D+00  0.197179D+00  0.792128D+03
  279.2326  0.143128D+00  0.141719D+00  0.646669D+03
  279.5679  0.109859D+00  0.112356D+00 -0.818070D+03
  279.9028  0.102496D+00  0.104530D+00 -0.701652D+03
  280.2373  0.107474D+00  0.109354D+00 -0.650780D+03
  280.5714  0.136437D+00  0.137450D+00 -0.330263D+03
  280.9050  0.198082D+00  0.195525D+00  0.791613D+03
  281.2383  0.261459D+00  0.255762D+00  0.162119D+04
  281.5713  0.329331D+00  0.324611D+00  0.130987D+04
  281.9038  0.383252D+00  0.382562D+00  0.189121D+03
  282.2360  0.421512D+00  0.420701D+00  0.222411D+03
  282.5678  0.439801D+00  0.437036D+00  0.758169D+03
  282.8993  0.463827D+00  0.464105D+00 -0.762728D+02
  283.2304  0.479238D+00  0.490751D+00 -0.315614D+04
  283.5612  0.459423D+00  0.467757D+00 -0.228482D+04
  283.8917  0.460572D+00  0.457419D+00  0.864405D+03
  284.2218  0.432905D+00  0.427946D+00  0.135616D+04
  284.5516  0.362038D+00  0.357872D+00  0.114198D+04
   31 277.887 287.833 282.860  3.669D-01  0.000D+00 -7.024D-03  0.000D+00  1.002D+00  9.058D+02 10300  7.295D-03
  277.8869  0.286360D+00  0.284691D+00  0.579085D+03
  278.2240  0.247176D+00  0.248256D+00 -0.391279D+03
  278.5606  0.236696D+00  0.238560D+00 -0.713658D+03
  278.8969  0.199162D+00  0.198289D+00  0.348621D+03
  279.2326  0.143128D+00  0.142159D+00  0.444479D+03
  279.5679  0.109859D+00  0.112992D+00 -0.102656D+04
  279.9028  0.102496D+00  0.105221D+00 -0.940031D+03
  280.2373  0.107474D+00  0.110107D+00 -0.911347D+03
  280.5714  0.136437D+00  0.138625D+00 -0.713611D+03
  280.9050  0.198082D+00  0.196998D+00  0.335418D+03
  281.2383  0.261459D+00  0.256780D+00  0.133171D+04
  281.5713  0.329331D+00  0.325300D+00  0.111847D+04
  281.9038  0.383252D+00  0.382295D+00  0.262306D+03
  282.2360  0.421512D+00  0.419558D+00  0.535679D+03
  282.5678  0.439801D+00  0.435258D+00  0.124557D+04
  282.8993  0.463827D+00  0.462935D+00  0.244711D+03
  283.2304  0.479238D+00  0.489669D+00 -0.285961D+04
  283.5612  0.459423D+00  0.466859D+00 -0.203874D+04
  283.8917  0.460572D+00  0.458713D+00  0.509744D+03
  284.2218  0.432905D+00  0.430398D+00  0.685829D+03
  284.5516  0.362038D+00  0.361285D+00  0.206430D+03
  284.8811  0.248542D+00  0.245707D+00  0.874221D+03
  285.2103  0.152009D+00  0.150658D+00  0.468730D+03
  285.5392  0.192040D+00  0.193095D+00 -0.338911D+03
  285.8678  0.335763D+00  0.335309D+00  0.126687D+03
  286.1961  0.464165D+00  0.460590D+00  0.980102D+03
  286.5241  0.509696D+00  0.508797D+00  0.246494D+03
  286.8518  0.512760D+00  0.514578D+00 -0.498287D+03
  287.1792  0.557808D+00  0.559537D+00 -0.473802D+03
  287.5064  0.549395D+00  0.548839D+00  0.152318D+03
  287.8332  0.458215D+00  0.458291D+00 -0.180641D+02
   31 281.238 291.086 286.162  3.621D-01  0.000D+00 -3.138D-03  0.000D+00  9.922D-01  9.538D+02 10300  5.454D-03
  281.2383  0.261459D+00  0.258780D+00  0.762311D+03
  281.5713  0.329331D+00  0.327164D+00  0.601303D+03
  281.9038  0.383252D+00  0.383763D+00 -0.140262D+03
  282.2360  0.421512D+00  0.420655D+00  0.235034D+03
  282.5678  0.439801D+00  0.435523D+00  0.117286D+04
  282.8993  0.463827D+00  0.462559D+00  0.347633D+03
  283.2304  0.479238D+00  0.490117D+00 -0.298234D+04
  283.5612  0.459423D+00  0.466597D+00 -0.196687D+04
  283.8917  0.460572D+00  0.458819D+00  0.480642D+03
  284.2218  0.432905D+00  0.431201D+00  0.466036D+03
  284.5516  0.362038D+00  0.362824D+00 -0.215554D+03
  284.8811  0.248542D+00  0.247273D+00  0.391314D+03
  285.2103  0.152009D+00  0.149934D+00  0.719958D+03
  285.5392  0.192040D+00  0.191154D+00  0.284504D+03
  285.8678  0.335763D+00  0.333915D+00  0.515600D+03
  286.1961  0.464165D+00  0.460410D+00  0.102961D+04
  286.5241  0.509696D+00  0.508908D+00  0.215971D+03
  286.8518  0.512760D+00  0.512811D+00 -0.138212D+02
  287.1792  0.557808D+00  0.557674D+00  0.367896D+02
  287.5064  0.549395D+00  0.546878D+00  0.689917D+03
  287.8332  0.458215D+00  0.455757D+00  0.589036D+03
  288.1598  0.361320D+00  0.362638D+00 -0.361230D+03
  288.4861  0.461707D+00  0.460847D+00  0.235852D+03
  288.8121  0.585848D+00  0.580080D+00  0.158120D+04
  289.1378  0.609153D+00  0.609773D+00 -0.169778D+03
  289.4633  0.670801D+00  0.674174D+00 -0.924873D+03
  289.7885  0.790703D+00  0.795108D+00 -0.120745D+04
  290.1134  0.893893D+00  0.897442D+00 -0.973086D+03
  290.4380  0.937231D+00  0.938957D+00 -0.473441D+03
  290.7624  0.906778D+00  0.907748D+00 -0.266155D+03
  291.0865  0.885268D+00  0.878734D+00  0.179131D+04
   31 284.552 294.312 289.432  3.485D-01  0.000D+00  5.020D-04  0.000D+00  9.941D-01  1.071D+03 10300  4.611D-03
  284.5516  0.362038D+00  0.365807D+00 -0.103330D+04
  284.8811  0.248542D+00  0.249363D+00 -0.253197D+03
  285.2103  0.152009D+00  0.147393D+00  0.160173D+04
  285.5392  0.192040D+00  0.188195D+00  0.123444D+04
  285.8678  0.335763D+00  0.333963D+00  0.502120D+03
  286.1961  0.464165D+00  0.462957D+00  0.331165D+03
  286.5241  0.509696D+00  0.511665D+00 -0.539877D+03
  286.8518  0.512760D+00  0.512217D+00  0.148779D+03
  287.1792  0.557808D+00  0.560292D+00 -0.681033D+03
  287.5064  0.549395D+00  0.550274D+00 -0.241054D+03
  287.8332  0.458215D+00  0.458582D+00 -0.877706D+02
  288.1598  0.361320D+00  0.357098D+00  0.115766D+04
  288.4861  0.461707D+00  0.459236D+00  0.677442D+03
  288.8121  0.585848D+00  0.582255D+00  0.985139D+03
  289.1378  0.609153D+00  0.608282D+00  0.238982D+03
  289.4633  0.670801D+00  0.671363D+00 -0.154089D+03
  289.7885  0.790703D+00  0.794111D+00 -0.934185D+03
  290.1134  0.893893D+00  0.898525D+00 -0.127012D+04
  290.4380  0.937231D+00  0.941736D+00 -0.123509D+04
  290.7624  0.906778D+00  0.910072D+00 -0.903052D+03
  291.0865  0.885268D+00  0.880122D+00  0.141102D+04
  291.4102  0.897068D+00  0.887047D+00  0.274713D+04
  291.7338  0.851108D+00  0.846840D+00  0.117024D+04
  292.0570  0.837901D+00  0.839988D+00 -0.572146D+03
  292.3800  0.788568D+00  0.791830D+00 -0.894261D+03
  292.7027  0.718692D+00  0.725199D+00 -0.178372D+04
  293.0250  0.796854D+00  0.800129D+00 -0.897657D+03
  293.3471  0.902624D+00  0.896251D+00  0.174696D+04
  293.6689  0.802064D+00  0.798974D+00  0.847097D+03
  293.9904  0.726692D+00  0.731397D+00 -0.129002D+04
  294.3115  0.798380D+00  0.798090D+00  0.794964D+02
   31 287.833 297.506 292.669  3.378D-01  0.000D+00  2.934D-03  0.000D+00  9.941D-01  1.040D+03 10300  3.759D-03
  287.8332  0.458215D+00  0.463304D+00 -0.121930D+04
  288.1598  0.361320D+00  0.354160D+00  0.196291D+04
  288.4861  0.461707D+00  0.459386D+00  0.636201D+03
  288.8121  0.585848D+00  0.585138D+00  0.194523D+03
  289.1378  0.609153D+00  0.607892D+00  0.345837D+03
  289.4633  0.670801D+00  0.669523D+00  0.350278D+03
  289.7885  0.790703D+00  0.793631D+00 -0.802672D+03
  290.1134  0.893893D+00  0.898762D+00 -0.133490D+04
  290.4380  0.937231D+00  0.942768D+00 -0.151797D+04
  290.7624  0.906778D+00  0.909998D+00 -0.882767D+03
  291.0865  0.885268D+00  0.878473D+00  0.186293D+04
  291.4102  0.897068D+00  0.888386D+00  0.238002D+04
  291.7338  0.851108D+00  0.845611D+00  0.150711D+04
  292.0570  0.837901D+00  0.840819D+00 -0.800071D+03
  292.3800  0.788568D+00  0.793041D+00 -0.122616D+04
  292.7027  0.718692D+00  0.722151D+00 -0.948118D+03
  293.0250  0.796854D+00  0.798190D+00 -0.366303D+03
  293.3471  0.902624D+00  0.900283D+00  0.641700D+03
  293.6689  0.802064D+00  0.798781D+00  0.900027D+03
  293.9904  0.726692D+00  0.727339D+00 -0.177435D+03
  294.3115  0.798380D+00  0.797784D+00  0.163387D+03
  294.6324  0.795072D+00  0.798098D+00 -0.829710D+03
  294.9530  0.727892D+00  0.731757D+00 -0.105949D+04
  295.2732  0.828793D+00  0.826742D+00  0.562488D+03
  295.5931  0.850423D+00  0.847686D+00  0.750169D+03
  295.9127  0.884612D+00  0.886848D+00 -0.612813D+03
  296.2320  0.912613D+00  0.911096D+00  0.415703D+03
  296.5509  0.754888D+00  0.753147D+00  0.477294D+03
  296.8695  0.610232D+00  0.615862D+00 -0.154347D+04
  297.1877  0.660771D+00  0.660976D+00 -0.560746D+02
  297.5055  0.818937D+00  0.816940D+00  0.547459D+03
   31 291.086 300.662 295.874  3.274D-01  0.000D+00  5.095D-03  0.000D+00  1.002D+00  5.127D+03 10300  1.286D-02
  291.0865  0.885268D+00  0.896743D+00 -0.314573D+04
  291.4102  0.897068D+00  0.901475D+00 -0.120833D+04
  291.7338  0.851108D+00  0.848449D+00  0.729039D+03
  292.0570  0.837901D+00  0.840387D+00 -0.681655D+03
  292.3800  0.788568D+00  0.789241D+00 -0.184421D+03
  292.7027  0.718692D+00  0.712357D+00  0.173693D+04
  293.0250  0.796854D+00  0.787000D+00  0.270156D+04
  293.3471  0.902624D+00  0.893216D+00  0.257897D+04
  293.6689  0.802064D+00  0.789142D+00  0.354262D+04
  293.9904  0.726692D+00  0.715917D+00  0.295399D+04
  294.3115  0.798380D+00  0.791309D+00  0.193838D+04
  294.6324  0.795072D+00  0.795666D+00 -0.162923D+03
  294.9530  0.727892D+00  0.724561D+00  0.913137D+03
  295.2732  0.828793D+00  0.829791D+00 -0.273394D+03
  295.5931  0.850423D+00  0.850937D+00 -0.141075D+03
  295.9127  0.884612D+00  0.894963D+00 -0.283759D+04
  296.2320  0.912613D+00  0.928212D+00 -0.427650D+04
  296.5509  0.754888D+00  0.768773D+00 -0.380663D+04
  296.8695  0.610232D+00  0.627114D+00 -0.462825D+04
  297.1877  0.660771D+00  0.677356D+00 -0.454668D+04
  297.5055  0.818937D+00  0.841960D+00 -0.631169D+04
  297.8230  0.968612D+00  0.983989D+00 -0.421573D+04
  298.1401  0.777526D+00  0.778979D+00 -0.398473D+03
  298.4568  0.567977D+00  0.563480D+00  0.123284D+04
  298.7731  0.655326D+00  0.634308D+00  0.576201D+04
  299.0890  0.856218D+00  0.803761D+00  0.143811D+05
  299.4045  0.807836D+00  0.753725D+00  0.148347D+05
  299.7196  0.780295D+00  0.767021D+00  0.363920D+04
  300.0342  0.655811D+00  0.668773D+00 -0.355358D+04
  300.3484  0.573012D+00  0.597720D+00 -0.670361D+04
  300.6621  0.679680D+00  0.713596D+00 -0.929812D+04
   31 294.312 303.772 299.042  3.275D-01  0.000D+00  1.512D-03  0.000D+00  1.001D+00  6.684D+03 10000  1.626D-02
  294.3115  0.798380D+00  0.779940D+00  0.505534D+04
  294.6324  0.795072D+00  0.788683D+00  0.175142D+04
  294.9530  0.727892D+00  0.723465D+00  0.121373D+04
  295.2732  0.828793D+00  0.831875D+00 -0.844846D+03
  295.5931  0.850423D+00  0.853858D+00 -0.941696D+03
  295.9127  0.884612D+00  0.898951D+00 -0.393086D+04
  296.2320  0.912613D+00  0.930456D+00 -0.489176D+04
  296.5509  0.754888D+00  0.767053D+00 -0.333516D+04
  296.8695  0.610232D+00  0.626375D+00 -0.442577D+04
  297.1877  0.660771D+00  0.675869D+00 -0.413901D+04
  297.5055  0.818937D+00  0.838829D+00 -0.545324D+04
  297.8230  0.968612D+00  0.974180D+00 -0.152659D+04
  298.1401  0.777526D+00  0.766205D+00  0.310352D+04
  298.4568  0.567977D+00  0.554717D+00  0.363520D+04
  298.7731  0.655326D+00  0.626656D+00  0.785996D+04
  299.0890  0.856218D+00  0.791702D+00  0.176871D+05
  299.4045  0.807836D+00  0.741617D+00  0.181542D+05
  299.7196  0.780295D+00  0.757690D+00  0.619733D+04
  300.0342  0.655811D+00  0.660744D+00 -0.135256D+04
  300.3484  0.573012D+00  0.597226D+00 -0.656958D+04
  300.6621  0.679680D+00  0.718073D+00 -0.105254D+05
  300.9754  0.708902D+00  0.751477D+00 -0.116719D+05
  301.2882  0.811202D+00  0.843628D+00 -0.888955D+04
  301.6006  0.794387D+00  0.817187D+00 -0.625057D+04
  301.9123  0.617244D+00  0.617874D+00 -0.172734D+03
  302.2236  0.603757D+00  0.593031D+00  0.294046D+04
  302.5344  0.803397D+00  0.786235D+00  0.470496D+04
  302.8447  0.962507D+00  0.940212D+00  0.374236D+04
  303.1544  0.104046D+01  0.101602D+01  0.365703D+04
  303.4634  0.107824D+01  0.107417D+01  0.594576D+03
  303.7720  0.957955D+00  0.957495D+00  0.768036D+02
   31 297.506 306.823 302.164  3.344D-01  0.000D+00  2.480D-03  0.000D+00  9.937D-01  6.919D+03 10300  1.709D-02
  297.5055  0.818937D+00  0.854251D+00 -0.968116D+04
  297.8230  0.968612D+00  0.982529D+00 -0.381534D+04
  298.1401  0.777526D+00  0.774598D+00  0.802597D+03
  298.4568  0.567977D+00  0.562239D+00  0.157293D+04
  298.7731  0.655326D+00  0.630442D+00  0.682190D+04
  299.0890  0.856218D+00  0.790738D+00  0.179514D+05
  299.4045  0.807836D+00  0.745960D+00  0.169634D+05
  299.7196  0.780295D+00  0.757837D+00  0.615693D+04
  300.0342  0.655811D+00  0.664125D+00 -0.227947D+04
  300.3484  0.573012D+00  0.602437D+00 -0.798348D+04
  300.6621  0.679680D+00  0.719440D+00 -0.109001D+05
  300.9754  0.708902D+00  0.757272D+00 -0.132607D+05
  301.2882  0.811202D+00  0.847508D+00 -0.995306D+04
  301.6006  0.794387D+00  0.820651D+00 -0.720036D+04
  301.9123  0.617244D+00  0.625174D+00 -0.217415D+04
  302.2236  0.603757D+00  0.599289D+00  0.122484D+04
  302.5344  0.803397D+00  0.788605D+00  0.405534D+04
  302.8447  0.962507D+00  0.941011D+00  0.360822D+04
  303.1544  0.104046D+01  0.101604D+01  0.365518D+04
  303.4634  0.107824D+01  0.106635D+01  0.173747D+04
  303.7720  0.957955D+00  0.949790D+00  0.136320D+04
  304.0800  0.899543D+00  0.881786D+00  0.424870D+04
  304.3873  0.973563D+00  0.956464D+00  0.270761D+04
  304.6941  0.100885D+01  0.980108D+00  0.433946D+04
  305.0002  0.103358D+01  0.994271D+00  0.582585D+04
  305.3056  0.109605D+01  0.109195D+01  0.566073D+03
  305.6104  0.918579D+00  0.939293D+00 -0.349263D+04
  305.9146  0.782022D+00  0.783929D+00 -0.522918D+03
  306.2180  0.904455D+00  0.916346D+00 -0.178310D+04
  306.5207  0.904871D+00  0.930516D+00 -0.361423D+04
  306.8226  0.898453D+00  0.910572D+00 -0.166118D+04
   31 300.662 309.798 305.230  3.355D-01  0.000D+00 -9.843D-03  0.000D+00  1.021D+00  1.608D+03 10300  5.378D-03
  300.6621  0.679680D+00  0.665562D+00  0.387043D+04
  300.9754  0.708902D+00  0.717868D+00 -0.245786D+04
  301.2882  0.811202D+00  0.817675D+00 -0.177432D+04
  301.6006  0.794387D+00  0.797157D+00 -0.759382D+03
  301.9123  0.617244D+00  0.612434D+00  0.131871D+04
  302.2236  0.603757D+00  0.606648D+00 -0.792490D+03
  302.5344  0.803397D+00  0.802218D+00  0.323236D+03
  302.8447  0.962507D+00  0.959474D+00  0.509225D+03
  303.1544  0.104046D+01  0.103704D+01  0.512196D+03
  303.4634  0.107824D+01  0.108676D+01 -0.124362D+04
  303.7720  0.957955D+00  0.963384D+00 -0.906465D+03
  304.0800  0.899543D+00  0.900188D+00 -0.154406D+03
  304.3873  0.973563D+00  0.977024D+00 -0.548045D+03
  304.6941  0.100885D+01  0.991615D+00  0.260194D+04
  305.0002  0.103358D+01  0.100955D+01  0.356214D+04
  305.3056  0.109605D+01  0.109600D+01  0.683279D+01
  305.6104  0.918579D+00  0.929533D+00 -0.184697D+04
  305.9146  0.782022D+00  0.780608D+00  0.387563D+03
  306.2180  0.904455D+00  0.910644D+00 -0.928074D+03
  306.5207  0.904871D+00  0.910870D+00 -0.845501D+03
  306.8226  0.898453D+00  0.893305D+00  0.705741D+03
  307.1239  0.102200D+01  0.101083D+01  0.153035D+04
  307.4243  0.102830D+01  0.102197D+01  0.868212D+03
  307.7240  0.100920D+01  0.101587D+01 -0.913363D+03
  308.0229  0.101466D+01  0.102545D+01 -0.147816D+04
  308.3210  0.993745D+00  0.101315D+01 -0.265983D+04
  308.6181  0.105691D+01  0.106232D+01 -0.742437D+03
  308.9145  0.974424D+00  0.959321D+00  0.207016D+04
  309.2100  0.806226D+00  0.803476D+00  0.376923D+03
  309.5046  0.776089D+00  0.783529D+00 -0.947731D+03
  309.7982  0.800414D+00  0.775152D+00  0.236681D+04
   21 303.772 309.798 306.785  3.363D-01  0.000D+00 -1.504D-02  0.000D+00  1.002D+00  1.403D+03 10300  6.610D-03
  303.7720  0.957955D+00  0.957663D+00  0.487585D+02
  304.0800  0.899543D+00  0.901194D+00 -0.395086D+03
  304.3873  0.973563D+00  0.981489D+00 -0.125500D+04
  304.6941  0.100885D+01  0.995109D+00  0.207442D+04
  305.0002  0.103358D+01  0.101699D+01  0.245913D+04
  305.3056  0.109605D+01  0.110009D+01 -0.558609D+03
  305.6104  0.918579D+00  0.929292D+00 -0.180634D+04
  305.9146  0.782022D+00  0.783833D+00 -0.496485D+03
  306.2180  0.904455D+00  0.913452D+00 -0.134914D+04
  306.5207  0.904871D+00  0.908970D+00 -0.577689D+03
  306.8226  0.898453D+00  0.893310D+00  0.705008D+03
  307.1239  0.102200D+01  0.100819D+01  0.189301D+04
  307.4243  0.102830D+01  0.101642D+01  0.162830D+04
  307.7240  0.100920D+01  0.101061D+01 -0.193258D+03
  308.0229  0.101466D+01  0.101934D+01 -0.641351D+03
  308.3210  0.993745D+00  0.100940D+01 -0.214530D+04
  308.6181  0.105691D+01  0.105897D+01 -0.282919D+03
  308.9145  0.974424D+00  0.956985D+00  0.239046D+04
  309.2100  0.806226D+00  0.805712D+00  0.705090D+02
  309.5046  0.776089D+00  0.792268D+00 -0.206086D+04
  309.7982  0.800414D+00  0.787442D+00  0.121539D+04
   31 310.088 314.831 312.459  2.345D-01  0.000D+00  7.131D-03  0.000D+00  1.002D+00  1.453D+03 10300  7.526D-03
  310.0877  0.765855D+00  0.778721D+00 -0.997652D+03
  310.2469  0.815886D+00  0.823054D+00 -0.555831D+03
  310.4062  0.105443D+01  0.108477D+01 -0.219880D+04
  310.5652  0.127957D+01  0.128768D+01 -0.540840D+03
  310.7243  0.139339D+01  0.138073D+01  0.837464D+03
  310.8832  0.144977D+01  0.144095D+01  0.586283D+03
  311.0421  0.145048D+01  0.142047D+01  0.203239D+04
  311.2009  0.142828D+01  0.137909D+01  0.363262D+04
  311.3596  0.139074D+01  0.136589D+01  0.192701D+04
  311.5182  0.133308D+01  0.131799D+01  0.117005D+04
  311.6768  0.119477D+01  0.122235D+01 -0.217496D+04
  311.8352  0.107077D+01  0.109428D+01 -0.208209D+04
  311.9936  0.974080D+00  0.100156D+01 -0.266327D+04
  312.1519  0.963793D+00  0.981383D+00 -0.170495D+04
  312.3102  0.103545D+01  0.104203D+01 -0.622724D+03
  312.4683  0.108705D+01  0.111014D+01 -0.197764D+04
  312.6264  0.110402D+01  0.109757D+01  0.536292D+03
  312.7844  0.109200D+01  0.109354D+01 -0.129571D+03
  312.9423  0.112395D+01  0.111782D+01  0.502068D+03
  313.1002  0.112444D+01  0.111351D+01  0.892322D+03
  313.2579  0.109533D+01  0.108627D+01  0.747427D+03
  313.4156  0.107808D+01  0.106599D+01  0.100308D+04
  313.5732  0.110319D+01  0.109516D+01  0.654955D+03
  313.7307  0.119842D+01  0.118545D+01  0.102040D+04
  313.8882  0.129298D+01  0.129169D+01  0.100400D+03
  314.0455  0.134075D+01  0.132977D+01  0.851251D+03
  314.2028  0.124758D+01  0.125436D+01 -0.527606D+03
  314.3600  0.101750D+01  0.103574D+01 -0.160586D+04
  314.5172  0.856850D+00  0.842715D+00  0.137010D+04
  314.6742  0.884197D+00  0.899679D+00 -0.150061D+04
  314.8312  0.108137D+01  0.107854D+01  0.230170D+03
   31 311.677 316.397 314.037  2.406D-01  0.000D+00  2.045D-03  0.000D+00  1.001D+00  6.935D+02 10300  3.783D-03
  311.6768  0.119477D+01  0.118097D+01  0.108835D+04
  311.8352  0.107077D+01  0.106546D+01  0.469904D+03
  311.9936  0.974080D+00  0.983722D+00 -0.934535D+03
  312.1519  0.963793D+00  0.971770D+00 -0.773246D+03
  312.3102  0.103545D+01  0.103610D+01 -0.615956D+02
  312.4683  0.108705D+01  0.110280D+01 -0.134916D+04
  312.6264  0.110402D+01  0.109576D+01  0.687040D+03
  312.7844  0.109200D+01  0.109642D+01 -0.371741D+03
  312.9423  0.112395D+01  0.112113D+01  0.230871D+03
  313.1002  0.112444D+01  0.111756D+01  0.561554D+03
  313.2579  0.109533D+01  0.109169D+01  0.300295D+03
  313.4156  0.107808D+01  0.107408D+01  0.331818D+03
  313.5732  0.110319D+01  0.110549D+01 -0.187352D+03
  313.7307  0.119842D+01  0.119578D+01  0.207818D+03
  313.8882  0.129298D+01  0.129765D+01 -0.361642D+03
  314.0455  0.134075D+01  0.132921D+01  0.894939D+03
  314.2028  0.124758D+01  0.124519D+01  0.186071D+03
  314.3600  0.101750D+01  0.102591D+01 -0.740720D+03
  314.5172  0.856850D+00  0.844536D+00  0.119359D+04
  314.6742  0.884197D+00  0.900332D+00 -0.156393D+04
  314.8312  0.108137D+01  0.106952D+01  0.963899D+03
  314.9881  0.119378D+01  0.119690D+01 -0.243777D+03
  315.1450  0.123949D+01  0.123423D+01  0.407385D+03
  315.3017  0.122300D+01  0.122802D+01 -0.387268D+03
  315.4584  0.119387D+01  0.119576D+01 -0.147898D+03
  315.6150  0.109039D+01  0.109663D+01 -0.508229D+03
  315.7715  0.917511D+00  0.921987D+00 -0.424555D+03
  315.9280  0.777600D+00  0.776849D+00  0.728137D+02
  316.0843  0.758124D+00  0.764829D+00 -0.649847D+03
  316.2407  0.876440D+00  0.864351D+00  0.117173D+04
  316.3969  0.996435D+00  0.996559D+00 -0.109708D+02
   31 313.258 317.955 315.606  2.427D-01  0.000D+00  1.246D-03  0.000D+00  1.003D+00  5.876D+02   300  3.117D-03
  313.2579  0.109533D+01  0.109271D+01  0.216081D+03
  313.4156  0.107808D+01  0.107641D+01  0.138502D+03
  313.5732  0.110319D+01  0.110885D+01 -0.461123D+03
  313.7307  0.119842D+01  0.119905D+01 -0.496040D+02
  313.8882  0.129298D+01  0.129982D+01 -0.530455D+03
  314.0455  0.134075D+01  0.133007D+01  0.828482D+03
  314.2028  0.124758D+01  0.124456D+01  0.235400D+03
  314.3600  0.101750D+01  0.102582D+01 -0.732807D+03
  314.5172  0.856850D+00  0.847491D+00  0.907165D+03
  314.6742  0.884197D+00  0.902109D+00 -0.173617D+04
  314.8312  0.108137D+01  0.106909D+01  0.998356D+03
  314.9881  0.119378D+01  0.119458D+01 -0.627519D+02
  315.1450  0.123949D+01  0.123182D+01  0.594501D+03
  315.3017  0.122300D+01  0.122533D+01 -0.179469D+03
  315.4584  0.119387D+01  0.119228D+01  0.123631D+03
  315.6150  0.109039D+01  0.109300D+01 -0.212601D+03
  315.7715  0.917511D+00  0.920274D+00 -0.262119D+03
  315.9280  0.777600D+00  0.777544D+00  0.548334D+01
  316.0843  0.758124D+00  0.766417D+00 -0.803789D+03
  316.2407  0.876440D+00  0.866785D+00  0.935792D+03
  316.3969  0.996435D+00  0.999864D+00 -0.303929D+03
  316.5530  0.108391D+01  0.107668D+01  0.585747D+03
  316.7090  0.111874D+01  0.111926D+01 -0.411890D+02
  316.8651  0.116296D+01  0.116974D+01 -0.534276D+03
  317.0209  0.127500D+01  0.126840D+01  0.511578D+03
  317.1768  0.140292D+01  0.140939D+01 -0.501692D+03
  317.3326  0.147261D+01  0.147349D+01 -0.685103D+02
  317.4883  0.145298D+01  0.144996D+01  0.233849D+03
  317.6439  0.142163D+01  0.141688D+01  0.368162D+03
  317.7994  0.130438D+01  0.131284D+01 -0.656449D+03
  317.9549  0.109768D+01  0.109328D+01  0.352762D+03
   31 314.831 319.505 317.168  2.419D-01  0.000D+00  5.641D-04  0.000D+00  1.005D+00  4.804D+02   300  2.744D-03
  314.8312  0.108137D+01  0.107743D+01  0.320201D+03
  314.9881  0.119378D+01  0.120105D+01 -0.568435D+03
  315.1450  0.123949D+01  0.123526D+01  0.327506D+03
  315.3017  0.122300D+01  0.122680D+01 -0.293240D+03
  315.4584  0.119387D+01  0.119241D+01  0.113770D+03
  315.6150  0.109039D+01  0.109182D+01 -0.116701D+03
  315.7715  0.917511D+00  0.917820D+00 -0.293152D+02
  315.9280  0.777600D+00  0.775172D+00  0.235382D+03
  316.0843  0.758124D+00  0.764982D+00 -0.664677D+03
  316.2407  0.876440D+00  0.865884D+00  0.102317D+04
  316.3969  0.996435D+00  0.999323D+00 -0.255981D+03
  316.5530  0.108391D+01  0.107612D+01  0.631112D+03
  316.7090  0.111874D+01  0.111879D+01 -0.430991D+01
  316.8651  0.116296D+01  0.116972D+01 -0.532738D+03
  317.0209  0.127500D+01  0.126894D+01  0.470353D+03
  317.1768  0.140292D+01  0.141063D+01 -0.597850D+03
  317.3326  0.147261D+01  0.147449D+01 -0.145846D+03
  317.4883  0.145298D+01  0.145045D+01  0.195716D+03
  317.6439  0.142163D+01  0.141690D+01  0.366779D+03
  317.7994  0.130438D+01  0.131164D+01 -0.563451D+03
  317.9549  0.109768D+01  0.109017D+01  0.601409D+03
  318.1103  0.915173D+00  0.922700D+00 -0.719920D+03
  318.2656  0.901638D+00  0.904672D+00 -0.293035D+03
  318.4208  0.980396D+00  0.979473D+00  0.806872D+02
  318.5760  0.108061D+01  0.108261D+01 -0.158719D+03
  318.7311  0.118124D+01  0.118329D+01 -0.160010D+03
  318.8861  0.129549D+01  0.128181D+01  0.106075D+04
  319.0410  0.129092D+01  0.129495D+01 -0.312841D+03
  319.1959  0.114504D+01  0.113928D+01  0.448922D+03
  319.3507  0.100298D+01  0.999099D+00  0.314035D+03
  319.5054  0.101951D+01  0.102896D+01 -0.761626D+03
   31 316.397 321.049 318.723  2.415D-01  0.000D+00  1.262D-03  0.000D+00  1.006D+00  5.271D+02 10300  3.218D-03
  316.3969  0.996435D+00  0.999343D+00 -0.257729D+03
  316.5530  0.108391D+01  0.107654D+01  0.596848D+03
  316.7090  0.111874D+01  0.111916D+01 -0.334058D+02
  316.8651  0.116296D+01  0.116977D+01 -0.536075D+03
  317.0209  0.127500D+01  0.126838D+01  0.513771D+03
  317.1768  0.140292D+01  0.141003D+01 -0.551145D+03
  317.3326  0.147261D+01  0.147392D+01 -0.101889D+03
  317.4883  0.145298D+01  0.144938D+01  0.278814D+03
  317.6439  0.142163D+01  0.141565D+01  0.464134D+03
  317.7994  0.130438D+01  0.131093D+01 -0.507727D+03
  317.9549  0.109768D+01  0.108939D+01  0.663870D+03
  318.1103  0.915173D+00  0.921364D+00 -0.592156D+03
  318.2656  0.901638D+00  0.902994D+00 -0.130949D+03
  318.4208  0.980396D+00  0.977820D+00  0.225094D+03
  318.5760  0.108061D+01  0.108136D+01 -0.590903D+02
  318.7311  0.118124D+01  0.118275D+01 -0.117739D+03
  318.8861  0.129549D+01  0.128275D+01  0.988083D+03
  319.0410  0.129092D+01  0.129845D+01 -0.583680D+03
  319.1959  0.114504D+01  0.114436D+01  0.528603D+02
  319.3507  0.100298D+01  0.100459D+01 -0.130830D+03
  319.5054  0.101951D+01  0.103661D+01 -0.137752D+04
  319.6601  0.113994D+01  0.113827D+01  0.129966D+03
  319.8147  0.126514D+01  0.125199D+01  0.101923D+04
  319.9692  0.132959D+01  0.133531D+01 -0.443685D+03
  320.1236  0.136416D+01  0.135041D+01  0.105297D+04
  320.2780  0.137568D+01  0.138232D+01 -0.514538D+03
  320.4323  0.144820D+01  0.145020D+01 -0.149965D+03
  320.5865  0.149347D+01  0.149472D+01 -0.875283D+02
  320.7406  0.146633D+01  0.146578D+01  0.395895D+02
  320.8947  0.134025D+01  0.134068D+01 -0.337206D+02
  321.0486  0.116139D+01  0.116078D+01  0.479311D+02
   31 317.955 322.585 320.270  2.392D-01  0.000D+00  6.642D-04  0.000D+00  9.998D-01  5.192D+02   300  3.445D-03
  317.9549  0.109768D+01  0.109033D+01  0.588666D+03
  318.1103  0.915173D+00  0.920927D+00 -0.550342D+03
  318.2656  0.901638D+00  0.903524D+00 -0.182136D+03
  318.4208  0.980396D+00  0.979082D+00  0.114894D+03
  318.5760  0.108061D+01  0.108262D+01 -0.159274D+03
  318.7311  0.118124D+01  0.118349D+01 -0.175235D+03
  318.8861  0.129549D+01  0.128409D+01  0.883881D+03
  319.0410  0.129092D+01  0.130041D+01 -0.735789D+03
  319.1959  0.114504D+01  0.114294D+01  0.163300D+03
  319.3507  0.100298D+01  0.100144D+01  0.124672D+03
  319.5054  0.101951D+01  0.103551D+01 -0.128902D+04
  319.6601  0.113994D+01  0.113769D+01  0.175642D+03
  319.8147  0.126514D+01  0.125154D+01  0.105381D+04
  319.9692  0.132959D+01  0.133529D+01 -0.441505D+03
  320.1236  0.136416D+01  0.134889D+01  0.116889D+04
  320.2780  0.137568D+01  0.138092D+01 -0.406059D+03
  320.4323  0.144820D+01  0.144978D+01 -0.118181D+03
  320.5865  0.149347D+01  0.149491D+01 -0.101117D+03
  320.7406  0.146633D+01  0.146638D+01 -0.323417D+01
  320.8947  0.134025D+01  0.134088D+01 -0.490680D+02
  321.0486  0.116139D+01  0.116020D+01  0.923874D+02
  321.2026  0.102013D+01  0.102299D+01 -0.227182D+03
  321.3564  0.966316D+00  0.972134D+00 -0.468777D+03
  321.5102  0.101352D+01  0.101150D+01  0.139507D+03
  321.6639  0.110615D+01  0.111321D+01 -0.548897D+03
  321.8175  0.124575D+01  0.123645D+01  0.721262D+03
  321.9711  0.134024D+01  0.134049D+01 -0.192013D+02
  322.1246  0.133753D+01  0.134199D+01 -0.344322D+03
  322.2780  0.126045D+01  0.125229D+01  0.631616D+03
  322.4313  0.118968D+01  0.119133D+01 -0.127782D+03
  322.5846  0.113097D+01  0.113312D+01 -0.166532D+03
   31 319.505 324.113 321.809  2.408D-01  0.000D+00 -6.403D-04  0.000D+00  9.886D-01  4.805D+02 10300  3.988D-03
  319.5054  0.101951D+01  0.103373D+01 -0.114610D+04
  319.6601  0.113994D+01  0.113659D+01  0.260889D+03
  319.8147  0.126514D+01  0.125124D+01  0.107743D+04
  319.9692  0.132959D+01  0.133459D+01 -0.387629D+03
  320.1236  0.136416D+01  0.134953D+01  0.112032D+04
  320.2780  0.137568D+01  0.138245D+01 -0.524823D+03
  320.4323  0.144820D+01  0.145107D+01 -0.214563D+03
  320.5865  0.149347D+01  0.149543D+01 -0.136917D+03
  320.7406  0.146633D+01  0.146574D+01  0.426989D+02
  320.8947  0.134025D+01  0.133956D+01  0.535189D+02
  321.0486  0.116139D+01  0.115938D+01  0.156509D+03
  321.2026  0.102013D+01  0.102294D+01 -0.223627D+03
  321.3564  0.966316D+00  0.972617D+00 -0.507646D+03
  321.5102  0.101352D+01  0.101242D+01  0.761017D+02
  321.6639  0.110615D+01  0.111402D+01 -0.612248D+03
  321.8175  0.124575D+01  0.123718D+01  0.664882D+03
  321.9711  0.134024D+01  0.134004D+01  0.148690D+02
  322.1246  0.133753D+01  0.134102D+01 -0.269363D+03
  322.2780  0.126045D+01  0.125295D+01  0.580773D+03
  322.4313  0.118968D+01  0.119287D+01 -0.247360D+03
  322.5846  0.113097D+01  0.113482D+01 -0.298484D+03
  322.7378  0.103819D+01  0.103518D+01  0.235231D+03
  322.8909  0.953472D+00  0.961134D+00 -0.613511D+03
  323.0440  0.983964D+00  0.977475D+00  0.514253D+03
  323.1970  0.107745D+01  0.107746D+01 -0.121988D+01
  323.3499  0.112301D+01  0.112364D+01 -0.489677D+02
  323.5027  0.109107D+01  0.108458D+01  0.503342D+03
  323.6555  0.107389D+01  0.107493D+01 -0.813306D+02
  323.8082  0.112998D+01  0.113082D+01 -0.648696D+02
  323.9608  0.121299D+01  0.120982D+01  0.246232D+03
  324.1134  0.128519D+01  0.128981D+01 -0.354735D+03
   31 321.049 325.635 323.342  2.422D-01  0.000D+00 -3.384D-03  0.000D+00  9.877D-01  4.037D+02 10300  3.675D-03
  321.0486  0.116139D+01  0.115661D+01  0.370670D+03
  321.2026  0.102013D+01  0.102108D+01 -0.755015D+02
  321.3564  0.966316D+00  0.971863D+00 -0.446876D+03
  321.5102  0.101352D+01  0.101280D+01  0.495203D+02
  321.6639  0.110615D+01  0.111479D+01 -0.672162D+03
  321.8175  0.124575D+01  0.123803D+01  0.598327D+03
  321.9711  0.134024D+01  0.133948D+01  0.574467D+02
  322.1246  0.133753D+01  0.133896D+01 -0.110626D+03
  322.2780  0.126045D+01  0.125216D+01  0.641889D+03
  322.4313  0.118968D+01  0.119316D+01 -0.269723D+03
  322.5846  0.113097D+01  0.113446D+01 -0.270321D+03
  322.7378  0.103819D+01  0.103538D+01  0.220324D+03
  322.8909  0.953472D+00  0.963077D+00 -0.769105D+03
  323.0440  0.983964D+00  0.981538D+00  0.192256D+03
  323.1970  0.107745D+01  0.108088D+01 -0.266378D+03
  323.3499  0.112301D+01  0.112432D+01 -0.101805D+03
  323.5027  0.109107D+01  0.108491D+01  0.477783D+03
  323.6555  0.107389D+01  0.107549D+01 -0.124201D+03
  323.8082  0.112998D+01  0.113001D+01 -0.219114D+01
  323.9608  0.121299D+01  0.120645D+01  0.506840D+03
  324.1134  0.128519D+01  0.128240D+01  0.214315D+03
  324.2659  0.132042D+01  0.132294D+01 -0.183907D+03
  324.4183  0.133947D+01  0.133385D+01  0.400049D+03
  324.5706  0.136073D+01  0.135999D+01  0.507992D+02
  324.7229  0.133235D+01  0.133882D+01 -0.447810D+03
  324.8751  0.126889D+01  0.126385D+01  0.378297D+03
  325.0273  0.122742D+01  0.124035D+01 -0.951386D+03
  325.1793  0.127671D+01  0.127951D+01 -0.201872D+03
  325.3313  0.134084D+01  0.134555D+01 -0.320529D+03
  325.4832  0.146318D+01  0.145331D+01  0.647826D+03
  325.6351  0.158793D+01  0.158635D+01  0.102170D+03
   31 322.585 327.150 324.867  2.417D-01  0.000D+00 -1.534D-03  0.000D+00  9.949D-01  5.233D+02 10300  4.777D-03
  322.5846  0.113097D+01  0.113546D+01 -0.348418D+03
  322.7378  0.103819D+01  0.103593D+01  0.176956D+03
  322.8909  0.953472D+00  0.962391D+00 -0.714122D+03
  323.0440  0.983964D+00  0.979197D+00  0.377725D+03
  323.1970  0.107745D+01  0.107829D+01 -0.656091D+02
  323.3499  0.112301D+01  0.112298D+01  0.191456D+01
  323.5027  0.109107D+01  0.108354D+01  0.583959D+03
  323.6555  0.107389D+01  0.107326D+01  0.483967D+02
  323.8082  0.112998D+01  0.112743D+01  0.197911D+03
  323.9608  0.121299D+01  0.120400D+01  0.696830D+03
  324.1134  0.128519D+01  0.128055D+01  0.356605D+03
  324.2659  0.132042D+01  0.132219D+01 -0.129298D+03
  324.4183  0.133947D+01  0.133370D+01  0.410680D+03
  324.5706  0.136073D+01  0.136094D+01 -0.145747D+02
  324.7229  0.133235D+01  0.134187D+01 -0.658627D+03
  324.8751  0.126889D+01  0.126770D+01  0.891691D+02
  325.0273  0.122742D+01  0.124448D+01 -0.125485D+04
  325.1793  0.127671D+01  0.128505D+01 -0.601356D+03
  325.3313  0.134084D+01  0.135283D+01 -0.815559D+03
  325.4832  0.146318D+01  0.146284D+01  0.226244D+02
  325.6351  0.158793D+01  0.160008D+01 -0.784322D+03
  325.7869  0.169520D+01  0.168776D+01  0.480508D+03
  325.9386  0.174281D+01  0.173520D+01  0.489851D+03
  326.0902  0.175561D+01  0.175010D+01  0.349026D+03
  326.2418  0.172944D+01  0.171277D+01  0.106377D+04
  326.3933  0.164060D+01  0.164377D+01 -0.204980D+03
  326.5447  0.160943D+01  0.159657D+01  0.830661D+03
  326.6961  0.164605D+01  0.164771D+01 -0.107346D+03
  326.8474  0.171957D+01  0.171917D+01  0.257564D+02
  326.9987  0.169454D+01  0.169948D+01 -0.317086D+03
  327.1498  0.161940D+01  0.162745D+01 -0.520792D+03
   31 324.113 328.658 326.386  2.395D-01  0.000D+00  2.725D-03  0.000D+00  1.002D+00  5.500D+02 10300  5.988D-03
  324.1134  0.128519D+01  0.127659D+01  0.660421D+03
  324.2659  0.132042D+01  0.132056D+01 -0.997499D+01
  324.4183  0.133947D+01  0.133218D+01  0.519350D+03
  324.5706  0.136073D+01  0.136075D+01 -0.139136D+01
  324.7229  0.133235D+01  0.134471D+01 -0.855006D+03
  324.8751  0.126889D+01  0.126947D+01 -0.435146D+02
  325.0273  0.122742D+01  0.124396D+01 -0.121620D+04
  325.1793  0.127671D+01  0.128398D+01 -0.524140D+03
  325.3313  0.134084D+01  0.135062D+01 -0.664975D+03
  325.4832  0.146318D+01  0.145884D+01  0.284901D+03
  325.6351  0.158793D+01  0.159733D+01 -0.606954D+03
  325.7869  0.169520D+01  0.168606D+01  0.590654D+03
  325.9386  0.174281D+01  0.173353D+01  0.597215D+03
  326.0902  0.175561D+01  0.174949D+01  0.387349D+03
  326.2418  0.172944D+01  0.171287D+01  0.105738D+04
  326.3933  0.164060D+01  0.164366D+01 -0.197764D+03
  326.5447  0.160943D+01  0.159301D+01  0.106080D+04
  326.6961  0.164605D+01  0.164222D+01  0.247341D+03
  326.8474  0.171957D+01  0.171651D+01  0.196435D+03
  326.9987  0.169454D+01  0.169927D+01 -0.303927D+03
  327.1498  0.161940D+01  0.162594D+01 -0.422694D+03
  327.3009  0.160345D+01  0.160970D+01 -0.403391D+03
  327.4519  0.164854D+01  0.165641D+01 -0.508991D+03
  327.6029  0.166295D+01  0.166831D+01 -0.346351D+03
  327.7538  0.162952D+01  0.162930D+01  0.143118D+02
  327.9046  0.158306D+01  0.159120D+01 -0.525982D+03
  328.0554  0.157866D+01  0.157894D+01 -0.180706D+02
  328.2061  0.157315D+01  0.158019D+01 -0.454794D+03
  328.3566  0.159004D+01  0.157750D+01  0.810085D+03
  328.5072  0.155114D+01  0.155100D+01  0.924637D+01
  328.6577  0.146967D+01  0.146478D+01  0.317662D+03
   31 325.635 330.159 327.897  2.482D-01  0.000D+00 -2.115D-03  0.000D+00  1.002D+00  5.389D+02 10300  5.596D-03
  325.6351  0.158793D+01  0.160845D+01 -0.132460D+04
  325.7869  0.169520D+01  0.169400D+01  0.776379D+02
  325.9386  0.174281D+01  0.173933D+01  0.223941D+03
  326.0902  0.175561D+01  0.175069D+01  0.311492D+03
  326.2418  0.172944D+01  0.171173D+01  0.112991D+04
  326.3933  0.164060D+01  0.164270D+01 -0.136034D+03
  326.5447  0.160943D+01  0.159803D+01  0.736776D+03
  326.6961  0.164605D+01  0.164547D+01  0.375754D+02
  326.8474  0.171957D+01  0.171162D+01  0.510034D+03
  326.9987  0.169454D+01  0.169264D+01  0.122212D+03
  327.1498  0.161940D+01  0.162617D+01 -0.437464D+03
  327.3009  0.160345D+01  0.161237D+01 -0.575895D+03
  327.4519  0.164854D+01  0.165478D+01 -0.403292D+03
  327.6029  0.166295D+01  0.166522D+01 -0.146306D+03
  327.7538  0.162952D+01  0.162922D+01  0.192173D+02
  327.9046  0.158306D+01  0.159341D+01 -0.669062D+03
  328.0554  0.157866D+01  0.158306D+01 -0.284392D+03
  328.2061  0.157315D+01  0.158476D+01 -0.750588D+03
  328.3566  0.159004D+01  0.158274D+01  0.471674D+03
  328.5072  0.155114D+01  0.155305D+01 -0.123503D+03
  328.6577  0.146967D+01  0.147303D+01 -0.217921D+03
  328.8081  0.144799D+01  0.144623D+01  0.920939D+02
  328.9584  0.157296D+01  0.157407D+01 -0.718025D+02
  329.1087  0.174369D+01  0.173990D+01  0.236546D+03
  329.2589  0.185077D+01  0.183015D+01  0.119161D+04
  329.4090  0.188504D+01  0.188093D+01  0.235904D+03
  329.5591  0.191048D+01  0.190438D+01  0.344325D+03
  329.7091  0.191064D+01  0.190944D+01  0.685514D+02
  329.8591  0.192658D+01  0.192983D+01 -0.185265D+03
  330.0089  0.198666D+01  0.197937D+01  0.412578D+03
  330.1587  0.196006D+01  0.197791D+01 -0.101159D+04
   31 327.150 331.653 329.401  2.439D-01  0.000D+00 -4.745D-03  0.000D+00  1.007D+00  4.767D+02   300  4.268D-03
  327.1498  0.161940D+01  0.161383D+01  0.359492D+03
  327.3009  0.160345D+01  0.160367D+01 -0.137524D+02
  327.4519  0.164854D+01  0.165025D+01 -0.110370D+03
  327.6029  0.166295D+01  0.166129D+01  0.107039D+03
  327.7538  0.162952D+01  0.162495D+01  0.295273D+03
  327.9046  0.158306D+01  0.159059D+01 -0.486223D+03
  328.0554  0.157866D+01  0.158186D+01 -0.206826D+03
  328.2061  0.157315D+01  0.158498D+01 -0.764831D+03
  328.3566  0.159004D+01  0.158399D+01  0.390985D+03
  328.5072  0.155114D+01  0.155513D+01 -0.257795D+03
  328.6577  0.146967D+01  0.147212D+01 -0.158868D+03
  328.8081  0.144799D+01  0.144494D+01  0.159359D+03
  328.9584  0.157296D+01  0.157821D+01 -0.339269D+03
  329.1087  0.174369D+01  0.174612D+01 -0.151551D+03
  329.2589  0.185077D+01  0.183326D+01  0.101175D+04
  329.4090  0.188504D+01  0.188276D+01  0.130659D+03
  329.5591  0.191048D+01  0.190451D+01  0.337190D+03
  329.7091  0.191064D+01  0.190720D+01  0.196350D+03
  329.8591  0.192658D+01  0.192593D+01  0.367895D+02
  330.0089  0.198666D+01  0.197560D+01  0.625567D+03
  330.1587  0.196006D+01  0.197193D+01 -0.672756D+03
  330.3085  0.186453D+01  0.184640D+01  0.104082D+04
  330.4581  0.169348D+01  0.170270D+01 -0.581360D+03
  330.6077  0.156770D+01  0.158107D+01 -0.864210D+03
  330.7573  0.154357D+01  0.154107D+01  0.160778D+03
  330.9067  0.162015D+01  0.163568D+01 -0.998517D+03
  331.0562  0.173375D+01  0.173158D+01  0.129567D+03
  331.2054  0.173715D+01  0.173346D+01  0.218004D+03
  331.3547  0.166091D+01  0.166433D+01 -0.217316D+03
  331.5039  0.160667D+01  0.160468D+01  0.129061D+03
  331.6531  0.164266D+01  0.163606D+01  0.418856D+03
   31 328.658 333.141 330.899  2.422D-01  0.000D+00 -1.342D-03  0.000D+00  1.002D+00  5.122D+02   300  3.897D-03
  328.6577  0.146967D+01  0.147761D+01 -0.515584D+03
  328.8081  0.144799D+01  0.144557D+01  0.126357D+03
  328.9584  0.157296D+01  0.157721D+01 -0.274804D+03
  329.1087  0.174369D+01  0.174752D+01 -0.238952D+03
  329.2589  0.185077D+01  0.183494D+01  0.914535D+03
  329.4090  0.188504D+01  0.188400D+01  0.594683D+02
  329.5591  0.191048D+01  0.190577D+01  0.265941D+03
  329.7091  0.191064D+01  0.190701D+01  0.207493D+03
  329.8591  0.192658D+01  0.192437D+01  0.126040D+03
  330.0089  0.198666D+01  0.197366D+01  0.735434D+03
  330.1587  0.196006D+01  0.197333D+01 -0.752393D+03
  330.3085  0.186453D+01  0.184777D+01  0.962305D+03
  330.4581  0.169348D+01  0.170345D+01 -0.629095D+03
  330.6077  0.156770D+01  0.158098D+01 -0.857956D+03
  330.7573  0.154357D+01  0.153754D+01  0.387596D+03
  330.9067  0.162015D+01  0.163251D+01 -0.794458D+03
  331.0562  0.173375D+01  0.173229D+01  0.870139D+02
  331.2054  0.173715D+01  0.173814D+01 -0.582001D+02
  331.3547  0.166091D+01  0.167100D+01 -0.641703D+03
  331.5039  0.160667D+01  0.161164D+01 -0.320759D+03
  331.6531  0.164266D+01  0.164460D+01 -0.123465D+03
  331.8021  0.173075D+01  0.173140D+01 -0.383977D+02
  331.9511  0.177605D+01  0.176320D+01  0.565611D+03
  332.1001  0.172188D+01  0.170893D+01  0.756564D+03
  332.2489  0.160098D+01  0.160199D+01 -0.645628D+02
  332.3978  0.156356D+01  0.154948D+01  0.906411D+03
  332.5465  0.163305D+01  0.163410D+01 -0.637077D+02
  332.6952  0.171635D+01  0.171555D+01  0.458318D+02
  332.8438  0.167998D+01  0.167566D+01  0.252596D+03
  332.9923  0.161610D+01  0.161902D+01 -0.176328D+03
  333.1408  0.163999D+01  0.165126D+01 -0.663623D+03
   31 330.159 334.622 332.390  2.413D-01  0.000D+00  1.694D-03  0.000D+00  1.001D+00  4.912D+02 10300  3.367D-03
  330.1587  0.196006D+01  0.196508D+01 -0.284676D+03
  330.3085  0.186453D+01  0.184255D+01  0.126159D+04
  330.4581  0.169348D+01  0.169979D+01 -0.398384D+03
  330.6077  0.156770D+01  0.157821D+01 -0.679002D+03
  330.7573  0.154357D+01  0.153281D+01  0.691532D+03
  330.9067  0.162015D+01  0.162750D+01 -0.472217D+03
  331.0562  0.173375D+01  0.173036D+01  0.202393D+03
  331.2054  0.173715D+01  0.173907D+01 -0.113348D+03
  331.3547  0.166091D+01  0.167339D+01 -0.793841D+03
  331.5039  0.160667D+01  0.161296D+01 -0.406031D+03
  331.6531  0.164266D+01  0.164474D+01 -0.132273D+03
  331.8021  0.173075D+01  0.173269D+01 -0.114049D+03
  331.9511  0.177605D+01  0.176651D+01  0.419774D+03
  332.1001  0.172188D+01  0.171330D+01  0.501358D+03
  332.2489  0.160098D+01  0.160560D+01 -0.295357D+03
  332.3978  0.156356D+01  0.154910D+01  0.930622D+03
  332.5465  0.163305D+01  0.163115D+01  0.116328D+03
  332.6952  0.171635D+01  0.171355D+01  0.161533D+03
  332.8438  0.167998D+01  0.167294D+01  0.411077D+03
  332.9923  0.161610D+01  0.161232D+01  0.229317D+03
  333.1408  0.163999D+01  0.163997D+01  0.139889D+01
  333.2892  0.169939D+01  0.169517D+01  0.242350D+03
  333.4375  0.165367D+01  0.165689D+01 -0.188671D+03
  333.5858  0.151185D+01  0.152367D+01 -0.750977D+03
  333.7341  0.144993D+01  0.144956D+01  0.237460D+02
  333.8822  0.151107D+01  0.152327D+01 -0.777242D+03
  334.0303  0.161306D+01  0.161588D+01 -0.163252D+03
  334.1783  0.164439D+01  0.164693D+01 -0.145812D+03
  334.3262  0.169062D+01  0.168679D+01  0.217630D+03
  334.4741  0.176710D+01  0.177215D+01 -0.284252D+03
  334.6219  0.183252D+01  0.181948D+01  0.724045D+03
   23 331.653 334.917 333.285  2.407D-01  0.000D+00 -1.205D-04  0.000D+00  1.001D+00  3.215D+02 10000  2.601D-03
  331.6531  0.164266D+01  0.164248D+01  0.108781D+02
  331.8021  0.173075D+01  0.173439D+01 -0.213949D+03
  331.9511  0.177605D+01  0.177004D+01  0.264550D+03
  332.1001  0.172188D+01  0.171750D+01  0.255908D+03
  332.2489  0.160098D+01  0.160978D+01 -0.562844D+03
  332.3978  0.156356D+01  0.155448D+01  0.584228D+03
  332.5465  0.163305D+01  0.163829D+01 -0.320096D+03
  332.6952  0.171635D+01  0.171934D+01 -0.171993D+03
  332.8438  0.167998D+01  0.167587D+01  0.239868D+03
  332.9923  0.161610D+01  0.161396D+01  0.130209D+03
  333.1408  0.163999D+01  0.164144D+01 -0.854174D+02
  333.2892  0.169939D+01  0.169503D+01  0.250353D+03
  333.4375  0.165367D+01  0.165373D+01 -0.371873D+01
  333.5858  0.151185D+01  0.151865D+01 -0.432055D+03
  333.7341  0.144993D+01  0.144534D+01  0.296896D+03
  333.8822  0.151107D+01  0.152016D+01 -0.579400D+03
  334.0303  0.161306D+01  0.161218D+01  0.504875D+02
  334.1783  0.164439D+01  0.164307D+01  0.759216D+02
  334.3262  0.169062D+01  0.168479D+01  0.331175D+03
  334.4741  0.176710D+01  0.177304D+01 -0.333984D+03
  334.6219  0.183252D+01  0.182318D+01  0.518716D+03
  334.7697  0.176301D+01  0.176104D+01  0.110729D+03
  334.9174  0.160849D+01  0.161501D+01 -0.374810D+03
