 solar_fit_vary
           0
 T T
nw  fwave  lwave  avgwav    hwe     asym  shift    squeeze      sin      rms   exval  std
   31 263.752 274.358 269.055  3.925D-01  0.000D+00 -4.056D-02  0.000D+00  1.005D+00  2.048D+03   300  1.963D-02
  263.7524  0.286685D+00  0.363886D+00 -0.225689D+04
  264.1186  0.443963D+00  0.431253D+00  0.346877D+04
  264.4838  0.402193D+00  0.413124D+00 -0.298329D+04
  264.8479  0.331173D+00  0.343042D+00 -0.357416D+04
  265.2111  0.379874D+00  0.359293D+00  0.561690D+04
  265.5732  0.409932D+00  0.409126D+00  0.219967D+03
  265.9344  0.386422D+00  0.397335D+00 -0.297858D+04
  266.2946  0.355783D+00  0.359641D+00 -0.106893D+04
  266.6540  0.353851D+00  0.346996D+00  0.193506D+04
  267.0124  0.350181D+00  0.353133D+00 -0.853351D+03
  267.3699  0.370553D+00  0.371176D+00 -0.169970D+03
  267.7265  0.357857D+00  0.364778D+00 -0.188883D+04
  268.0823  0.346243D+00  0.342593D+00  0.108179D+04
  268.4373  0.353209D+00  0.348751D+00  0.126110D+04
  268.7914  0.340266D+00  0.340428D+00 -0.499772D+02
  269.1447  0.332597D+00  0.331599D+00  0.339200D+03
  269.4972  0.328374D+00  0.330985D+00 -0.921471D+03
  269.8490  0.353323D+00  0.350661D+00  0.755989D+03
  270.2000  0.395920D+00  0.392855D+00  0.836625D+03
  270.5502  0.396238D+00  0.394513D+00  0.470778D+03
  270.8997  0.372857D+00  0.371270D+00  0.432930D+03
  271.2485  0.363856D+00  0.358341D+00  0.150508D+04
  271.5966  0.319623D+00  0.314788D+00  0.173351D+04
  271.9441  0.253394D+00  0.253413D+00 -0.729425D+01
  272.2908  0.249445D+00  0.252861D+00 -0.134207D+04
  272.6369  0.290734D+00  0.301745D+00 -0.429251D+04
  272.9824  0.345786D+00  0.352723D+00 -0.205335D+04
  273.3272  0.324079D+00  0.323490D+00  0.204519D+03
  273.6714  0.257350D+00  0.252954D+00  0.171389D+04
  274.0150  0.208946D+00  0.204895D+00  0.183570D+04
  274.3580  0.185868D+00  0.185654D+00  0.974778D+02
   31 267.370 277.758 272.564  3.926D-01  0.000D+00  4.096D-04  0.000D+00  1.009D+00  1.097D+03 10300  1.117D-02
  267.3699  0.370553D+00  0.363869D+00  0.182424D+04
  267.7265  0.357857D+00  0.365865D+00 -0.218539D+04
  268.0823  0.346243D+00  0.342863D+00  0.100194D+04
  268.4373  0.353209D+00  0.349503D+00  0.104835D+04
  268.7914  0.340266D+00  0.344572D+00 -0.132705D+04
  269.1447  0.332597D+00  0.334175D+00 -0.536542D+03
  269.4972  0.328374D+00  0.334003D+00 -0.198598D+04
  269.8490  0.353323D+00  0.348340D+00  0.141494D+04
  270.2000  0.395920D+00  0.391736D+00  0.114205D+04
  270.5502  0.396238D+00  0.398224D+00 -0.542021D+03
  270.8997  0.372857D+00  0.373789D+00 -0.254395D+03
  271.2485  0.363856D+00  0.360184D+00  0.100222D+04
  271.5966  0.319623D+00  0.320397D+00 -0.277345D+03
  271.9441  0.253394D+00  0.256969D+00 -0.140174D+04
  272.2908  0.249445D+00  0.246602D+00  0.111665D+04
  272.6369  0.290734D+00  0.290953D+00 -0.853999D+02
  272.9824  0.345786D+00  0.344250D+00  0.454475D+03
  273.3272  0.324079D+00  0.325712D+00 -0.566763D+03
  273.6714  0.257350D+00  0.255995D+00  0.528232D+03
  274.0150  0.208946D+00  0.205330D+00  0.163849D+04
  274.3580  0.185868D+00  0.183603D+00  0.103059D+04
  274.7005  0.181653D+00  0.181850D+00 -0.892177D+02
  275.0424  0.201963D+00  0.202020D+00 -0.257457D+02
  275.3837  0.240551D+00  0.239528D+00  0.398802D+03
  275.7245  0.270248D+00  0.273082D+00 -0.110490D+04
  276.0647  0.334331D+00  0.334491D+00 -0.520972D+02
  276.4044  0.353601D+00  0.358570D+00 -0.140326D+04
  276.7437  0.362443D+00  0.366392D+00 -0.107774D+04
  277.0824  0.363204D+00  0.366962D+00 -0.102557D+04
  277.4207  0.368914D+00  0.366190D+00  0.743371D+03
  277.7584  0.317632D+00  0.313046D+00  0.156443D+04
   31 270.900 281.112 276.006  3.814D-01  0.000D+00  4.052D-03  0.000D+00  9.995D-01  8.823D+02 10300  8.328D-03
  270.8997  0.372857D+00  0.372296D+00  0.153135D+03
  271.2485  0.363856D+00  0.360588D+00  0.891942D+03
  271.5966  0.319623D+00  0.321792D+00 -0.777687D+03
  271.9441  0.253394D+00  0.256615D+00 -0.126276D+04
  272.2908  0.249445D+00  0.245839D+00  0.141651D+04
  272.6369  0.290734D+00  0.290738D+00 -0.172809D+01
  272.9824  0.345786D+00  0.346568D+00 -0.231702D+03
  273.3272  0.324079D+00  0.328221D+00 -0.143827D+04
  273.6714  0.257350D+00  0.256968D+00  0.148974D+03
  274.0150  0.208946D+00  0.205680D+00  0.148027D+04
  274.3580  0.185868D+00  0.183623D+00  0.102118D+04
  274.7005  0.181653D+00  0.181685D+00 -0.143813D+02
  275.0424  0.201963D+00  0.201181D+00  0.355828D+03
  275.3837  0.240551D+00  0.239753D+00  0.311398D+03
  275.7245  0.270248D+00  0.271160D+00 -0.355917D+03
  276.0647  0.334331D+00  0.334853D+00 -0.170155D+03
  276.4044  0.353601D+00  0.357930D+00 -0.122270D+04
  276.7437  0.362443D+00  0.365979D+00 -0.965053D+03
  277.0824  0.363204D+00  0.366032D+00 -0.771669D+03
  277.4207  0.368914D+00  0.367059D+00  0.506305D+03
  277.7584  0.317632D+00  0.313362D+00  0.145674D+04
  278.0957  0.258258D+00  0.256854D+00  0.497706D+03
  278.4325  0.242123D+00  0.241567D+00  0.213649D+03
  278.7689  0.218972D+00  0.216644D+00  0.901364D+03
  279.1049  0.163814D+00  0.162496D+00  0.599089D+03
  279.4404  0.118304D+00  0.120745D+00 -0.132977D+04
  279.7755  0.103138D+00  0.106415D+00 -0.178843D+04
  280.1102  0.104560D+00  0.106100D+00 -0.525066D+03
  280.4444  0.121400D+00  0.123225D+00 -0.622504D+03
  280.7783  0.171945D+00  0.172034D+00 -0.275524D+02
  281.1118  0.237131D+00  0.234081D+00  0.924703D+03
   31 274.358 284.427 279.392  3.727D-01  0.000D+00  2.095D-03  0.000D+00  1.005D+00  9.577D+02 10300  1.090D-02
  274.3580  0.185868D+00  0.184973D+00  0.407144D+03
  274.7005  0.181653D+00  0.182301D+00 -0.294667D+03
  275.0424  0.201963D+00  0.201295D+00  0.303810D+03
  275.3837  0.240551D+00  0.240073D+00  0.186318D+03
  275.7245  0.270248D+00  0.269902D+00  0.134611D+03
  276.0647  0.334331D+00  0.335031D+00 -0.228498D+03
  276.4044  0.353601D+00  0.356964D+00 -0.949698D+03
  276.7437  0.362443D+00  0.365173D+00 -0.745061D+03
  277.0824  0.363204D+00  0.365367D+00 -0.590304D+03
  277.4207  0.368914D+00  0.367758D+00  0.315630D+03
  277.7584  0.317632D+00  0.313168D+00  0.152288D+04
  278.0957  0.258258D+00  0.256481D+00  0.629621D+03
  278.4325  0.242123D+00  0.242506D+00 -0.147499D+03
  278.7689  0.218972D+00  0.217850D+00  0.434263D+03
  279.1049  0.163814D+00  0.162706D+00  0.503960D+03
  279.4404  0.118304D+00  0.120743D+00 -0.132850D+04
  279.7755  0.103138D+00  0.106703D+00 -0.194614D+04
  280.1102  0.104560D+00  0.106314D+00 -0.598200D+03
  280.4444  0.121400D+00  0.123037D+00 -0.558467D+03
  280.7783  0.171945D+00  0.172073D+00 -0.398301D+02
  281.1118  0.237131D+00  0.233319D+00  0.115592D+04
  281.4449  0.303136D+00  0.298856D+00  0.118428D+04
  281.7776  0.365250D+00  0.364263D+00  0.269248D+03
  282.1100  0.410565D+00  0.410721D+00 -0.427251D+02
  282.4420  0.437925D+00  0.434651D+00  0.893532D+03
  282.7736  0.457342D+00  0.453046D+00  0.117247D+04
  283.1049  0.482615D+00  0.488665D+00 -0.165118D+04
  283.4359  0.472610D+00  0.482272D+00 -0.263691D+04
  283.7665  0.463057D+00  0.462416D+00  0.174871D+03
  284.0968  0.453359D+00  0.448515D+00  0.132216D+04
  284.4267  0.394511D+00  0.392750D+00  0.480531D+03
   31 277.758 287.709 282.734  3.699D-01  0.000D+00 -4.940D-03  0.000D+00  1.007D+00  9.332D+02 10300  7.578D-03
  277.7584  0.317632D+00  0.314299D+00  0.113696D+04
  278.0957  0.258258D+00  0.258035D+00  0.789974D+02
  278.4325  0.242123D+00  0.244737D+00 -0.100519D+04
  278.7689  0.218972D+00  0.219062D+00 -0.349113D+02
  279.1049  0.163814D+00  0.162767D+00  0.475965D+03
  279.4404  0.118304D+00  0.120894D+00 -0.141116D+04
  279.7755  0.103138D+00  0.107071D+00 -0.214653D+04
  280.1102  0.104560D+00  0.106731D+00 -0.740345D+03
  280.4444  0.121400D+00  0.123693D+00 -0.782353D+03
  280.7783  0.171945D+00  0.173240D+00 -0.402759D+03
  281.1118  0.237131D+00  0.234007D+00  0.947329D+03
  281.4449  0.303136D+00  0.299185D+00  0.109325D+04
  281.7776  0.365250D+00  0.363681D+00  0.428048D+03
  282.1100  0.410565D+00  0.409194D+00  0.374078D+03
  282.4420  0.437925D+00  0.432358D+00  0.151937D+04
  282.7736  0.457342D+00  0.451008D+00  0.172857D+04
  283.1049  0.482615D+00  0.487272D+00 -0.127088D+04
  283.4359  0.472610D+00  0.480577D+00 -0.217428D+04
  283.7665  0.463057D+00  0.462573D+00  0.132076D+03
  284.0968  0.453359D+00  0.450123D+00  0.883158D+03
  284.4267  0.394511D+00  0.395332D+00 -0.224207D+03
  284.7563  0.295136D+00  0.297055D+00 -0.550265D+03
  285.0857  0.178586D+00  0.177427D+00  0.395300D+03
  285.4146  0.160869D+00  0.161044D+00 -0.595701D+02
  285.7433  0.276573D+00  0.278959D+00 -0.719170D+03
  286.0717  0.421873D+00  0.423616D+00 -0.475769D+03
  286.3998  0.504325D+00  0.502517D+00  0.493481D+03
  286.7276  0.514860D+00  0.514414D+00  0.121947D+03
  287.0550  0.542514D+00  0.543607D+00 -0.298421D+03
  287.3822  0.568819D+00  0.567802D+00  0.277411D+03
  287.7091  0.502099D+00  0.501817D+00  0.771114D+02
   31 281.112 290.962 286.037  3.704D-01  0.000D+00 -2.040D-04  0.000D+00  9.998D-01  7.261D+02   300  4.248D-03
  281.1118  0.237131D+00  0.237379D+00 -0.753049D+02
  281.4449  0.303136D+00  0.302149D+00  0.273139D+03
  281.7776  0.365250D+00  0.366279D+00 -0.281051D+03
  282.1100  0.410565D+00  0.411204D+00 -0.174510D+03
  282.4420  0.437925D+00  0.433762D+00  0.113604D+04
  282.7736  0.457342D+00  0.451394D+00  0.162319D+04
  283.1049  0.482615D+00  0.487084D+00 -0.121970D+04
  283.4359  0.472610D+00  0.480725D+00 -0.221475D+04
  283.7665  0.463057D+00  0.462125D+00  0.254351D+03
  284.0968  0.453359D+00  0.449997D+00  0.917491D+03
  284.4267  0.394511D+00  0.395827D+00 -0.359172D+03
  284.7563  0.295136D+00  0.298472D+00 -0.956790D+03
  285.0857  0.178586D+00  0.178660D+00 -0.252860D+02
  285.4146  0.160869D+00  0.160190D+00  0.231826D+03
  285.7433  0.276573D+00  0.276708D+00 -0.406291D+02
  286.0717  0.421873D+00  0.421757D+00  0.316106D+02
  286.3998  0.504325D+00  0.501808D+00  0.687143D+03
  286.7276  0.514860D+00  0.514159D+00  0.191287D+03
  287.0550  0.542514D+00  0.542256D+00  0.703217D+02
  287.3822  0.568819D+00  0.566866D+00  0.533046D+03
  287.7091  0.502099D+00  0.501418D+00  0.185821D+03
  288.0357  0.390859D+00  0.390431D+00  0.116879D+03
  288.3620  0.405319D+00  0.406453D+00 -0.309274D+03
  288.6880  0.553328D+00  0.551188D+00  0.584263D+03
  289.0137  0.606417D+00  0.604714D+00  0.464816D+03
  289.3392  0.644034D+00  0.645427D+00 -0.380277D+03
  289.6643  0.746699D+00  0.750889D+00 -0.114354D+04
  289.9892  0.865355D+00  0.867762D+00 -0.656928D+03
  290.3138  0.935638D+00  0.934605D+00  0.282145D+03
  290.6381  0.929942D+00  0.930051D+00 -0.297279D+02
  290.9622  0.887563D+00  0.885355D+00  0.602702D+03
   31 284.427 294.187 289.307  3.574D-01  0.000D+00  2.160D-03  0.000D+00  1.001D+00  9.778D+02 10300  4.303D-03
  284.4267  0.394511D+00  0.394860D+00 -0.953724D+02
  284.7563  0.295136D+00  0.299167D+00 -0.115595D+04
  285.0857  0.178586D+00  0.176523D+00  0.703549D+03
  285.4146  0.160869D+00  0.156458D+00  0.150467D+04
  285.7433  0.276573D+00  0.275128D+00  0.435597D+03
  286.0717  0.421873D+00  0.423114D+00 -0.338606D+03
  286.3998  0.504325D+00  0.503961D+00  0.993630D+02
  286.7276  0.514860D+00  0.514457D+00  0.109996D+03
  287.0550  0.542514D+00  0.542311D+00  0.553635D+02
  287.3822  0.568819D+00  0.570143D+00 -0.361513D+03
  287.7091  0.502099D+00  0.503877D+00 -0.485084D+03
  288.0357  0.390859D+00  0.388089D+00  0.756081D+03
  288.3620  0.405319D+00  0.401577D+00  0.102130D+04
  288.6880  0.553328D+00  0.553426D+00 -0.267359D+02
  289.0137  0.606417D+00  0.604336D+00  0.568041D+03
  289.3392  0.644034D+00  0.642594D+00  0.392846D+03
  289.6643  0.746699D+00  0.749614D+00 -0.795655D+03
  289.9892  0.865355D+00  0.868555D+00 -0.873495D+03
  290.3138  0.935638D+00  0.937193D+00 -0.424216D+03
  290.6381  0.929942D+00  0.934255D+00 -0.117711D+04
  290.9622  0.887563D+00  0.887886D+00 -0.880341D+02
  291.2859  0.899462D+00  0.892262D+00  0.196493D+04
  291.6095  0.874265D+00  0.866233D+00  0.219205D+04
  291.9326  0.840682D+00  0.843020D+00 -0.638065D+03
  292.2556  0.818598D+00  0.822028D+00 -0.936056D+03
  292.5782  0.739925D+00  0.744723D+00 -0.130952D+04
  292.9005  0.751850D+00  0.756695D+00 -0.132220D+04
  293.2225  0.880955D+00  0.876830D+00  0.112579D+04
  293.5443  0.861903D+00  0.854608D+00  0.199083D+04
  293.8658  0.736678D+00  0.739543D+00 -0.782093D+03
  294.1869  0.768754D+00  0.771398D+00 -0.721654D+03
   31 287.709 297.382 292.545  3.444D-01  0.000D+00  3.814D-03  0.000D+00  9.981D-01  1.125D+03 10300  4.167D-03
  287.7091  0.502099D+00  0.508739D+00 -0.181226D+04
  288.0357  0.390859D+00  0.386979D+00  0.105899D+04
  288.3620  0.405319D+00  0.397555D+00  0.211908D+04
  288.6880  0.553328D+00  0.556669D+00 -0.911744D+03
  289.0137  0.606417D+00  0.604122D+00  0.626441D+03
  289.3392  0.644034D+00  0.639735D+00  0.117313D+04
  289.6643  0.746699D+00  0.747764D+00 -0.290842D+03
  289.9892  0.865355D+00  0.868163D+00 -0.766595D+03
  290.3138  0.935638D+00  0.937195D+00 -0.424923D+03
  290.6381  0.929942D+00  0.934765D+00 -0.131637D+04
  290.9622  0.887563D+00  0.885285D+00  0.621900D+03
  291.2859  0.899462D+00  0.892956D+00  0.177560D+04
  291.6095  0.874265D+00  0.865950D+00  0.226925D+04
  291.9326  0.840682D+00  0.843042D+00 -0.644030D+03
  292.2556  0.818598D+00  0.825276D+00 -0.182256D+04
  292.5782  0.739925D+00  0.743575D+00 -0.996238D+03
  292.9005  0.751850D+00  0.753417D+00 -0.427672D+03
  293.2225  0.880955D+00  0.881688D+00 -0.199994D+03
  293.5443  0.861903D+00  0.859195D+00  0.738831D+03
  293.8658  0.736678D+00  0.735636D+00  0.284292D+03
  294.1869  0.768754D+00  0.770976D+00 -0.606404D+03
  294.5078  0.817106D+00  0.818521D+00 -0.386031D+03
  294.8284  0.743681D+00  0.746613D+00 -0.800262D+03
  295.1486  0.786009D+00  0.788445D+00 -0.664859D+03
  295.4686  0.856220D+00  0.849849D+00  0.173873D+04
  295.7882  0.871226D+00  0.870415D+00  0.221322D+03
  296.1075  0.918233D+00  0.916091D+00  0.584483D+03
  296.4265  0.845234D+00  0.839829D+00  0.147502D+04
  296.7452  0.639918D+00  0.646770D+00 -0.187007D+04
  297.0635  0.634366D+00  0.635239D+00 -0.238223D+03
  297.3816  0.744941D+00  0.746301D+00 -0.371244D+03
   31 290.962 300.542 295.752  3.253D-01  0.000D+00  5.313D-03  0.000D+00  1.006D+00  5.090D+03 10300  1.245D-02
  290.9622  0.887563D+00  0.899156D+00 -0.316396D+04
  291.2859  0.899462D+00  0.903994D+00 -0.123680D+04
  291.6095  0.874265D+00  0.868549D+00  0.155994D+04
  291.9326  0.840682D+00  0.840532D+00  0.410253D+02
  292.2556  0.818598D+00  0.823944D+00 -0.145900D+04
  292.5782  0.739925D+00  0.733433D+00  0.177155D+04
  292.9005  0.751850D+00  0.738919D+00  0.352898D+04
  293.2225  0.880955D+00  0.876877D+00  0.111313D+04
  293.5443  0.861903D+00  0.854178D+00  0.210806D+04
  293.8658  0.736678D+00  0.720697D+00  0.436148D+04
  294.1869  0.768754D+00  0.763835D+00  0.134242D+04
  294.5078  0.817106D+00  0.819341D+00 -0.609747D+03
  294.8284  0.743681D+00  0.738650D+00  0.137306D+04
  295.1486  0.786009D+00  0.788526D+00 -0.686961D+03
  295.4686  0.856220D+00  0.854515D+00  0.465327D+03
  295.7882  0.871226D+00  0.875519D+00 -0.117157D+04
  296.1075  0.918233D+00  0.931369D+00 -0.358501D+04
  296.4265  0.845234D+00  0.862028D+00 -0.458345D+04
  296.7452  0.639918D+00  0.652600D+00 -0.346126D+04
  297.0635  0.634366D+00  0.649000D+00 -0.399373D+04
  297.3816  0.744941D+00  0.763476D+00 -0.505845D+04
  297.6992  0.947686D+00  0.966723D+00 -0.519562D+04
  298.0165  0.891390D+00  0.894905D+00 -0.959446D+03
  298.3335  0.621952D+00  0.620569D+00  0.377523D+03
  298.6501  0.586504D+00  0.575388D+00  0.303371D+04
  298.9663  0.802038D+00  0.760267D+00  0.113999D+05
  299.2822  0.854735D+00  0.795724D+00  0.161052D+05
  299.5977  0.777407D+00  0.750506D+00  0.734200D+04
  299.9128  0.736547D+00  0.745463D+00 -0.243346D+04
  300.2274  0.558211D+00  0.589307D+00 -0.848658D+04
  300.5418  0.652032D+00  0.687703D+00 -0.973541D+04
   31 294.187 303.661 298.924  3.207D-01  0.000D+00  1.200D-04  0.000D+00  1.006D+00  6.701D+03 10000  1.570D-02
  294.1869  0.768754D+00  0.751866D+00  0.460896D+04
  294.5078  0.817106D+00  0.813016D+00  0.111627D+04
  294.8284  0.743681D+00  0.733699D+00  0.272418D+04
  295.1486  0.786009D+00  0.792076D+00 -0.165579D+04
  295.4686  0.856220D+00  0.857843D+00 -0.442871D+03
  295.7882  0.871226D+00  0.879898D+00 -0.236687D+04
  296.1075  0.918233D+00  0.936628D+00 -0.502039D+04
  296.4265  0.845234D+00  0.862829D+00 -0.480197D+04
  296.7452  0.639918D+00  0.649061D+00 -0.249538D+04
  297.0635  0.634366D+00  0.648297D+00 -0.380204D+04
  297.3816  0.744941D+00  0.761601D+00 -0.454675D+04
  297.6992  0.947686D+00  0.963657D+00 -0.435881D+04
  298.0165  0.891390D+00  0.882540D+00  0.241529D+04
  298.3335  0.621952D+00  0.606941D+00  0.409672D+04
  298.6501  0.586504D+00  0.566329D+00  0.550607D+04
  298.9663  0.802038D+00  0.751720D+00  0.137325D+05
  299.2822  0.854735D+00  0.781132D+00  0.200874D+05
  299.5977  0.777407D+00  0.737905D+00  0.107809D+05
  299.9128  0.736547D+00  0.734426D+00  0.578783D+03
  300.2274  0.558211D+00  0.579603D+00 -0.583817D+04
  300.5418  0.652032D+00  0.687696D+00 -0.973348D+04
  300.8557  0.690149D+00  0.735605D+00 -0.124058D+05
  301.1692  0.776483D+00  0.816726D+00 -0.963736D+04
  301.4822  0.830831D+00  0.856552D+00 -0.701980D+04
  301.7948  0.693919D+00  0.703295D+00 -0.255878D+04
  302.1069  0.555664D+00  0.553645D+00  0.551059D+03
  302.4187  0.734326D+00  0.723270D+00  0.301740D+04
  302.7299  0.911788D+00  0.892569D+00  0.523903D+04
  303.0407  0.102616D+01  0.100131D+01  0.365690D+04
  303.3510  0.107929D+01  0.106971D+01  0.131870D+04
  303.6608  0.102070D+01  0.102136D+01 -0.969569D+02
   31 297.382 306.729 302.055  3.196D-01  0.000D+00  2.141D-03  0.000D+00  9.960D-01  6.826D+03 10300  1.563D-02
  297.3816  0.744941D+00  0.769719D+00 -0.676233D+04
  297.6992  0.947686D+00  0.972514D+00 -0.677602D+04
  298.0165  0.891390D+00  0.890990D+00  0.109092D+03
  298.3335  0.621952D+00  0.611174D+00  0.294156D+04
  298.6501  0.586504D+00  0.567835D+00  0.509500D+04
  298.9663  0.802038D+00  0.754221D+00  0.130501D+05
  299.2822  0.854735D+00  0.785341D+00  0.189387D+05
  299.5977  0.777407D+00  0.740677D+00  0.100244D+05
  299.9128  0.736547D+00  0.739743D+00 -0.872304D+03
  300.2274  0.558211D+00  0.582357D+00 -0.658992D+04
  300.5418  0.652032D+00  0.691478D+00 -0.107657D+05
  300.8557  0.690149D+00  0.740153D+00 -0.136468D+05
  301.1692  0.776483D+00  0.821697D+00 -0.108277D+05
  301.4822  0.830831D+00  0.862850D+00 -0.873861D+04
  301.7948  0.693919D+00  0.709049D+00 -0.412930D+04
  302.1069  0.555664D+00  0.555222D+00  0.120505D+03
  302.4187  0.734326D+00  0.724076D+00  0.279742D+04
  302.7299  0.911788D+00  0.891476D+00  0.553693D+04
  303.0407  0.102616D+01  0.997305D+00  0.424600D+04
  303.3510  0.107929D+01  0.106066D+01  0.256496D+04
  303.6608  0.102070D+01  0.100863D+01  0.177100D+04
  303.9701  0.891720D+00  0.879269D+00  0.313251D+04
  304.2789  0.935495D+00  0.918150D+00  0.281519D+04
  304.5871  0.101294D+01  0.996472D+00  0.229123D+04
  304.8949  0.985391D+00  0.957407D+00  0.393131D+04
  305.2020  0.110247D+01  0.108575D+01  0.228116D+04
  305.5086  0.100903D+01  0.101873D+01 -0.132302D+04
  305.8146  0.789777D+00  0.796227D+00 -0.176018D+04
  306.1201  0.861823D+00  0.864415D+00 -0.401410D+03
  306.4249  0.946163D+00  0.962417D+00 -0.221797D+04
  306.7292  0.869589D+00  0.894904D+00 -0.345435D+04
   31 300.542 309.735 305.138  3.169D-01  0.000D+00 -9.022D-03  0.000D+00  1.024D+00  1.373D+03 10300  4.350D-03
  300.5418  0.652032D+00  0.639762D+00  0.334859D+04
  300.8557  0.690149D+00  0.694557D+00 -0.120286D+04
  301.1692  0.776483D+00  0.789292D+00 -0.306749D+04
  301.4822  0.830831D+00  0.837203D+00 -0.173917D+04
  301.7948  0.693919D+00  0.689618D+00  0.117395D+04
  302.1069  0.555664D+00  0.551874D+00  0.103434D+04
  302.4187  0.734326D+00  0.734650D+00 -0.882768D+02
  302.7299  0.911788D+00  0.906787D+00  0.136321D+04
  303.0407  0.102616D+01  0.101490D+01  0.165698D+04
  303.3510  0.107929D+01  0.108378D+01 -0.617959D+03
  303.6608  0.102070D+01  0.102351D+01 -0.411632D+03
  303.9701  0.891720D+00  0.895459D+00 -0.940445D+03
  304.2789  0.935495D+00  0.939594D+00 -0.665153D+03
  304.5871  0.101294D+01  0.101423D+01 -0.178904D+03
  304.8949  0.985391D+00  0.970984D+00  0.202395D+04
  305.2020  0.110247D+01  0.110095D+01  0.207111D+03
  305.5086  0.100903D+01  0.101603D+01 -0.954934D+03
  305.8146  0.789777D+00  0.788376D+00  0.382314D+03
  306.1201  0.861823D+00  0.865177D+00 -0.519348D+03
  306.4249  0.946163D+00  0.946743D+00 -0.791000D+02
  306.7292  0.869589D+00  0.874393D+00 -0.655504D+03
  307.0328  0.994004D+00  0.989940D+00  0.554529D+03
  307.3358  0.104990D+01  0.104004D+01  0.132207D+04
  307.6381  0.101899D+01  0.101805D+01  0.123772D+03
  307.9398  0.104171D+01  0.104102D+01  0.932988D+02
  308.2408  0.995008D+00  0.101177D+01 -0.228688D+04
  308.5411  0.106254D+01  0.107192D+01 -0.127955D+04
  308.8407  0.102518D+01  0.101070D+01  0.197592D+04
  309.1396  0.839143D+00  0.836366D+00  0.379004D+03
  309.4377  0.765255D+00  0.777416D+00 -0.165953D+04
  309.7351  0.811766D+00  0.796897D+00  0.164310D+04
   21 303.661 309.735 306.698  3.149D-01  0.000D+00 -5.173D-03  0.000D+00  1.012D+00  1.053D+03 10300  4.933D-03
  303.6608  0.102070D+01  0.102019D+01  0.746329D+02
  303.9701  0.891720D+00  0.892253D+00 -0.133985D+03
  304.2789  0.935495D+00  0.936824D+00 -0.215667D+03
  304.5871  0.101294D+01  0.101546D+01 -0.350781D+03
  304.8949  0.985391D+00  0.970156D+00  0.214035D+04
  305.2020  0.110247D+01  0.110263D+01 -0.222874D+02
  305.5086  0.100903D+01  0.102119D+01 -0.165869D+04
  305.8146  0.789777D+00  0.789880D+00 -0.281661D+02
  306.1201  0.861823D+00  0.863747D+00 -0.297925D+03
  306.4249  0.946163D+00  0.949004D+00 -0.387638D+03
  306.7292  0.869589D+00  0.873012D+00 -0.467060D+03
  307.0328  0.994004D+00  0.987814D+00  0.844699D+03
  307.3358  0.104990D+01  0.103919D+01  0.143571D+04
  307.6381  0.101899D+01  0.101582D+01  0.417974D+03
  307.9398  0.104171D+01  0.103920D+01  0.342417D+03
  308.2408  0.995008D+00  0.100902D+01 -0.191250D+04
  308.5411  0.106254D+01  0.107005D+01 -0.102379D+04
  308.8407  0.102518D+01  0.101197D+01  0.180374D+04
  309.1396  0.839143D+00  0.838079D+00  0.145303D+03
  309.4377  0.765255D+00  0.777755D+00 -0.170575D+04
  309.7351  0.811766D+00  0.801278D+00  0.115897D+04
   31 310.068 314.817 312.443  2.323D-01  0.000D+00  4.725D-03  0.000D+00  1.003D+00  1.058D+03   300  5.565D-03
  310.0685  0.714460D+00  0.717131D+00 -0.206229D+03
  310.2279  0.737776D+00  0.738345D+00 -0.438731D+02
  310.3873  0.963957D+00  0.982108D+00 -0.140114D+04
  310.5465  0.119485D+01  0.119624D+01 -0.949963D+02
  310.7057  0.130842D+01  0.129905D+01  0.626292D+03
  310.8649  0.137212D+01  0.137219D+01 -0.474871D+01
  311.0239  0.137419D+01  0.137034D+01  0.279578D+03
  311.1829  0.135522D+01  0.133565D+01  0.150864D+04
  311.3417  0.133442D+01  0.133233D+01  0.161503D+03
  311.5005  0.133062D+01  0.129746D+01  0.255979D+04
  311.6592  0.120273D+01  0.121459D+01 -0.930246D+03
  311.8179  0.108756D+01  0.109329D+01 -0.503504D+03
  311.9764  0.980465D+00  0.999347D+00 -0.182189D+04
  312.1349  0.960520D+00  0.975163D+00 -0.141292D+04
  312.2933  0.103499D+01  0.103266D+01  0.225096D+03
  312.4516  0.109056D+01  0.111017D+01 -0.176465D+04
  312.6099  0.111122D+01  0.110414D+01  0.604749D+03
  312.7680  0.109182D+01  0.109655D+01 -0.426189D+03
  312.9261  0.112845D+01  0.112343D+01  0.413845D+03
  313.0841  0.112957D+01  0.112269D+01  0.391707D+03
  313.2420  0.110457D+01  0.109677D+01  0.661739D+03
  313.3999  0.107863D+01  0.107307D+01  0.498904D+03
  313.5576  0.110024D+01  0.109694D+01  0.276841D+03
  313.7153  0.119146D+01  0.118312D+01  0.652262D+03
  313.8729  0.129302D+01  0.129208D+01  0.729996D+02
  314.0304  0.134713D+01  0.133731D+01  0.757985D+03
  314.1879  0.127277D+01  0.127091D+01  0.140504D+03
  314.3452  0.103621D+01  0.105817D+01 -0.198363D+04
  314.5025  0.861163D+00  0.846332D+00  0.143111D+04
  314.6597  0.864389D+00  0.885358D+00 -0.202330D+04
  314.8169  0.107413D+01  0.106258D+01  0.100840D+04
   31 311.659 316.384 314.022  2.345D-01  0.000D+00  4.596D-04  0.000D+00  1.004D+00  8.198D+02 10300  4.371D-03
  311.6592  0.120273D+01  0.119514D+01  0.595125D+03
  311.8179  0.108756D+01  0.107824D+01  0.819338D+03
  311.9764  0.980465D+00  0.989663D+00 -0.887448D+03
  312.1349  0.960520D+00  0.969946D+00 -0.909553D+03
  312.2933  0.103499D+01  0.103033D+01  0.450040D+03
  312.4516  0.109056D+01  0.110642D+01 -0.142744D+04
  312.6099  0.111122D+01  0.110154D+01  0.827766D+03
  312.7680  0.109182D+01  0.109726D+01 -0.490632D+03
  312.9261  0.112845D+01  0.112439D+01  0.334556D+03
  313.0841  0.112957D+01  0.112372D+01  0.333055D+03
  313.2420  0.110457D+01  0.109833D+01  0.529343D+03
  313.3999  0.107863D+01  0.107647D+01  0.193318D+03
  313.5576  0.110024D+01  0.110222D+01 -0.166934D+03
  313.7153  0.119146D+01  0.118960D+01  0.145138D+03
  313.8729  0.129302D+01  0.129667D+01 -0.281129D+03
  314.0304  0.134713D+01  0.133796D+01  0.708234D+03
  314.1879  0.127277D+01  0.126633D+01  0.485801D+03
  314.3452  0.103621D+01  0.105021D+01 -0.126484D+04
  314.5025  0.861163D+00  0.845226D+00  0.153779D+04
  314.6597  0.864389D+00  0.887161D+00 -0.219727D+04
  314.8169  0.107413D+01  0.106008D+01  0.122729D+04
  314.9739  0.119254D+01  0.119613D+01 -0.277906D+03
  315.1309  0.124444D+01  0.123832D+01  0.472195D+03
  315.2878  0.122920D+01  0.123276D+01 -0.274527D+03
  315.4446  0.120337D+01  0.120522D+01 -0.142953D+03
  315.6014  0.111303D+01  0.111305D+01 -0.139826D+01
  315.7581  0.932346D+00  0.938648D+00 -0.608123D+03
  315.9146  0.784313D+00  0.781494D+00  0.272008D+03
  316.0711  0.749765D+00  0.760240D+00 -0.101082D+04
  316.2276  0.869031D+00  0.856530D+00  0.120621D+04
  316.3840  0.993391D+00  0.994239D+00 -0.777847D+02
   31 313.242 317.943 315.593  2.366D-01  0.000D+00  1.977D-06  0.000D+00  1.007D+00  7.767D+02   300  4.096D-03
  313.2420  0.110457D+01  0.110036D+01  0.357231D+03
  313.3999  0.107863D+01  0.107910D+01 -0.425545D+02
  313.5576  0.110024D+01  0.110528D+01 -0.423253D+03
  313.7153  0.119146D+01  0.119235D+01 -0.699321D+02
  313.8729  0.129302D+01  0.129830D+01 -0.407332D+03
  314.0304  0.134713D+01  0.133853D+01  0.664108D+03
  314.1879  0.127277D+01  0.126526D+01  0.566499D+03
  314.3452  0.103621D+01  0.104968D+01 -0.121653D+04
  314.5025  0.861163D+00  0.847599D+00  0.130879D+04
  314.6597  0.864389D+00  0.888206D+00 -0.229815D+04
  314.8169  0.107413D+01  0.105892D+01  0.132842D+04
  314.9739  0.119254D+01  0.119377D+01 -0.950910D+02
  315.1309  0.124444D+01  0.123601D+01  0.650681D+03
  315.2878  0.122920D+01  0.123057D+01 -0.105913D+03
  315.4446  0.120337D+01  0.120258D+01  0.607123D+02
  315.6014  0.111303D+01  0.111026D+01  0.219769D+03
  315.7581  0.932346D+00  0.937434D+00 -0.490958D+03
  315.9146  0.784313D+00  0.782575D+00  0.167707D+03
  316.0711  0.749765D+00  0.762248D+00 -0.120450D+04
  316.2276  0.869031D+00  0.859231D+00  0.945586D+03
  316.3840  0.993391D+00  0.997729D+00 -0.397605D+03
  316.5402  0.108609D+01  0.107943D+01  0.528915D+03
  316.6964  0.112613D+01  0.112146D+01  0.363439D+03
  316.8526  0.115900D+01  0.116971D+01 -0.828100D+03
  317.0086  0.127270D+01  0.126350D+01  0.709942D+03
  317.1646  0.140067D+01  0.141072D+01 -0.775840D+03
  317.3205  0.148663D+01  0.148423D+01  0.185400D+03
  317.4764  0.146120D+01  0.146032D+01  0.676948D+02
  317.6321  0.143777D+01  0.142951D+01  0.637599D+03
  317.7878  0.132321D+01  0.133636D+01 -0.101540D+04
  317.9434  0.111904D+01  0.111227D+01  0.524650D+03
   31 314.817 319.495 317.156  2.359D-01  0.000D+00 -7.462D-04  0.000D+00  1.010D+00  6.076D+02 10300  3.411D-03
  314.8169  0.107413D+01  0.106884D+01  0.462059D+03
  314.9739  0.119254D+01  0.120147D+01 -0.692006D+03
  315.1309  0.124444D+01  0.124068D+01  0.290359D+03
  315.2878  0.122920D+01  0.123293D+01 -0.287614D+03
  315.4446  0.120337D+01  0.120329D+01  0.583318D+01
  315.6014  0.111303D+01  0.110954D+01  0.276699D+03
  315.7581  0.932346D+00  0.935504D+00 -0.304809D+03
  315.9146  0.784313D+00  0.780518D+00  0.366204D+03
  316.0711  0.749765D+00  0.760854D+00 -0.107002D+04
  316.2276  0.869031D+00  0.858374D+00  0.102827D+04
  316.3840  0.993391D+00  0.997086D+00 -0.338676D+03
  316.5402  0.108609D+01  0.107847D+01  0.604650D+03
  316.6964  0.112613D+01  0.112058D+01  0.431425D+03
  316.8526  0.115900D+01  0.116911D+01 -0.781444D+03
  317.0086  0.127270D+01  0.126342D+01  0.716414D+03
  317.1646  0.140067D+01  0.141142D+01 -0.829945D+03
  317.3205  0.148663D+01  0.148453D+01  0.162099D+03
  317.4764  0.146120D+01  0.145984D+01  0.105082D+03
  317.6321  0.143777D+01  0.142897D+01  0.679216D+03
  317.7878  0.132321D+01  0.133494D+01 -0.905744D+03
  317.9434  0.111904D+01  0.110914D+01  0.767003D+03
  318.0989  0.920078D+00  0.929152D+00 -0.828996D+03
  318.2544  0.898167D+00  0.904446D+00 -0.600967D+03
  318.4097  0.977474D+00  0.978217D+00 -0.600119D+02
  318.5651  0.108313D+01  0.108231D+01  0.632522D+02
  318.7203  0.117976D+01  0.118290D+01 -0.222981D+03
  318.8754  0.130082D+01  0.128554D+01  0.117988D+04
  319.0305  0.130754D+01  0.131243D+01 -0.377798D+03
  319.1855  0.116303D+01  0.115684D+01  0.477950D+03
  319.3404  0.100620D+01  0.100141D+01  0.378472D+03
  319.4953  0.101640D+01  0.102688D+01 -0.824473D+03
   31 316.384 321.040 318.712  2.362D-01  0.000D+00  4.971D-05  0.000D+00  1.011D+00  6.783D+02 10000  4.093D-03
  316.3840  0.993391D+00  0.997032D+00 -0.333755D+03
  316.5402  0.108609D+01  0.107918D+01  0.548379D+03
  316.6964  0.112613D+01  0.112152D+01  0.358671D+03
  316.8526  0.115900D+01  0.116995D+01 -0.846181D+03
  317.0086  0.127270D+01  0.126373D+01  0.692309D+03
  317.1646  0.140067D+01  0.141113D+01 -0.807511D+03
  317.3205  0.148663D+01  0.148428D+01  0.181247D+03
  317.4764  0.146120D+01  0.145945D+01  0.135447D+03
  317.6321  0.143777D+01  0.142786D+01  0.765467D+03
  317.7878  0.132321D+01  0.133394D+01 -0.828398D+03
  317.9434  0.111904D+01  0.110876D+01  0.796283D+03
  318.0989  0.920078D+00  0.928364D+00 -0.757003D+03
  318.2544  0.898167D+00  0.902854D+00 -0.448582D+03
  318.4097  0.977474D+00  0.976194D+00  0.103317D+03
  318.5651  0.108313D+01  0.108042D+01  0.209274D+03
  318.7203  0.117976D+01  0.118165D+01 -0.133937D+03
  318.8754  0.130082D+01  0.128529D+01  0.119889D+04
  319.0305  0.130754D+01  0.131432D+01 -0.523534D+03
  319.1855  0.116303D+01  0.116139D+01  0.126398D+03
  319.3404  0.100620D+01  0.100708D+01 -0.692403D+02
  319.4953  0.101640D+01  0.103404D+01 -0.138790D+04
  319.6501  0.113328D+01  0.113687D+01 -0.274266D+03
  319.8047  0.126903D+01  0.125129D+01  0.136913D+04
  319.9594  0.133030D+01  0.134102D+01 -0.827459D+03
  320.1140  0.137248D+01  0.135523D+01  0.133101D+04
  320.2684  0.137194D+01  0.138401D+01 -0.931752D+03
  320.4229  0.145494D+01  0.145355D+01  0.104684D+03
  320.5772  0.150165D+01  0.150230D+01 -0.454081D+02
  320.7314  0.148344D+01  0.147904D+01  0.314870D+03
  320.8857  0.135508D+01  0.135721D+01 -0.164146D+03
  321.0398  0.117367D+01  0.117411D+01 -0.292338D+02
   31 317.943 322.730 320.337  2.327D-01  0.000D+00  6.465D-04  0.000D+00  1.003D+00  6.603D+02   300  4.280D-03
  317.9434  0.111904D+01  0.111008D+01  0.694084D+03
  318.0989  0.920078D+00  0.926918D+00 -0.624959D+03
  318.2544  0.898167D+00  0.902107D+00 -0.377097D+03
  318.4097  0.977474D+00  0.976454D+00  0.822931D+02
  318.5651  0.108313D+01  0.108104D+01  0.160893D+03
  318.7203  0.117976D+01  0.118209D+01 -0.164995D+03
  318.8754  0.130082D+01  0.128687D+01  0.107715D+04
  319.0305  0.130754D+01  0.131908D+01 -0.890841D+03
  319.1855  0.116303D+01  0.116254D+01  0.377706D+02
  319.3404  0.100620D+01  0.100372D+01  0.195836D+03
  319.4953  0.101640D+01  0.103231D+01 -0.125159D+04
  319.6501  0.113328D+01  0.113581D+01 -0.193338D+03
  319.8047  0.126903D+01  0.125054D+01  0.142740D+04
  319.9594  0.133030D+01  0.134148D+01 -0.863214D+03
  320.1140  0.137248D+01  0.135389D+01  0.143487D+04
  320.2684  0.137194D+01  0.138168D+01 -0.751797D+03
  320.4229  0.145494D+01  0.145226D+01  0.200970D+03
  320.5772  0.150165D+01  0.150188D+01 -0.160411D+02
  320.7314  0.148344D+01  0.147960D+01  0.274503D+03
  320.8857  0.135508D+01  0.135764D+01 -0.197181D+03
  321.0398  0.117367D+01  0.117297D+01  0.472329D+02
  321.1938  0.102773D+01  0.102910D+01 -0.106803D+03
  321.3478  0.965371D+00  0.973046D+00 -0.616762D+03
  321.6555  0.109686D+01  0.111069D+01 -0.106764D+04
  321.8093  0.124748D+01  0.123521D+01  0.947300D+03
  321.9630  0.134700D+01  0.134675D+01  0.197218D+02
  322.1166  0.135497D+01  0.135577D+01 -0.623653D+02
  322.2701  0.127184D+01  0.126325D+01  0.663482D+03
  322.4236  0.119926D+01  0.120090D+01 -0.126604D+03
  322.5770  0.114072D+01  0.114831D+01 -0.586052D+03
  322.7303  0.104796D+01  0.104511D+01  0.219821D+03
   31 319.495 324.260 321.877  2.341D-01  0.000D+00 -6.043D-04  0.000D+00  9.931D-01  6.485D+02   300  5.330D-03
  319.4953  0.101640D+01  0.103118D+01 -0.116264D+04
  319.6501  0.113328D+01  0.113502D+01 -0.133083D+03
  319.8047  0.126903D+01  0.124991D+01  0.147588D+04
  319.9594  0.133030D+01  0.134050D+01 -0.787558D+03
  320.1140  0.137248D+01  0.135352D+01  0.146334D+04
  320.2684  0.137194D+01  0.138256D+01 -0.819544D+03
  320.4229  0.145494D+01  0.145299D+01  0.146729D+03
  320.5772  0.150165D+01  0.150217D+01 -0.363484D+02
  320.7314  0.148344D+01  0.147902D+01  0.316685D+03
  320.8857  0.135508D+01  0.135662D+01 -0.118371D+03
  321.0398  0.117367D+01  0.117260D+01  0.717757D+02
  321.1938  0.102773D+01  0.102956D+01 -0.142647D+03
  321.3478  0.965371D+00  0.974322D+00 -0.719267D+03
  321.6555  0.109686D+01  0.111219D+01 -0.118332D+04
  321.8093  0.124748D+01  0.123646D+01  0.850512D+03
  321.9630  0.134700D+01  0.134691D+01  0.726557D+01
  322.1166  0.135497D+01  0.135477D+01  0.152201D+02
  322.2701  0.127184D+01  0.126295D+01  0.686015D+03
  322.4236  0.119926D+01  0.120113D+01 -0.144608D+03
  322.5770  0.114072D+01  0.114742D+01 -0.517353D+03
  322.7303  0.104796D+01  0.104508D+01  0.222543D+03
  322.8835  0.953355D+00  0.965076D+00 -0.931301D+03
  323.0367  0.981104D+00  0.975453D+00  0.444541D+03
  323.1898  0.108016D+01  0.107976D+01  0.312613D+02
  323.3429  0.113061D+01  0.113225D+01 -0.126081D+03
  323.4958  0.109906D+01  0.108892D+01  0.782739D+03
  323.6487  0.107111D+01  0.107369D+01 -0.199481D+03
  323.8015  0.112989D+01  0.112888D+01  0.781881D+02
  323.9543  0.121261D+01  0.120687D+01  0.443539D+03
  324.1069  0.129011D+01  0.128720D+01  0.224617D+03
  324.2596  0.132433D+01  0.133307D+01 -0.674647D+03
   31 321.040 325.782 323.411  2.356D-01  0.000D+00 -9.418D-04  0.000D+00  9.916D-01  5.732D+02 10300  4.938D-03
  321.0398  0.117367D+01  0.116751D+01  0.412953D+03
  321.1938  0.102773D+01  0.102618D+01  0.120672D+03
  321.3478  0.965371D+00  0.971942D+00 -0.528032D+03
  321.6555  0.109686D+01  0.111063D+01 -0.106286D+04
  321.8093  0.124748D+01  0.123544D+01  0.929565D+03
  321.9630  0.134700D+01  0.134564D+01  0.105219D+03
  322.1166  0.135497D+01  0.135404D+01  0.714717D+02
  322.2701  0.127184D+01  0.126406D+01  0.600901D+03
  322.4236  0.119926D+01  0.120258D+01 -0.256371D+03
  322.5770  0.114072D+01  0.114855D+01 -0.604805D+03
  322.7303  0.104796D+01  0.104689D+01  0.822383D+02
  322.8835  0.953355D+00  0.967585D+00 -0.113072D+04
  323.0367  0.981104D+00  0.978373D+00  0.214869D+03
  323.1898  0.108016D+01  0.108151D+01 -0.103626D+03
  323.3429  0.113061D+01  0.113297D+01 -0.181614D+03
  323.4958  0.109906D+01  0.109017D+01  0.686318D+03
  323.6487  0.107111D+01  0.107454D+01 -0.264785D+03
  323.8015  0.112989D+01  0.112824D+01  0.127361D+03
  323.9543  0.121261D+01  0.120468D+01  0.612300D+03
  324.1069  0.129011D+01  0.128265D+01  0.576218D+03
  324.2596  0.132433D+01  0.132591D+01 -0.121651D+03
  324.4121  0.134004D+01  0.133442D+01  0.432491D+03
  324.5646  0.136522D+01  0.136323D+01  0.149653D+03
  324.7170  0.133896D+01  0.134788D+01 -0.684783D+03
  324.8693  0.127718D+01  0.126908D+01  0.625336D+03
  325.0216  0.122849D+01  0.124169D+01 -0.101701D+04
  325.1737  0.127920D+01  0.128164D+01 -0.188451D+03
  325.3259  0.133729D+01  0.134750D+01 -0.782655D+03
  325.4779  0.146415D+01  0.145508D+01  0.600081D+03
  325.6299  0.158596D+01  0.159564D+01 -0.622161D+03
  325.7818  0.169862D+01  0.168502D+01  0.874325D+03
   31 322.730 327.297 325.014  2.332D-01  0.000D+00  2.596D-04  0.000D+00  9.981D-01  5.924D+02   300  5.108D-03
  322.7303  0.104796D+01  0.104784D+01  0.885422D+01
  322.8835  0.953355D+00  0.966646D+00 -0.105609D+04
  323.0367  0.981104D+00  0.975918D+00  0.407984D+03
  323.1898  0.108016D+01  0.108044D+01 -0.209996D+02
  323.3429  0.113061D+01  0.113341D+01 -0.215655D+03
  323.4958  0.109906D+01  0.108900D+01  0.776838D+03
  323.6487  0.107111D+01  0.107254D+01 -0.110672D+03
  323.8015  0.112989D+01  0.112683D+01  0.236691D+03
  323.9543  0.121261D+01  0.120356D+01  0.698808D+03
  324.1069  0.129011D+01  0.128244D+01  0.592528D+03
  324.2596  0.132433D+01  0.132664D+01 -0.178010D+03
  324.4121  0.134004D+01  0.133470D+01  0.411011D+03
  324.5646  0.136522D+01  0.136504D+01  0.136504D+02
  324.7170  0.133896D+01  0.135148D+01 -0.961561D+03
  324.8693  0.127718D+01  0.127129D+01  0.455055D+03
  325.0216  0.122849D+01  0.124358D+01 -0.116307D+04
  325.1737  0.127920D+01  0.128440D+01 -0.401034D+03
  325.3259  0.133729D+01  0.135026D+01 -0.993932D+03
  325.4779  0.146415D+01  0.145785D+01  0.416715D+03
  325.6299  0.158596D+01  0.160058D+01 -0.940182D+03
  325.7818  0.169862D+01  0.169045D+01  0.525092D+03
  325.9337  0.174430D+01  0.173838D+01  0.380762D+03
  326.0854  0.176126D+01  0.175719D+01  0.261831D+03
  326.2371  0.173970D+01  0.172081D+01  0.117624D+04
  326.3887  0.164177D+01  0.165087D+01 -0.584890D+03
  326.5403  0.160704D+01  0.159562D+01  0.734741D+03
  326.6918  0.164367D+01  0.164758D+01 -0.251496D+03
  326.8432  0.173141D+01  0.172795D+01  0.223184D+03
  326.9945  0.171222D+01  0.171048D+01  0.111721D+03
  327.1458  0.162919D+01  0.163217D+01 -0.191926D+03
  327.2970  0.160722D+01  0.161470D+01 -0.480904D+03
   31 324.260 328.805 326.532  2.381D-01  0.000D+00  4.170D-03  0.000D+00  1.005D+00  6.072D+02   300  5.739D-03
  324.2596  0.132433D+01  0.131920D+01  0.395631D+03
  324.4121  0.134004D+01  0.133126D+01  0.676394D+03
  324.5646  0.136522D+01  0.136076D+01  0.333981D+03
  324.7170  0.133896D+01  0.134971D+01 -0.825708D+03
  324.8693  0.127718D+01  0.127461D+01  0.198721D+03
  325.0216  0.122849D+01  0.124544D+01 -0.130630D+04
  325.1737  0.127920D+01  0.128430D+01 -0.393332D+03
  325.3259  0.133729D+01  0.135025D+01 -0.992897D+03
  325.4779  0.146415D+01  0.145659D+01  0.500197D+03
  325.6299  0.158596D+01  0.159700D+01 -0.709719D+03
  325.7818  0.169862D+01  0.168892D+01  0.623670D+03
  325.9337  0.174430D+01  0.173755D+01  0.434521D+03
  326.0854  0.176126D+01  0.175585D+01  0.348038D+03
  326.2371  0.173970D+01  0.172081D+01  0.117615D+04
  326.3887  0.164177D+01  0.165188D+01 -0.649913D+03
  326.5403  0.160704D+01  0.159754D+01  0.611286D+03
  326.6918  0.164367D+01  0.164375D+01 -0.503655D+01
  326.8432  0.173141D+01  0.172119D+01  0.657922D+03
  326.9945  0.171222D+01  0.170736D+01  0.312836D+03
  327.1458  0.162919D+01  0.163267D+01 -0.224188D+03
  327.2970  0.160722D+01  0.161313D+01 -0.379934D+03
  327.4482  0.165486D+01  0.166029D+01 -0.349135D+03
  327.5992  0.167303D+01  0.167470D+01 -0.107464D+03
  327.7502  0.163744D+01  0.163609D+01  0.864788D+02
  327.9012  0.158310D+01  0.159703D+01 -0.895743D+03
  328.0521  0.158311D+01  0.158425D+01 -0.732046D+02
  328.2029  0.157297D+01  0.158577D+01 -0.823720D+03
  328.3536  0.159683D+01  0.158368D+01  0.845692D+03
  328.5042  0.155824D+01  0.155959D+01 -0.866528D+02
  328.6548  0.147156D+01  0.147364D+01 -0.133608D+03
  328.8054  0.143963D+01  0.142965D+01  0.641840D+03
   31 325.782 330.307 328.044  2.382D-01  0.000D+00 -2.254D-03  0.000D+00  1.004D+00  5.794D+02 10300  5.301D-03
  325.7818  0.169862D+01  0.170436D+01 -0.369430D+03
  325.9337  0.174430D+01  0.174912D+01 -0.310324D+03
  326.0854  0.176126D+01  0.176265D+01 -0.896583D+02
  326.2371  0.173970D+01  0.172317D+01  0.102945D+04
  326.3887  0.164177D+01  0.165124D+01 -0.609067D+03
  326.5403  0.160704D+01  0.159826D+01  0.564469D+03
  326.6918  0.164367D+01  0.164741D+01 -0.240670D+03
  326.8432  0.173141D+01  0.172166D+01  0.627191D+03
  326.9945  0.171222D+01  0.170290D+01  0.599423D+03
  327.1458  0.162919D+01  0.162812D+01  0.689246D+02
  327.2970  0.160722D+01  0.161241D+01 -0.333512D+03
  327.4482  0.165486D+01  0.166036D+01 -0.353399D+03
  327.5992  0.167303D+01  0.167241D+01  0.403881D+02
  327.7502  0.163744D+01  0.163333D+01  0.264435D+03
  327.9012  0.158310D+01  0.159623D+01 -0.844702D+03
  328.0521  0.158311D+01  0.158555D+01 -0.156646D+03
  328.2029  0.157297D+01  0.158847D+01 -0.997241D+03
  328.3536  0.159683D+01  0.158753D+01  0.598482D+03
  328.5042  0.155824D+01  0.156245D+01 -0.270933D+03
  328.6548  0.147156D+01  0.147617D+01 -0.296777D+03
  328.8054  0.143963D+01  0.143974D+01 -0.708911D+01
  328.9558  0.156942D+01  0.157402D+01 -0.296149D+03
  329.1063  0.175027D+01  0.174941D+01  0.548520D+02
  329.2566  0.186205D+01  0.183807D+01  0.139266D+04
  329.4068  0.189308D+01  0.188979D+01  0.186931D+03
  329.5570  0.192117D+01  0.191497D+01  0.350145D+03
  329.7072  0.192178D+01  0.191866D+01  0.176206D+03
  329.8572  0.193171D+01  0.193907D+01 -0.412779D+03
  330.0072  0.200562D+01  0.199481D+01  0.596050D+03
  330.1571  0.197560D+01  0.200164D+01 -0.144029D+04
  330.3070  0.188458D+01  0.187620D+01  0.472306D+03
   31 327.297 331.802 329.549  2.354D-01  0.000D+00 -3.429D-03  0.000D+00  1.012D+00  6.275D+02   300  5.070D-03
  327.2970  0.160722D+01  0.160308D+01  0.266540D+03
  327.4482  0.165486D+01  0.165461D+01  0.160904D+02
  327.5992  0.167303D+01  0.166830D+01  0.304462D+03
  327.7502  0.163744D+01  0.162960D+01  0.504368D+03
  327.9012  0.158310D+01  0.159366D+01 -0.679311D+03
  328.0521  0.158311D+01  0.158480D+01 -0.108889D+03
  328.2029  0.157297D+01  0.158895D+01 -0.102819D+04
  328.3536  0.159683D+01  0.158908D+01  0.498260D+03
  328.5042  0.155824D+01  0.156545D+01 -0.463704D+03
  328.6548  0.147156D+01  0.147664D+01 -0.326572D+03
  328.8054  0.143963D+01  0.143922D+01  0.263195D+02
  328.9558  0.156942D+01  0.157745D+01 -0.516676D+03
  329.1063  0.175027D+01  0.175416D+01 -0.247644D+03
  329.2566  0.186205D+01  0.184057D+01  0.124741D+04
  329.4068  0.189308D+01  0.189061D+01  0.140439D+03
  329.5570  0.192117D+01  0.191416D+01  0.396397D+03
  329.7072  0.192178D+01  0.191505D+01  0.379726D+03
  329.8572  0.193171D+01  0.193286D+01 -0.643886D+02
  330.0072  0.200562D+01  0.198682D+01  0.103690D+04
  330.1571  0.197560D+01  0.199115D+01 -0.859875D+03
  330.3070  0.188458D+01  0.185934D+01  0.142264D+04
  330.4567  0.170352D+01  0.171414D+01 -0.661997D+03
  330.6065  0.157386D+01  0.158866D+01 -0.951853D+03
  330.7561  0.154809D+01  0.154191D+01  0.397014D+03
  330.9057  0.162328D+01  0.164395D+01 -0.131776D+04
  331.0552  0.174851D+01  0.174654D+01  0.114115D+03
  331.2047  0.174897D+01  0.174884D+01  0.746924D+01
  331.3541  0.167083D+01  0.167508D+01 -0.265305D+03
  331.5034  0.161055D+01  0.161009D+01  0.294346D+02
  331.6526  0.164541D+01  0.164282D+01  0.162718D+03
  331.8019  0.173930D+01  0.172990D+01  0.537786D+03
   31 328.805 333.290 331.048  2.351D-01  0.000D+00  2.672D-03  0.000D+00  1.006D+00  6.054D+02   300  4.252D-03
  328.8054  0.143963D+01  0.144472D+01 -0.327321D+03
  328.9558  0.156942D+01  0.157690D+01 -0.481203D+03
  329.1063  0.175027D+01  0.175603D+01 -0.366187D+03
  329.2566  0.186205D+01  0.184436D+01  0.102770D+04
  329.4068  0.189308D+01  0.189387D+01 -0.452696D+02
  329.5570  0.192117D+01  0.191741D+01  0.212456D+03
  329.7072  0.192178D+01  0.191679D+01  0.281507D+03
  329.8572  0.193171D+01  0.193186D+01 -0.829808D+01
  330.0072  0.200562D+01  0.198395D+01  0.119501D+04
  330.1571  0.197560D+01  0.199227D+01 -0.922196D+03
  330.3070  0.188458D+01  0.186354D+01  0.118609D+04
  330.4567  0.170352D+01  0.171690D+01 -0.833930D+03
  330.6065  0.157386D+01  0.159058D+01 -0.107541D+04
  330.7561  0.154809D+01  0.153781D+01  0.660966D+03
  330.9057  0.162328D+01  0.163631D+01 -0.830658D+03
  331.0552  0.174851D+01  0.174336D+01  0.298236D+03
  331.2047  0.174897D+01  0.175103D+01 -0.119872D+03
  331.3541  0.167083D+01  0.168121D+01 -0.648311D+03
  331.5034  0.161055D+01  0.161604D+01 -0.352723D+03
  331.6526  0.164541D+01  0.164779D+01 -0.149347D+03
  331.8019  0.173930D+01  0.173962D+01 -0.183683D+02
  331.9510  0.178287D+01  0.177476D+01  0.456912D+03
  332.1000  0.173311D+01  0.172101D+01  0.690350D+03
  332.2490  0.160158D+01  0.160977D+01 -0.514004D+03
  332.3979  0.156254D+01  0.154828D+01  0.914813D+03
  332.5468  0.163747D+01  0.163704D+01  0.259386D+02
  332.6956  0.173170D+01  0.172662D+01  0.285798D+03
  332.8443  0.169078D+01  0.168352D+01  0.412614D+03
  332.9930  0.161663D+01  0.162012D+01 -0.204640D+03
  333.1416  0.164421D+01  0.165254D+01 -0.474960D+03
  333.2902  0.171210D+01  0.171665D+01 -0.254511D+03
   31 330.307 334.772 332.539  2.338D-01  0.000D+00  3.371D-03  0.000D+00  1.005D+00  5.430D+02 10000  3.776D-03
  330.3070  0.188458D+01  0.186227D+01  0.125749D+04
  330.4567  0.170352D+01  0.171522D+01 -0.729085D+03
  330.6065  0.157386D+01  0.158858D+01 -0.946953D+03
  330.7561  0.154809D+01  0.153450D+01  0.874126D+03
  330.9057  0.162328D+01  0.163386D+01 -0.674892D+03
  331.0552  0.174851D+01  0.174235D+01  0.356590D+03
  331.2047  0.174897D+01  0.175073D+01 -0.102610D+03
  331.3541  0.167083D+01  0.168113D+01 -0.642827D+03
  331.5034  0.161055D+01  0.161538D+01 -0.310746D+03
  331.6526  0.164541D+01  0.164738D+01 -0.123917D+03
  331.8019  0.173930D+01  0.174055D+01 -0.710512D+02
  331.9510  0.178287D+01  0.177658D+01  0.354451D+03
  332.1000  0.173311D+01  0.172304D+01  0.574540D+03
  332.2490  0.160158D+01  0.161096D+01 -0.588563D+03
  332.3979  0.156254D+01  0.154753D+01  0.962931D+03
  332.5468  0.163747D+01  0.163641D+01  0.634654D+02
  332.6956  0.173170D+01  0.172663D+01  0.285024D+03
  332.8443  0.169078D+01  0.168174D+01  0.513636D+03
  332.9930  0.161663D+01  0.161547D+01  0.679323D+02
  333.1416  0.164421D+01  0.164582D+01 -0.916372D+02
  333.2902  0.171210D+01  0.170828D+01  0.213559D+03
  333.4386  0.166708D+01  0.167090D+01 -0.215268D+03
  333.5870  0.152002D+01  0.152956D+01 -0.585646D+03
  333.7354  0.145254D+01  0.145011D+01  0.156266D+03
  333.8836  0.151626D+01  0.153159D+01 -0.934956D+03
  334.0318  0.162733D+01  0.162941D+01 -0.116852D+03
  334.1799  0.165215D+01  0.165648D+01 -0.241742D+03
  334.3281  0.170064D+01  0.169462D+01  0.332494D+03
  334.4761  0.177814D+01  0.178517D+01 -0.387220D+03
  334.6240  0.184865D+01  0.183604D+01  0.695379D+03
  334.7719  0.177041D+01  0.176931D+01  0.609669D+02
   22 331.802 334.920 333.361  2.333D-01  0.000D+00  1.358D-03  0.000D+00  1.006D+00  4.029D+02 10300  3.288D-03
  331.8019  0.173930D+01  0.174304D+01 -0.213469D+03
  331.9510  0.178287D+01  0.177990D+01  0.167727D+03
  332.1000  0.173311D+01  0.172638D+01  0.384291D+03
  332.2490  0.160158D+01  0.161401D+01 -0.779952D+03
  332.3979  0.156254D+01  0.155194D+01  0.680124D+03
  332.5468  0.163747D+01  0.164287D+01 -0.322315D+03
  332.6956  0.173170D+01  0.173166D+01  0.254206D+01
  332.8443  0.169078D+01  0.168395D+01  0.388295D+03
  332.9930  0.161663D+01  0.161688D+01 -0.149629D+02
  333.1416  0.164421D+01  0.164765D+01 -0.196096D+03
  333.2902  0.171210D+01  0.170870D+01  0.189785D+03
  333.4386  0.166708D+01  0.166831D+01 -0.696454D+02
  333.5870  0.152002D+01  0.152505D+01 -0.308969D+03
  333.7354  0.145254D+01  0.144677D+01  0.370856D+03
  333.8836  0.151626D+01  0.152949D+01 -0.806870D+03
  334.0318  0.162733D+01  0.162623D+01  0.619549D+02
  334.1799  0.165215D+01  0.165245D+01 -0.170417D+02
  334.3281  0.170064D+01  0.169179D+01  0.489154D+03
  334.4761  0.177814D+01  0.178402D+01 -0.323929D+03
  334.6240  0.184865D+01  0.183579D+01  0.709058D+03
  334.7719  0.177041D+01  0.177008D+01  0.183925D+02
  334.9197  0.160341D+01  0.161156D+01 -0.456597D+03
