 solar_fit_vary
           0
 T T
nw  fwave  lwave  avgwav    hwe     asym  shift    squeeze      sin      rms   exval  std
   31 263.915 274.594 269.254  4.526D-01  0.000D+00 -3.623D-02  0.000D+00  9.835D-01  2.868D+03 10300  2.796D-02
  263.9146  0.487021D+00  0.495382D+00 -0.221835D+04
  264.2863  0.528130D+00  0.516442D+00  0.320694D+04
  264.6567  0.428693D+00  0.444747D+00 -0.440479D+04
  265.0257  0.420788D+00  0.395613D+00  0.690764D+04
  265.3935  0.448851D+00  0.427092D+00  0.597028D+04
  265.7601  0.424658D+00  0.437277D+00 -0.346250D+04
  266.1254  0.379788D+00  0.398781D+00 -0.521152D+04
  266.4896  0.360321D+00  0.364360D+00 -0.110819D+04
  266.8526  0.351259D+00  0.356945D+00 -0.161366D+04
  267.2144  0.357721D+00  0.364196D+00 -0.177679D+04
  267.5752  0.361812D+00  0.367576D+00 -0.158155D+04
  267.9349  0.341099D+00  0.346319D+00 -0.157977D+04
  268.2935  0.347652D+00  0.339737D+00  0.230481D+04
  268.6511  0.341967D+00  0.337431D+00  0.138596D+04
  269.0076  0.328067D+00  0.326996D+00  0.376951D+03
  269.3632  0.328417D+00  0.325133D+00  0.115469D+04
  269.7178  0.336650D+00  0.335143D+00  0.481956D+03
  270.0714  0.383164D+00  0.371019D+00  0.333234D+04
  270.4243  0.397047D+00  0.390276D+00  0.185800D+04
  270.7761  0.376397D+00  0.376773D+00 -0.103303D+03
  271.1271  0.369254D+00  0.361154D+00  0.222252D+04
  271.4773  0.338938D+00  0.331004D+00  0.243632D+04
  271.8266  0.273443D+00  0.276583D+00 -0.123109D+04
  272.1751  0.244289D+00  0.252755D+00 -0.336647D+04
  272.5229  0.273956D+00  0.286395D+00 -0.487549D+04
  272.8698  0.328728D+00  0.336170D+00 -0.259292D+04
  273.2160  0.335602D+00  0.336223D+00 -0.197895D+03
  273.5615  0.276870D+00  0.276157D+00  0.279482D+03
  273.9063  0.223848D+00  0.218740D+00  0.214010D+04
  274.2504  0.191676D+00  0.188060D+00  0.164651D+04
  274.5938  0.181988D+00  0.180100D+00  0.863568D+03
   31 267.575 277.995 272.785  3.995D-01  0.000D+00  4.912D-03  0.000D+00  1.006D+00  1.288D+03   300  1.188D-02
  267.5752  0.361812D+00  0.361039D+00  0.212036D+03
  267.9349  0.341099D+00  0.342111D+00 -0.306086D+03
  268.2935  0.347652D+00  0.339603D+00  0.234402D+04
  268.6511  0.341967D+00  0.344317D+00 -0.717946D+03
  269.0076  0.328067D+00  0.332497D+00 -0.155946D+04
  269.3632  0.328417D+00  0.332317D+00 -0.137141D+04
  269.7178  0.336650D+00  0.335335D+00  0.420454D+03
  270.0714  0.383164D+00  0.374959D+00  0.225122D+04
  270.4243  0.397047D+00  0.399557D+00 -0.688531D+03
  270.7761  0.376397D+00  0.381471D+00 -0.139229D+04
  271.1271  0.369254D+00  0.364712D+00  0.124622D+04
  271.4773  0.338938D+00  0.338076D+00  0.264746D+03
  271.8266  0.273443D+00  0.277753D+00 -0.168943D+04
  272.1751  0.244289D+00  0.241257D+00  0.120561D+04
  272.5229  0.273956D+00  0.272771D+00  0.464735D+03
  272.8698  0.328728D+00  0.328346D+00  0.133146D+03
  273.2160  0.335602D+00  0.340343D+00 -0.151087D+04
  273.5615  0.276870D+00  0.277946D+00 -0.421887D+03
  273.9063  0.223848D+00  0.218078D+00  0.241757D+04
  274.2504  0.191676D+00  0.187020D+00  0.211979D+04
  274.5938  0.181988D+00  0.180142D+00  0.844134D+03
  274.9366  0.188191D+00  0.190434D+00 -0.102600D+04
  275.2787  0.230397D+00  0.228122D+00  0.929643D+03
  275.6202  0.249892D+00  0.256059D+00 -0.241744D+04
  275.9612  0.316987D+00  0.315210D+00  0.614561D+03
  276.3015  0.346110D+00  0.349770D+00 -0.107437D+04
  276.6412  0.362095D+00  0.363468D+00 -0.376786D+03
  276.9804  0.357016D+00  0.362396D+00 -0.147626D+04
  277.3191  0.369518D+00  0.367847D+00  0.458400D+03
  277.6572  0.336376D+00  0.331978D+00  0.134170D+04
  277.9948  0.270440D+00  0.269893D+00  0.191547D+03
   31 271.127 281.346 276.236  3.904D-01  0.000D+00  9.242D-03  0.000D+00  9.922D-01  1.182D+03 10300  1.100D-02
  271.1271  0.369254D+00  0.365718D+00  0.970206D+03
  271.4773  0.338938D+00  0.339837D+00 -0.276150D+03
  271.8266  0.273443D+00  0.278767D+00 -0.208689D+04
  272.1751  0.244289D+00  0.240346D+00  0.156753D+04
  272.5229  0.273956D+00  0.272160D+00  0.704174D+03
  272.8698  0.328728D+00  0.328729D+00 -0.348736D+00
  273.2160  0.335602D+00  0.342637D+00 -0.224209D+04
  273.5615  0.276870D+00  0.279040D+00 -0.850658D+03
  273.9063  0.223848D+00  0.218440D+00  0.226554D+04
  274.2504  0.191676D+00  0.187058D+00  0.210229D+04
  274.5938  0.181988D+00  0.180190D+00  0.822400D+03
  274.9366  0.188191D+00  0.189614D+00 -0.650678D+03
  275.2787  0.230397D+00  0.228354D+00  0.835025D+03
  275.6202  0.249892D+00  0.254795D+00 -0.192203D+04
  275.9612  0.316987D+00  0.315248D+00  0.601304D+03
  276.3015  0.346110D+00  0.349728D+00 -0.106193D+04
  276.6412  0.362095D+00  0.363811D+00 -0.470928D+03
  276.9804  0.357016D+00  0.361804D+00 -0.131388D+04
  277.3191  0.369518D+00  0.368457D+00  0.291127D+03
  277.6572  0.336376D+00  0.332945D+00  0.104657D+04
  277.9948  0.270440D+00  0.269359D+00  0.378563D+03
  278.3319  0.245088D+00  0.243557D+00  0.557354D+03
  278.6686  0.230241D+00  0.227143D+00  0.121056D+04
  279.0047  0.181422D+00  0.179934D+00  0.440364D+03
  279.3404  0.128541D+00  0.130747D+00 -0.705689D+03
  279.6757  0.104193D+00  0.109133D+00 -0.169308D+04
  280.0105  0.101889D+00  0.105019D+00 -0.107352D+04
  280.3449  0.111473D+00  0.115571D+00 -0.140544D+04
  280.6789  0.152327D+00  0.154182D+00 -0.604661D+03
  281.0124  0.217427D+00  0.215401D+00  0.617470D+03
  281.3456  0.281551D+00  0.280022D+00  0.437248D+03
   31 274.594 284.658 279.626  3.640D-01  0.000D+00  6.652D-03  0.000D+00  1.004D+00  1.025D+03 10300  9.882D-03
  274.5938  0.181988D+00  0.180339D+00  0.754198D+03
  274.9366  0.188191D+00  0.187413D+00  0.355669D+03
  275.2787  0.230397D+00  0.230034D+00  0.148280D+03
  275.6202  0.249892D+00  0.251035D+00 -0.448097D+03
  275.9612  0.316987D+00  0.317148D+00 -0.557620D+02
  276.3015  0.346110D+00  0.348786D+00 -0.785546D+03
  276.6412  0.362095D+00  0.364439D+00 -0.643149D+03
  276.9804  0.357016D+00  0.359946D+00 -0.804028D+03
  277.3191  0.369518D+00  0.370834D+00 -0.361163D+03
  277.6572  0.336376D+00  0.334480D+00  0.578578D+03
  277.9948  0.270440D+00  0.267069D+00  0.117986D+04
  278.3319  0.245088D+00  0.243835D+00  0.456283D+03
  278.6686  0.230241D+00  0.229611D+00  0.246186D+03
  279.0047  0.181422D+00  0.180191D+00  0.364168D+03
  279.3404  0.128541D+00  0.129358D+00 -0.261586D+03
  279.6757  0.104193D+00  0.108740D+00 -0.155818D+04
  280.0105  0.101889D+00  0.104578D+00 -0.922534D+03
  280.3449  0.111473D+00  0.114198D+00 -0.934485D+03
  280.6789  0.152327D+00  0.152661D+00 -0.108866D+03
  281.0124  0.217427D+00  0.214040D+00  0.103235D+04
  281.3456  0.281551D+00  0.275617D+00  0.169645D+04
  281.6784  0.347914D+00  0.344492D+00  0.938905D+03
  282.0108  0.396068D+00  0.396705D+00 -0.174841D+03
  282.3429  0.429097D+00  0.427783D+00  0.360474D+03
  282.6746  0.445647D+00  0.441954D+00  0.101335D+04
  283.0060  0.475367D+00  0.476198D+00 -0.228064D+03
  283.3370  0.474615D+00  0.487954D+00 -0.366009D+04
  283.6677  0.457258D+00  0.461200D+00 -0.108179D+04
  283.9980  0.458139D+00  0.454213D+00  0.107721D+04
  284.3281  0.414586D+00  0.410988D+00  0.987163D+03
  284.6578  0.331496D+00  0.328565D+00  0.838324D+03
   31 277.995 287.939 282.967  3.629D-01  0.000D+00 -4.239D-03  0.000D+00  1.000D+00  9.125D+02 10000  6.901D-03
  277.9948  0.270440D+00  0.268153D+00  0.800696D+03
  278.3319  0.245088D+00  0.246264D+00 -0.427897D+03
  278.6686  0.230241D+00  0.231123D+00 -0.344883D+03
  279.0047  0.181422D+00  0.180043D+00  0.407997D+03
  279.3404  0.128541D+00  0.129216D+00 -0.216009D+03
  279.6757  0.104193D+00  0.109153D+00 -0.169964D+04
  280.0105  0.101889D+00  0.105117D+00 -0.110722D+04
  280.3449  0.111473D+00  0.115133D+00 -0.125521D+04
  280.6789  0.152327D+00  0.154562D+00 -0.728415D+03
  281.0124  0.217427D+00  0.215714D+00  0.522008D+03
  281.3456  0.281551D+00  0.276987D+00  0.130484D+04
  281.6784  0.347914D+00  0.344991D+00  0.801879D+03
  282.0108  0.396068D+00  0.395971D+00  0.267613D+02
  282.3429  0.429097D+00  0.425860D+00  0.888137D+03
  282.6746  0.445647D+00  0.440060D+00  0.153322D+04
  283.0060  0.475367D+00  0.475307D+00  0.162555D+02
  283.3370  0.474615D+00  0.486023D+00 -0.313025D+04
  283.6677  0.457258D+00  0.460829D+00 -0.980073D+03
  283.9980  0.458139D+00  0.455582D+00  0.701674D+03
  284.3281  0.414586D+00  0.413020D+00  0.429690D+03
  284.6578  0.331496D+00  0.330547D+00  0.271371D+03
  284.9872  0.208138D+00  0.206564D+00  0.513342D+03
  285.3164  0.146971D+00  0.146347D+00  0.220513D+03
  285.6452  0.231223D+00  0.232532D+00 -0.413336D+03
  285.9738  0.381918D+00  0.382507D+00 -0.161668D+03
  286.3020  0.487381D+00  0.485378D+00  0.549428D+03
  286.6300  0.511535D+00  0.511864D+00 -0.901266D+02
  286.9577  0.524076D+00  0.525565D+00 -0.408572D+03
  287.2851  0.570365D+00  0.569441D+00  0.253366D+03
  287.6123  0.529056D+00  0.528202D+00  0.234388D+03
  287.9391  0.420138D+00  0.421049D+00 -0.250005D+03
   31 281.346 291.193 286.269  3.596D-01  0.000D+00 -1.327D-03  0.000D+00  9.943D-01  1.126D+03 10000  6.178D-03
  281.3456  0.281551D+00  0.278254D+00  0.942744D+03
  281.6784  0.347914D+00  0.346324D+00  0.436199D+03
  282.0108  0.396068D+00  0.397113D+00 -0.286713D+03
  282.3429  0.429097D+00  0.426904D+00  0.601764D+03
  282.6746  0.445647D+00  0.440475D+00  0.141925D+04
  283.0060  0.475367D+00  0.475782D+00 -0.113858D+03
  283.3370  0.474615D+00  0.487091D+00 -0.342348D+04
  283.6677  0.457258D+00  0.461244D+00 -0.109392D+04
  283.9980  0.458139D+00  0.456657D+00  0.406518D+03
  284.3281  0.414586D+00  0.414348D+00  0.652534D+02
  284.6578  0.331496D+00  0.332393D+00 -0.256506D+03
  284.9872  0.208138D+00  0.207677D+00  0.150433D+03
  285.3164  0.146971D+00  0.145639D+00  0.470912D+03
  285.6452  0.231223D+00  0.231353D+00 -0.410081D+02
  285.9738  0.381918D+00  0.381958D+00 -0.109540D+02
  286.3020  0.487381D+00  0.485373D+00  0.550835D+03
  286.6300  0.511535D+00  0.511482D+00  0.145110D+02
  286.9577  0.524076D+00  0.523463D+00  0.168312D+03
  287.2851  0.570365D+00  0.567280D+00  0.846313D+03
  287.6123  0.529056D+00  0.525357D+00  0.101510D+04
  287.9391  0.420138D+00  0.417472D+00  0.731500D+03
  288.2658  0.370995D+00  0.370435D+00  0.152851D+03
  288.5921  0.518800D+00  0.512610D+00  0.169858D+04
  288.9182  0.598200D+00  0.593850D+00  0.119375D+04
  289.2440  0.621999D+00  0.622344D+00 -0.946885D+02
  289.5695  0.706536D+00  0.710549D+00 -0.110117D+04
  289.8948  0.826669D+00  0.834223D+00 -0.207254D+04
  290.2199  0.915253D+00  0.919601D+00 -0.119298D+04
  290.5446  0.935649D+00  0.937975D+00 -0.638019D+03
  290.8691  0.890449D+00  0.892990D+00 -0.697235D+03
  291.1934  0.893937D+00  0.883925D+00  0.274697D+04
   31 284.658 294.420 289.539  3.491D-01  0.000D+00  3.117D-03  0.000D+00  9.957D-01  1.181D+03 10300  4.848D-03
  284.6578  0.331496D+00  0.334361D+00 -0.819704D+03
  284.9872  0.208138D+00  0.208197D+00 -0.192463D+02
  285.3164  0.146971D+00  0.142574D+00  0.155448D+04
  285.6452  0.231223D+00  0.228808D+00  0.763259D+03
  285.9738  0.381918D+00  0.382163D+00 -0.672436D+02
  286.3020  0.487381D+00  0.487698D+00 -0.871493D+02
  286.6300  0.511535D+00  0.513685D+00 -0.589751D+03
  286.9577  0.524076D+00  0.523590D+00  0.133450D+03
  287.2851  0.570365D+00  0.571144D+00 -0.213770D+03
  287.6123  0.529056D+00  0.529287D+00 -0.633317D+02
  287.9391  0.420138D+00  0.419673D+00  0.127491D+03
  288.2658  0.370995D+00  0.365730D+00  0.143635D+04
  288.5921  0.518800D+00  0.513767D+00  0.138099D+04
  288.9182  0.598200D+00  0.595294D+00  0.797333D+03
  289.2440  0.621999D+00  0.621100D+00  0.246665D+03
  289.5695  0.706536D+00  0.708731D+00 -0.602272D+03
  289.8948  0.826669D+00  0.833625D+00 -0.190864D+04
  290.2199  0.915253D+00  0.920061D+00 -0.131934D+04
  290.5446  0.935649D+00  0.940185D+00 -0.124445D+04
  290.8691  0.890449D+00  0.893061D+00 -0.716885D+03
  291.1934  0.893937D+00  0.884422D+00  0.261062D+04
  291.5173  0.887228D+00  0.875509D+00  0.321558D+04
  291.8410  0.840949D+00  0.839710D+00  0.339931D+03
  292.1644  0.830285D+00  0.832914D+00 -0.721218D+03
  292.4875  0.756609D+00  0.761543D+00 -0.135397D+04
  292.8104  0.723075D+00  0.729419D+00 -0.174065D+04
  293.1329  0.842841D+00  0.843347D+00 -0.138647D+03
  293.4552  0.887863D+00  0.881609D+00  0.171594D+04
  293.7772  0.755590D+00  0.755454D+00  0.374208D+02
  294.0988  0.743045D+00  0.746635D+00 -0.984985D+03
  294.4203  0.812228D+00  0.811362D+00  0.237735D+03
   31 287.939 297.616 292.777  3.389D-01  0.000D+00  4.786D-03  0.000D+00  9.922D-01  1.181D+03 10300  4.099D-03
  287.9391  0.420138D+00  0.422840D+00 -0.741362D+03
  288.2658  0.370995D+00  0.362315D+00  0.236799D+04
  288.5921  0.518800D+00  0.516829D+00  0.540697D+03
  288.9182  0.598200D+00  0.597208D+00  0.272201D+03
  289.2440  0.621999D+00  0.620181D+00  0.498903D+03
  289.5695  0.706536D+00  0.707685D+00 -0.315341D+03
  289.8948  0.826669D+00  0.833648D+00 -0.191478D+04
  290.2199  0.915253D+00  0.920474D+00 -0.143269D+04
  290.5446  0.935649D+00  0.941337D+00 -0.156050D+04
  290.8691  0.890449D+00  0.891648D+00 -0.329068D+03
  291.1934  0.893937D+00  0.883603D+00  0.283544D+04
  291.5173  0.887228D+00  0.875984D+00  0.308515D+04
  291.8410  0.840949D+00  0.838291D+00  0.729401D+03
  292.1644  0.830285D+00  0.834441D+00 -0.114012D+04
  292.4875  0.756609D+00  0.761156D+00 -0.124785D+04
  292.8104  0.723075D+00  0.725782D+00 -0.742618D+03
  293.1329  0.842841D+00  0.843914D+00 -0.294434D+03
  293.4552  0.887863D+00  0.885297D+00  0.704000D+03
  293.7772  0.755590D+00  0.752327D+00  0.895263D+03
  294.0988  0.743045D+00  0.744075D+00 -0.282653D+03
  294.4203  0.812228D+00  0.811971D+00  0.706952D+02
  294.7413  0.761778D+00  0.764742D+00 -0.813333D+03
  295.0621  0.750032D+00  0.753007D+00 -0.816453D+03
  295.3824  0.845511D+00  0.841796D+00  0.101926D+04
  295.7025  0.854668D+00  0.853345D+00  0.363085D+03
  296.0223  0.900347D+00  0.903088D+00 -0.752080D+03
  296.3417  0.882515D+00  0.881028D+00  0.408108D+03
  296.6607  0.680155D+00  0.682004D+00 -0.507457D+03
  296.9795  0.617592D+00  0.619710D+00 -0.581350D+03
  297.2978  0.698617D+00  0.700828D+00 -0.606769D+03
  297.6157  0.889008D+00  0.885488D+00  0.965771D+03
   31 291.193 300.772 295.982  3.329D-01  0.000D+00  7.089D-03  0.000D+00  1.002D+00  5.026D+03 10000  1.266D-02
  291.1934  0.893937D+00  0.905558D+00 -0.318862D+04
  291.5173  0.887228D+00  0.888963D+00 -0.476164D+03
  291.8410  0.840949D+00  0.841855D+00 -0.248522D+03
  292.1644  0.830285D+00  0.833955D+00 -0.100695D+04
  292.4875  0.756609D+00  0.755877D+00  0.200689D+03
  292.8104  0.723075D+00  0.715864D+00  0.197865D+04
  293.1329  0.842841D+00  0.832985D+00  0.270443D+04
  293.4552  0.887863D+00  0.875967D+00  0.326412D+04
  293.7772  0.755590D+00  0.741348D+00  0.390785D+04
  294.0988  0.743045D+00  0.734186D+00  0.243075D+04
  294.4203  0.812228D+00  0.805650D+00  0.180503D+04
  294.7413  0.761778D+00  0.760689D+00  0.298642D+03
  295.0621  0.750032D+00  0.748868D+00  0.319430D+03
  295.3824  0.845511D+00  0.844319D+00  0.327091D+03
  295.7025  0.854668D+00  0.857625D+00 -0.811232D+03
  296.0223  0.900347D+00  0.913154D+00 -0.351398D+04
  296.3417  0.882515D+00  0.898146D+00 -0.428879D+04
  296.6607  0.680155D+00  0.694862D+00 -0.403533D+04
  296.9795  0.617592D+00  0.633484D+00 -0.436056D+04
  297.2978  0.698617D+00  0.718191D+00 -0.537091D+04
  297.6157  0.889008D+00  0.913505D+00 -0.672154D+04
  297.9332  0.932410D+00  0.944927D+00 -0.343435D+04
  298.2504  0.683425D+00  0.682281D+00  0.313931D+03
  298.5671  0.566147D+00  0.556386D+00  0.267813D+04
  298.8834  0.731285D+00  0.701288D+00  0.823088D+04
  299.1992  0.860335D+00  0.803283D+00  0.156541D+05
  299.5147  0.780650D+00  0.736626D+00  0.120794D+05
  299.8297  0.757342D+00  0.757391D+00 -0.134982D+02
  300.1442  0.593683D+00  0.606330D+00 -0.346999D+04
  300.4581  0.611516D+00  0.634335D+00 -0.626107D+04
  300.7716  0.684369D+00  0.711453D+00 -0.743129D+04
   31 294.420 303.876 299.148  3.371D-01  0.000D+00  2.381D-03  0.000D+00  9.960D-01  6.787D+03 10000  1.661D-02
  294.4203  0.812228D+00  0.792655D+00  0.537059D+04
  294.7413  0.761778D+00  0.753830D+00  0.218056D+04
  295.0621  0.750032D+00  0.750551D+00 -0.142528D+03
  295.3824  0.845511D+00  0.845783D+00 -0.747217D+02
  295.7025  0.854668D+00  0.862066D+00 -0.202993D+04
  296.0223  0.900347D+00  0.917050D+00 -0.458299D+04
  296.3417  0.882515D+00  0.896926D+00 -0.395404D+04
  296.6607  0.680155D+00  0.694003D+00 -0.379977D+04
  296.9795  0.617592D+00  0.633293D+00 -0.430831D+04
  297.2978  0.698617D+00  0.717271D+00 -0.511843D+04
  297.6157  0.889008D+00  0.907247D+00 -0.500457D+04
  297.9332  0.932410D+00  0.928810D+00  0.987953D+03
  298.2504  0.683425D+00  0.670020D+00  0.367823D+04
  298.5671  0.566147D+00  0.550116D+00  0.439852D+04
  298.8834  0.731285D+00  0.692002D+00  0.107788D+05
  299.1992  0.860335D+00  0.788133D+00  0.198112D+05
  299.5147  0.780650D+00  0.727873D+00  0.144810D+05
  299.8297  0.757342D+00  0.746988D+00  0.284082D+04
  300.1442  0.593683D+00  0.604511D+00 -0.297098D+04
  300.4581  0.611516D+00  0.640390D+00 -0.792263D+04
  300.7716  0.684369D+00  0.724241D+00 -0.109402D+05
  301.0847  0.738142D+00  0.779790D+00 -0.114273D+05
  301.3971  0.815236D+00  0.848574D+00 -0.914753D+04
  301.7090  0.733753D+00  0.754406D+00 -0.566690D+04
  302.0205  0.578459D+00  0.569917D+00  0.234386D+04
  302.3312  0.671524D+00  0.657756D+00  0.377775D+04
  302.6415  0.859409D+00  0.840200D+00  0.527084D+04
  302.9511  0.995372D+00  0.974292D+00  0.429778D+04
  303.2601  0.105187D+01  0.104239D+01  0.154549D+04
  303.5685  0.104580D+01  0.105555D+01 -0.161464D+04
  303.8762  0.925871D+00  0.923976D+00  0.519896D+03
   31 297.616 306.913 302.265  3.514D-01  0.000D+00 -2.446D-03  0.000D+00  9.933D-01  7.213D+03 10300  1.927D-02
  297.6157  0.889008D+00  0.932577D+00 -0.119547D+05
  297.9332  0.932410D+00  0.936230D+00 -0.104821D+04
  298.2504  0.683425D+00  0.679041D+00  0.120289D+04
  298.5671  0.566147D+00  0.562053D+00  0.112331D+04
  298.8834  0.731285D+00  0.695794D+00  0.973839D+04
  299.1992  0.860335D+00  0.783429D+00  0.211017D+05
  299.5147  0.780650D+00  0.732873D+00  0.131092D+05
  299.8297  0.757342D+00  0.739699D+00  0.484079D+04
  300.1442  0.593683D+00  0.610204D+00 -0.453298D+04
  300.4581  0.611516D+00  0.644889D+00 -0.915708D+04
  300.7716  0.684369D+00  0.726959D+00 -0.116860D+05
  301.0847  0.738142D+00  0.786554D+00 -0.132833D+05
  301.3971  0.815236D+00  0.850504D+00 -0.967698D+04
  301.7090  0.733753D+00  0.754804D+00 -0.577591D+04
  302.0205  0.578459D+00  0.582451D+00 -0.109527D+04
  302.3312  0.671524D+00  0.667599D+00  0.107700D+04
  302.6415  0.859409D+00  0.847507D+00  0.326589D+04
  302.9511  0.995372D+00  0.976771D+00  0.379256D+04
  303.2601  0.105187D+01  0.104189D+01  0.162701D+04
  303.5685  0.104580D+01  0.104137D+01  0.733671D+03
  303.8762  0.925871D+00  0.913252D+00  0.346229D+04
  304.1832  0.923519D+00  0.902597D+00  0.565946D+04
  304.4896  0.100023D+01  0.980476D+00  0.330075D+04
  304.7952  0.101033D+01  0.968828D+00  0.663445D+04
  305.1002  0.106165D+01  0.103767D+01  0.334585D+04
  305.4043  0.103684D+01  0.105388D+01 -0.241657D+04
  305.7077  0.841068D+00  0.860890D+00 -0.540031D+04
  306.0103  0.799934D+00  0.804796D+00 -0.132778D+04
  306.3122  0.906599D+00  0.924461D+00 -0.254443D+04
  306.6132  0.879004D+00  0.888213D+00 -0.126341D+04
  306.9133  0.926688D+00  0.920012D+00  0.915813D+03
   31 300.772 309.863 305.317  3.546D-01  0.000D+00 -1.486D-02  0.000D+00  1.012D+00  1.820D+03 10300  6.789D-03
  300.7716  0.684369D+00  0.671225D+00  0.360662D+04
  301.0847  0.738142D+00  0.747075D+00 -0.245086D+04
  301.3971  0.815236D+00  0.819474D+00 -0.116278D+04
  301.7090  0.733753D+00  0.732214D+00  0.422374D+03
  302.0205  0.578459D+00  0.577930D+00  0.145144D+03
  302.3312  0.671524D+00  0.677131D+00 -0.153867D+04
  302.6415  0.859409D+00  0.861604D+00 -0.602160D+03
  302.9511  0.995372D+00  0.992900D+00  0.503984D+03
  303.2601  0.105187D+01  0.106053D+01 -0.141163D+04
  303.5685  0.104580D+01  0.105277D+01 -0.115454D+04
  303.8762  0.925871D+00  0.924386D+00  0.407436D+03
  304.1832  0.923519D+00  0.917687D+00  0.157769D+04
  304.4896  0.100023D+01  0.991501D+00  0.145888D+04
  304.7952  0.101033D+01  0.975978D+00  0.549130D+04
  305.1002  0.106165D+01  0.104551D+01  0.225131D+04
  305.4043  0.103684D+01  0.104730D+01 -0.148386D+04
  305.7077  0.841068D+00  0.851589D+00 -0.286617D+04
  306.0103  0.799934D+00  0.806193D+00 -0.170920D+04
  306.3122  0.906599D+00  0.918570D+00 -0.170527D+04
  306.6132  0.879004D+00  0.880482D+00 -0.202824D+03
  306.9133  0.926688D+00  0.919751D+00  0.951673D+03
  307.2126  0.102457D+01  0.100970D+01  0.200389D+04
  307.5110  0.101671D+01  0.100403D+01  0.173988D+04
  307.8085  0.101006D+01  0.101081D+01 -0.102749D+03
  308.1050  0.999000D+00  0.100718D+01 -0.112158D+04
  308.4006  0.100565D+01  0.102218D+01 -0.226774D+04
  308.6952  0.103728D+01  0.103776D+01 -0.668465D+02
  308.9888  0.922491D+00  0.911714D+00  0.147850D+04
  309.2813  0.785945D+00  0.789875D+00 -0.539231D+03
  309.5728  0.789468D+00  0.792645D+00 -0.303149D+03
  309.8632  0.782433D+00  0.765027D+00  0.159197D+04
   21 303.876 309.863 306.870  3.503D-01  0.000D+00 -2.332D-02  0.000D+00  9.881D-01  1.708D+03 10300  9.401D-03
  303.8762  0.925871D+00  0.928184D+00 -0.634684D+03
  304.1832  0.923519D+00  0.925535D+00 -0.545373D+03
  304.4896  0.100023D+01  0.999836D+00  0.663458D+02
  304.7952  0.101033D+01  0.979112D+00  0.499027D+04
  305.1002  0.106165D+01  0.105298D+01  0.120935D+04
  305.4043  0.103684D+01  0.104787D+01 -0.156421D+04
  305.7077  0.841068D+00  0.845409D+00 -0.118265D+04
  306.0103  0.799934D+00  0.807063D+00 -0.194674D+04
  306.3122  0.906599D+00  0.920163D+00 -0.193213D+04
  306.6132  0.879004D+00  0.876053D+00  0.404836D+03
  306.9133  0.926688D+00  0.919665D+00  0.963446D+03
  307.2126  0.102457D+01  0.100823D+01  0.220144D+04
  307.5110  0.101671D+01  0.999673D+00  0.233781D+04
  307.8085  0.101006D+01  0.100824D+01  0.249938D+03
  308.1050  0.999000D+00  0.100381D+01 -0.660010D+03
  308.4006  0.100565D+01  0.102241D+01 -0.229943D+04
  308.6952  0.103728D+01  0.103822D+01 -0.128731D+03
  308.9888  0.922491D+00  0.909580D+00  0.177128D+04
  309.2813  0.785945D+00  0.791055D+00 -0.701098D+03
  309.5728  0.789468D+00  0.800952D+00 -0.109586D+04
  309.8632  0.782433D+00  0.772920D+00  0.870012D+03
   31 310.030 314.769 312.399  2.373D-01  0.000D+00  5.545D-03  0.000D+00  1.004D+00  1.692D+03   300  8.747D-03
  310.0295  0.864637D+00  0.902254D+00 -0.271905D+04
  310.1887  0.848267D+00  0.849365D+00 -0.851628D+02
  310.3477  0.103172D+01  0.106402D+01 -0.233265D+04
  310.5066  0.129696D+01  0.131815D+01 -0.138300D+04
  310.6655  0.145830D+01  0.143489D+01  0.151421D+04
  310.8242  0.153094D+01  0.149989D+01  0.200833D+04
  310.9830  0.154546D+01  0.150019D+01  0.297610D+04
  311.1416  0.150194D+01  0.144089D+01  0.418956D+04
  311.3002  0.143339D+01  0.141276D+01  0.154512D+04
  311.4587  0.137747D+01  0.137185D+01  0.436172D+03
  311.6170  0.126436D+01  0.128563D+01 -0.165101D+04
  311.7754  0.112650D+01  0.115628D+01 -0.249767D+04
  311.9337  0.101230D+01  0.103811D+01 -0.244452D+04
  312.0918  0.962594D+00  0.986842D+00 -0.235235D+04
  312.2499  0.100293D+01  0.101501D+01 -0.116085D+04
  312.4080  0.107015D+01  0.109254D+01 -0.199300D+04
  312.5659  0.109877D+01  0.110606D+01 -0.616100D+03
  312.7238  0.109432D+01  0.108585D+01  0.716085D+03
  312.8815  0.111079D+01  0.110602D+01  0.395304D+03
  313.0392  0.112746D+01  0.111375D+01  0.677397D+03
  313.1969  0.110733D+01  0.109278D+01  0.120883D+04
  313.3545  0.108026D+01  0.106586D+01  0.121405D+04
  313.5120  0.108804D+01  0.107288D+01  0.126688D+04
  313.6694  0.115331D+01  0.114231D+01  0.879384D+03
  313.8268  0.125771D+01  0.125126D+01  0.500418D+03
  313.9840  0.132443D+01  0.132341D+01  0.795996D+02
  314.1412  0.130097D+01  0.129608D+01  0.379877D+03
  314.2983  0.111241D+01  0.113226D+01 -0.168820D+04
  314.4554  0.908432D+00  0.896352D+00  0.117194D+04
  314.6123  0.852692D+00  0.855432D+00 -0.265861D+03
  314.7692  0.998156D+00  0.101181D+01 -0.117581D+04
   31 311.617 316.334 313.976  2.459D-01  0.000D+00  3.631D-03  0.000D+00  9.977D-01  6.780D+02 10300  3.786D-03
  311.6170  0.126436D+01  0.123960D+01  0.192208D+04
  311.7754  0.112650D+01  0.112519D+01  0.110353D+03
  311.9337  0.101230D+01  0.101936D+01 -0.669104D+03
  312.0918  0.962594D+00  0.975941D+00 -0.129483D+04
  312.2499  0.100293D+01  0.100866D+01 -0.550823D+03
  312.4080  0.107015D+01  0.108471D+01 -0.129646D+04
  312.5659  0.109877D+01  0.110309D+01 -0.364805D+03
  312.7238  0.109432D+01  0.109007D+01  0.359148D+03
  312.8815  0.111079D+01  0.110995D+01  0.696689D+02
  313.0392  0.112746D+01  0.111857D+01  0.439290D+03
  313.1969  0.110733D+01  0.109942D+01  0.657360D+03
  313.3545  0.108026D+01  0.107404D+01  0.523940D+03
  313.5120  0.108804D+01  0.108332D+01  0.394717D+03
  313.6694  0.115331D+01  0.115157D+01  0.139077D+03
  313.8268  0.125771D+01  0.125585D+01  0.144120D+03
  313.9840  0.132443D+01  0.132262D+01  0.140791D+03
  314.1412  0.130097D+01  0.128908D+01  0.922587D+03
  314.2983  0.111241D+01  0.112239D+01 -0.848151D+03
  314.4554  0.908432D+00  0.898323D+00  0.980749D+03
  314.6123  0.852692D+00  0.856980D+00 -0.416063D+03
  314.7692  0.998156D+00  0.100069D+01 -0.217997D+03
  314.9260  0.115751D+01  0.115411D+01  0.269985D+03
  315.0828  0.122428D+01  0.122806D+01 -0.293311D+03
  315.2394  0.123240D+01  0.123439D+01 -0.154699D+03
  315.3961  0.120689D+01  0.121517D+01 -0.642843D+03
  315.5525  0.114251D+01  0.114628D+01 -0.300031D+03
  315.7090  0.990175D+00  0.998445D+00 -0.737605D+03
  315.8654  0.828071D+00  0.826531D+00  0.149402D+03
  316.0217  0.750694D+00  0.755387D+00 -0.455242D+03
  316.1779  0.818988D+00  0.813786D+00  0.504589D+03
  316.3340  0.948758D+00  0.940420D+00  0.764321D+03
   31 313.197 317.891 315.544  2.476D-01  0.000D+00  2.904D-03  0.000D+00  1.003D+00  4.234D+02 10300  2.341D-03
  313.1969  0.110733D+01  0.110416D+01  0.263401D+03
  313.3545  0.108026D+01  0.107976D+01  0.419816D+02
  313.5120  0.108804D+01  0.108967D+01 -0.136878D+03
  313.6694  0.115331D+01  0.115770D+01 -0.351062D+03
  313.8268  0.125771D+01  0.126131D+01 -0.279172D+03
  313.9840  0.132443D+01  0.132612D+01 -0.131264D+03
  314.1412  0.130097D+01  0.129049D+01  0.813193D+03
  314.2983  0.111241D+01  0.112182D+01 -0.799833D+03
  314.4554  0.908432D+00  0.899659D+00  0.851081D+03
  314.6123  0.852692D+00  0.858140D+00 -0.528565D+03
  314.7692  0.998156D+00  0.999372D+00 -0.104757D+03
  314.9260  0.115751D+01  0.115035D+01  0.568186D+03
  315.0828  0.122428D+01  0.122296D+01  0.102582D+03
  315.2394  0.123240D+01  0.122926D+01  0.243977D+03
  315.3961  0.120689D+01  0.120963D+01 -0.212901D+03
  315.5525  0.114251D+01  0.114109D+01  0.113292D+03
  315.7090  0.990175D+00  0.994764D+00 -0.409316D+03
  315.8654  0.828071D+00  0.825808D+00  0.219488D+03
  316.0217  0.750694D+00  0.757474D+00 -0.657731D+03
  316.1779  0.818988D+00  0.818111D+00  0.850806D+02
  316.3340  0.948758D+00  0.947537D+00  0.111924D+03
  316.4901  0.105041D+01  0.105116D+01 -0.616228D+02
  316.6461  0.110695D+01  0.110195D+01  0.390677D+03
  316.8020  0.113699D+01  0.114670D+01 -0.753791D+03
  316.9579  0.122350D+01  0.122029D+01  0.249392D+03
  317.1136  0.135061D+01  0.135164D+01 -0.801260D+02
  317.2693  0.145661D+01  0.145791D+01 -0.995581D+02
  317.4250  0.146417D+01  0.146202D+01  0.166651D+03
  317.5806  0.144091D+01  0.142998D+01  0.848540D+03
  317.7360  0.136227D+01  0.136784D+01 -0.431670D+03
  317.8914  0.118420D+01  0.118778D+01 -0.278279D+03
   31 314.769 319.442 317.105  2.463D-01  0.000D+00  2.086D-03  0.000D+00  1.005D+00  3.738D+02   300  2.157D-03
  314.7692  0.998156D+00  0.100285D+01 -0.404020D+03
  314.9260  0.115751D+01  0.115341D+01  0.325819D+03
  315.0828  0.122428D+01  0.122452D+01 -0.186031D+02
  315.2394  0.123240D+01  0.122931D+01  0.239565D+03
  315.3961  0.120689D+01  0.120929D+01 -0.186067D+03
  315.5525  0.114251D+01  0.114007D+01  0.194412D+03
  315.7090  0.990175D+00  0.993068D+00 -0.258071D+03
  315.8654  0.828071D+00  0.823636D+00  0.430203D+03
  316.0217  0.750694D+00  0.755685D+00 -0.484156D+03
  316.1779  0.818988D+00  0.817426D+00  0.151484D+03
  316.3340  0.948758D+00  0.948063D+00  0.636979D+02
  316.4901  0.105041D+01  0.105164D+01 -0.101455D+03
  316.6461  0.110695D+01  0.110190D+01  0.394904D+03
  316.8020  0.113699D+01  0.114681D+01 -0.762860D+03
  316.9579  0.122350D+01  0.122036D+01  0.243825D+03
  317.1136  0.135061D+01  0.135285D+01 -0.173993D+03
  317.2693  0.145661D+01  0.145928D+01 -0.204491D+03
  317.4250  0.146417D+01  0.146228D+01  0.146629D+03
  317.5806  0.144091D+01  0.142970D+01  0.870361D+03
  317.7360  0.136227D+01  0.136724D+01 -0.385450D+03
  317.8914  0.118420D+01  0.118514D+01 -0.733241D+02
  318.0468  0.975955D+00  0.976275D+00 -0.284848D+02
  318.2020  0.890355D+00  0.897235D+00 -0.667303D+03
  318.3572  0.941870D+00  0.939888D+00  0.180493D+03
  318.5124  0.103819D+01  0.103541D+01  0.227800D+03
  318.6674  0.113395D+01  0.113794D+01 -0.311946D+03
  318.8224  0.124695D+01  0.123953D+01  0.576081D+03
  318.9773  0.130335D+01  0.130316D+01  0.148637D+02
  319.1321  0.120957D+01  0.121504D+01 -0.425175D+03
  319.2869  0.104939D+01  0.104209D+01  0.587402D+03
  319.4415  0.997414D+00  0.100157D+01 -0.345594D+03
   31 316.334 320.984 318.659  2.469D-01  0.000D+00  7.603D-04  0.000D+00  1.004D+00  4.403D+02 10000  2.798D-03
  316.3340  0.948758D+00  0.947669D+00  0.998861D+02
  316.4901  0.105041D+01  0.105107D+01 -0.546584D+02
  316.6461  0.110695D+01  0.110168D+01  0.411739D+03
  316.8020  0.113699D+01  0.114705D+01 -0.781228D+03
  316.9579  0.122350D+01  0.122136D+01  0.165999D+03
  317.1136  0.135061D+01  0.135393D+01 -0.257909D+03
  317.2693  0.145661D+01  0.145935D+01 -0.210494D+03
  317.4250  0.146417D+01  0.146184D+01  0.180904D+03
  317.5806  0.144091D+01  0.142911D+01  0.916017D+03
  317.7360  0.136227D+01  0.136543D+01 -0.244999D+03
  317.8914  0.118420D+01  0.118263D+01  0.121820D+03
  318.0468  0.975955D+00  0.974964D+00  0.883781D+02
  318.2020  0.890355D+00  0.897151D+00 -0.659155D+03
  318.3572  0.941870D+00  0.940424D+00  0.131656D+03
  318.5124  0.103819D+01  0.103616D+01  0.166359D+03
  318.6674  0.113395D+01  0.113901D+01 -0.395653D+03
  318.8224  0.124695D+01  0.124112D+01  0.452371D+03
  318.9773  0.130335D+01  0.130434D+01 -0.762043D+02
  319.1321  0.120957D+01  0.121582D+01 -0.485326D+03
  319.2869  0.104939D+01  0.104465D+01  0.381097D+03
  319.4415  0.997414D+00  0.100668D+01 -0.770318D+03
  319.5961  0.108354D+01  0.109161D+01 -0.637038D+03
  319.7507  0.121694D+01  0.120097D+01  0.123949D+04
  319.9052  0.130224D+01  0.130421D+01 -0.153313D+03
  320.0595  0.134992D+01  0.134390D+01  0.463813D+03
  320.2139  0.136152D+01  0.136080D+01  0.562290D+02
  320.3681  0.141599D+01  0.141853D+01 -0.195811D+03
  320.5223  0.147599D+01  0.147792D+01 -0.143283D+03
  320.6764  0.148622D+01  0.148438D+01  0.133834D+03
  320.8304  0.139676D+01  0.139926D+01 -0.192072D+03
  320.9844  0.123662D+01  0.123555D+01  0.833726D+02
   31 317.891 322.520 320.206  2.462D-01  0.000D+00  7.867D-04  0.000D+00  9.984D-01  4.139D+02 10300  2.652D-03
  317.8914  0.118420D+01  0.118233D+01  0.145437D+03
  318.0468  0.975955D+00  0.974009D+00  0.173397D+03
  318.2020  0.890355D+00  0.896258D+00 -0.572476D+03
  318.3572  0.941870D+00  0.939773D+00  0.191000D+03
  318.5124  0.103819D+01  0.103563D+01  0.209397D+03
  318.6674  0.113395D+01  0.113846D+01 -0.352330D+03
  318.8224  0.124695D+01  0.124067D+01  0.487174D+03
  318.9773  0.130335D+01  0.130452D+01 -0.909055D+02
  319.1321  0.120957D+01  0.121592D+01 -0.493217D+03
  319.2869  0.104939D+01  0.104395D+01  0.437882D+03
  319.4415  0.997414D+00  0.100615D+01 -0.725915D+03
  319.5961  0.108354D+01  0.109156D+01 -0.633066D+03
  319.7507  0.121694D+01  0.120096D+01  0.123980D+04
  319.9052  0.130224D+01  0.130453D+01 -0.178372D+03
  320.0595  0.134992D+01  0.134402D+01  0.454625D+03
  320.2139  0.136152D+01  0.136059D+01  0.726374D+02
  320.3681  0.141599D+01  0.141834D+01 -0.180810D+03
  320.5223  0.147599D+01  0.147776D+01 -0.131092D+03
  320.6764  0.148622D+01  0.148403D+01  0.159234D+03
  320.8304  0.139676D+01  0.139863D+01 -0.143334D+03
  320.9844  0.123662D+01  0.123429D+01  0.180858D+03
  321.1383  0.107186D+01  0.107192D+01 -0.479868D+01
  321.2921  0.979456D+00  0.983961D+00 -0.370970D+03
  321.4459  0.984864D+00  0.985826D+00 -0.786726D+02
  321.5995  0.105929D+01  0.106528D+01 -0.468411D+03
  321.7531  0.118337D+01  0.118213D+01  0.967078D+02
  321.9067  0.130156D+01  0.129918D+01  0.185147D+03
  322.0601  0.134933D+01  0.135053D+01 -0.933411D+02
  322.2136  0.129187D+01  0.128961D+01  0.174900D+03
  322.3669  0.121886D+01  0.121044D+01  0.653227D+03
  322.5201  0.115109D+01  0.115856D+01 -0.579761D+03
   31 319.442 324.049 321.745  2.453D-01  0.000D+00 -2.991D-04  0.000D+00  9.872D-01  3.947D+02 10300  3.124D-03
  319.4415  0.997414D+00  0.100303D+01 -0.466693D+03
  319.5961  0.108354D+01  0.109040D+01 -0.541466D+03
  319.7507  0.121694D+01  0.120079D+01  0.125371D+04
  319.9052  0.130224D+01  0.130522D+01 -0.231538D+03
  320.0595  0.134992D+01  0.134455D+01  0.413386D+03
  320.2139  0.136152D+01  0.136130D+01  0.172143D+02
  320.3681  0.141599D+01  0.141961D+01 -0.278765D+03
  320.5223  0.147599D+01  0.147910D+01 -0.230612D+03
  320.6764  0.148622D+01  0.148477D+01  0.105958D+03
  320.8304  0.139676D+01  0.139836D+01 -0.123170D+03
  320.9844  0.123662D+01  0.123292D+01  0.287296D+03
  321.1383  0.107186D+01  0.107037D+01  0.118175D+03
  321.2921  0.979456D+00  0.982781D+00 -0.273834D+03
  321.4459  0.984864D+00  0.985202D+00 -0.276510D+02
  321.5995  0.105929D+01  0.106515D+01 -0.458256D+03
  321.7531  0.118337D+01  0.118223D+01  0.885837D+02
  321.9067  0.130156D+01  0.129970D+01  0.144411D+03
  322.0601  0.134933D+01  0.135110D+01 -0.137340D+03
  322.2136  0.129187D+01  0.128999D+01  0.145625D+03
  322.3669  0.121886D+01  0.121180D+01  0.547352D+03
  322.5201  0.115109D+01  0.116166D+01 -0.820093D+03
  322.6733  0.108074D+01  0.107731D+01  0.265943D+03
  322.8264  0.978520D+00  0.985648D+00 -0.569189D+03
  322.9794  0.961749D+00  0.958723D+00  0.242298D+03
  323.1324  0.103818D+01  0.103136D+01  0.529077D+03
  323.2853  0.111289D+01  0.111376D+01 -0.671573D+02
  323.4381  0.110834D+01  0.110386D+01  0.347698D+03
  323.5909  0.107139D+01  0.107100D+01  0.306580D+02
  323.7436  0.110014D+01  0.110286D+01 -0.210963D+03
  323.8962  0.117306D+01  0.117552D+01 -0.190739D+03
  324.0488  0.125764D+01  0.125717D+01  0.358665D+02
   31 320.984 325.722 323.353  2.471D-01  0.000D+00 -2.422D-03  0.000D+00  9.854D-01  3.755D+02 10300  3.416D-03
  320.9844  0.123662D+01  0.123184D+01  0.371309D+03
  321.1383  0.107186D+01  0.106960D+01  0.179392D+03
  321.2921  0.979456D+00  0.982859D+00 -0.280258D+03
  321.4459  0.984864D+00  0.986429D+00 -0.128021D+03
  321.5995  0.105929D+01  0.106657D+01 -0.568857D+03
  321.7531  0.118337D+01  0.118344D+01 -0.548355D+01
  321.9067  0.130156D+01  0.130037D+01  0.922662D+02
  322.0601  0.134933D+01  0.135000D+01 -0.522037D+02
  322.2136  0.129187D+01  0.128945D+01  0.187226D+03
  322.3669  0.121886D+01  0.121245D+01  0.497520D+03
  322.5201  0.115109D+01  0.116204D+01 -0.849614D+03
  322.6733  0.108074D+01  0.107748D+01  0.252886D+03
  322.8264  0.978520D+00  0.986757D+00 -0.657743D+03
  322.9794  0.961749D+00  0.961543D+00  0.164972D+02
  323.1324  0.103818D+01  0.103392D+01  0.330111D+03
  323.2853  0.111289D+01  0.111389D+01 -0.773323D+02
  323.4381  0.110834D+01  0.110253D+01  0.451253D+03
  323.5909  0.107139D+01  0.106982D+01  0.122251D+03
  323.7436  0.110014D+01  0.110031D+01 -0.129187D+02
  323.8962  0.117306D+01  0.117031D+01  0.213518D+03
  324.0488  0.125764D+01  0.124812D+01  0.732204D+03
  324.2012  0.130440D+01  0.130721D+01 -0.203689D+03
  324.3536  0.132748D+01  0.132612D+01  0.965253D+02
  324.5060  0.134735D+01  0.134563D+01  0.118709D+03
  324.6582  0.134528D+01  0.135436D+01 -0.626962D+03
  324.8104  0.129457D+01  0.129525D+01 -0.482701D+02
  325.1146  0.124976D+01  0.125944D+01 -0.713173D+03
  325.2666  0.131013D+01  0.131589D+01 -0.399453D+03
  325.4185  0.140768D+01  0.140415D+01  0.234388D+03
  325.5704  0.153594D+01  0.153436D+01  0.102058D+03
  325.7222  0.165195D+01  0.164573D+01  0.401817D+03
   31 322.520 327.236 324.878  2.466D-01  0.000D+00 -3.077D-03  0.000D+00  9.939D-01  4.680D+02   300  4.432D-03
  322.5201  0.115109D+01  0.115968D+01 -0.666596D+03
  322.6733  0.108074D+01  0.107523D+01  0.427701D+03
  322.8264  0.978520D+00  0.984879D+00 -0.507736D+03
  322.9794  0.961749D+00  0.959991D+00  0.140792D+03
  323.1324  0.103818D+01  0.103310D+01  0.394271D+03
  323.2853  0.111289D+01  0.111289D+01  0.663589D+00
  323.4381  0.110834D+01  0.110145D+01  0.534733D+03
  323.5909  0.107139D+01  0.106880D+01  0.201401D+03
  323.7436  0.110014D+01  0.109993D+01  0.164878D+02
  323.8962  0.117306D+01  0.117027D+01  0.216693D+03
  324.0488  0.125764D+01  0.124848D+01  0.704022D+03
  324.2012  0.130440D+01  0.130797D+01 -0.259351D+03
  324.3536  0.132748D+01  0.132696D+01  0.370659D+02
  324.5060  0.134735D+01  0.134727D+01  0.555105D+01
  324.6582  0.134528D+01  0.135630D+01 -0.760902D+03
  324.8104  0.129457D+01  0.129730D+01 -0.194567D+03
  325.1146  0.124976D+01  0.126285D+01 -0.964041D+03
  325.2666  0.131013D+01  0.132033D+01 -0.707261D+03
  325.4185  0.140768D+01  0.140971D+01 -0.134610D+03
  325.5704  0.153594D+01  0.154192D+01 -0.386898D+03
  325.7222  0.165195D+01  0.165437D+01 -0.156993D+03
  325.8739  0.172822D+01  0.171330D+01  0.948299D+03
  326.0255  0.175031D+01  0.174421D+01  0.383628D+03
  326.1771  0.174342D+01  0.172665D+01  0.106539D+04
  326.3286  0.167008D+01  0.166835D+01  0.112001D+03
  326.4800  0.160251D+01  0.160331D+01 -0.517176D+02
  326.6314  0.161388D+01  0.161118D+01  0.174803D+03
  326.7827  0.167972D+01  0.168713D+01 -0.477738D+03
  326.9340  0.170899D+01  0.170885D+01  0.892538D+01
  327.0851  0.164281D+01  0.164755D+01 -0.306589D+03
  327.2362  0.159991D+01  0.160082D+01 -0.588538D+02
   31 324.049 328.743 326.396  2.467D-01  0.000D+00 -9.650D-04  0.000D+00  9.988D-01  4.839D+02 10300  5.266D-03
  324.0488  0.125764D+01  0.124550D+01  0.933602D+03
  324.2012  0.130440D+01  0.130641D+01 -0.146059D+03
  324.3536  0.132748D+01  0.132649D+01  0.699554D+02
  324.5060  0.134735D+01  0.134710D+01  0.175076D+02
  324.6582  0.134528D+01  0.135713D+01 -0.818665D+03
  324.8104  0.129457D+01  0.129897D+01 -0.313973D+03
  325.1146  0.124976D+01  0.126269D+01 -0.952104D+03
  325.2666  0.131013D+01  0.131962D+01 -0.658044D+03
  325.4185  0.140768D+01  0.140812D+01 -0.288583D+02
  325.5704  0.153594D+01  0.153952D+01 -0.231396D+03
  325.7222  0.165195D+01  0.165240D+01 -0.292256D+02
  325.8739  0.172822D+01  0.171130D+01  0.107553D+04
  326.0255  0.175031D+01  0.174232D+01  0.502426D+03
  326.1771  0.174342D+01  0.172526D+01  0.115362D+04
  326.3286  0.167008D+01  0.166741D+01  0.172697D+03
  326.4800  0.160251D+01  0.160215D+01  0.233911D+02
  326.6314  0.161388D+01  0.160879D+01  0.329197D+03
  326.7827  0.167972D+01  0.168503D+01 -0.342593D+03
  326.9340  0.170899D+01  0.170885D+01  0.860532D+01
  327.0851  0.164281D+01  0.164938D+01 -0.425066D+03
  327.2362  0.159991D+01  0.160315D+01 -0.209256D+03
  327.3873  0.162410D+01  0.163097D+01 -0.443953D+03
  327.5382  0.166350D+01  0.166390D+01 -0.262782D+02
  327.6891  0.164508D+01  0.164251D+01  0.166302D+03
  327.8399  0.159746D+01  0.160114D+01 -0.238247D+03
  327.9907  0.157497D+01  0.157883D+01 -0.249705D+03
  328.1414  0.157116D+01  0.157727D+01 -0.395430D+03
  328.2920  0.158061D+01  0.157792D+01  0.173879D+03
  328.4426  0.157115D+01  0.156564D+01  0.354446D+03
  328.5930  0.150022D+01  0.150434D+01 -0.266271D+03
  328.7435  0.143956D+01  0.143183D+01  0.499831D+03
   31 325.722 330.244 327.983  2.488D-01  0.000D+00 -2.669D-03  0.000D+00  9.985D-01  3.801D+02   300  3.795D-03
  325.7222  0.165195D+01  0.166686D+01 -0.964709D+03
  325.8739  0.172822D+01  0.172245D+01  0.366707D+03
  326.0255  0.175031D+01  0.174930D+01  0.632145D+02
  326.1771  0.174342D+01  0.172931D+01  0.896057D+03
  326.3286  0.167008D+01  0.166892D+01  0.749175D+02
  326.4800  0.160251D+01  0.160324D+01 -0.470661D+02
  326.6314  0.161388D+01  0.160984D+01  0.261102D+03
  326.7827  0.167972D+01  0.168337D+01 -0.234997D+03
  326.9340  0.170899D+01  0.170529D+01  0.238858D+03
  327.0851  0.164281D+01  0.164621D+01 -0.219910D+03
  327.2362  0.159991D+01  0.160185D+01 -0.125516D+03
  327.3873  0.162410D+01  0.162933D+01 -0.338255D+03
  327.5382  0.166350D+01  0.166131D+01  0.141613D+03
  327.6891  0.164508D+01  0.164059D+01  0.290390D+03
  327.8399  0.159746D+01  0.160029D+01 -0.182782D+03
  327.9907  0.157497D+01  0.157947D+01 -0.290585D+03
  328.1414  0.157116D+01  0.157880D+01 -0.494288D+03
  328.2920  0.158061D+01  0.158007D+01  0.353620D+02
  328.4426  0.157115D+01  0.156787D+01  0.210752D+03
  328.5930  0.150022D+01  0.150711D+01 -0.445218D+03
  328.7435  0.143956D+01  0.143805D+01  0.977100D+02
  328.8938  0.150126D+01  0.150201D+01 -0.486016D+02
  329.0441  0.166996D+01  0.167321D+01 -0.200037D+03
  329.1943  0.180848D+01  0.179753D+01  0.634300D+03
  329.3444  0.187025D+01  0.185995D+01  0.583842D+03
  329.4945  0.189381D+01  0.189617D+01 -0.133466D+03
  329.6445  0.190989D+01  0.190492D+01  0.275151D+03
  329.7945  0.190657D+01  0.191488D+01 -0.467137D+03
  329.9443  0.196322D+01  0.195428D+01  0.496779D+03
  330.0941  0.198158D+01  0.198897D+01 -0.356946D+03
  330.2439  0.191174D+01  0.191572D+01 -0.221924D+03
   31 327.236 331.738 329.487  2.462D-01  0.000D+00 -5.150D-03  0.000D+00  1.005D+00  4.161D+02   300  3.644D-03
  327.2362  0.159991D+01  0.159577D+01  0.267900D+03
  327.3873  0.162410D+01  0.162691D+01 -0.181397D+03
  327.5382  0.166350D+01  0.166046D+01  0.196454D+03
  327.6891  0.164508D+01  0.163931D+01  0.373440D+03
  327.8399  0.159746D+01  0.159957D+01 -0.136543D+03
  327.9907  0.157497D+01  0.157956D+01 -0.296665D+03
  328.1414  0.157116D+01  0.157968D+01 -0.551038D+03
  328.2920  0.158061D+01  0.158144D+01 -0.532693D+02
  328.4426  0.157115D+01  0.156955D+01  0.102996D+03
  328.5930  0.150022D+01  0.150732D+01 -0.458980D+03
  328.7435  0.143956D+01  0.143653D+01  0.195655D+03
  328.8938  0.150126D+01  0.150355D+01 -0.148018D+03
  329.0441  0.166996D+01  0.167743D+01 -0.459648D+03
  329.1943  0.180848D+01  0.179978D+01  0.503979D+03
  329.3444  0.187025D+01  0.186027D+01  0.565547D+03
  329.4945  0.189381D+01  0.189567D+01 -0.105054D+03
  329.6445  0.190989D+01  0.190205D+01  0.434092D+03
  329.7945  0.190657D+01  0.191088D+01 -0.242443D+03
  329.9443  0.196322D+01  0.194987D+01  0.741349D+03
  330.0941  0.198158D+01  0.198394D+01 -0.113881D+03
  330.2439  0.191174D+01  0.190663D+01  0.284575D+03
  330.3936  0.176859D+01  0.175961D+01  0.523887D+03
  330.5432  0.160980D+01  0.162893D+01 -0.119362D+04
  330.6927  0.154540D+01  0.154107D+01  0.280022D+03
  330.8422  0.157739D+01  0.158526D+01 -0.504642D+03
  330.9916  0.168977D+01  0.169984D+01 -0.592906D+03
  331.1409  0.174831D+01  0.174430D+01  0.231833D+03
  331.2902  0.169700D+01  0.170015D+01 -0.183971D+03
  331.4395  0.162330D+01  0.162539D+01 -0.128097D+03
  331.5886  0.161879D+01  0.161542D+01  0.208062D+03
  331.7377  0.169477D+01  0.168775D+01  0.413530D+03
   31 328.743 333.225 330.984  2.447D-01  0.000D+00 -6.639D-04  0.000D+00  1.002D+00  4.468D+02 10300  3.390D-03
  328.7435  0.143956D+01  0.144287D+01 -0.213969D+03
  328.8938  0.150126D+01  0.150405D+01 -0.180321D+03
  329.0441  0.166996D+01  0.167824D+01 -0.509967D+03
  329.1943  0.180848D+01  0.180206D+01  0.371896D+03
  329.3444  0.187025D+01  0.186172D+01  0.483193D+03
  329.4945  0.189381D+01  0.189684D+01 -0.171216D+03
  329.6445  0.190989D+01  0.190241D+01  0.413953D+03
  329.7945  0.190657D+01  0.190945D+01 -0.162221D+03
  329.9443  0.196322D+01  0.194668D+01  0.918544D+03
  330.0941  0.198158D+01  0.198310D+01 -0.730742D+02
  330.2439  0.191174D+01  0.190897D+01  0.154311D+03
  330.3936  0.176859D+01  0.176152D+01  0.412477D+03
  330.5432  0.160980D+01  0.163053D+01 -0.129367D+04
  330.6927  0.154540D+01  0.153964D+01  0.372391D+03
  330.8422  0.157739D+01  0.158074D+01 -0.214651D+03
  330.9916  0.168977D+01  0.169808D+01 -0.489207D+03
  331.1409  0.174831D+01  0.174702D+01  0.745318D+02
  331.2902  0.169700D+01  0.170633D+01 -0.544688D+03
  331.4395  0.162330D+01  0.163200D+01 -0.532096D+03
  331.5886  0.161879D+01  0.162134D+01 -0.157212D+03
  331.7377  0.169477D+01  0.169642D+01 -0.975385D+02
  331.8867  0.176656D+01  0.176088D+01  0.326491D+03
  332.0356  0.175345D+01  0.174243D+01  0.635139D+03
  332.1845  0.164951D+01  0.165168D+01 -0.130658D+03
  332.3333  0.156437D+01  0.155846D+01  0.373924D+03
  332.4821  0.159555D+01  0.158537D+01  0.624006D+03
  332.6307  0.168613D+01  0.168902D+01 -0.167423D+03
  332.7793  0.170628D+01  0.169986D+01  0.371322D+03
  332.9279  0.163264D+01  0.163223D+01  0.245178D+02
  333.0764  0.161620D+01  0.162057D+01 -0.259009D+03
  333.2248  0.167089D+01  0.167863D+01 -0.447215D+03
   31 330.244 334.705 332.475  2.442D-01  0.000D+00  1.060D-03  0.000D+00  9.999D-01  4.416D+02 10300  3.169D-03
  330.2439  0.191174D+01  0.190347D+01  0.460832D+03
  330.3936  0.176859D+01  0.175808D+01  0.613168D+03
  330.5432  0.160980D+01  0.162856D+01 -0.117070D+04
  330.6927  0.154540D+01  0.153764D+01  0.502017D+03
  330.8422  0.157739D+01  0.157805D+01 -0.421463D+02
  330.9916  0.168977D+01  0.169659D+01 -0.401970D+03
  331.1409  0.174831D+01  0.174732D+01  0.571007D+02
  331.2902  0.169700D+01  0.170773D+01 -0.626704D+03
  331.4395  0.162330D+01  0.163314D+01 -0.602278D+03
  331.5886  0.161879D+01  0.162137D+01 -0.159037D+03
  331.7377  0.169477D+01  0.169615D+01 -0.816009D+02
  331.8867  0.176656D+01  0.176131D+01  0.301378D+03
  332.0356  0.175345D+01  0.174351D+01  0.572892D+03
  332.1845  0.164951D+01  0.165273D+01 -0.193229D+03
  332.3333  0.156437D+01  0.155789D+01  0.410337D+03
  332.4821  0.159555D+01  0.158262D+01  0.792713D+03
  332.6307  0.168613D+01  0.168625D+01 -0.684702D+01
  332.7793  0.170628D+01  0.169769D+01  0.496862D+03
  332.9279  0.163264D+01  0.162891D+01  0.221437D+03
  333.0764  0.161620D+01  0.161526D+01  0.559029D+02
  333.2248  0.167089D+01  0.167234D+01 -0.833281D+02
  333.3731  0.168389D+01  0.168303D+01  0.500115D+02
  333.5214  0.157002D+01  0.158093D+01 -0.663129D+03
  333.6696  0.146022D+01  0.146176D+01 -0.979746D+02
  333.8178  0.146923D+01  0.147717D+01 -0.507948D+03
  333.9659  0.156940D+01  0.157947D+01 -0.591068D+03
  334.1139  0.163383D+01  0.163576D+01 -0.112147D+03
  334.2619  0.166551D+01  0.166246D+01  0.175294D+03
  334.4098  0.173191D+01  0.173366D+01 -0.980374D+02
  334.5576  0.181456D+01  0.181034D+01  0.234085D+03
  334.7054  0.180758D+01  0.180047D+01  0.394169D+03
   22 331.738 334.853 333.295  2.444D-01  0.000D+00 -2.301D-03  0.000D+00  9.986D-01  2.979D+02 10300  2.693D-03
  331.7377  0.169477D+01  0.169856D+01 -0.223203D+03
  331.8867  0.176656D+01  0.176503D+01  0.877384D+02
  332.0356  0.175345D+01  0.174707D+01  0.367654D+03
  332.1845  0.164951D+01  0.165598D+01 -0.388535D+03
  332.3333  0.156437D+01  0.156282D+01  0.983859D+02
  332.4821  0.159555D+01  0.159063D+01  0.301562D+03
  332.6307  0.168613D+01  0.169320D+01 -0.410042D+03
  332.7793  0.170628D+01  0.170075D+01  0.320127D+03
  332.9279  0.163264D+01  0.163071D+01  0.114610D+03
  333.0764  0.161620D+01  0.161772D+01 -0.901801D+02
  333.2248  0.167089D+01  0.167353D+01 -0.152364D+03
  333.3731  0.168389D+01  0.168038D+01  0.202692D+03
  333.5214  0.157002D+01  0.157508D+01 -0.307646D+03
  333.6696  0.146022D+01  0.145705D+01  0.202972D+03
  333.8178  0.146923D+01  0.147495D+01 -0.366090D+03
  333.9659  0.156940D+01  0.157645D+01 -0.414197D+03
  334.1139  0.163383D+01  0.163109D+01  0.157889D+03
  334.2619  0.166551D+01  0.165895D+01  0.376238D+03
  334.4098  0.173191D+01  0.173238D+01 -0.265674D+02
  334.5576  0.181456D+01  0.180995D+01  0.255983D+03
  334.7054  0.180758D+01  0.180048D+01  0.393585D+03
  334.8531  0.166857D+01  0.167864D+01 -0.568743D+03
