 solar_fit_vary
           0
 T T
nw  fwave  lwave  avgwav    hwe     asym  shift    squeeze      sin      rms   exval  std
   31 263.799 274.375 269.087  4.050D-01  0.000D+00  3.619D-02  0.000D+00  1.031D+00  5.410D+03   304  5.515D-02
  263.7989  0.217524D+00  0.274548D+00 -0.198829D+05
  264.1631  0.406744D+00  0.349382D+00  0.156015D+05
  264.5264  0.376666D+00  0.357045D+00  0.533665D+04
  264.8888  0.309783D+00  0.310661D+00 -0.265184D+03
  265.2503  0.365513D+00  0.326262D+00  0.106758D+05
  265.6108  0.397491D+00  0.383303D+00  0.384632D+04
  265.9705  0.374596D+00  0.388163D+00 -0.368987D+04
  266.3293  0.346749D+00  0.359507D+00 -0.377046D+04
  266.6872  0.350956D+00  0.348481D+00  0.714726D+03
  267.0443  0.351826D+00  0.357404D+00 -0.160118D+04
  267.4006  0.373505D+00  0.376912D+00 -0.926653D+03
  267.7561  0.362757D+00  0.378244D+00 -0.421221D+04
  268.1108  0.350736D+00  0.354638D+00 -0.112777D+04
  268.4647  0.357713D+00  0.358364D+00 -0.177585D+03
  268.8179  0.343931D+00  0.352330D+00 -0.251799D+04
  269.1703  0.335161D+00  0.340013D+00 -0.158352D+04
  269.5219  0.331843D+00  0.337945D+00 -0.205054D+04
  269.8728  0.356761D+00  0.349898D+00  0.189472D+04
  270.2231  0.399351D+00  0.389833D+00  0.258878D+04
  270.5726  0.397065D+00  0.396342D+00  0.196725D+03
  270.9214  0.373444D+00  0.371871D+00  0.427772D+03
  271.2696  0.362339D+00  0.356122D+00  0.169094D+04
  271.6172  0.317385D+00  0.317651D+00 -0.960973D+02
  271.9641  0.252096D+00  0.256474D+00 -0.170120D+04
  272.3103  0.248703D+00  0.242673D+00  0.234298D+04
  272.6559  0.293437D+00  0.284687D+00  0.337127D+04
  273.0010  0.345638D+00  0.337436D+00  0.243641D+04
  273.3454  0.323116D+00  0.325858D+00 -0.936277D+03
  273.6892  0.255590D+00  0.260496D+00 -0.190606D+04
  274.0325  0.207503D+00  0.210266D+00 -0.124839D+04
  274.3752  0.185798D+00  0.188990D+00 -0.144686D+04
   31 267.401 277.774 272.587  3.937D-01  0.000D+00  4.247D-03  0.000D+00  1.011D+00  8.500D+02 10300  8.879D-03
  267.4006  0.373505D+00  0.371289D+00  0.602554D+03
  267.7561  0.362757D+00  0.368883D+00 -0.166614D+04
  268.1108  0.350736D+00  0.346692D+00  0.116907D+04
  268.4647  0.357713D+00  0.353385D+00  0.117915D+04
  268.8179  0.343931D+00  0.346459D+00 -0.757802D+03
  269.1703  0.335161D+00  0.336607D+00 -0.471941D+03
  269.5219  0.331843D+00  0.335827D+00 -0.133875D+04
  269.8728  0.356761D+00  0.352554D+00  0.116135D+04
  270.2231  0.399351D+00  0.395033D+00  0.117462D+04
  270.5726  0.397065D+00  0.398603D+00 -0.418401D+03
  270.9214  0.373444D+00  0.374018D+00 -0.156113D+03
  271.2696  0.362339D+00  0.360076D+00  0.615523D+03
  271.6172  0.317385D+00  0.318254D+00 -0.314226D+03
  271.9641  0.252096D+00  0.255380D+00 -0.127607D+04
  272.3103  0.248703D+00  0.248511D+00  0.746085D+02
  272.6559  0.293437D+00  0.294144D+00 -0.272425D+03
  273.0010  0.345638D+00  0.346198D+00 -0.166425D+03
  273.3454  0.323116D+00  0.323906D+00 -0.269638D+03
  273.6892  0.255590D+00  0.254210D+00  0.536376D+03
  274.0325  0.207503D+00  0.204717D+00  0.125820D+04
  274.3752  0.185798D+00  0.183986D+00  0.821515D+03
  274.7174  0.182428D+00  0.182818D+00 -0.176831D+03
  275.0590  0.205110D+00  0.204517D+00  0.266111D+03
  275.4001  0.243619D+00  0.241565D+00  0.798093D+03
  275.7406  0.276303D+00  0.276869D+00 -0.217732D+03
  276.0807  0.337496D+00  0.337815D+00 -0.100589D+03
  276.4202  0.358838D+00  0.361471D+00 -0.716131D+03
  276.7593  0.365212D+00  0.368728D+00 -0.956275D+03
  277.0978  0.364960D+00  0.370003D+00 -0.137135D+04
  277.4359  0.368664D+00  0.367970D+00  0.188749D+03
  277.7736  0.317369D+00  0.313186D+00  0.141776D+04
   31 270.921 281.126 276.024  3.865D-01  0.000D+00  5.776D-03  0.000D+00  1.005D+00  8.254D+02 10300  8.053D-03
  270.9214  0.373444D+00  0.371437D+00  0.545960D+03
  271.2696  0.362339D+00  0.359352D+00  0.812405D+03
  271.6172  0.317385D+00  0.318423D+00 -0.375384D+03
  271.9641  0.252096D+00  0.254789D+00 -0.104638D+04
  272.3103  0.248703D+00  0.248155D+00  0.213039D+03
  272.6559  0.293437D+00  0.294283D+00 -0.325994D+03
  273.0010  0.345638D+00  0.348124D+00 -0.738339D+03
  273.3454  0.323116D+00  0.325653D+00 -0.866086D+03
  273.6892  0.255590D+00  0.254948D+00  0.249742D+03
  274.0325  0.207503D+00  0.205026D+00  0.111876D+04
  274.3752  0.185798D+00  0.184141D+00  0.750941D+03
  274.7174  0.182428D+00  0.182794D+00 -0.166196D+03
  275.0590  0.205110D+00  0.204185D+00  0.415251D+03
  275.4001  0.243619D+00  0.241740D+00  0.730035D+03
  275.7406  0.276303D+00  0.275764D+00  0.207334D+03
  276.0807  0.337496D+00  0.337939D+00 -0.139618D+03
  276.4202  0.358838D+00  0.360799D+00 -0.533241D+03
  276.7593  0.365212D+00  0.367864D+00 -0.721214D+03
  277.0978  0.364960D+00  0.368803D+00 -0.104514D+04
  277.4359  0.368664D+00  0.367698D+00  0.262745D+03
  277.7736  0.317369D+00  0.312408D+00  0.168176D+04
  278.1107  0.259450D+00  0.257568D+00  0.669740D+03
  278.4474  0.241394D+00  0.242381D+00 -0.375102D+03
  278.7838  0.216757D+00  0.215724D+00  0.401595D+03
  279.1196  0.162453D+00  0.161293D+00  0.525971D+03
  279.4550  0.117484D+00  0.120526D+00 -0.161288D+04
  279.7901  0.103026D+00  0.106653D+00 -0.197290D+04
  280.1246  0.105230D+00  0.106783D+00 -0.844634D+03
  280.4589  0.124621D+00  0.124996D+00 -0.124023D+03
  280.7927  0.175908D+00  0.174623D+00  0.388498D+03
  281.1261  0.240722D+00  0.236374D+00  0.126855D+04
   31 274.375 284.440 279.408  3.826D-01  0.000D+00  1.162D-03  0.000D+00  1.008D+00  1.014D+03 10300  1.283D-02
  274.3752  0.185798D+00  0.184970D+00  0.375157D+03
  274.7174  0.182428D+00  0.183294D+00 -0.393003D+03
  275.0590  0.205110D+00  0.204883D+00  0.101550D+03
  275.4001  0.243619D+00  0.242180D+00  0.559082D+03
  275.7406  0.276303D+00  0.276075D+00  0.876468D+02
  276.0807  0.337496D+00  0.338518D+00 -0.321852D+03
  276.4202  0.358838D+00  0.360734D+00 -0.515646D+03
  276.7593  0.365212D+00  0.367624D+00 -0.655945D+03
  277.0978  0.364960D+00  0.368875D+00 -0.106456D+04
  277.4359  0.368664D+00  0.368012D+00  0.177419D+03
  277.7736  0.317369D+00  0.311812D+00  0.188367D+04
  278.1107  0.259450D+00  0.257350D+00  0.747124D+03
  278.4474  0.241394D+00  0.242958D+00 -0.594633D+03
  278.7838  0.216757D+00  0.215953D+00  0.312633D+03
  279.1196  0.162453D+00  0.160903D+00  0.702388D+03
  279.4550  0.117484D+00  0.120326D+00 -0.150692D+04
  279.7901  0.103026D+00  0.106726D+00 -0.201241D+04
  280.1246  0.105230D+00  0.106890D+00 -0.902596D+03
  280.4589  0.124621D+00  0.125111D+00 -0.162115D+03
  280.7927  0.175908D+00  0.174876D+00  0.311974D+03
  281.1261  0.240722D+00  0.235740D+00  0.145349D+04
  281.4591  0.306428D+00  0.301545D+00  0.131961D+04
  281.7918  0.367530D+00  0.365820D+00  0.465240D+03
  282.1241  0.411068D+00  0.411235D+00 -0.453047D+02
  282.4560  0.437739D+00  0.434682D+00  0.831658D+03
  282.7876  0.458562D+00  0.454979D+00  0.974383D+03
  283.1188  0.482074D+00  0.489382D+00 -0.198771D+04
  283.4497  0.473739D+00  0.482218D+00 -0.230603D+04
  283.7802  0.465353D+00  0.464797D+00  0.151265D+03
  284.1105  0.454259D+00  0.449474D+00  0.130152D+04
  284.4403  0.394765D+00  0.392893D+00  0.509184D+03
   31 277.774 287.722 282.748  3.854D-01  0.000D+00 -1.027D-03  0.000D+00  1.010D+00  9.720D+02 10300  7.972D-03
  277.7736  0.317369D+00  0.313722D+00  0.123619D+04
  278.1107  0.259450D+00  0.259245D+00  0.732054D+02
  278.4474  0.241394D+00  0.244398D+00 -0.114166D+04
  278.7838  0.216757D+00  0.216732D+00  0.970271D+01
  279.1196  0.162453D+00  0.161407D+00  0.474039D+03
  279.4550  0.117484D+00  0.120747D+00 -0.172978D+04
  279.7901  0.103026D+00  0.107011D+00 -0.216764D+04
  280.1246  0.105230D+00  0.107158D+00 -0.104838D+04
  280.4589  0.124621D+00  0.125537D+00 -0.303454D+03
  280.7927  0.175908D+00  0.175186D+00  0.218332D+03
  281.1261  0.240722D+00  0.235779D+00  0.144222D+04
  281.4591  0.306428D+00  0.301292D+00  0.138793D+04
  281.7918  0.367530D+00  0.365028D+00  0.680505D+03
  282.1241  0.411068D+00  0.410015D+00  0.286619D+03
  282.4560  0.437739D+00  0.433333D+00  0.119835D+04
  282.7876  0.458562D+00  0.454007D+00  0.123880D+04
  283.1188  0.482074D+00  0.488162D+00 -0.165596D+04
  283.4497  0.473739D+00  0.481469D+00 -0.210217D+04
  283.7802  0.465353D+00  0.465052D+00  0.819346D+02
  284.1105  0.454259D+00  0.450171D+00  0.111200D+04
  284.4403  0.394765D+00  0.394259D+00  0.137576D+03
  284.7699  0.293377D+00  0.294408D+00 -0.301876D+03
  285.0991  0.180979D+00  0.179089D+00  0.627500D+03
  285.4280  0.167690D+00  0.167914D+00 -0.749437D+02
  285.7566  0.284018D+00  0.285604D+00 -0.467382D+03
  286.0848  0.426176D+00  0.427288D+00 -0.302592D+03
  286.4128  0.504112D+00  0.504054D+00  0.153869D+02
  286.7404  0.517637D+00  0.517314D+00  0.879494D+02
  287.0678  0.544264D+00  0.546416D+00 -0.585441D+03
  287.3948  0.565818D+00  0.564748D+00  0.290998D+03
  287.7216  0.498249D+00  0.496991D+00  0.342117D+03
   31 281.126 290.973 286.050  3.866D-01  0.000D+00  2.580D-03  0.000D+00  1.003D+00  6.878D+02   300  4.116D-03
  281.1261  0.240722D+00  0.239217D+00  0.439291D+03
  281.4591  0.306428D+00  0.304558D+00  0.505369D+03
  281.7918  0.367530D+00  0.368027D+00 -0.135118D+03
  282.1241  0.411068D+00  0.412463D+00 -0.379375D+03
  282.4560  0.437739D+00  0.435100D+00  0.717974D+03
  282.7876  0.458562D+00  0.454815D+00  0.101895D+04
  283.1188  0.482074D+00  0.488162D+00 -0.165597D+04
  283.4497  0.473739D+00  0.481439D+00 -0.209423D+04
  283.7802  0.465353D+00  0.464364D+00  0.269133D+03
  284.1105  0.454259D+00  0.449414D+00  0.131797D+04
  284.4403  0.394765D+00  0.393908D+00  0.233066D+03
  284.7699  0.293377D+00  0.294811D+00 -0.419838D+03
  285.0991  0.180979D+00  0.179698D+00  0.425196D+03
  285.4280  0.167690D+00  0.167027D+00  0.222122D+03
  285.7566  0.284018D+00  0.283305D+00  0.210165D+03
  286.0848  0.426176D+00  0.424962D+00  0.330114D+03
  286.4128  0.504112D+00  0.502706D+00  0.377524D+03
  286.7404  0.517637D+00  0.516793D+00  0.229592D+03
  287.0678  0.544264D+00  0.545667D+00 -0.381783D+03
  287.3948  0.565818D+00  0.564933D+00  0.240717D+03
  287.7216  0.498249D+00  0.498324D+00 -0.204487D+02
  288.0481  0.393508D+00  0.393221D+00  0.782217D+02
  288.3742  0.414498D+00  0.415757D+00 -0.342324D+03
  288.7001  0.555379D+00  0.552159D+00  0.875754D+03
  289.0257  0.608705D+00  0.607431D+00  0.346699D+03
  289.3510  0.650549D+00  0.652479D+00 -0.524971D+03
  289.6760  0.755237D+00  0.757834D+00 -0.706281D+03
  290.0007  0.871344D+00  0.873299D+00 -0.531846D+03
  290.3252  0.939624D+00  0.939082D+00  0.146868D+03
  290.6493  0.933643D+00  0.934177D+00 -0.145147D+03
  290.9732  0.896663D+00  0.894224D+00  0.663361D+03
   31 284.440 294.196 289.318  3.729D-01  0.000D+00  3.210D-03  0.000D+00  1.005D+00  9.696D+02   300  4.370D-03
  284.4403  0.394765D+00  0.394988D+00 -0.605161D+02
  284.7699  0.293377D+00  0.295986D+00 -0.763574D+03
  285.0991  0.180979D+00  0.177427D+00  0.117939D+04
  285.4280  0.167690D+00  0.163693D+00  0.133876D+04
  285.7566  0.284018D+00  0.282986D+00  0.304174D+03
  286.0848  0.426176D+00  0.427275D+00 -0.299025D+03
  286.4128  0.504112D+00  0.505209D+00 -0.294757D+03
  286.7404  0.517637D+00  0.516838D+00  0.217404D+03
  287.0678  0.544264D+00  0.546118D+00 -0.504364D+03
  287.3948  0.565818D+00  0.567862D+00 -0.555774D+03
  287.7216  0.498249D+00  0.500099D+00 -0.503086D+03
  288.0481  0.393508D+00  0.389922D+00  0.975453D+03
  288.3742  0.414498D+00  0.411807D+00  0.732078D+03
  288.7001  0.555379D+00  0.554920D+00  0.124696D+03
  289.0257  0.608705D+00  0.607095D+00  0.437817D+03
  289.3510  0.650549D+00  0.649882D+00  0.181413D+03
  289.6760  0.755237D+00  0.757019D+00 -0.484741D+03
  290.0007  0.871344D+00  0.874121D+00 -0.755490D+03
  290.3252  0.939624D+00  0.940760D+00 -0.307500D+03
  290.6493  0.933643D+00  0.935994D+00 -0.638891D+03
  290.9732  0.896663D+00  0.893941D+00  0.740487D+03
  291.2968  0.902009D+00  0.895510D+00  0.176764D+04
  291.6201  0.876478D+00  0.869982D+00  0.176679D+04
  291.9431  0.845495D+00  0.847703D+00 -0.600355D+03
  292.2658  0.817003D+00  0.822491D+00 -0.149276D+04
  292.5883  0.742404D+00  0.749609D+00 -0.195967D+04
  292.9105  0.761722D+00  0.766856D+00 -0.139642D+04
  293.2324  0.882806D+00  0.877571D+00  0.142393D+04
  293.5540  0.857994D+00  0.851566D+00  0.174854D+04
  293.8753  0.742593D+00  0.746170D+00 -0.972673D+03
  294.1963  0.774572D+00  0.774701D+00 -0.350294D+02
   31 287.722 297.390 292.556  3.582D-01  0.000D+00  5.020D-03  0.000D+00  1.002D+00  1.124D+03 10300  4.420D-03
  287.7216  0.498249D+00  0.504809D+00 -0.178420D+04
  288.0481  0.393508D+00  0.387990D+00  0.150082D+04
  288.3742  0.414498D+00  0.408019D+00  0.176230D+04
  288.7001  0.555379D+00  0.558955D+00 -0.972662D+03
  289.0257  0.608705D+00  0.607531D+00  0.319487D+03
  289.3510  0.650549D+00  0.647285D+00  0.887862D+03
  289.6760  0.755237D+00  0.755992D+00 -0.205334D+03
  290.0007  0.871344D+00  0.874429D+00 -0.839219D+03
  290.3252  0.939624D+00  0.941588D+00 -0.531413D+03
  290.6493  0.933643D+00  0.936885D+00 -0.880688D+03
  290.9732  0.896663D+00  0.891200D+00  0.148584D+04
  291.2968  0.902009D+00  0.896367D+00  0.153448D+04
  291.6201  0.876478D+00  0.869396D+00  0.192607D+04
  291.9431  0.845495D+00  0.847248D+00 -0.476786D+03
  292.2658  0.817003D+00  0.824751D+00 -0.210743D+04
  292.5883  0.742404D+00  0.747393D+00 -0.135703D+04
  292.9105  0.761722D+00  0.763074D+00 -0.367928D+03
  293.2324  0.882806D+00  0.882926D+00 -0.326747D+02
  293.5540  0.857994D+00  0.856029D+00  0.534582D+03
  293.8753  0.742593D+00  0.742060D+00  0.145179D+03
  294.1963  0.774572D+00  0.775791D+00 -0.331477D+03
  294.5170  0.814796D+00  0.817050D+00 -0.612998D+03
  294.8374  0.748206D+00  0.752013D+00 -0.103538D+04
  295.1575  0.793092D+00  0.793839D+00 -0.203208D+03
  295.4773  0.858255D+00  0.852413D+00  0.158897D+04
  295.7969  0.875926D+00  0.876406D+00 -0.130580D+03
  296.1161  0.922845D+00  0.918056D+00  0.130249D+04
  296.4350  0.841026D+00  0.836021D+00  0.136124D+04
  296.7536  0.645792D+00  0.654078D+00 -0.182049D+04
  297.0718  0.640528D+00  0.643432D+00 -0.789747D+03
  297.3898  0.757326D+00  0.758750D+00 -0.387452D+03
   31 290.973 300.551 295.762  3.307D-01  0.000D+00  2.454D-03  0.000D+00  1.010D+00  5.102D+03   304  1.300D-02
  290.9732  0.896663D+00  0.905596D+00 -0.242959D+04
  291.2968  0.902009D+00  0.909428D+00 -0.201772D+04
  291.6201  0.876478D+00  0.871017D+00  0.148536D+04
  291.9431  0.845495D+00  0.844807D+00  0.187184D+03
  292.2658  0.817003D+00  0.823567D+00 -0.178550D+04
  292.5883  0.742404D+00  0.734213D+00  0.222783D+04
  292.9105  0.761722D+00  0.747208D+00  0.394735D+04
  293.2324  0.882806D+00  0.881657D+00  0.312615D+03
  293.5540  0.857994D+00  0.850141D+00  0.213612D+04
  293.8753  0.742593D+00  0.723448D+00  0.520727D+04
  294.1963  0.774572D+00  0.769647D+00  0.133963D+04
  294.5170  0.814796D+00  0.820012D+00 -0.141850D+04
  294.8374  0.748206D+00  0.740413D+00  0.211951D+04
  295.1575  0.793092D+00  0.796307D+00 -0.874380D+03
  295.4773  0.858255D+00  0.858119D+00  0.369470D+02
  295.7969  0.875926D+00  0.882093D+00 -0.167727D+04
  296.1161  0.922845D+00  0.935926D+00 -0.355780D+04
  296.4350  0.841026D+00  0.857237D+00 -0.440925D+04
  296.7536  0.645792D+00  0.654678D+00 -0.195230D+04
  297.0718  0.640528D+00  0.655412D+00 -0.404805D+04
  297.3898  0.757326D+00  0.775594D+00 -0.496858D+04
  297.7075  0.952992D+00  0.973652D+00 -0.561905D+04
  298.0247  0.884781D+00  0.888633D+00 -0.104783D+04
  298.3417  0.620270D+00  0.619229D+00  0.283047D+03
  298.6584  0.596266D+00  0.584566D+00  0.318196D+04
  298.9747  0.810782D+00  0.767741D+00  0.117064D+05
  299.2906  0.852507D+00  0.794384D+00  0.158086D+05
  299.6062  0.781338D+00  0.755464D+00  0.703731D+04
  299.9215  0.729462D+00  0.738571D+00 -0.247747D+04
  300.2364  0.558462D+00  0.591645D+00 -0.902517D+04
  300.5508  0.656361D+00  0.689911D+00 -0.912499D+04
   31 294.196 303.674 298.935  3.256D-01  0.000D+00 -1.982D-03  0.000D+00  1.009D+00  6.861D+03 10000  1.672D-02
  294.1963  0.774572D+00  0.755176D+00  0.527538D+04
  294.5170  0.814796D+00  0.812682D+00  0.575036D+03
  294.8374  0.748206D+00  0.735433D+00  0.347411D+04
  295.1575  0.793092D+00  0.800017D+00 -0.188349D+04
  295.4773  0.858255D+00  0.862268D+00 -0.109140D+04
  295.7969  0.875926D+00  0.887440D+00 -0.313146D+04
  296.1161  0.922845D+00  0.942266D+00 -0.528229D+04
  296.4350  0.841026D+00  0.859172D+00 -0.493554D+04
  296.7536  0.645792D+00  0.651706D+00 -0.129947D+04
  297.0718  0.640528D+00  0.654529D+00 -0.380813D+04
  297.3898  0.757326D+00  0.772890D+00 -0.423324D+04
  297.7075  0.952992D+00  0.969552D+00 -0.450403D+04
  298.0247  0.884781D+00  0.875802D+00  0.244212D+04
  298.3417  0.620270D+00  0.605011D+00  0.415025D+04
  298.6584  0.596266D+00  0.573938D+00  0.607264D+04
  298.9747  0.810782D+00  0.757359D+00  0.145303D+05
  299.2906  0.852507D+00  0.778548D+00  0.201156D+05
  299.6062  0.781338D+00  0.741863D+00  0.107365D+05
  299.9215  0.729462D+00  0.727485D+00  0.537776D+03
  300.2364  0.558462D+00  0.582340D+00 -0.649442D+04
  300.5508  0.656361D+00  0.691129D+00 -0.945615D+04
  300.8650  0.691610D+00  0.737561D+00 -0.124979D+05
  301.1787  0.780947D+00  0.820499D+00 -0.107575D+05
  301.4921  0.832024D+00  0.853777D+00 -0.591648D+04
  301.8050  0.686875D+00  0.695107D+00 -0.223900D+04
  302.1176  0.557038D+00  0.560496D+00 -0.940514D+03
  302.4297  0.745532D+00  0.734177D+00  0.308815D+04
  302.7415  0.923743D+00  0.904612D+00  0.520335D+04
  303.0527  0.103225D+01  0.101204D+01  0.470987D+04
  303.3636  0.108914D+01  0.108302D+01  0.106979D+04
  303.6740  0.101860D+01  0.102591D+01 -0.149687D+04
   31 297.390 306.752 302.071  3.199D-01  0.000D+00 -2.008D-04  0.000D+00  1.001D+00  7.119D+03 10300  1.552D-02
  297.3898  0.757326D+00  0.782473D+00 -0.683960D+04
  297.7075  0.952992D+00  0.982140D+00 -0.792764D+04
  298.0247  0.884781D+00  0.884801D+00 -0.539455D+01
  298.3417  0.620270D+00  0.605842D+00  0.392428D+04
  298.6584  0.596266D+00  0.572155D+00  0.655762D+04
  298.9747  0.810782D+00  0.759670D+00  0.139016D+05
  299.2906  0.852507D+00  0.781089D+00  0.194246D+05
  299.6062  0.781338D+00  0.742194D+00  0.106466D+05
  299.9215  0.729462D+00  0.733460D+00 -0.108725D+04
  300.2364  0.558462D+00  0.581535D+00 -0.627546D+04
  300.5508  0.656361D+00  0.696349D+00 -0.108760D+05
  300.8650  0.691610D+00  0.741877D+00 -0.136718D+05
  301.1787  0.780947D+00  0.827343D+00 -0.126190D+05
  301.4921  0.832024D+00  0.863509D+00 -0.856337D+04
  301.8050  0.686875D+00  0.702411D+00 -0.422548D+04
  302.1176  0.557038D+00  0.560029D+00 -0.813509D+03
  302.4297  0.745532D+00  0.737487D+00  0.218813D+04
  302.7415  0.923743D+00  0.905417D+00  0.498428D+04
  303.0527  0.103225D+01  0.100857D+01  0.551716D+04
  303.3636  0.108914D+01  0.107415D+01  0.262052D+04
  303.6740  0.101860D+01  0.101041D+01  0.167673D+04
  303.9840  0.889641D+00  0.887444D+00  0.597490D+03
  304.2936  0.945657D+00  0.934341D+00  0.307779D+04
  304.6026  0.101702D+01  0.100667D+01  0.238022D+04
  304.9112  0.983898D+00  0.971341D+00  0.299450D+04
  305.2193  0.111608D+01  0.110299D+01  0.177971D+04
  305.5269  0.100297D+01  0.101351D+01 -0.216344D+04
  305.8340  0.783304D+00  0.793976D+00 -0.290276D+04
  306.1406  0.884815D+00  0.885351D+00 -0.137045D+03
  306.4467  0.953618D+00  0.960691D+00 -0.973549D+03
  306.7523  0.875874D+00  0.898046D+00 -0.327361D+04
   31 300.551 309.776 305.163  3.124D-01  0.000D+00 -1.109D-02  0.000D+00  1.029D+00  1.625D+03 10300  4.506D-03
  300.5508  0.656361D+00  0.643856D+00  0.340126D+04
  300.8650  0.691610D+00  0.693949D+00 -0.636262D+03
  301.1787  0.780947D+00  0.794021D+00 -0.355605D+04
  301.4921  0.832024D+00  0.838336D+00 -0.171687D+04
  301.8050  0.686875D+00  0.682042D+00  0.131454D+04
  302.1176  0.557038D+00  0.552590D+00  0.120968D+04
  302.4297  0.745532D+00  0.746843D+00 -0.356771D+03
  302.7415  0.923743D+00  0.918129D+00  0.152697D+04
  303.0527  0.103225D+01  0.102189D+01  0.241453D+04
  303.3636  0.108914D+01  0.109361D+01 -0.781857D+03
  303.6740  0.101860D+01  0.102030D+01 -0.347673D+03
  303.9840  0.889641D+00  0.897117D+00 -0.203342D+04
  304.2936  0.945657D+00  0.949749D+00 -0.111305D+04
  304.6026  0.101702D+01  0.101912D+01 -0.483305D+03
  304.9112  0.983898D+00  0.976857D+00  0.167925D+04
  305.2193  0.111608D+01  0.111377D+01  0.313719D+03
  305.5269  0.100297D+01  0.100624D+01 -0.670841D+03
  305.8340  0.783304D+00  0.780373D+00  0.797010D+03
  306.1406  0.884815D+00  0.884465D+00  0.894022D+02
  306.4467  0.953618D+00  0.945152D+00  0.116529D+04
  306.7523  0.875874D+00  0.876994D+00 -0.165393D+03
  307.0573  0.101560D+01  0.100578D+01  0.133630D+04
  307.3617  0.104772D+01  0.103997D+01  0.105414D+04
  307.6656  0.101494D+01  0.102065D+01 -0.776790D+03
  307.9689  0.104005D+01  0.104316D+01 -0.423843D+03
  308.2716  0.988348D+00  0.101192D+01 -0.320612D+04
  308.5737  0.107487D+01  0.108033D+01 -0.717357D+03
  308.8752  0.100606D+01  0.992360D+00  0.186251D+04
  309.1761  0.810830D+00  0.816441D+00 -0.763071D+03
  309.4763  0.769392D+00  0.784247D+00 -0.202014D+04
  309.7759  0.811090D+00  0.789648D+00  0.291598D+04
   21 303.674 309.776 306.725  3.103D-01  0.000D+00 -8.350D-03  0.000D+00  1.016D+00  1.278D+03   300  4.777D-03
  303.6740  0.101860D+01  0.101327D+01  0.108967D+04
  303.9840  0.889641D+00  0.892242D+00 -0.707456D+03
  304.2936  0.945657D+00  0.946953D+00 -0.352626D+03
  304.6026  0.101702D+01  0.102080D+01 -0.870466D+03
  304.9112  0.983898D+00  0.977001D+00  0.164491D+04
  305.2193  0.111608D+01  0.111741D+01 -0.181258D+03
  305.5269  0.100297D+01  0.101189D+01 -0.183019D+04
  305.8340  0.783304D+00  0.781900D+00  0.381702D+03
  306.1406  0.884815D+00  0.884852D+00 -0.961475D+01
  306.4467  0.953618D+00  0.947723D+00  0.811446D+03
  306.7523  0.875874D+00  0.875499D+00  0.553116D+02
  307.0573  0.101560D+01  0.100408D+01  0.156652D+04
  307.3617  0.104772D+01  0.103856D+01  0.124584D+04
  307.6656  0.101494D+01  0.101735D+01 -0.327887D+03
  307.9689  0.104005D+01  0.104048D+01 -0.594177D+02
  308.2716  0.988348D+00  0.100780D+01 -0.264482D+04
  308.5737  0.107487D+01  0.107775D+01 -0.378895D+03
  308.8752  0.100606D+01  0.992089D+00  0.189943D+04
  309.1761  0.810830D+00  0.816926D+00 -0.829024D+03
  309.4763  0.769392D+00  0.785383D+00 -0.217461D+04
  309.7759  0.811090D+00  0.795435D+00  0.212894D+04
   31 310.029 314.780 312.405  2.311D-01  0.000D+00 -4.035D-04  0.000D+00  1.004D+00  8.613D+02   300  4.546D-03
  310.0292  0.687505D+00  0.689695D+00 -0.168445D+03
  310.1888  0.673716D+00  0.667377D+00  0.487662D+03
  310.3482  0.860520D+00  0.873234D+00 -0.978018D+03
  310.5076  0.110347D+01  0.110772D+01 -0.311522D+03
  310.6669  0.123900D+01  0.122602D+01  0.879473D+03
  310.8261  0.131013D+01  0.131000D+01  0.910933D+01
  310.9852  0.133033D+01  0.133353D+01 -0.228140D+03
  311.1443  0.131820D+01  0.130203D+01  0.122463D+04
  311.3032  0.128951D+01  0.130266D+01 -0.101128D+04
  311.4621  0.129947D+01  0.128388D+01  0.119929D+04
  311.6209  0.121066D+01  0.121829D+01 -0.586947D+03
  311.7797  0.111277D+01  0.110606D+01  0.536864D+03
  311.9383  0.993707D+00  0.100527D+01 -0.111046D+04
  312.0969  0.961562D+00  0.969173D+00 -0.730133D+03
  312.2553  0.101686D+01  0.101283D+01  0.382101D+03
  312.4138  0.109121D+01  0.110118D+01 -0.893408D+03
  312.5721  0.111457D+01  0.111365D+01  0.803982D+02
  312.7303  0.109967D+01  0.109804D+01  0.144576D+03
  312.8885  0.112759D+01  0.112637D+01  0.102613D+03
  313.0466  0.114217D+01  0.113436D+01  0.653570D+03
  313.2046  0.111930D+01  0.111190D+01  0.652758D+03
  313.3625  0.108216D+01  0.108489D+01 -0.251853D+03
  313.5204  0.109559D+01  0.109560D+01 -0.998227D+00
  313.6781  0.116665D+01  0.117133D+01 -0.365059D+03
  313.8358  0.128639D+01  0.128227D+01  0.316932D+03
  313.9934  0.134523D+01  0.134548D+01 -0.188817D+02
  314.1509  0.132106D+01  0.130288D+01  0.139881D+04
  314.3084  0.109204D+01  0.111547D+01 -0.209485D+04
  314.4658  0.884402D+00  0.872109D+00  0.118215D+04
  314.6231  0.837249D+00  0.856505D+00 -0.185173D+04
  314.7803  0.103420D+01  0.102254D+01  0.108902D+04
   31 311.621 316.348 313.985  2.291D-01  0.000D+00 -2.422D-03  0.000D+00  1.009D+00  7.988D+02   300  4.183D-03
  311.6209  0.121066D+01  0.121116D+01 -0.386021D+02
  311.7797  0.111277D+01  0.110003D+01  0.101874D+04
  311.9383  0.993707D+00  0.100099D+01 -0.699642D+03
  312.0969  0.961562D+00  0.966583D+00 -0.481706D+03
  312.2553  0.101686D+01  0.101222D+01  0.440021D+03
  312.4138  0.109121D+01  0.110227D+01 -0.990921D+03
  312.5721  0.111457D+01  0.111343D+01  0.996220D+02
  312.7303  0.109967D+01  0.109786D+01  0.161072D+03
  312.8885  0.112759D+01  0.112750D+01  0.754430D+01
  313.0466  0.114217D+01  0.113523D+01  0.580359D+03
  313.2046  0.111930D+01  0.111228D+01  0.619066D+03
  313.3625  0.108216D+01  0.108511D+01 -0.272124D+03
  313.5204  0.109559D+01  0.109626D+01 -0.614617D+02
  313.6781  0.116665D+01  0.117301D+01 -0.496153D+03
  313.8358  0.128639D+01  0.128468D+01  0.131817D+03
  313.9934  0.134523D+01  0.134722D+01 -0.152703D+03
  314.1509  0.132106D+01  0.130349D+01  0.135209D+04
  314.3084  0.109204D+01  0.111339D+01 -0.190913D+04
  314.4658  0.884402D+00  0.868051D+00  0.157232D+04
  314.6231  0.837249D+00  0.856908D+00 -0.189048D+04
  314.7803  0.103420D+01  0.102612D+01  0.754210D+03
  314.9375  0.118218D+01  0.117912D+01  0.235705D+03
  315.0945  0.124350D+01  0.123945D+01  0.311780D+03
  315.2515  0.123714D+01  0.123692D+01  0.168747D+02
  315.4084  0.121401D+01  0.121764D+01 -0.278941D+03
  315.5653  0.114996D+01  0.114355D+01  0.494098D+03
  315.7221  0.972860D+00  0.981423D+00 -0.820837D+03
  315.8788  0.810852D+00  0.802946D+00  0.760258D+03
  316.0353  0.738675D+00  0.751205D+00 -0.120492D+04
  316.1919  0.837729D+00  0.830707D+00  0.675268D+03
  316.3483  0.973909D+00  0.973537D+00  0.356296D+02
   31 313.205 317.909 315.557  2.311D-01  0.000D+00 -2.838D-03  0.000D+00  1.009D+00  8.495D+02   300  4.433D-03
  313.2046  0.111930D+01  0.111324D+01  0.534567D+03
  313.3625  0.108216D+01  0.108613D+01 -0.365745D+03
  313.5204  0.109559D+01  0.109750D+01 -0.174395D+03
  313.6781  0.116665D+01  0.117388D+01 -0.564369D+03
  313.8358  0.128639D+01  0.128447D+01  0.148058D+03
  313.9934  0.134523D+01  0.134610D+01 -0.667377D+02
  314.1509  0.132106D+01  0.130135D+01  0.151638D+04
  314.3084  0.109204D+01  0.111137D+01 -0.172844D+04
  314.4658  0.884402D+00  0.869600D+00  0.142337D+04
  314.6231  0.837249D+00  0.858331D+00 -0.202729D+04
  314.7803  0.103420D+01  0.102564D+01  0.799307D+03
  314.9375  0.118218D+01  0.117774D+01  0.341502D+03
  315.0945  0.124350D+01  0.123829D+01  0.400533D+03
  315.2515  0.123714D+01  0.123638D+01  0.585285D+02
  315.4084  0.121401D+01  0.121681D+01 -0.214842D+03
  315.5653  0.114996D+01  0.114231D+01  0.589211D+03
  315.7221  0.972860D+00  0.980904D+00 -0.771147D+03
  315.8788  0.810852D+00  0.804335D+00  0.626654D+03
  316.0353  0.738675D+00  0.753196D+00 -0.139630D+04
  316.1919  0.837729D+00  0.832866D+00  0.467666D+03
  316.3483  0.973909D+00  0.975320D+00 -0.135330D+03
  316.5047  0.107405D+01  0.107266D+01  0.120519D+03
  316.6610  0.112556D+01  0.111532D+01  0.793431D+03
  316.8172  0.114692D+01  0.116043D+01 -0.103932D+04
  316.9734  0.125051D+01  0.123811D+01  0.953607D+03
  317.1295  0.137687D+01  0.138720D+01 -0.795309D+03
  317.2855  0.149124D+01  0.148747D+01  0.289782D+03
  317.4414  0.146817D+01  0.147201D+01 -0.295387D+03
  317.5972  0.145376D+01  0.144091D+01  0.988779D+03
  317.7530  0.136295D+01  0.137653D+01 -0.104504D+04
  317.9087  0.117099D+01  0.116576D+01  0.402477D+03
   31 314.780 319.462 317.121  2.294D-01  0.000D+00 -3.187D-03  0.000D+00  1.013D+00  6.644D+02 10300  3.574D-03
  314.7803  0.103420D+01  0.103248D+01  0.160228D+03
  314.9375  0.118218D+01  0.118377D+01 -0.121945D+03
  315.0945  0.124350D+01  0.124215D+01  0.103834D+03
  315.2515  0.123714D+01  0.123831D+01 -0.893841D+02
  315.4084  0.121401D+01  0.121789D+01 -0.298357D+03
  315.5653  0.114996D+01  0.114280D+01  0.551163D+03
  315.7221  0.972860D+00  0.980207D+00 -0.704329D+03
  315.8788  0.810852D+00  0.802368D+00  0.815812D+03
  316.0353  0.738675D+00  0.751560D+00 -0.123906D+04
  316.1919  0.837729D+00  0.831833D+00  0.566987D+03
  316.3483  0.973909D+00  0.975182D+00 -0.122071D+03
  316.5047  0.107405D+01  0.107239D+01  0.144585D+03
  316.6610  0.112556D+01  0.111460D+01  0.849843D+03
  316.8172  0.114692D+01  0.115970D+01 -0.983409D+03
  316.9734  0.125051D+01  0.123702D+01  0.103785D+04
  317.1295  0.137687D+01  0.138724D+01 -0.798376D+03
  317.2855  0.149124D+01  0.148764D+01  0.276841D+03
  317.4414  0.146817D+01  0.147058D+01 -0.184987D+03
  317.5972  0.145376D+01  0.143906D+01  0.113097D+04
  317.7530  0.136295D+01  0.137510D+01 -0.934627D+03
  317.9087  0.117099D+01  0.116204D+01  0.687953D+03
  318.0643  0.942524D+00  0.949969D+00 -0.708842D+03
  318.2198  0.887736D+00  0.896507D+00 -0.842730D+03
  318.3753  0.958117D+00  0.958949D+00 -0.771847D+02
  318.5307  0.106469D+01  0.106219D+01  0.195631D+03
  318.6860  0.115648D+01  0.116420D+01 -0.594528D+03
  318.8413  0.128503D+01  0.126936D+01  0.120312D+04
  318.9965  0.132874D+01  0.133086D+01 -0.163506D+03
  319.1516  0.120592D+01  0.120388D+01  0.157099D+03
  319.3066  0.102338D+01  0.101566D+01  0.610860D+03
  319.4615  0.100159D+01  0.101065D+01 -0.746042D+03
   31 316.348 321.007 318.678  2.307D-01  0.000D+00 -2.427D-03  0.000D+00  1.013D+00  8.107D+02 10300  4.721D-03
  316.3483  0.973909D+00  0.975553D+00 -0.157632D+03
  316.5047  0.107405D+01  0.107347D+01  0.506999D+02
  316.6610  0.112556D+01  0.111622D+01  0.723638D+03
  316.8172  0.114692D+01  0.116129D+01 -0.110555D+04
  316.9734  0.125051D+01  0.123849D+01  0.925034D+03
  317.1295  0.137687D+01  0.138741D+01 -0.811047D+03
  317.2855  0.149124D+01  0.148740D+01  0.294991D+03
  317.4414  0.146817D+01  0.147089D+01 -0.209340D+03
  317.5972  0.145376D+01  0.143861D+01  0.116551D+04
  317.7530  0.136295D+01  0.137360D+01 -0.819658D+03
  317.9087  0.117099D+01  0.116200D+01  0.691078D+03
  318.0643  0.942524D+00  0.950402D+00 -0.750061D+03
  318.2198  0.887736D+00  0.895720D+00 -0.767116D+03
  318.3753  0.958117D+00  0.957250D+00  0.804806D+02
  318.5307  0.106469D+01  0.106021D+01  0.351361D+03
  318.6860  0.115648D+01  0.116268D+01 -0.477166D+03
  318.8413  0.128503D+01  0.126832D+01  0.128283D+04
  318.9965  0.132874D+01  0.133031D+01 -0.120776D+03
  319.1516  0.120592D+01  0.120647D+01 -0.421134D+02
  319.3066  0.102338D+01  0.102076D+01  0.207393D+03
  319.4615  0.100159D+01  0.101587D+01 -0.117622D+04
  319.6164  0.110735D+01  0.111821D+01 -0.835489D+03
  319.7712  0.125361D+01  0.122958D+01  0.184872D+04
  319.9260  0.132088D+01  0.133594D+01 -0.115894D+04
  320.0806  0.137878D+01  0.135842D+01  0.156587D+04
  320.2352  0.136275D+01  0.137628D+01 -0.104091D+04
  320.3897  0.144811D+01  0.144420D+01  0.292535D+03
  320.5441  0.149587D+01  0.150422D+01 -0.596587D+03
  320.6985  0.150760D+01  0.150013D+01  0.521927D+03
  320.8528  0.139328D+01  0.139758D+01 -0.325590D+03
  321.0070  0.121851D+01  0.121595D+01  0.197659D+03
   31 317.909 322.545 320.227  2.283D-01  0.000D+00 -1.286D-03  0.000D+00  1.008D+00  8.089D+02   300  4.967D-03
  317.9087  0.117099D+01  0.116276D+01  0.632946D+03
  318.0643  0.942524D+00  0.948729D+00 -0.590789D+03
  318.2198  0.887736D+00  0.894166D+00 -0.617757D+03
  318.3753  0.958117D+00  0.956048D+00  0.191999D+03
  318.5307  0.106469D+01  0.105992D+01  0.374125D+03
  318.6860  0.115648D+01  0.116253D+01 -0.465808D+03
  318.8413  0.128503D+01  0.126875D+01  0.124989D+04
  318.9965  0.132874D+01  0.133407D+01 -0.410415D+03
  319.1516  0.120592D+01  0.120998D+01 -0.311349D+03
  319.3066  0.102338D+01  0.101989D+01  0.275930D+03
  319.4615  0.100159D+01  0.101448D+01 -0.106205D+04
  319.6164  0.110735D+01  0.111812D+01 -0.828517D+03
  319.7712  0.125361D+01  0.122874D+01  0.191328D+04
  319.9260  0.132088D+01  0.133692D+01 -0.123427D+04
  320.0806  0.137878D+01  0.135807D+01  0.159258D+04
  320.2352  0.136275D+01  0.137436D+01 -0.893084D+03
  320.3897  0.144811D+01  0.144243D+01  0.425025D+03
  320.5441  0.149587D+01  0.150298D+01 -0.508090D+03
  320.6985  0.150760D+01  0.149901D+01  0.600242D+03
  320.8528  0.139328D+01  0.139693D+01 -0.276663D+03
  321.0070  0.121851D+01  0.121387D+01  0.357028D+03
  321.1612  0.105139D+01  0.105351D+01 -0.162859D+03
  321.3152  0.968459D+00  0.978917D+00 -0.812244D+03
  321.4692  0.100031D+01  0.996378D+00  0.302867D+03
  321.6231  0.107535D+01  0.109131D+01 -0.122785D+04
  321.7770  0.122516D+01  0.121414D+01  0.848024D+03
  321.9308  0.133274D+01  0.133655D+01 -0.292965D+03
  322.0845  0.137625D+01  0.137258D+01  0.277455D+03
  322.2382  0.128687D+01  0.128548D+01  0.106940D+03
  322.3917  0.122546D+01  0.121094D+01  0.111730D+04
  322.5452  0.115352D+01  0.116711D+01 -0.104608D+04
   31 319.462 324.076 321.769  2.303D-01  0.000D+00 -6.579D-04  0.000D+00  9.968D-01  8.118D+02   300  6.295D-03
  319.4615  0.100159D+01  0.101188D+01 -0.847856D+03
  319.6164  0.110735D+01  0.111503D+01 -0.591120D+03
  319.7712  0.125361D+01  0.122695D+01  0.205105D+04
  319.9260  0.132088D+01  0.133476D+01 -0.106830D+04
  320.0806  0.137878D+01  0.135827D+01  0.157721D+04
  320.2352  0.136275D+01  0.137562D+01 -0.990248D+03
  320.3897  0.144811D+01  0.144318D+01  0.368892D+03
  320.5441  0.149587D+01  0.150330D+01 -0.530827D+03
  320.6985  0.150760D+01  0.149963D+01  0.556860D+03
  320.8528  0.139328D+01  0.139762D+01 -0.328454D+03
  321.0070  0.121851D+01  0.121575D+01  0.212372D+03
  321.1612  0.105139D+01  0.105567D+01 -0.329069D+03
  321.3152  0.968459D+00  0.980427D+00 -0.929548D+03
  321.4692  0.100031D+01  0.997331D+00  0.229544D+03
  321.6231  0.107535D+01  0.109095D+01 -0.120023D+04
  321.7770  0.122516D+01  0.121336D+01  0.908105D+03
  321.9308  0.133274D+01  0.133466D+01 -0.147301D+03
  322.0845  0.137625D+01  0.137101D+01  0.396635D+03
  322.2382  0.128687D+01  0.128614D+01  0.560178D+02
  322.3917  0.122546D+01  0.121178D+01  0.105265D+04
  322.5452  0.115352D+01  0.116710D+01 -0.104508D+04
  322.6986  0.108166D+01  0.106962D+01  0.926661D+03
  322.8520  0.962310D+00  0.977730D+00 -0.118624D+04
  323.0052  0.967615D+00  0.963848D+00  0.289774D+03
  323.1584  0.106406D+01  0.106014D+01  0.301716D+03
  323.3116  0.113417D+01  0.113850D+01 -0.333033D+03
  323.4647  0.111408D+01  0.110429D+01  0.752581D+03
  323.6176  0.106581D+01  0.107391D+01 -0.622867D+03
  323.7706  0.112079D+01  0.112075D+01  0.336942D+01
  323.9234  0.119169D+01  0.119880D+01 -0.546910D+03
  324.0762  0.128777D+01  0.128217D+01  0.430788D+03
   31 321.007 325.600 323.304  2.321D-01  0.000D+00 -2.512D-03  0.000D+00  9.948D-01  6.705D+02 10300  5.587D-03
  321.0070  0.121851D+01  0.121147D+01  0.541688D+03
  321.1612  0.105139D+01  0.105288D+01 -0.114184D+03
  321.3152  0.968459D+00  0.978906D+00 -0.811408D+03
  321.4692  0.100031D+01  0.997079D+00  0.248899D+03
  321.6231  0.107535D+01  0.109106D+01 -0.120881D+04
  321.7770  0.122516D+01  0.121406D+01  0.854177D+03
  321.9308  0.133274D+01  0.133476D+01 -0.155329D+03
  322.0845  0.137625D+01  0.136992D+01  0.479424D+03
  322.2382  0.128687D+01  0.128629D+01  0.450610D+02
  322.3917  0.122546D+01  0.121343D+01  0.925934D+03
  322.5452  0.115352D+01  0.116785D+01 -0.110252D+04
  322.6986  0.108166D+01  0.107067D+01  0.845497D+03
  322.8520  0.962310D+00  0.979927D+00 -0.135528D+04
  323.0052  0.967615D+00  0.967689D+00 -0.567024D+01
  323.1584  0.106406D+01  0.106350D+01  0.432192D+02
  323.3116  0.113417D+01  0.113906D+01 -0.375923D+03
  323.4647  0.111408D+01  0.110427D+01  0.754476D+03
  323.6176  0.106581D+01  0.107395D+01 -0.625964D+03
  323.7706  0.112079D+01  0.111908D+01  0.131893D+03
  323.9234  0.119169D+01  0.119436D+01 -0.204953D+03
  324.0762  0.128777D+01  0.127389D+01  0.106671D+04
  324.2289  0.132249D+01  0.132751D+01 -0.382503D+03
  324.3816  0.134170D+01  0.133567D+01  0.454946D+03
  324.5341  0.136947D+01  0.136228D+01  0.535164D+03
  324.6866  0.135198D+01  0.136375D+01 -0.883756D+03
  324.8391  0.129253D+01  0.128587D+01  0.510576D+03
  324.9914  0.122914D+01  0.124154D+01 -0.953605D+03
  325.1437  0.127022D+01  0.127254D+01 -0.178086D+03
  325.2959  0.132684D+01  0.133295D+01 -0.459299D+03
  325.4481  0.144085D+01  0.142829D+01  0.838377D+03
  325.6002  0.156998D+01  0.156941D+01  0.365227D+02
   31 322.545 327.117 324.831  2.317D-01  0.000D+00 -2.135D-03  0.000D+00  9.996D-01  6.716D+02 10300  5.675D-03
  322.5452  0.115352D+01  0.116352D+01 -0.769962D+03
  322.6986  0.108166D+01  0.106713D+01  0.111781D+04
  322.8520  0.962310D+00  0.976829D+00 -0.111694D+04
  323.0052  0.967615D+00  0.964612D+00  0.230992D+03
  323.1584  0.106406D+01  0.106055D+01  0.270057D+03
  323.3116  0.113417D+01  0.113671D+01 -0.195717D+03
  323.4647  0.111408D+01  0.110227D+01  0.908211D+03
  323.6176  0.106581D+01  0.107207D+01 -0.481364D+03
  323.7706  0.112079D+01  0.111745D+01  0.256951D+03
  323.9234  0.119169D+01  0.119307D+01 -0.106212D+03
  324.0762  0.128777D+01  0.127307D+01  0.113028D+04
  324.2289  0.132249D+01  0.132741D+01 -0.374527D+03
  324.3816  0.134170D+01  0.133606D+01  0.425496D+03
  324.5341  0.136947D+01  0.136342D+01  0.450195D+03
  324.6866  0.135198D+01  0.136603D+01 -0.105440D+04
  324.8391  0.129253D+01  0.128872D+01  0.291717D+03
  324.9914  0.122914D+01  0.124492D+01 -0.121372D+04
  325.1437  0.127022D+01  0.127701D+01 -0.521987D+03
  325.2959  0.132684D+01  0.133878D+01 -0.897203D+03
  325.4481  0.144085D+01  0.143578D+01  0.337964D+03
  325.6002  0.156998D+01  0.157959D+01 -0.616475D+03
  325.7522  0.168616D+01  0.168234D+01  0.244845D+03
  325.9041  0.174672D+01  0.173334D+01  0.857761D+03
  326.0560  0.176026D+01  0.176090D+01 -0.405936D+02
  326.2078  0.175401D+01  0.173229D+01  0.139252D+04
  326.3595  0.166057D+01  0.166697D+01 -0.410447D+03
  326.5112  0.160672D+01  0.160078D+01  0.381077D+03
  326.6628  0.163305D+01  0.163380D+01 -0.483916D+02
  326.8143  0.171889D+01  0.172338D+01 -0.287636D+03
  326.9657  0.173024D+01  0.172634D+01  0.249833D+03
  327.1171  0.163994D+01  0.164920D+01 -0.593598D+03
   31 324.076 328.627 326.352  2.313D-01  0.000D+00 -7.314D-04  0.000D+00  1.007D+00  6.134D+02 10300  6.283D-03
  324.0762  0.128777D+01  0.127550D+01  0.943360D+03
  324.2289  0.132249D+01  0.132939D+01 -0.526173D+03
  324.3816  0.134170D+01  0.133704D+01  0.351884D+03
  324.5341  0.136947D+01  0.136358D+01  0.437931D+03
  324.6866  0.135198D+01  0.136653D+01 -0.109208D+04
  324.8391  0.129253D+01  0.128892D+01  0.276696D+03
  324.9914  0.122914D+01  0.124398D+01 -0.114165D+04
  325.1437  0.127022D+01  0.127554D+01 -0.408522D+03
  325.2959  0.132684D+01  0.133697D+01 -0.761455D+03
  325.4481  0.144085D+01  0.143332D+01  0.502694D+03
  325.6002  0.156998D+01  0.157723D+01 -0.465014D+03
  325.7522  0.168616D+01  0.168074D+01  0.347185D+03
  325.9041  0.174672D+01  0.173190D+01  0.950196D+03
  326.0560  0.176026D+01  0.176008D+01  0.116318D+02
  326.2078  0.175401D+01  0.173198D+01  0.141278D+04
  326.3595  0.166057D+01  0.166696D+01 -0.409617D+03
  326.5112  0.160672D+01  0.160005D+01  0.427854D+03
  326.6628  0.163305D+01  0.163186D+01  0.759110D+02
  326.8143  0.171889D+01  0.172177D+01 -0.184425D+03
  326.9657  0.173024D+01  0.172522D+01  0.321756D+03
  327.1171  0.163994D+01  0.164756D+01 -0.489011D+03
  327.2684  0.161279D+01  0.161255D+01  0.156757D+02
  327.4197  0.165105D+01  0.166000D+01 -0.573289D+03
  327.5709  0.168657D+01  0.168606D+01  0.325732D+02
  327.7220  0.165220D+01  0.164963D+01  0.164681D+03
  327.8730  0.159329D+01  0.160557D+01 -0.765330D+03
  328.0240  0.158687D+01  0.158850D+01 -0.104596D+03
  328.1749  0.157446D+01  0.158844D+01 -0.895749D+03
  328.3258  0.159919D+01  0.158564D+01  0.815964D+03
  328.4766  0.157276D+01  0.156824D+01  0.289892D+03
  328.6273  0.149202D+01  0.148474D+01  0.366608D+03
   31 325.600 330.131 327.865  2.359D-01  0.000D+00 -8.874D-04  0.000D+00  1.007D+00  6.144D+02   300  5.608D-03
  325.6002  0.156998D+01  0.158495D+01 -0.960238D+03
  325.7522  0.168616D+01  0.168727D+01 -0.712998D+02
  325.9041  0.174672D+01  0.173796D+01  0.562100D+03
  326.0560  0.176026D+01  0.176342D+01 -0.202508D+03
  326.2078  0.175401D+01  0.173426D+01  0.126657D+04
  326.3595  0.166057D+01  0.166789D+01 -0.469439D+03
  326.5112  0.160672D+01  0.160268D+01  0.259003D+03
  326.6628  0.163305D+01  0.163286D+01  0.118085D+02
  326.8143  0.171889D+01  0.171751D+01  0.884460D+02
  326.9657  0.173024D+01  0.172040D+01  0.630383D+03
  327.1171  0.163994D+01  0.164571D+01 -0.370178D+03
  327.2684  0.161279D+01  0.161176D+01  0.662228D+02
  327.4197  0.165105D+01  0.165647D+01 -0.346999D+03
  327.5709  0.168657D+01  0.168205D+01  0.289778D+03
  327.7220  0.165220D+01  0.164819D+01  0.256761D+03
  327.8730  0.159329D+01  0.160632D+01 -0.812512D+03
  328.0240  0.158687D+01  0.159122D+01 -0.279287D+03
  328.1749  0.157446D+01  0.159292D+01 -0.118324D+04
  328.3258  0.159919D+01  0.159315D+01  0.363694D+03
  328.4766  0.157276D+01  0.157718D+01 -0.283228D+03
  328.6273  0.149202D+01  0.149905D+01 -0.354423D+03
  328.7779  0.143326D+01  0.143514D+01 -0.120339D+03
  328.9285  0.153771D+01  0.154127D+01 -0.228451D+03
  329.0790  0.172744D+01  0.172735D+01  0.538688D+01
  329.2294  0.185386D+01  0.183067D+01  0.139661D+04
  329.3798  0.189473D+01  0.188560D+01  0.534840D+03
  329.5301  0.192005D+01  0.191700D+01  0.173406D+03
  329.6803  0.193295D+01  0.192082D+01  0.674064D+03
  329.8305  0.192304D+01  0.193524D+01 -0.677164D+03
  329.9806  0.200826D+01  0.198687D+01  0.841798D+03
  330.1306  0.199569D+01  0.201626D+01 -0.113004D+04
   31 327.117 331.627 329.372  2.329D-01  0.000D+00 -3.338D-03  0.000D+00  1.013D+00  6.531D+02   300  5.250D-03
  327.1171  0.163994D+01  0.164052D+01 -0.372922D+02
  327.2684  0.161279D+01  0.160722D+01  0.357160D+03
  327.4197  0.165105D+01  0.165425D+01 -0.204670D+03
  327.5709  0.168657D+01  0.167957D+01  0.448643D+03
  327.7220  0.165220D+01  0.164451D+01  0.492880D+03
  327.8730  0.159329D+01  0.160310D+01 -0.611459D+03
  328.0240  0.158687D+01  0.158907D+01 -0.141037D+03
  328.1749  0.157446D+01  0.159197D+01 -0.112211D+04
  328.3258  0.159919D+01  0.159278D+01  0.385806D+03
  328.4766  0.157276D+01  0.157815D+01 -0.345169D+03
  328.6273  0.149202D+01  0.149807D+01 -0.305154D+03
  328.7779  0.143326D+01  0.143324D+01  0.116963D+01
  328.9285  0.153771D+01  0.154412D+01 -0.410973D+03
  329.0790  0.172744D+01  0.173309D+01 -0.360974D+03
  329.2294  0.185386D+01  0.183369D+01  0.121468D+04
  329.3798  0.189473D+01  0.188719D+01  0.441483D+03
  329.5301  0.192005D+01  0.191754D+01  0.142625D+03
  329.6803  0.193295D+01  0.191872D+01  0.790557D+03
  329.8305  0.192304D+01  0.193105D+01 -0.444684D+03
  329.9806  0.200826D+01  0.198126D+01  0.106254D+04
  330.1306  0.199569D+01  0.200788D+01 -0.669793D+03
  330.2806  0.191132D+01  0.189320D+01  0.100608D+04
  330.4305  0.173938D+01  0.174158D+01 -0.137830D+03
  330.5803  0.158795D+01  0.161235D+01 -0.156407D+04
  330.7301  0.154821D+01  0.153875D+01  0.606214D+03
  330.8798  0.160264D+01  0.162322D+01 -0.131974D+04
  331.0294  0.174097D+01  0.173957D+01  0.864023D+02
  331.1790  0.176329D+01  0.175759D+01  0.350232D+03
  331.3285  0.168913D+01  0.169107D+01 -0.122723D+03
  331.4779  0.161057D+01  0.161365D+01 -0.198003D+03
  331.6273  0.163706D+01  0.162677D+01  0.659000D+03
   31 328.627 333.117 330.872  2.303D-01  0.000D+00  2.277D-04  0.000D+00  1.010D+00  6.634D+02 10300  4.433D-03
  328.6273  0.149202D+01  0.150260D+01 -0.533003D+03
  328.7779  0.143326D+01  0.143308D+01  0.116963D+02
  328.9285  0.153771D+01  0.154215D+01 -0.284462D+03
  329.0790  0.172744D+01  0.173517D+01 -0.494279D+03
  329.2294  0.185386D+01  0.183694D+01  0.101917D+04
  329.3798  0.189473D+01  0.188980D+01  0.288525D+03
  329.5301  0.192005D+01  0.192051D+01 -0.258035D+02
  329.6803  0.193295D+01  0.192021D+01  0.707770D+03
  329.8305  0.192304D+01  0.193027D+01 -0.401492D+03
  329.9806  0.200826D+01  0.197912D+01  0.114672D+04
  330.1306  0.199569D+01  0.200932D+01 -0.749121D+03
  330.2806  0.191132D+01  0.189491D+01  0.911257D+03
  330.4305  0.173938D+01  0.174176D+01 -0.149543D+03
  330.5803  0.158795D+01  0.161231D+01 -0.156109D+04
  330.7301  0.154821D+01  0.153414D+01  0.901663D+03
  330.8798  0.160264D+01  0.161813D+01 -0.993354D+03
  331.0294  0.174097D+01  0.173919D+01  0.110259D+03
  331.1790  0.176329D+01  0.176160D+01  0.103638D+03
  331.3285  0.168913D+01  0.169831D+01 -0.580135D+03
  331.4779  0.161057D+01  0.162138D+01 -0.693469D+03
  331.6273  0.163706D+01  0.163658D+01  0.308441D+02
  331.7766  0.172886D+01  0.173055D+01 -0.105694D+03
  331.9258  0.179130D+01  0.178079D+01  0.633650D+03
  332.0750  0.175443D+01  0.173849D+01  0.980846D+03
  332.2241  0.162047D+01  0.162935D+01 -0.569017D+03
  332.3732  0.155812D+01  0.154640D+01  0.751726D+03
  332.5222  0.162379D+01  0.162025D+01  0.226146D+03
  332.6710  0.172661D+01  0.172952D+01 -0.178341D+03
  332.8199  0.171279D+01  0.170112D+01  0.721284D+03
  332.9687  0.161814D+01  0.162647D+01 -0.531624D+03
  333.1174  0.163829D+01  0.164687D+01 -0.542025D+03
   31 330.131 334.601 332.366  2.296D-01  0.000D+00  1.470D-03  0.000D+00  1.007D+00  6.027D+02 10300  3.769D-03
  330.1306  0.199569D+01  0.200296D+01 -0.399575D+03
  330.2806  0.191132D+01  0.188982D+01  0.119376D+04
  330.4305  0.173938D+01  0.173731D+01  0.130232D+03
  330.5803  0.158795D+01  0.160885D+01 -0.133984D+04
  330.7301  0.154821D+01  0.153010D+01  0.116097D+04
  330.8798  0.160264D+01  0.161416D+01 -0.738975D+03
  331.0294  0.174097D+01  0.173700D+01  0.245940D+03
  331.1790  0.176329D+01  0.176123D+01  0.126670D+03
  331.3285  0.168913D+01  0.169917D+01 -0.634648D+03
  331.4779  0.161057D+01  0.162225D+01 -0.748626D+03
  331.6273  0.163706D+01  0.163722D+01 -0.103654D+02
  331.7766  0.172886D+01  0.173216D+01 -0.206508D+03
  331.9258  0.179130D+01  0.178365D+01  0.461074D+03
  332.0750  0.175443D+01  0.174189D+01  0.771449D+03
  332.2241  0.162047D+01  0.163235D+01 -0.761057D+03
  332.3732  0.155812D+01  0.154719D+01  0.701150D+03
  332.5222  0.162379D+01  0.161923D+01  0.291528D+03
  332.6710  0.172661D+01  0.172839D+01 -0.109296D+03
  332.8199  0.171279D+01  0.169866D+01  0.873350D+03
  332.9687  0.161814D+01  0.162070D+01 -0.163212D+03
  333.1174  0.163829D+01  0.163718D+01  0.697453D+02
  333.2661  0.171012D+01  0.170792D+01  0.133149D+03
  333.4146  0.169194D+01  0.169086D+01  0.665755D+02
  333.5632  0.154070D+01  0.155405D+01 -0.855814D+03
  333.7116  0.145121D+01  0.144870D+01  0.160852D+03
  333.8600  0.150254D+01  0.151602D+01 -0.864180D+03
  334.0083  0.162520D+01  0.162471D+01  0.305599D+02
  334.1566  0.165511D+01  0.165794D+01 -0.167100D+03
  334.3048  0.169139D+01  0.168707D+01  0.256364D+03
  334.4529  0.177065D+01  0.177635D+01 -0.313516D+03
  334.6010  0.185458D+01  0.184311D+01  0.630294D+03
   23 331.627 334.897 333.262  2.269D-01  0.000D+00 -1.021D-03  0.000D+00  1.008D+00  4.839D+02   300  3.585D-03
  331.6273  0.163706D+01  0.163682D+01  0.151253D+02
  331.7766  0.172886D+01  0.173551D+01 -0.416068D+03
  331.9258  0.179130D+01  0.178728D+01  0.242196D+03
  332.0750  0.175443D+01  0.174492D+01  0.585191D+03
  332.2241  0.162047D+01  0.163342D+01 -0.829875D+03
  332.3732  0.155812D+01  0.154741D+01  0.686942D+03
  332.5222  0.162379D+01  0.162440D+01 -0.391003D+02
  332.6710  0.172661D+01  0.173516D+01 -0.524663D+03
  332.8199  0.171279D+01  0.170105D+01  0.725888D+03
  332.9687  0.161814D+01  0.162040D+01 -0.144196D+03
  333.1174  0.163829D+01  0.163883D+01 -0.341419D+02
  333.2661  0.171012D+01  0.171107D+01 -0.572402D+02
  333.4146  0.169194D+01  0.169083D+01  0.680977D+02
  333.5632  0.154070D+01  0.154972D+01 -0.578354D+03
  333.7116  0.145121D+01  0.144347D+01  0.496090D+03
  333.8600  0.150254D+01  0.151526D+01 -0.815753D+03
  334.0083  0.162520D+01  0.162464D+01  0.355258D+02
  334.1566  0.165511D+01  0.165500D+01  0.629721D+01
  334.3048  0.169139D+01  0.168372D+01  0.455658D+03
  334.4529  0.177065D+01  0.177548D+01 -0.265752D+03
  334.6010  0.185458D+01  0.184265D+01  0.655567D+03
  334.7490  0.180359D+01  0.179440D+01  0.504579D+03
  334.8969  0.161919D+01  0.163196D+01 -0.779780D+03
