 solar_fit_vary
           0
 T T
nw  fwave  lwave  avgwav    hwe     asym  shift    squeeze      sin      rms   exval  std
   31 263.776 274.757 269.267  5.002D-01  0.000D+00 -2.653D-02  0.000D+00  9.731D-01  2.876D+03 10300  2.923D-02
  263.7765  0.427971D+00  0.485424D+00 -0.171951D+04
  264.1461  0.554359D+00  0.544105D+00  0.283588D+04
  264.5144  0.497304D+00  0.500789D+00 -0.963845D+03
  264.8815  0.434433D+00  0.428159D+00  0.173538D+04
  265.2473  0.444759D+00  0.424159D+00  0.569720D+04
  265.6120  0.433793D+00  0.444077D+00 -0.284410D+04
  265.9755  0.396488D+00  0.421094D+00 -0.680502D+04
  266.3379  0.366338D+00  0.379666D+00 -0.368606D+04
  266.6992  0.355212D+00  0.358497D+00 -0.908543D+03
  267.0594  0.350700D+00  0.357689D+00 -0.197727D+04
  267.7766  0.346446D+00  0.352081D+00 -0.166495D+04
  268.1337  0.344065D+00  0.337009D+00  0.212435D+04
  268.4899  0.345907D+00  0.334595D+00  0.337166D+04
  268.8450  0.332668D+00  0.327586D+00  0.165258D+04
  269.1992  0.330632D+00  0.322255D+00  0.212991D+04
  269.5526  0.327343D+00  0.326434D+00  0.275356D+03
  269.9050  0.359499D+00  0.350189D+00  0.257466D+04
  270.2566  0.391847D+00  0.380674D+00  0.309021D+04
  270.6073  0.386309D+00  0.383678D+00  0.727668D+03
  270.9572  0.370295D+00  0.369532D+00  0.211242D+03
  271.3063  0.357536D+00  0.349116D+00  0.232879D+04
  271.6546  0.310676D+00  0.306714D+00  0.145084D+04
  272.0022  0.254247D+00  0.264704D+00 -0.423765D+04
  272.3490  0.259839D+00  0.269175D+00 -0.373936D+04
  272.6951  0.297221D+00  0.312055D+00 -0.554538D+04
  273.0405  0.338673D+00  0.340576D+00 -0.590355D+03
  273.3852  0.305070D+00  0.309632D+00 -0.167203D+04
  273.7292  0.249301D+00  0.248344D+00  0.387022D+03
  274.0725  0.209052D+00  0.202263D+00  0.295275D+04
  274.4153  0.188526D+00  0.181277D+00  0.334139D+04
  274.7574  0.180521D+00  0.179517D+00  0.462677D+03
   31 267.777 278.148 272.962  4.678D-01  0.000D+00  1.923D-02  0.000D+00  1.002D+00  1.425D+03 10300  1.618D-02
  267.7766  0.346446D+00  0.348892D+00 -0.722813D+03
  268.1337  0.344065D+00  0.337822D+00  0.187945D+04
  268.4899  0.345907D+00  0.341369D+00  0.135246D+04
  268.8450  0.332668D+00  0.337867D+00 -0.169103D+04
  269.1992  0.330632D+00  0.332219D+00 -0.403437D+03
  269.5526  0.327343D+00  0.333939D+00 -0.199844D+04
  269.9050  0.359499D+00  0.354642D+00  0.134317D+04
  270.2566  0.391847D+00  0.388325D+00  0.974084D+03
  270.6073  0.386309D+00  0.391887D+00 -0.154277D+04
  270.9572  0.370295D+00  0.373499D+00 -0.886113D+03
  271.3063  0.357536D+00  0.353113D+00  0.122346D+04
  271.6546  0.310676D+00  0.310269D+00  0.149100D+03
  272.0022  0.254247D+00  0.259385D+00 -0.208227D+04
  272.3490  0.259839D+00  0.255590D+00  0.170215D+04
  272.6951  0.297221D+00  0.296814D+00  0.152358D+03
  273.0405  0.338673D+00  0.333710D+00  0.153983D+04
  273.3852  0.305070D+00  0.310282D+00 -0.191026D+04
  273.7292  0.249301D+00  0.249458D+00 -0.637927D+02
  274.0725  0.209052D+00  0.202850D+00  0.269742D+04
  274.4153  0.188526D+00  0.182646D+00  0.271026D+04
  274.7574  0.180521D+00  0.182680D+00 -0.995300D+03
  275.0990  0.206163D+00  0.204988D+00  0.507488D+03
  275.4399  0.235636D+00  0.237612D+00 -0.798259D+03
  275.7803  0.275823D+00  0.278242D+00 -0.899181D+03
  276.1201  0.327201D+00  0.326841D+00  0.121702D+03
  276.4594  0.346648D+00  0.351747D+00 -0.148730D+04
  276.7981  0.351983D+00  0.359341D+00 -0.204019D+04
  277.1364  0.359896D+00  0.361654D+00 -0.485986D+03
  277.4741  0.359052D+00  0.350840D+00  0.227131D+04
  277.8114  0.305078D+00  0.303995D+00  0.358001D+03
  278.1482  0.259544D+00  0.258693D+00  0.275169D+03
   31 271.306 281.493 276.400  4.551D-01  0.000D+00  2.616D-02  0.000D+00  9.842D-01  1.422D+03 10300  1.603D-02
  271.3063  0.357536D+00  0.355903D+00  0.451795D+03
  271.6546  0.310676D+00  0.312570D+00 -0.693784D+03
  272.0022  0.254247D+00  0.259215D+00 -0.201312D+04
  272.3490  0.259839D+00  0.254028D+00  0.232758D+04
  272.6951  0.297221D+00  0.295771D+00  0.542363D+03
  273.0405  0.338673D+00  0.335349D+00  0.103134D+04
  273.3852  0.305070D+00  0.312445D+00 -0.270297D+04
  273.7292  0.249301D+00  0.250329D+00 -0.416216D+03
  274.0725  0.209052D+00  0.203020D+00  0.262359D+04
  274.4153  0.188526D+00  0.182610D+00  0.272722D+04
  274.7574  0.180521D+00  0.182321D+00 -0.829591D+03
  275.0990  0.206163D+00  0.204567D+00  0.689235D+03
  275.4399  0.235636D+00  0.237483D+00 -0.746139D+03
  275.7803  0.275823D+00  0.277624D+00 -0.669458D+03
  276.1201  0.327201D+00  0.327790D+00 -0.199556D+03
  276.4594  0.346648D+00  0.352752D+00 -0.178050D+04
  276.7981  0.351983D+00  0.360091D+00 -0.224822D+04
  277.1364  0.359896D+00  0.362150D+00 -0.623219D+03
  277.4741  0.359052D+00  0.352477D+00  0.181857D+04
  277.8114  0.305078D+00  0.304305D+00  0.255552D+03
  278.1482  0.259544D+00  0.257252D+00  0.741081D+03
  278.4845  0.244745D+00  0.236357D+00  0.225686D+04
  278.8204  0.214115D+00  0.207146D+00  0.191859D+04
  279.1559  0.158804D+00  0.158994D+00 -0.558216D+02
  279.4909  0.118740D+00  0.121655D+00 -0.901498D+03
  279.8256  0.104579D+00  0.107090D+00 -0.805318D+03
  280.1598  0.105102D+00  0.108630D+00 -0.114008D+04
  280.4936  0.124508D+00  0.129883D+00 -0.171748D+04
  280.8271  0.178900D+00  0.177804D+00  0.328148D+03
  281.1602  0.239715D+00  0.239132D+00  0.166396D+03
  281.4929  0.306188D+00  0.306021D+00  0.447083D+02
   31 274.757 284.802 279.780  4.188D-01  0.000D+00  2.421D-02  0.000D+00  9.992D-01  1.236D+03   300  2.053D-02
  274.7574  0.180521D+00  0.179616D+00  0.417227D+03
  275.0990  0.206163D+00  0.202365D+00  0.164000D+04
  275.4399  0.235636D+00  0.236168D+00 -0.214934D+03
  275.7803  0.275823D+00  0.274724D+00  0.408489D+03
  276.1201  0.327201D+00  0.329152D+00 -0.661140D+03
  276.4594  0.346648D+00  0.352812D+00 -0.179803D+04
  276.7981  0.351983D+00  0.359742D+00 -0.215141D+04
  277.1364  0.359896D+00  0.362406D+00 -0.694014D+03
  277.4741  0.359052D+00  0.356320D+00  0.755721D+03
  277.8114  0.305078D+00  0.304246D+00  0.274852D+03
  278.1482  0.259544D+00  0.255181D+00  0.141080D+04
  278.4845  0.244745D+00  0.238059D+00  0.179899D+04
  278.8204  0.214115D+00  0.209531D+00  0.126192D+04
  279.1559  0.158804D+00  0.158199D+00  0.177921D+03
  279.4909  0.118740D+00  0.119992D+00 -0.387058D+03
  279.8256  0.104579D+00  0.106269D+00 -0.541792D+03
  280.1598  0.105102D+00  0.107302D+00 -0.710748D+03
  280.4936  0.124508D+00  0.127554D+00 -0.973248D+03
  280.8271  0.178900D+00  0.176125D+00  0.830585D+03
  281.1602  0.239715D+00  0.236294D+00  0.976229D+03
  281.4929  0.306188D+00  0.301393D+00  0.129027D+04
  281.8252  0.363752D+00  0.363418D+00  0.924511D+02
  282.1572  0.407754D+00  0.407495D+00  0.715664D+02
  282.4889  0.431577D+00  0.431114D+00  0.128132D+03
  282.8203  0.453967D+00  0.453024D+00  0.260804D+03
  283.1513  0.477928D+00  0.481683D+00 -0.103824D+04
  283.4820  0.460932D+00  0.475699D+00 -0.408393D+04
  283.8123  0.462039D+00  0.458969D+00  0.849165D+03
  284.1424  0.445266D+00  0.438925D+00  0.175373D+04
  284.4721  0.385136D+00  0.381343D+00  0.104892D+04
  284.8016  0.282013D+00  0.282425D+00 -0.119881D+03
   31 278.148 288.081 283.114  3.762D-01  0.000D+00  7.724D-03  0.000D+00  9.942D-01  8.974D+02 10300  6.461D-03
  278.1482  0.259544D+00  0.259108D+00  0.140897D+03
  278.4845  0.244745D+00  0.245726D+00 -0.263914D+03
  278.8204  0.214115D+00  0.214387D+00 -0.750121D+02
  279.1559  0.158804D+00  0.157016D+00  0.525653D+03
  279.4909  0.118740D+00  0.118445D+00  0.913498D+02
  279.8256  0.104579D+00  0.106183D+00 -0.514417D+03
  280.1598  0.105102D+00  0.107089D+00 -0.641872D+03
  280.4936  0.124508D+00  0.126870D+00 -0.754719D+03
  280.8271  0.178900D+00  0.178466D+00  0.130054D+03
  281.1602  0.239715D+00  0.238078D+00  0.467267D+03
  281.4929  0.306188D+00  0.303459D+00  0.734366D+03
  281.8252  0.363752D+00  0.365102D+00 -0.373285D+03
  282.1572  0.407754D+00  0.407720D+00  0.942282D+01
  282.4889  0.431577D+00  0.428615D+00  0.819379D+03
  282.8203  0.453967D+00  0.449507D+00  0.123327D+04
  283.1513  0.477928D+00  0.483228D+00 -0.146556D+04
  283.4820  0.460932D+00  0.472300D+00 -0.314386D+04
  283.8123  0.462039D+00  0.457359D+00  0.129447D+04
  284.1424  0.445266D+00  0.441112D+00  0.114899D+04
  284.4721  0.385136D+00  0.383332D+00  0.498835D+03
  284.8016  0.282013D+00  0.281386D+00  0.183077D+03
  285.1308  0.169704D+00  0.168692D+00  0.332969D+03
  285.4597  0.170821D+00  0.167711D+00  0.102129D+04
  285.7883  0.291760D+00  0.291009D+00  0.215053D+03
  286.1166  0.427759D+00  0.429426D+00 -0.461163D+03
  286.4446  0.497569D+00  0.499389D+00 -0.503578D+03
  286.7723  0.505344D+00  0.508939D+00 -0.994086D+03
  287.0999  0.542786D+00  0.541347D+00  0.397939D+03
  287.4270  0.556871D+00  0.555583D+00  0.356382D+03
  287.7540  0.486702D+00  0.483058D+00  0.100791D+04
  288.0806  0.374456D+00  0.378027D+00 -0.983455D+03
   31 281.493 291.332 286.412  3.743D-01  0.000D+00  5.212D-03  0.000D+00  9.881D-01  1.124D+03   300  6.710D-03
  281.4929  0.306188D+00  0.302293D+00  0.104806D+04
  281.8252  0.363752D+00  0.364310D+00 -0.154280D+03
  282.1572  0.407754D+00  0.407414D+00  0.939885D+02
  282.4889  0.431577D+00  0.428703D+00  0.794929D+03
  282.8203  0.453967D+00  0.450168D+00  0.105044D+04
  283.1513  0.477928D+00  0.484496D+00 -0.181631D+04
  283.4820  0.460932D+00  0.473248D+00 -0.340619D+04
  283.8123  0.462039D+00  0.458593D+00  0.952951D+03
  284.1424  0.445266D+00  0.442215D+00  0.843992D+03
  284.4721  0.385136D+00  0.383913D+00  0.338177D+03
  284.8016  0.282013D+00  0.281200D+00  0.237140D+03
  285.1308  0.169704D+00  0.168060D+00  0.540953D+03
  285.4597  0.170821D+00  0.168107D+00  0.890994D+03
  285.7883  0.291760D+00  0.292322D+00 -0.161106D+03
  286.1166  0.427759D+00  0.430492D+00 -0.755963D+03
  286.4446  0.497569D+00  0.499443D+00 -0.518355D+03
  286.7723  0.505344D+00  0.508042D+00 -0.746220D+03
  287.0999  0.542786D+00  0.540518D+00  0.627121D+03
  287.4270  0.556871D+00  0.553920D+00  0.816173D+03
  287.7540  0.486702D+00  0.480656D+00  0.167225D+04
  288.0806  0.374456D+00  0.375357D+00 -0.248058D+03
  288.4070  0.422793D+00  0.416422D+00  0.176197D+04
  288.7331  0.558452D+00  0.552671D+00  0.159880D+04
  289.0589  0.595916D+00  0.597692D+00 -0.491134D+03
  289.3845  0.642769D+00  0.645498D+00 -0.754686D+03
  289.7097  0.752776D+00  0.755831D+00 -0.842652D+03
  290.0347  0.866629D+00  0.869028D+00 -0.663341D+03
  290.3595  0.927581D+00  0.929972D+00 -0.613098D+03
  290.6839  0.916539D+00  0.920142D+00 -0.989317D+03
  291.0080  0.882203D+00  0.883486D+00 -0.355028D+03
  291.3319  0.896235D+00  0.888933D+00  0.201934D+04
   31 284.802 294.554 289.678  3.660D-01  0.000D+00  7.927D-03  0.000D+00  9.885D-01  1.144D+03   300  5.081D-03
  284.8016  0.282013D+00  0.282502D+00 -0.142406D+03
  285.1308  0.169704D+00  0.166858D+00  0.936571D+03
  285.4597  0.170821D+00  0.165525D+00  0.173894D+04
  285.7883  0.291760D+00  0.291029D+00  0.209383D+03
  286.1166  0.427759D+00  0.431017D+00 -0.901218D+03
  286.4446  0.497569D+00  0.500820D+00 -0.899227D+03
  286.7723  0.505344D+00  0.508318D+00 -0.822542D+03
  287.0999  0.542786D+00  0.541514D+00  0.351606D+03
  287.4270  0.556871D+00  0.557178D+00 -0.847513D+02
  287.7540  0.486702D+00  0.483768D+00  0.811523D+03
  288.0806  0.374456D+00  0.374715D+00 -0.712466D+02
  288.4070  0.422793D+00  0.414999D+00  0.215550D+04
  288.7331  0.558452D+00  0.555787D+00  0.737119D+03
  289.0589  0.595916D+00  0.599259D+00 -0.924536D+03
  289.3845  0.642769D+00  0.645284D+00 -0.695465D+03
  289.7097  0.752776D+00  0.756231D+00 -0.952972D+03
  290.0347  0.866629D+00  0.869690D+00 -0.846507D+03
  290.3595  0.927581D+00  0.930008D+00 -0.622396D+03
  290.6839  0.916539D+00  0.918601D+00 -0.566010D+03
  291.0080  0.882203D+00  0.878240D+00  0.109604D+04
  291.3319  0.896235D+00  0.883215D+00  0.360073D+04
  291.6555  0.857373D+00  0.853427D+00  0.109135D+04
  291.9788  0.834807D+00  0.835254D+00 -0.123552D+03
  292.3017  0.800912D+00  0.805746D+00 -0.133702D+04
  292.6244  0.724705D+00  0.732813D+00 -0.224237D+04
  292.9467  0.759421D+00  0.764351D+00 -0.136341D+04
  293.2688  0.875303D+00  0.874170D+00  0.313353D+03
  293.5905  0.830364D+00  0.828594D+00  0.489392D+03
  293.9119  0.729171D+00  0.729254D+00 -0.229893D+02
  294.2329  0.771771D+00  0.770084D+00  0.466580D+03
  294.5536  0.798782D+00  0.798118D+00  0.183850D+03
   31 288.081 297.740 292.910  3.604D-01  0.000D+00  9.554D-03  0.000D+00  9.865D-01  1.102D+03 10300  3.953D-03
  288.0806  0.374456D+00  0.373706D+00  0.206662D+03
  288.4070  0.422793D+00  0.413603D+00  0.254155D+04
  288.7331  0.558452D+00  0.557493D+00  0.265424D+03
  289.0589  0.595916D+00  0.599862D+00 -0.109128D+04
  289.3845  0.642769D+00  0.644903D+00 -0.590147D+03
  289.7097  0.752776D+00  0.756579D+00 -0.104872D+04
  290.0347  0.866629D+00  0.870620D+00 -0.110385D+04
  290.3595  0.927581D+00  0.931211D+00 -0.930745D+03
  290.6839  0.916539D+00  0.919579D+00 -0.834651D+03
  291.0080  0.882203D+00  0.877613D+00  0.126942D+04
  291.3319  0.896235D+00  0.883648D+00  0.348098D+04
  291.6555  0.857373D+00  0.852843D+00  0.125279D+04
  291.9788  0.834807D+00  0.834675D+00  0.364421D+02
  292.3017  0.800912D+00  0.805870D+00 -0.137134D+04
  292.6244  0.724705D+00  0.730951D+00 -0.172736D+04
  292.9467  0.759421D+00  0.761619D+00 -0.607861D+03
  293.2688  0.875303D+00  0.874648D+00  0.181213D+03
  293.5905  0.830364D+00  0.828803D+00  0.431503D+03
  293.9119  0.729171D+00  0.726673D+00  0.690661D+03
  294.2329  0.771771D+00  0.769565D+00  0.610042D+03
  294.5536  0.798782D+00  0.799708D+00 -0.256109D+03
  294.8740  0.731554D+00  0.735416D+00 -0.106801D+04
  295.1940  0.791484D+00  0.790040D+00  0.399143D+03
  295.5136  0.839970D+00  0.838807D+00  0.321425D+03
  295.8328  0.864354D+00  0.866468D+00 -0.584802D+03
  296.1517  0.901298D+00  0.903343D+00 -0.565375D+03
  296.4701  0.805485D+00  0.805229D+00  0.707659D+02
  296.7882  0.638984D+00  0.636721D+00  0.625818D+03
  297.1058  0.644389D+00  0.641774D+00  0.723173D+03
  297.4231  0.763402D+00  0.766581D+00 -0.879076D+03
  297.7398  0.927912D+00  0.925959D+00  0.465437D+03
   31 291.332 300.880 296.106  3.616D-01  0.000D+00  8.331D-03  0.000D+00  9.992D-01  4.819D+03 10000  1.383D-02
  291.3319  0.896235D+00  0.906366D+00 -0.280189D+04
  291.6555  0.857373D+00  0.863996D+00 -0.183155D+04
  291.9788  0.834807D+00  0.837249D+00 -0.675342D+03
  292.3017  0.800912D+00  0.801776D+00 -0.239015D+03
  292.6244  0.724705D+00  0.723690D+00  0.280636D+03
  292.9467  0.759421D+00  0.751990D+00  0.205521D+04
  293.2688  0.875303D+00  0.861105D+00  0.392671D+04
  293.5905  0.830364D+00  0.815399D+00  0.413874D+04
  293.9119  0.729171D+00  0.716662D+00  0.345956D+04
  294.2329  0.771771D+00  0.760643D+00  0.307772D+04
  294.5536  0.798782D+00  0.792395D+00  0.176645D+04
  294.8740  0.731554D+00  0.732312D+00 -0.209625D+03
  295.1940  0.791484D+00  0.790228D+00  0.347134D+03
  295.5136  0.839970D+00  0.842771D+00 -0.774876D+03
  295.8328  0.864354D+00  0.875110D+00 -0.297488D+04
  296.1517  0.901298D+00  0.916090D+00 -0.409088D+04
  296.4701  0.805485D+00  0.819569D+00 -0.389513D+04
  296.7882  0.638984D+00  0.651555D+00 -0.347689D+04
  297.1058  0.644389D+00  0.659189D+00 -0.409327D+04
  297.4231  0.763402D+00  0.789591D+00 -0.724290D+04
  297.7398  0.927912D+00  0.953438D+00 -0.608284D+04
  298.0561  0.841439D+00  0.850033D+00 -0.237693D+04
  298.3719  0.623198D+00  0.614422D+00  0.229533D+04
  298.6873  0.620178D+00  0.599894D+00  0.560985D+04
  299.0022  0.795922D+00  0.757565D+00  0.106083D+05
  299.3166  0.827171D+00  0.776019D+00  0.141469D+05
  299.6305  0.774458D+00  0.748618D+00  0.714631D+04
  299.9438  0.701873D+00  0.707683D+00 -0.160675D+04
  300.2566  0.586886D+00  0.595507D+00 -0.238439D+04
  300.5688  0.646444D+00  0.669052D+00 -0.625257D+04
  300.8804  0.693328D+00  0.714267D+00 -0.579099D+04
   31 294.554 303.962 299.258  3.755D-01  0.000D+00  2.355D-03  0.000D+00  9.951D-01  6.891D+03 10000  1.979D-02
  294.5536  0.798782D+00  0.773274D+00  0.705477D+04
  294.8740  0.731554D+00  0.729410D+00  0.593043D+03
  295.1940  0.791484D+00  0.789018D+00  0.681761D+03
  295.5136  0.839970D+00  0.844213D+00 -0.117347D+04
  295.8328  0.864354D+00  0.879839D+00 -0.428272D+04
  296.1517  0.901298D+00  0.915813D+00 -0.401422D+04
  296.4701  0.805485D+00  0.815722D+00 -0.283123D+04
  296.7882  0.638984D+00  0.655895D+00 -0.467698D+04
  297.1058  0.644389D+00  0.661560D+00 -0.474906D+04
  297.4231  0.763402D+00  0.789884D+00 -0.732396D+04
  297.7398  0.927912D+00  0.937496D+00 -0.228383D+04
  298.0561  0.841439D+00  0.831090D+00  0.286217D+04
  298.3719  0.623198D+00  0.608927D+00  0.373221D+04
  298.6873  0.620178D+00  0.597053D+00  0.639536D+04
  299.0022  0.795922D+00  0.742126D+00  0.148782D+05
  299.3166  0.827171D+00  0.761846D+00  0.180667D+05
  299.6305  0.774458D+00  0.739322D+00  0.971732D+04
  299.9438  0.701873D+00  0.696734D+00  0.142114D+04
  300.2566  0.586886D+00  0.602222D+00 -0.424134D+04
  300.5688  0.646444D+00  0.676846D+00 -0.840805D+04
  300.8804  0.693328D+00  0.735583D+00 -0.116862D+05
  301.1915  0.764048D+00  0.805981D+00 -0.115973D+05
  301.5020  0.787118D+00  0.821377D+00 -0.947481D+04
  301.8118  0.673673D+00  0.683483D+00 -0.271318D+04
  302.1209  0.603351D+00  0.583104D+00  0.559983D+04
  302.4294  0.738803D+00  0.714311D+00  0.677344D+04
  302.7373  0.897742D+00  0.878252D+00  0.415032D+04
  303.0445  0.100542D+01  0.986375D+00  0.310022D+04
  303.3509  0.104468D+01  0.104662D+01 -0.305571D+03
  303.6566  0.995426D+00  0.100642D+01 -0.179290D+04
  303.9615  0.920469D+00  0.911983D+00  0.163351D+04
   31 297.740 306.965 302.352  4.012D-01  0.000D+00 -1.746D-02  0.000D+00  9.831D-01  6.751D+03 10300  2.262D-02
  297.7398  0.927912D+00  0.975020D+00 -0.112260D+05
  298.0561  0.841439D+00  0.842816D+00 -0.380905D+03
  298.3719  0.623198D+00  0.629026D+00 -0.152389D+04
  298.6873  0.620178D+00  0.622453D+00 -0.629281D+03
  299.0022  0.795922D+00  0.747381D+00  0.134248D+05
  299.3166  0.827171D+00  0.761025D+00  0.182936D+05
  299.6305  0.774458D+00  0.739028D+00  0.979864D+04
  299.9438  0.701873D+00  0.685142D+00  0.462717D+04
  300.2566  0.586886D+00  0.612579D+00 -0.710575D+04
  300.5688  0.646444D+00  0.678591D+00 -0.889060D+04
  300.8804  0.693328D+00  0.740313D+00 -0.129943D+05
  301.1915  0.764048D+00  0.807965D+00 -0.121461D+05
  301.5020  0.787118D+00  0.809842D+00 -0.628461D+04
  301.8118  0.673673D+00  0.677035D+00 -0.929702D+03
  302.1209  0.603351D+00  0.601476D+00  0.518691D+03
  302.4294  0.738803D+00  0.727776D+00  0.304964D+04
  302.7373  0.897742D+00  0.885649D+00  0.257516D+04
  303.0445  0.100542D+01  0.987419D+00  0.293022D+04
  303.3509  0.104468D+01  0.103625D+01  0.132728D+04
  303.6566  0.995426D+00  0.984616D+00  0.176244D+04
  303.9615  0.920469D+00  0.898797D+00  0.417181D+04
  304.2657  0.945529D+00  0.921287D+00  0.420731D+04
  304.5691  0.997847D+00  0.967786D+00  0.477092D+04
  304.8717  0.101178D+01  0.977533D+00  0.529357D+04
  305.1734  0.104368D+01  0.103882D+01  0.703295D+03
  305.4743  0.958761D+00  0.985159D+00 -0.409786D+04
  305.7743  0.811337D+00  0.831790D+00 -0.386543D+04
  306.0734  0.820592D+00  0.834824D+00 -0.228825D+04
  306.3715  0.878770D+00  0.899462D+00 -0.286140D+04
  306.6688  0.873142D+00  0.881005D+00 -0.108727D+04
  306.9651  0.943642D+00  0.930801D+00  0.177571D+04
   31 300.880 309.869 305.375  4.056D-01  0.000D+00 -2.444D-02  0.000D+00  9.999D-01  1.730D+03 10300  8.303D-03
  300.8804  0.693328D+00  0.688558D+00  0.131925D+04
  301.1915  0.764048D+00  0.770942D+00 -0.190666D+04
  301.5020  0.787118D+00  0.785679D+00  0.398046D+03
  301.8118  0.673673D+00  0.667421D+00  0.172907D+04
  302.1209  0.603351D+00  0.606042D+00 -0.744129D+03
  302.4294  0.738803D+00  0.739808D+00 -0.277940D+03
  302.7373  0.897742D+00  0.903026D+00 -0.112521D+04
  303.0445  0.100542D+01  0.100818D+01 -0.450379D+03
  303.3509  0.104468D+01  0.105656D+01 -0.187105D+04
  303.6566  0.995426D+00  0.100112D+01 -0.928724D+03
  303.9615  0.920469D+00  0.914549D+00  0.113953D+04
  304.2657  0.945529D+00  0.935441D+00  0.175095D+04
  304.5691  0.997847D+00  0.976830D+00  0.333557D+04
  304.8717  0.101178D+01  0.984927D+00  0.415067D+04
  305.1734  0.104368D+01  0.103993D+01  0.542707D+03
  305.4743  0.958761D+00  0.978588D+00 -0.307784D+04
  305.7743  0.811337D+00  0.827730D+00 -0.309821D+04
  306.0734  0.820592D+00  0.832268D+00 -0.187736D+04
  306.3715  0.878770D+00  0.892986D+00 -0.196594D+04
  306.6688  0.873142D+00  0.878517D+00 -0.743196D+03
  306.9651  0.943642D+00  0.932894D+00  0.148626D+04
  307.2603  0.101002D+01  0.993433D+00  0.229350D+04
  307.5545  0.100562D+01  0.996251D+00  0.129509D+04
  307.8477  0.999381D+00  0.100372D+01 -0.600651D+03
  308.1399  0.994338D+00  0.100424D+01 -0.136877D+04
  308.4309  0.101994D+01  0.102562D+01 -0.727898D+03
  308.7208  0.103135D+01  0.101474D+01  0.171102D+04
  309.0096  0.918040D+00  0.903666D+00  0.142591D+04
  309.2972  0.803751D+00  0.810257D+00 -0.608748D+03
  309.5836  0.794180D+00  0.800496D+00 -0.582312D+03
  309.8687  0.780391D+00  0.784684D+00 -0.395700D+03
   21 303.962 309.869 306.915  3.961D-01  0.000D+00 -4.738D-02  0.000D+00  9.758D-01  1.541D+03   304  1.200D-02
  303.9615  0.920469D+00  0.925846D+00 -0.103512D+04
  304.2657  0.945529D+00  0.951088D+00 -0.964657D+03
  304.5691  0.997847D+00  0.985331D+00  0.198650D+04
  304.8717  0.101178D+01  0.989046D+00  0.351393D+04
  305.1734  0.104368D+01  0.104569D+01 -0.292167D+03
  305.4743  0.958761D+00  0.967133D+00 -0.129958D+04
  305.7743  0.811337D+00  0.813345D+00 -0.379515D+03
  306.0734  0.820592D+00  0.834473D+00 -0.223186D+04
  306.3715  0.878770D+00  0.892049D+00 -0.183638D+04
  306.6688  0.873142D+00  0.873655D+00 -0.708755D+02
  306.9651  0.943642D+00  0.936946D+00  0.925985D+03
  307.2603  0.101002D+01  0.994633D+00  0.212752D+04
  307.5545  0.100562D+01  0.995197D+00  0.144082D+04
  307.8477  0.999381D+00  0.100471D+01 -0.737217D+03
  308.1399  0.994338D+00  0.100536D+01 -0.152394D+04
  308.4309  0.101994D+01  0.103130D+01 -0.145504D+04
  308.7208  0.103135D+01  0.101482D+01  0.170299D+04
  309.0096  0.918040D+00  0.895592D+00  0.222692D+04
  309.2972  0.803751D+00  0.807476D+00 -0.348521D+03
  309.5836  0.794180D+00  0.803984D+00 -0.903796D+03
  309.8687  0.780391D+00  0.783180D+00 -0.257040D+03
   31 310.116 314.847 312.481  2.410D-01  0.000D+00  1.148D-02  0.000D+00  9.865D-01  1.587D+03   300  8.460D-03
  310.1160  0.891743D+00  0.921150D+00 -0.204310D+04
  310.2747  0.974607D+00  0.998646D+00 -0.168192D+04
  310.4334  0.122749D+01  0.127213D+01 -0.296941D+04
  310.5920  0.145907D+01  0.144846D+01  0.676551D+03
  310.7506  0.156994D+01  0.151837D+01  0.330542D+04
  310.9091  0.158320D+01  0.154518D+01  0.247822D+04
  311.0674  0.153766D+01  0.149122D+01  0.305760D+04
  311.2258  0.146055D+01  0.143365D+01  0.182320D+04
  311.3840  0.139438D+01  0.139853D+01 -0.294374D+03
  311.5422  0.131327D+01  0.132853D+01 -0.115302D+04
  311.7003  0.118319D+01  0.121533D+01 -0.254343D+04
  311.8583  0.105634D+01  0.108133D+01 -0.205793D+04
  312.0163  0.968965D+00  0.991768D+00 -0.198291D+04
  312.1741  0.965245D+00  0.976956D+00 -0.102910D+04
  312.3319  0.102533D+01  0.103799D+01 -0.106145D+04
  312.4897  0.107885D+01  0.109311D+01 -0.117053D+04
  312.6473  0.108896D+01  0.107893D+01  0.820150D+03
  312.8049  0.108917D+01  0.108022D+01  0.732635D+03
  312.9624  0.111169D+01  0.110287D+01  0.718886D+03
  313.1198  0.111344D+01  0.109725D+01  0.132056D+04
  313.2772  0.108552D+01  0.107227D+01  0.109218D+04
  313.4344  0.107199D+01  0.105872D+01  0.109608D+04
  313.5916  0.110365D+01  0.109580D+01  0.640815D+03
  313.7488  0.119692D+01  0.119010D+01  0.539520D+03
  313.9058  0.128538D+01  0.129214D+01 -0.528924D+03
  314.0628  0.131834D+01  0.132170D+01 -0.262576D+03
  314.2197  0.121594D+01  0.123432D+01 -0.145196D+04
  314.3765  0.100558D+01  0.101391D+01 -0.710823D+03
  314.5333  0.860063D+00  0.842631D+00  0.164459D+04
  314.6899  0.902422D+00  0.906817D+00 -0.399430D+03
  314.8466  0.107319D+01  0.107501D+01 -0.146395D+03
   31 311.700 316.409 314.054  2.535D-01  0.000D+00  8.294D-03  0.000D+00  9.929D-01  5.710D+02 10300  3.288D-03
  311.7003  0.118319D+01  0.116429D+01  0.149577D+04
  311.8583  0.105634D+01  0.105269D+01  0.299900D+03
  312.0163  0.968965D+00  0.979098D+00 -0.881186D+03
  312.1741  0.965245D+00  0.974147D+00 -0.782245D+03
  312.3319  0.102533D+01  0.103688D+01 -0.968299D+03
  312.4897  0.107885D+01  0.109096D+01 -0.994783D+03
  312.6473  0.108896D+01  0.108670D+01  0.184865D+03
  312.8049  0.108917D+01  0.109052D+01 -0.110377D+03
  312.9624  0.111169D+01  0.111051D+01  0.956102D+02
  313.1198  0.111344D+01  0.110455D+01  0.725262D+03
  313.2772  0.108552D+01  0.108056D+01  0.409031D+03
  313.4344  0.107199D+01  0.106834D+01  0.302134D+03
  313.5916  0.110365D+01  0.110512D+01 -0.119931D+03
  313.7488  0.119692D+01  0.119471D+01  0.175037D+03
  313.9058  0.128538D+01  0.128771D+01 -0.182307D+03
  314.0628  0.131834D+01  0.130948D+01  0.693405D+03
  314.2197  0.121594D+01  0.121572D+01  0.172119D+02
  314.3765  0.100558D+01  0.100567D+01 -0.736073D+01
  314.5333  0.860063D+00  0.852043D+00  0.756573D+03
  314.6899  0.902422D+00  0.909470D+00 -0.640557D+03
  314.8466  0.107319D+01  0.106870D+01  0.362359D+03
  315.0031  0.118721D+01  0.118701D+01  0.159533D+02
  315.1596  0.122556D+01  0.122460D+01  0.749491D+02
  315.3160  0.121458D+01  0.121796D+01 -0.264836D+03
  315.4723  0.117562D+01  0.118065D+01 -0.396594D+03
  315.6285  0.106814D+01  0.107715D+01 -0.734042D+03
  315.7847  0.903582D+00  0.909930D+00 -0.573407D+03
  315.9408  0.774850D+00  0.776937D+00 -0.204110D+03
  316.0968  0.766607D+00  0.767769D+00 -0.113597D+03
  316.2528  0.872213D+00  0.863705D+00  0.799849D+03
  316.4086  0.990777D+00  0.986133D+00  0.396452D+03
   31 313.277 317.963 315.620  2.551D-01  0.000D+00  6.247D-03  0.000D+00  9.969D-01  3.504D+02 10300  1.976D-03
  313.2772  0.108552D+01  0.108258D+01  0.242381D+03
  313.4344  0.107199D+01  0.107162D+01  0.309985D+02
  313.5916  0.110365D+01  0.110954D+01 -0.481205D+03
  313.7488  0.119692D+01  0.119935D+01 -0.191581D+03
  313.9058  0.128538D+01  0.129112D+01 -0.448821D+03
  314.0628  0.131834D+01  0.131066D+01  0.600859D+03
  314.2197  0.121594D+01  0.121406D+01  0.147921D+03
  314.3765  0.100558D+01  0.100381D+01  0.151917D+03
  314.5333  0.860063D+00  0.853353D+00  0.633067D+03
  314.6899  0.902422D+00  0.911399D+00 -0.815859D+03
  314.8466  0.107319D+01  0.106877D+01  0.356883D+03
  315.0031  0.118721D+01  0.118501D+01  0.172319D+03
  315.1596  0.122556D+01  0.122177D+01  0.296317D+03
  315.3160  0.121458D+01  0.121476D+01 -0.144906D+02
  315.4723  0.117562D+01  0.117672D+01 -0.867053D+02
  315.6285  0.106814D+01  0.107284D+01 -0.382660D+03
  315.7847  0.903582D+00  0.907234D+00 -0.329859D+03
  315.9408  0.774850D+00  0.777390D+00 -0.248326D+03
  316.0968  0.766607D+00  0.771029D+00 -0.432344D+03
  316.2528  0.872213D+00  0.869306D+00  0.273280D+03
  316.4086  0.990777D+00  0.994017D+00 -0.276642D+03
  316.5645  0.107402D+01  0.107001D+01  0.327436D+03
  316.7202  0.111347D+01  0.111416D+01 -0.564109D+02
  316.8759  0.116664D+01  0.116785D+01 -0.961826D+02
  317.0314  0.127240D+01  0.126749D+01  0.384429D+03
  317.1870  0.139763D+01  0.139764D+01 -0.130338D+01
  317.3424  0.145874D+01  0.145758D+01  0.853753D+02
  317.4977  0.144409D+01  0.143815D+01  0.438652D+03
  317.6530  0.140145D+01  0.140045D+01  0.764832D+02
  317.8083  0.128130D+01  0.128957D+01 -0.646993D+03
  317.9634  0.108375D+01  0.108279D+01  0.773264D+02
   31 314.847 319.511 317.179  2.557D-01  0.000D+00  4.242D-03  0.000D+00  9.987D-01  2.720D+02 10300  1.677D-03
  314.8466  0.107319D+01  0.107507D+01 -0.151457D+03
  315.0031  0.118721D+01  0.118840D+01 -0.928998D+02
  315.1596  0.122556D+01  0.122270D+01  0.223719D+03
  315.3160  0.121458D+01  0.121395D+01  0.489582D+02
  315.4723  0.117562D+01  0.117419D+01  0.112746D+03
  315.6285  0.106814D+01  0.106885D+01 -0.581774D+02
  315.7847  0.903582D+00  0.903286D+00  0.268022D+02
  315.9408  0.774850D+00  0.775153D+00 -0.295970D+02
  316.0968  0.766607D+00  0.770506D+00 -0.381289D+03
  316.2528  0.872213D+00  0.869432D+00  0.261468D+03
  316.4086  0.990777D+00  0.993755D+00 -0.254292D+03
  316.5645  0.107402D+01  0.106951D+01  0.367816D+03
  316.7202  0.111347D+01  0.111418D+01 -0.577651D+02
  316.8759  0.116664D+01  0.116880D+01 -0.171032D+03
  317.0314  0.127240D+01  0.126973D+01  0.208987D+03
  317.1870  0.139763D+01  0.139971D+01 -0.157639D+03
  317.3424  0.145874D+01  0.145872D+01  0.196237D+01
  317.4977  0.144409D+01  0.143915D+01  0.364587D+03
  317.6530  0.140145D+01  0.140070D+01  0.575868D+02
  317.8083  0.128130D+01  0.128765D+01 -0.496769D+03
  317.9634  0.108375D+01  0.108014D+01  0.291257D+03
  318.1185  0.920118D+00  0.924806D+00 -0.411677D+03
  318.2735  0.901096D+00  0.905572D+00 -0.396788D+03
  318.4285  0.978418D+00  0.976280D+00  0.180752D+03
  318.5833  0.107557D+01  0.107703D+01 -0.117076D+03
  318.7381  0.118078D+01  0.117782D+01  0.231634D+03
  318.8928  0.127544D+01  0.126856D+01  0.530044D+03
  319.0475  0.126709D+01  0.127141D+01 -0.336850D+03
  319.2020  0.113306D+01  0.113076D+01  0.179965D+03
  319.3565  0.100975D+01  0.100537D+01  0.352144D+03
  319.5110  0.102193D+01  0.102796D+01 -0.481331D+03
   31 316.409 321.051 318.730  2.548D-01  0.000D+00  3.065D-03  0.000D+00  9.997D-01  3.351D+02 10300  2.224D-03
  316.4086  0.990777D+00  0.993880D+00 -0.264961D+03
  316.5645  0.107402D+01  0.106955D+01  0.365106D+03
  316.7202  0.111347D+01  0.111431D+01 -0.679731D+02
  316.8759  0.116664D+01  0.116906D+01 -0.191373D+03
  317.0314  0.127240D+01  0.127052D+01  0.146878D+03
  317.1870  0.139763D+01  0.140076D+01 -0.237751D+03
  317.3424  0.145874D+01  0.145876D+01 -0.141892D+01
  317.4977  0.144409D+01  0.143831D+01  0.426614D+03
  317.6530  0.140145D+01  0.139973D+01  0.131100D+03
  317.8083  0.128130D+01  0.128589D+01 -0.359149D+03
  317.9634  0.108375D+01  0.107733D+01  0.517416D+03
  318.1185  0.920118D+00  0.922679D+00 -0.224946D+03
  318.2735  0.901096D+00  0.904727D+00 -0.321903D+03
  318.4285  0.978418D+00  0.976266D+00  0.181998D+03
  318.5833  0.107557D+01  0.107753D+01 -0.157463D+03
  318.7381  0.118078D+01  0.117886D+01  0.150234D+03
  318.8928  0.127544D+01  0.127080D+01  0.357173D+03
  319.0475  0.126709D+01  0.127426D+01 -0.559262D+03
  319.2020  0.113306D+01  0.113316D+01 -0.734524D+01
  319.3565  0.100975D+01  0.100922D+01  0.427417D+02
  319.5110  0.102193D+01  0.103542D+01 -0.107724D+04
  319.6653  0.113621D+01  0.113303D+01  0.248860D+03
  319.8196  0.124952D+01  0.124265D+01  0.524720D+03
  319.9738  0.132209D+01  0.132098D+01  0.811617D+02
  320.1280  0.134888D+01  0.134227D+01  0.476715D+03
  320.2821  0.137405D+01  0.137589D+01 -0.130857D+03
  320.4360  0.143525D+01  0.143897D+01 -0.256638D+03
  320.5900  0.148116D+01  0.147836D+01  0.190541D+03
  320.7439  0.144874D+01  0.144762D+01  0.762530D+02
  320.8976  0.132392D+01  0.132564D+01 -0.117846D+03
  321.0514  0.115361D+01  0.115520D+01 -0.121899D+03
   31 317.963 322.585 320.274  2.524D-01  0.000D+00  2.523D-03  0.000D+00  9.925D-01  3.416D+02   300  2.424D-03
  317.9634  0.108375D+01  0.107831D+01  0.438687D+03
  318.1185  0.920118D+00  0.922118D+00 -0.175601D+03
  318.2735  0.901096D+00  0.904933D+00 -0.340137D+03
  318.4285  0.978418D+00  0.977158D+00  0.106519D+03
  318.5833  0.107557D+01  0.107836D+01 -0.223729D+03
  318.7381  0.118078D+01  0.117922D+01  0.122071D+03
  318.8928  0.127544D+01  0.127192D+01  0.271417D+03
  319.0475  0.126709D+01  0.127577D+01 -0.677019D+03
  319.2020  0.113306D+01  0.113159D+01  0.115687D+03
  319.3565  0.100975D+01  0.100610D+01  0.293760D+03
  319.5110  0.102193D+01  0.103409D+01 -0.971162D+03
  319.6653  0.113621D+01  0.113244D+01  0.294502D+03
  319.8196  0.124952D+01  0.124241D+01  0.542899D+03
  319.9738  0.132209D+01  0.132100D+01  0.797311D+02
  320.1280  0.134888D+01  0.134104D+01  0.565554D+03
  320.2821  0.137405D+01  0.137464D+01 -0.416916D+02
  320.4360  0.143525D+01  0.143858D+01 -0.229926D+03
  320.5900  0.148116D+01  0.147860D+01  0.174209D+03
  320.7439  0.144874D+01  0.144801D+01  0.495094D+02
  320.8976  0.132392D+01  0.132543D+01 -0.103321D+03
  321.0514  0.115361D+01  0.115393D+01 -0.245789D+02
  321.2050  0.101696D+01  0.102142D+01 -0.351036D+03
  321.3586  0.967524D+00  0.970897D+00 -0.269245D+03
  321.5121  0.100442D+01  0.100797D+01 -0.278504D+03
  321.6656  0.110479D+01  0.110582D+01 -0.802304D+02
  321.8189  0.123060D+01  0.122525D+01  0.397280D+03
  321.9722  0.132201D+01  0.132167D+01  0.241543D+02
  322.1255  0.132013D+01  0.132442D+01 -0.300377D+03
  322.2786  0.125254D+01  0.124531D+01  0.524486D+03
  322.4317  0.118123D+01  0.118166D+01 -0.322155D+02
  322.5847  0.111821D+01  0.111987D+01 -0.130215D+03
   31 319.511 324.111 321.811  2.518D-01  0.000D+00  5.855D-04  0.000D+00  9.807D-01  3.228D+02 10300  2.803D-03
  319.5110  0.102193D+01  0.103290D+01 -0.876384D+03
  319.6653  0.113621D+01  0.113254D+01  0.286639D+03
  319.8196  0.124952D+01  0.124328D+01  0.476234D+03
  319.9738  0.132209D+01  0.132175D+01  0.245268D+02
  320.1280  0.134888D+01  0.134152D+01  0.531058D+03
  320.2821  0.137405D+01  0.137575D+01 -0.120795D+03
  320.4360  0.143525D+01  0.143997D+01 -0.325527D+03
  320.5900  0.148116D+01  0.147937D+01  0.121540D+03
  320.7439  0.144874D+01  0.144749D+01  0.848289D+02
  320.8976  0.132392D+01  0.132351D+01  0.280058D+02
  321.0514  0.115361D+01  0.115144D+01  0.165940D+03
  321.2050  0.101696D+01  0.101956D+01 -0.204654D+03
  321.3586  0.967524D+00  0.970102D+00 -0.205781D+03
  321.5121  0.100442D+01  0.100815D+01 -0.293216D+03
  321.6656  0.110479D+01  0.110667D+01 -0.146554D+03
  321.8189  0.123060D+01  0.122647D+01  0.306501D+03
  321.9722  0.132201D+01  0.132292D+01 -0.632480D+02
  322.1255  0.132013D+01  0.132496D+01 -0.338595D+03
  322.2786  0.125254D+01  0.124615D+01  0.463484D+03
  322.4317  0.118123D+01  0.118421D+01 -0.225149D+03
  322.5847  0.111821D+01  0.112356D+01 -0.418910D+03
  322.7377  0.103075D+01  0.103002D+01  0.568098D+02
  322.8905  0.957530D+00  0.960208D+00 -0.211224D+03
  323.0433  0.982567D+00  0.975002D+00  0.594471D+03
  323.1961  0.106533D+01  0.106465D+01  0.533629D+02
  323.3488  0.110984D+01  0.111015D+01 -0.240503D+02
  323.5013  0.108566D+01  0.107957D+01  0.475826D+03
  323.6539  0.107198D+01  0.107142D+01  0.433146D+02
  323.8063  0.112192D+01  0.112349D+01 -0.122648D+03
  323.9587  0.120330D+01  0.120068D+01  0.199062D+03
  324.1110  0.127234D+01  0.127795D+01 -0.407696D+03
   31 321.051 325.630 323.341  2.555D-01  0.000D+00 -3.275D-03  0.000D+00  9.799D-01  3.258D+02 10300  3.211D-03
  321.0514  0.115361D+01  0.114683D+01  0.518262D+03
  321.2050  0.101696D+01  0.101746D+01 -0.394335D+02
  321.3586  0.967524D+00  0.970112D+00 -0.206557D+03
  321.5121  0.100442D+01  0.100968D+01 -0.413436D+03
  321.6656  0.110479D+01  0.110865D+01 -0.300201D+03
  321.8189  0.123060D+01  0.122813D+01  0.183574D+03
  321.9722  0.132201D+01  0.132190D+01  0.802793D+01
  322.1255  0.132013D+01  0.132210D+01 -0.137766D+03
  322.2786  0.125254D+01  0.124559D+01  0.504491D+03
  322.4317  0.118123D+01  0.118439D+01 -0.239357D+03
  322.5847  0.111821D+01  0.112220D+01 -0.312143D+03
  322.7377  0.103075D+01  0.102973D+01  0.793064D+02
  322.8905  0.957530D+00  0.962862D+00 -0.420565D+03
  323.0433  0.982567D+00  0.979829D+00  0.215099D+03
  323.1961  0.106533D+01  0.106699D+01 -0.129706D+03
  323.3488  0.110984D+01  0.110892D+01  0.719908D+02
  323.5013  0.108566D+01  0.107884D+01  0.533026D+03
  323.6539  0.107198D+01  0.107167D+01  0.239028D+02
  323.8063  0.112192D+01  0.112187D+01  0.430955D+01
  323.9587  0.120330D+01  0.119603D+01  0.551555D+03
  324.1110  0.127234D+01  0.126866D+01  0.266857D+03
  324.2633  0.130851D+01  0.130973D+01 -0.865078D+02
  324.4155  0.132917D+01  0.132453D+01  0.328434D+03
  324.5676  0.134063D+01  0.134629D+01 -0.374944D+03
  324.7196  0.132051D+01  0.132635D+01 -0.414521D+03
  324.8716  0.126063D+01  0.126164D+01 -0.745493D+02
  325.0235  0.122971D+01  0.123673D+01 -0.519264D+03
  325.1753  0.126453D+01  0.127245D+01 -0.574342D+03
  325.3271  0.134023D+01  0.133912D+01  0.770828D+02
  325.4788  0.145290D+01  0.144543D+01  0.500161D+03
  325.6304  0.157701D+01  0.157341D+01  0.234743D+03
   31 322.585 327.143 324.864  2.547D-01  0.000D+00 -5.117D-03  0.000D+00  9.868D-01  3.552D+02 10300  3.501D-03
  322.5847  0.111821D+01  0.112201D+01 -0.297702D+03
  322.7377  0.103075D+01  0.102876D+01  0.155366D+03
  322.8905  0.957530D+00  0.962047D+00 -0.356261D+03
  323.0433  0.982567D+00  0.980050D+00  0.197798D+03
  323.1961  0.106533D+01  0.106789D+01 -0.199996D+03
  323.3488  0.110984D+01  0.110879D+01  0.822925D+02
  323.5013  0.108566D+01  0.107770D+01  0.622728D+03
  323.6539  0.107198D+01  0.107112D+01  0.672634D+02
  323.8063  0.112192D+01  0.112203D+01 -0.880684D+01
  323.9587  0.120330D+01  0.119640D+01  0.524117D+03
  324.1110  0.127234D+01  0.126917D+01  0.229870D+03
  324.2633  0.130851D+01  0.130989D+01 -0.979197D+02
  324.4155  0.132917D+01  0.132473D+01  0.314484D+03
  324.5676  0.134063D+01  0.134704D+01 -0.424627D+03
  324.7196  0.132051D+01  0.132675D+01 -0.443119D+03
  324.8716  0.126063D+01  0.126195D+01 -0.974457D+02
  325.0235  0.122971D+01  0.123834D+01 -0.638788D+03
  325.1753  0.126453D+01  0.127537D+01 -0.786200D+03
  325.3271  0.134023D+01  0.134313D+01 -0.201436D+03
  325.4788  0.145290D+01  0.145111D+01  0.120131D+03
  325.6304  0.157701D+01  0.158071D+01 -0.241839D+03
  325.7820  0.167708D+01  0.166877D+01  0.539693D+03
  325.9334  0.172303D+01  0.171620D+01  0.434476D+03
  326.0848  0.173520D+01  0.172954D+01  0.353707D+03
  326.2362  0.170337D+01  0.169396D+01  0.598031D+03
  326.3875  0.162645D+01  0.162915D+01 -0.175311D+03
  326.5387  0.159113D+01  0.158774D+01  0.221170D+03
  326.6899  0.162674D+01  0.163104D+01 -0.279766D+03
  326.8409  0.168874D+01  0.169350D+01 -0.303017D+03
  326.9919  0.167622D+01  0.167834D+01 -0.134614D+03
  327.1429  0.161643D+01  0.161596D+01  0.308519D+02
   31 324.111 328.649 326.380  2.520D-01  0.000D+00 -3.368D-03  0.000D+00  9.926D-01  3.463D+02 10300  4.116D-03
  324.1110  0.127234D+01  0.126585D+01  0.470889D+03
  324.2633  0.130851D+01  0.130789D+01  0.442629D+02
  324.4155  0.132917D+01  0.132285D+01  0.447355D+03
  324.5676  0.134063D+01  0.134670D+01 -0.402132D+03
  324.7196  0.132051D+01  0.132794D+01 -0.527313D+03
  324.8716  0.126063D+01  0.126174D+01 -0.820247D+02
  325.0235  0.122971D+01  0.123740D+01 -0.568793D+03
  325.1753  0.126453D+01  0.127456D+01 -0.727730D+03
  325.3271  0.134023D+01  0.134177D+01 -0.107222D+03
  325.4788  0.145290D+01  0.144918D+01  0.248769D+03
  325.6304  0.157701D+01  0.157993D+01 -0.190700D+03
  325.7820  0.167708D+01  0.166821D+01  0.575959D+03
  325.9334  0.172303D+01  0.171549D+01  0.479325D+03
  326.0848  0.173520D+01  0.172948D+01  0.357850D+03
  326.2362  0.170337D+01  0.169408D+01  0.590692D+03
  326.3875  0.162645D+01  0.162863D+01 -0.141998D+03
  326.5387  0.159113D+01  0.158530D+01  0.379997D+03
  326.6899  0.162674D+01  0.162890D+01 -0.140181D+03
  326.8409  0.168874D+01  0.169390D+01 -0.328379D+03
  326.9919  0.167622D+01  0.167969D+01 -0.220952D+03
  327.1429  0.161643D+01  0.161614D+01  0.187863D+02
  327.2938  0.159660D+01  0.159976D+01 -0.205913D+03
  327.4446  0.163275D+01  0.163894D+01 -0.402320D+03
  327.5953  0.165263D+01  0.165108D+01  0.995358D+02
  327.7460  0.161804D+01  0.161688D+01  0.754363D+02
  327.8966  0.158006D+01  0.158080D+01 -0.456823D+02
  328.0472  0.156618D+01  0.156857D+01 -0.155483D+03
  328.1976  0.156505D+01  0.156901D+01 -0.257902D+03
  328.3480  0.157248D+01  0.156628D+01  0.403217D+03
  328.4983  0.153682D+01  0.153755D+01 -0.475122D+02
  328.6486  0.146390D+01  0.146135D+01  0.166666D+03
   31 325.630 330.148 327.889  2.586D-01  0.000D+00 -2.029D-03  0.000D+00  9.930D-01  2.924D+02   300  3.095D-03
  325.6304  0.157701D+01  0.158776D+01 -0.701774D+03
  325.7820  0.167708D+01  0.167432D+01  0.178780D+03
  325.9334  0.172303D+01  0.171984D+01  0.202939D+03
  326.0848  0.173520D+01  0.173111D+01  0.255487D+03
  326.2362  0.170337D+01  0.169484D+01  0.541873D+03
  326.3875  0.162645D+01  0.163019D+01 -0.243098D+03
  326.5387  0.159113D+01  0.158831D+01  0.183842D+03
  326.6899  0.162674D+01  0.162776D+01 -0.659015D+02
  326.8409  0.168874D+01  0.168821D+01  0.338778D+02
  326.9919  0.167622D+01  0.167567D+01  0.355228D+02
  327.1429  0.161643D+01  0.161649D+01 -0.397930D+01
  327.2938  0.159660D+01  0.159987D+01 -0.213069D+03
  327.4446  0.163275D+01  0.163588D+01 -0.203384D+03
  327.5953  0.165263D+01  0.164814D+01  0.288396D+03
  327.7460  0.161804D+01  0.161691D+01  0.736130D+02
  327.8966  0.158006D+01  0.158259D+01 -0.156053D+03
  328.0472  0.156618D+01  0.157018D+01 -0.259967D+03
  328.1976  0.156505D+01  0.157131D+01 -0.407939D+03
  328.3480  0.157248D+01  0.156885D+01  0.236307D+03
  328.4983  0.153682D+01  0.154029D+01 -0.226042D+03
  328.6486  0.146390D+01  0.146877D+01 -0.317377D+03
  328.7988  0.144413D+01  0.144172D+01  0.156639D+03
  328.9489  0.155080D+01  0.155361D+01 -0.178267D+03
  329.0990  0.171247D+01  0.171210D+01  0.217067D+02
  329.2490  0.182204D+01  0.180890D+01  0.765240D+03
  329.3989  0.186422D+01  0.186149D+01  0.157576D+03
  329.5487  0.188952D+01  0.188668D+01  0.163440D+03
  329.6985  0.189340D+01  0.189329D+01  0.625383D+01
  329.8483  0.191045D+01  0.191215D+01 -0.973168D+02
  329.9979  0.195950D+01  0.195539D+01  0.231937D+03
  330.1475  0.194708D+01  0.195551D+01 -0.476523D+03
   31 327.143 331.640 329.391  2.565D-01  0.000D+00 -4.779D-03  0.000D+00  9.981D-01  3.188D+02   300  2.976D-03
  327.1429  0.161643D+01  0.161278D+01  0.237130D+03
  327.2938  0.159660D+01  0.159801D+01 -0.918935D+02
  327.4446  0.163275D+01  0.163571D+01 -0.192587D+03
  327.5953  0.165263D+01  0.164774D+01  0.313783D+03
  327.7460  0.161804D+01  0.161584D+01  0.142377D+03
  327.8966  0.158006D+01  0.158180D+01 -0.107636D+03
  328.0472  0.156618D+01  0.157022D+01 -0.262682D+03
  328.1976  0.156505D+01  0.157166D+01 -0.430556D+03
  328.3480  0.157248D+01  0.156942D+01  0.199061D+03
  328.4983  0.153682D+01  0.154053D+01 -0.241907D+03
  328.6486  0.146390D+01  0.146742D+01 -0.229473D+03
  328.7988  0.144413D+01  0.144104D+01  0.201426D+03
  328.9489  0.155080D+01  0.155633D+01 -0.350020D+03
  329.0990  0.171247D+01  0.171552D+01 -0.183247D+03
  329.2490  0.182204D+01  0.181020D+01  0.689479D+03
  329.3989  0.186422D+01  0.186151D+01  0.156247D+03
  329.5487  0.188952D+01  0.188571D+01  0.219230D+03
  329.6985  0.189340D+01  0.189110D+01  0.131938D+03
  329.8483  0.191045D+01  0.190939D+01  0.604836D+02
  329.9979  0.195950D+01  0.195257D+01  0.391124D+03
  330.1475  0.194708D+01  0.195082D+01 -0.211161D+03
  330.2970  0.185183D+01  0.184167D+01  0.583245D+03
  330.4465  0.169458D+01  0.170088D+01 -0.372509D+03
  330.5959  0.157038D+01  0.158194D+01 -0.712590D+03
  330.7452  0.154130D+01  0.153804D+01  0.201092D+03
  330.8945  0.160596D+01  0.161528D+01 -0.561756D+03
  331.0436  0.170602D+01  0.170881D+01 -0.163054D+03
  331.1928  0.172113D+01  0.172053D+01  0.348640D+02
  331.3418  0.165830D+01  0.166110D+01 -0.166196D+03
  331.4908  0.160830D+01  0.160448D+01  0.229921D+03
  331.6398  0.163115D+01  0.162584D+01  0.315482D+03
   31 328.649 333.125 330.887  2.548D-01  0.000D+00 -1.986D-03  0.000D+00  9.956D-01  3.826D+02   300  3.117D-03
  328.6486  0.146390D+01  0.147130D+01 -0.481994D+03
  328.7988  0.144413D+01  0.144116D+01  0.193208D+03
  328.9489  0.155080D+01  0.155501D+01 -0.266800D+03
  329.0990  0.171247D+01  0.171599D+01 -0.211658D+03
  329.2490  0.182204D+01  0.181115D+01  0.634169D+03
  329.3989  0.186422D+01  0.186218D+01  0.117414D+03
  329.5487  0.188952D+01  0.188615D+01  0.193917D+03
  329.6985  0.189340D+01  0.189067D+01  0.156203D+03
  329.8483  0.191045D+01  0.190759D+01  0.162810D+03
  329.9979  0.195950D+01  0.195088D+01  0.486585D+03
  330.1475  0.194708D+01  0.195170D+01 -0.261088D+03
  330.2970  0.185183D+01  0.184316D+01  0.497351D+03
  330.4465  0.169458D+01  0.170164D+01 -0.417528D+03
  330.5959  0.157038D+01  0.158232D+01 -0.736003D+03
  330.7452  0.154130D+01  0.153583D+01  0.337673D+03
  330.8945  0.160596D+01  0.161362D+01 -0.461375D+03
  331.0436  0.170602D+01  0.171013D+01 -0.240409D+03
  331.1928  0.172113D+01  0.172514D+01 -0.233648D+03
  331.3418  0.165830D+01  0.166779D+01 -0.563062D+03
  331.4908  0.160830D+01  0.161127D+01 -0.179256D+03
  331.6398  0.163115D+01  0.163391D+01 -0.163817D+03
  331.7886  0.171014D+01  0.171205D+01 -0.110928D+03
  331.9374  0.175711D+01  0.174825D+01  0.511745D+03
  332.0861  0.171051D+01  0.170246D+01  0.466588D+03
  332.2348  0.160850D+01  0.160537D+01  0.185696D+03
  332.3834  0.156203D+01  0.154991D+01  0.726907D+03
  332.5319  0.161619D+01  0.161304D+01  0.185606D+03
  332.6804  0.168950D+01  0.169133D+01 -0.105967D+03
  332.8288  0.167129D+01  0.166765D+01  0.210909D+03
  332.9771  0.161275D+01  0.161441D+01 -0.956238D+02
  333.1254  0.162138D+01  0.163233D+01 -0.639470D+03
   31 330.148 334.604 332.376  2.543D-01  0.000D+00 -9.157D-06  0.000D+00  9.939D-01  3.897D+02 10300  2.937D-03
  330.1475  0.194708D+01  0.194471D+01  0.133511D+03
  330.2970  0.185183D+01  0.183907D+01  0.732446D+03
  330.4465  0.169458D+01  0.169915D+01 -0.270336D+03
  330.5959  0.157038D+01  0.158064D+01 -0.631985D+03
  330.7452  0.154130D+01  0.153341D+01  0.486918D+03
  330.8945  0.160596D+01  0.161108D+01 -0.308597D+03
  331.0436  0.170602D+01  0.170928D+01 -0.190984D+03
  331.1928  0.172113D+01  0.172611D+01 -0.289826D+03
  331.3418  0.165830D+01  0.166952D+01 -0.666229D+03
  331.4908  0.160830D+01  0.161230D+01 -0.241356D+03
  331.6398  0.163115D+01  0.163391D+01 -0.163582D+03
  331.7886  0.171014D+01  0.171225D+01 -0.122212D+03
  331.9374  0.175711D+01  0.174932D+01  0.450005D+03
  332.0861  0.171051D+01  0.170400D+01  0.376797D+03
  332.2348  0.160850D+01  0.160626D+01  0.132896D+03
  332.3834  0.156203D+01  0.154837D+01  0.819574D+03
  332.5319  0.161619D+01  0.160960D+01  0.388078D+03
  332.6804  0.168950D+01  0.168779D+01  0.986256D+02
  332.8288  0.167129D+01  0.166382D+01  0.432699D+03
  332.9771  0.161275D+01  0.160836D+01  0.253583D+03
  333.1254  0.162138D+01  0.162357D+01 -0.127478D+03
  333.2736  0.166827D+01  0.167081D+01 -0.146831D+03
  333.4217  0.163818D+01  0.164317D+01 -0.290264D+03
  333.5698  0.151699D+01  0.152646D+01 -0.569650D+03
  333.7178  0.144517D+01  0.144924D+01 -0.250412D+03
  333.8657  0.149175D+01  0.150140D+01 -0.579910D+03
  334.0136  0.158350D+01  0.159046D+01 -0.406896D+03
  334.1614  0.163325D+01  0.163081D+01  0.141105D+03
  334.3091  0.167220D+01  0.167046D+01  0.997952D+02
  334.4568  0.175063D+01  0.174761D+01  0.170755D+03
  334.6045  0.180457D+01  0.179725D+01  0.409293D+03
   24 331.640 335.047 333.343  2.548D-01  0.000D+00 -2.812D-03  0.000D+00  9.918D-01  2.369D+02   300  1.969D-03
  331.6398  0.163115D+01  0.163302D+01 -0.110715D+03
  331.7886  0.171014D+01  0.171464D+01 -0.261114D+03
  331.9374  0.175711D+01  0.175281D+01  0.248389D+03
  332.0861  0.171051D+01  0.170768D+01  0.163690D+03
  332.2348  0.160850D+01  0.161038D+01 -0.111975D+03
  332.3834  0.156203D+01  0.155473D+01  0.438120D+03
  332.5319  0.161619D+01  0.161723D+01 -0.609965D+02
  332.6804  0.168950D+01  0.169329D+01 -0.219378D+03
  332.8288  0.167129D+01  0.166646D+01  0.279847D+03
  332.9771  0.161275D+01  0.161053D+01  0.128423D+03
  333.1254  0.162138D+01  0.162556D+01 -0.243924D+03
  333.2736  0.166827D+01  0.167036D+01 -0.121104D+03
  333.4217  0.163818D+01  0.163906D+01 -0.509334D+02
  333.5698  0.151699D+01  0.152092D+01 -0.236652D+03
  333.7178  0.144517D+01  0.144551D+01 -0.208777D+02
  333.8657  0.149175D+01  0.149858D+01 -0.410479D+03
  334.0136  0.158350D+01  0.158632D+01 -0.165105D+03
  334.1614  0.163325D+01  0.162642D+01  0.395173D+03
  334.3091  0.167220D+01  0.166789D+01  0.247455D+03
  334.4568  0.175063D+01  0.174690D+01  0.211041D+03
  334.6045  0.180457D+01  0.179795D+01  0.369907D+03
  334.7520  0.174801D+01  0.175066D+01 -0.149950D+03
  334.8995  0.161945D+01  0.162412D+01 -0.269776D+03
  335.0469  0.157174D+01  0.157281D+01 -0.622506D+02
