 solar_fit_vary
           0
 T T
nw  fwave  lwave  avgwav    hwe     asym  shift    squeeze      sin      rms   exval  std
   31 263.725 274.356 269.041  4.089D-01  0.000D+00 -4.330D-02  0.000D+00  9.970D-01  2.150D+03   300  2.093D-02
  263.7250  0.339725D+00  0.391993D+00 -0.131116D+04
  264.0930  0.476158D+00  0.465716D+00  0.285902D+04
  264.4598  0.437755D+00  0.445764D+00 -0.219275D+04
  264.8256  0.357214D+00  0.369042D+00 -0.323832D+04
  265.1902  0.397355D+00  0.375070D+00  0.610099D+04
  265.5538  0.421917D+00  0.421426D+00  0.134689D+03
  265.9164  0.396909D+00  0.409205D+00 -0.336643D+04
  266.2779  0.362378D+00  0.368592D+00 -0.170138D+04
  266.6384  0.355817D+00  0.351546D+00  0.117281D+04
  266.9980  0.350212D+00  0.355324D+00 -0.147307D+04
  267.3566  0.369575D+00  0.370479D+00 -0.247532D+03
  267.7143  0.355687D+00  0.363965D+00 -0.227149D+04
  268.0710  0.345038D+00  0.341861D+00  0.951945D+03
  268.4268  0.352641D+00  0.345672D+00  0.198962D+04
  268.7818  0.338859D+00  0.337922D+00  0.291734D+03
  269.1359  0.331664D+00  0.329094D+00  0.875348D+03
  269.4891  0.327136D+00  0.328918D+00 -0.631085D+03
  269.8416  0.352553D+00  0.348350D+00  0.120485D+04
  270.1932  0.394832D+00  0.388922D+00  0.161827D+04
  270.5441  0.393462D+00  0.392125D+00  0.366098D+03
  270.8942  0.371459D+00  0.370896D+00  0.154167D+03
  271.2435  0.363029D+00  0.356714D+00  0.172889D+04
  271.5921  0.320001D+00  0.314183D+00  0.206748D+04
  271.9399  0.253109D+00  0.255532D+00 -0.967357D+03
  272.2870  0.249526D+00  0.254153D+00 -0.185501D+04
  272.6335  0.289579D+00  0.302270D+00 -0.496330D+04
  272.9793  0.344272D+00  0.350266D+00 -0.180413D+04
  273.3245  0.321714D+00  0.322293D+00 -0.206227D+03
  273.6689  0.257170D+00  0.252950D+00  0.167220D+04
  274.0128  0.209309D+00  0.204579D+00  0.215845D+04
  274.3560  0.186069D+00  0.184416D+00  0.754066D+03
   31 267.357 277.757 272.557  3.982D-01  0.000D+00 -2.221D-03  0.000D+00  1.007D+00  1.233D+03 10300  1.263D-02
  267.3566  0.369575D+00  0.361955D+00  0.208626D+04
  267.7143  0.355687D+00  0.364919D+00 -0.253332D+04
  268.0710  0.345038D+00  0.342215D+00  0.845913D+03
  268.4268  0.352641D+00  0.347933D+00  0.134400D+04
  268.7818  0.338859D+00  0.343551D+00 -0.146087D+04
  269.1359  0.331664D+00  0.333104D+00 -0.490367D+03
  269.4891  0.327136D+00  0.332939D+00 -0.205492D+04
  269.8416  0.352553D+00  0.347002D+00  0.159147D+04
  270.1932  0.394832D+00  0.389636D+00  0.142269D+04
  270.5441  0.393462D+00  0.396791D+00 -0.911322D+03
  270.8942  0.371459D+00  0.373043D+00 -0.433566D+03
  271.2435  0.363029D+00  0.359006D+00  0.110144D+04
  271.5921  0.320001D+00  0.319523D+00  0.170000D+03
  271.9399  0.253109D+00  0.257090D+00 -0.158938D+04
  272.2870  0.249526D+00  0.246375D+00  0.126288D+04
  272.6335  0.289579D+00  0.290341D+00 -0.297802D+03
  272.9793  0.344272D+00  0.342653D+00  0.487044D+03
  273.3245  0.321714D+00  0.324545D+00 -0.100768D+04
  273.6689  0.257170D+00  0.255625D+00  0.612067D+03
  274.0128  0.209309D+00  0.205085D+00  0.192762D+04
  274.3560  0.186069D+00  0.183358D+00  0.123714D+04
  274.6987  0.181324D+00  0.181602D+00 -0.127688D+03
  275.0407  0.201184D+00  0.201835D+00 -0.297136D+03
  275.3821  0.240515D+00  0.238694D+00  0.729624D+03
  275.7231  0.269551D+00  0.272888D+00 -0.130524D+04
  276.0634  0.332561D+00  0.332822D+00 -0.862730D+02
  276.4033  0.351624D+00  0.356992D+00 -0.153387D+04
  276.7426  0.361331D+00  0.364430D+00 -0.848394D+03
  277.0814  0.361100D+00  0.364934D+00 -0.104962D+04
  277.4196  0.366584D+00  0.362961D+00  0.992041D+03
  277.7574  0.314215D+00  0.310268D+00  0.135077D+04
   31 270.894 281.111 276.003  3.855D-01  0.000D+00  2.573D-03  0.000D+00  9.954D-01  9.236D+02 10300  8.761D-03
  270.8942  0.371459D+00  0.371554D+00 -0.258723D+02
  271.2435  0.363029D+00  0.359523D+00  0.959914D+03
  271.5921  0.320001D+00  0.321265D+00 -0.449268D+03
  271.9399  0.253109D+00  0.256844D+00 -0.149137D+04
  272.2870  0.249526D+00  0.245446D+00  0.163550D+04
  272.6335  0.289579D+00  0.289903D+00 -0.126390D+03
  272.9793  0.344272D+00  0.344997D+00 -0.218279D+03
  273.3245  0.321714D+00  0.327320D+00 -0.199562D+04
  273.6689  0.257170D+00  0.256632D+00  0.213378D+03
  274.0128  0.209309D+00  0.205364D+00  0.180035D+04
  274.3560  0.186069D+00  0.183237D+00  0.129225D+04
  274.6987  0.181324D+00  0.181213D+00  0.509641D+02
  275.0407  0.201184D+00  0.200643D+00  0.246732D+03
  275.3821  0.240515D+00  0.238678D+00  0.736029D+03
  275.7231  0.269551D+00  0.270544D+00 -0.388397D+03
  276.0634  0.332561D+00  0.333049D+00 -0.161171D+03
  276.4033  0.351624D+00  0.356365D+00 -0.135491D+04
  276.7426  0.361331D+00  0.364257D+00 -0.801078D+03
  277.0814  0.361100D+00  0.364407D+00 -0.905369D+03
  277.4196  0.366584D+00  0.364884D+00  0.465650D+03
  277.7574  0.314215D+00  0.311796D+00  0.827636D+03
  278.0948  0.256290D+00  0.256010D+00  0.103089D+03
  278.4316  0.241831D+00  0.240445D+00  0.538872D+03
  278.7680  0.217911D+00  0.215467D+00  0.955635D+03
  279.1040  0.163654D+00  0.161954D+00  0.775897D+03
  279.4395  0.118446D+00  0.120551D+00 -0.114943D+04
  279.7746  0.102927D+00  0.106250D+00 -0.114501D+04
  280.1093  0.103992D+00  0.106065D+00 -0.717427D+03
  280.4435  0.120562D+00  0.123492D+00 -0.100668D+04
  280.7774  0.172208D+00  0.172330D+00 -0.380746D+02
  281.1109  0.236868D+00  0.234627D+00  0.678471D+03
   31 274.356 284.426 279.391  3.724D-01  0.000D+00  3.201D-04  0.000D+00  1.002D+00  9.612D+02 10300  1.087D-02
  274.3560  0.186069D+00  0.184837D+00  0.562091D+03
  274.6987  0.181324D+00  0.181984D+00 -0.303166D+03
  275.0407  0.201184D+00  0.200788D+00  0.180796D+03
  275.3821  0.240515D+00  0.239342D+00  0.470016D+03
  275.7231  0.269551D+00  0.268950D+00  0.234998D+03
  276.0634  0.332561D+00  0.333759D+00 -0.396001D+03
  276.4033  0.351624D+00  0.355457D+00 -0.109531D+04
  276.7426  0.361331D+00  0.363531D+00 -0.602202D+03
  277.0814  0.361100D+00  0.363729D+00 -0.719765D+03
  277.4196  0.366584D+00  0.366070D+00  0.140938D+03
  277.7574  0.314215D+00  0.311595D+00  0.896432D+03
  278.0948  0.256290D+00  0.255272D+00  0.374367D+03
  278.4316  0.241831D+00  0.241480D+00  0.136329D+03
  278.7680  0.217911D+00  0.216876D+00  0.404702D+03
  279.1040  0.163654D+00  0.161932D+00  0.785624D+03
  279.4395  0.118446D+00  0.120225D+00 -0.971443D+03
  279.7746  0.102927D+00  0.106316D+00 -0.116777D+04
  280.1093  0.103992D+00  0.105975D+00 -0.686014D+03
  280.4435  0.120562D+00  0.122708D+00 -0.737250D+03
  280.7774  0.172208D+00  0.171686D+00  0.162899D+03
  281.1109  0.236868D+00  0.232725D+00  0.125424D+04
  281.4439  0.303204D+00  0.298048D+00  0.143531D+04
  281.7767  0.365201D+00  0.363145D+00  0.562948D+03
  282.1090  0.409449D+00  0.409265D+00  0.503978D+02
  282.4410  0.434762D+00  0.432873D+00  0.517126D+03
  282.7726  0.453534D+00  0.450968D+00  0.702483D+03
  283.1039  0.479780D+00  0.486109D+00 -0.173277D+04
  283.4348  0.467860D+00  0.479211D+00 -0.310771D+04
  283.7654  0.459550D+00  0.459049D+00  0.137076D+03
  284.0957  0.450076D+00  0.444669D+00  0.148034D+04
  284.4257  0.392366D+00  0.388729D+00  0.995739D+03
   31 277.757 287.708 282.733  3.671D-01  0.000D+00 -7.254D-03  0.000D+00  1.002D+00  8.876D+02 10300  7.459D-03
  277.7574  0.314215D+00  0.312044D+00  0.743052D+03
  278.0948  0.256290D+00  0.256455D+00 -0.606161D+02
  278.4316  0.241831D+00  0.243853D+00 -0.786558D+03
  278.7680  0.217911D+00  0.218407D+00 -0.194105D+03
  279.1040  0.163654D+00  0.162063D+00  0.725827D+03
  279.4395  0.118446D+00  0.120412D+00 -0.107385D+04
  279.7746  0.102927D+00  0.106809D+00 -0.133736D+04
  280.1093  0.103992D+00  0.106516D+00 -0.873487D+03
  280.4435  0.120562D+00  0.123412D+00 -0.979044D+03
  280.7774  0.172208D+00  0.173116D+00 -0.283676D+03
  281.1109  0.236868D+00  0.233689D+00  0.962480D+03
  281.4439  0.303204D+00  0.298667D+00  0.126298D+04
  281.7767  0.365201D+00  0.362830D+00  0.649118D+03
  282.1090  0.409449D+00  0.407948D+00  0.410884D+03
  282.4410  0.434762D+00  0.430659D+00  0.112316D+04
  282.7726  0.453534D+00  0.448843D+00  0.128447D+04
  283.1039  0.479780D+00  0.485113D+00 -0.146006D+04
  283.4348  0.467860D+00  0.477813D+00 -0.272515D+04
  283.7654  0.459550D+00  0.459658D+00 -0.295602D+02
  284.0957  0.450076D+00  0.447357D+00  0.744275D+03
  284.4257  0.392366D+00  0.392644D+00 -0.762648D+02
  284.7553  0.295014D+00  0.294722D+00  0.853529D+02
  285.0846  0.177487D+00  0.175307D+00  0.745981D+03
  285.4136  0.158991D+00  0.159489D+00 -0.155671D+03
  285.7423  0.275880D+00  0.277612D+00 -0.524116D+03
  286.0707  0.422432D+00  0.421975D+00  0.125165D+03
  286.3988  0.503378D+00  0.500439D+00  0.804750D+03
  286.7266  0.512373D+00  0.512091D+00  0.771518D+02
  287.0541  0.540361D+00  0.542115D+00 -0.480342D+03
  287.3813  0.567863D+00  0.567342D+00  0.142718D+03
  287.7083  0.501224D+00  0.501663D+00 -0.120318D+03
   31 281.111 290.962 286.037  3.632D-01  0.000D+00 -1.664D-03  0.000D+00  9.945D-01  8.079D+02 10300  4.789D-03
  281.1109  0.236868D+00  0.236864D+00  0.140279D+01
  281.4439  0.303204D+00  0.301263D+00  0.540389D+03
  281.7767  0.365201D+00  0.365046D+00  0.425315D+02
  282.1090  0.409449D+00  0.409577D+00 -0.350605D+02
  282.4410  0.434762D+00  0.431620D+00  0.860205D+03
  282.7726  0.453534D+00  0.448376D+00  0.141223D+04
  283.1039  0.479780D+00  0.484918D+00 -0.140654D+04
  283.4348  0.467860D+00  0.477914D+00 -0.275261D+04
  283.7654  0.459550D+00  0.458937D+00  0.167647D+03
  284.0957  0.450076D+00  0.447753D+00  0.635859D+03
  284.4257  0.392366D+00  0.393792D+00 -0.390596D+03
  284.7553  0.295014D+00  0.296947D+00 -0.564730D+03
  285.0846  0.177487D+00  0.176075D+00  0.483003D+03
  285.4136  0.158991D+00  0.157524D+00  0.458663D+03
  285.7423  0.275880D+00  0.274999D+00  0.266648D+03
  286.0707  0.422432D+00  0.420681D+00  0.479326D+03
  286.3988  0.503378D+00  0.500384D+00  0.819751D+03
  286.7266  0.512373D+00  0.511504D+00  0.237790D+03
  287.0541  0.540361D+00  0.539867D+00  0.135203D+03
  287.3813  0.567863D+00  0.566000D+00  0.510070D+03
  287.7083  0.501224D+00  0.500143D+00  0.295728D+03
  288.0349  0.387448D+00  0.387109D+00  0.928026D+02
  288.3613  0.400710D+00  0.403364D+00 -0.726560D+03
  288.6874  0.554676D+00  0.551591D+00  0.844697D+03
  289.0132  0.604305D+00  0.603111D+00  0.327116D+03
  289.3387  0.640538D+00  0.642678D+00 -0.585947D+03
  289.6640  0.744714D+00  0.749073D+00 -0.119350D+04
  289.9890  0.863710D+00  0.866199D+00 -0.681302D+03
  290.3137  0.932065D+00  0.932608D+00 -0.148529D+03
  290.6381  0.926923D+00  0.927389D+00 -0.127498D+03
  290.9622  0.884924D+00  0.880795D+00  0.113048D+04
   31 284.426 294.188 289.307  3.495D-01  0.000D+00  1.222D-03  0.000D+00  9.977D-01  1.025D+03 10300  4.470D-03
  284.4257  0.392366D+00  0.394050D+00 -0.461257D+03
  284.7553  0.295014D+00  0.298799D+00 -0.110579D+04
  285.0846  0.177487D+00  0.174492D+00  0.102446D+04
  285.4136  0.158991D+00  0.153976D+00  0.156802D+04
  285.7423  0.275880D+00  0.273681D+00  0.665719D+03
  286.0707  0.422432D+00  0.422472D+00 -0.107964D+02
  286.3988  0.503378D+00  0.502935D+00  0.121292D+03
  286.7266  0.512373D+00  0.512137D+00  0.645863D+02
  287.0541  0.540361D+00  0.540049D+00  0.852220D+02
  287.3813  0.567863D+00  0.569374D+00 -0.413490D+03
  287.7083  0.501224D+00  0.502744D+00 -0.416289D+03
  288.0349  0.387448D+00  0.384765D+00  0.734439D+03
  288.3613  0.400710D+00  0.397842D+00  0.785170D+03
  288.6874  0.554676D+00  0.553660D+00  0.278228D+03
  289.0132  0.604305D+00  0.602317D+00  0.544422D+03
  289.3387  0.640538D+00  0.639532D+00  0.275258D+03
  289.6640  0.744714D+00  0.747396D+00 -0.734468D+03
  289.9890  0.863710D+00  0.866969D+00 -0.892034D+03
  290.3137  0.932065D+00  0.935566D+00 -0.958491D+03
  290.6381  0.926923D+00  0.932510D+00 -0.152946D+04
  290.9622  0.884924D+00  0.884553D+00  0.101517D+03
  291.2861  0.900072D+00  0.891075D+00  0.246336D+04
  291.6097  0.871506D+00  0.864078D+00  0.203364D+04
  291.9330  0.839754D+00  0.841261D+00 -0.412675D+03
  292.2560  0.819009D+00  0.821733D+00 -0.745730D+03
  292.5787  0.737032D+00  0.741981D+00 -0.135499D+04
  292.9012  0.749514D+00  0.754078D+00 -0.123532D+04
  293.2233  0.882084D+00  0.878891D+00  0.874178D+03
  293.5452  0.862342D+00  0.854823D+00  0.205855D+04
  293.8667  0.732968D+00  0.735857D+00 -0.790992D+03
  294.1880  0.768328D+00  0.771363D+00 -0.830739D+03
   31 287.708 297.383 292.546  3.382D-01  0.000D+00  3.599D-03  0.000D+00  9.965D-01  1.074D+03 10300  3.925D-03
  287.7083  0.501224D+00  0.507235D+00 -0.164568D+04
  288.0349  0.387448D+00  0.384070D+00  0.924820D+03
  288.3613  0.400710D+00  0.393778D+00  0.189789D+04
  288.6874  0.554676D+00  0.556295D+00 -0.443217D+03
  289.0132  0.604305D+00  0.601996D+00  0.632253D+03
  289.3387  0.640538D+00  0.636671D+00  0.105874D+04
  289.6640  0.744714D+00  0.745465D+00 -0.205586D+03
  289.9890  0.863710D+00  0.866384D+00 -0.731866D+03
  290.3137  0.932065D+00  0.935377D+00 -0.906595D+03
  290.6381  0.926923D+00  0.933189D+00 -0.171555D+04
  290.9622  0.884924D+00  0.882480D+00  0.669066D+03
  291.2861  0.900072D+00  0.891721D+00  0.228631D+04
  291.6097  0.871506D+00  0.864099D+00  0.202771D+04
  291.9330  0.839754D+00  0.841400D+00 -0.450745D+03
  292.2560  0.819009D+00  0.824927D+00 -0.162022D+04
  292.5787  0.737032D+00  0.741101D+00 -0.111417D+04
  292.9012  0.749514D+00  0.750723D+00 -0.327289D+03
  293.2233  0.882084D+00  0.882632D+00 -0.150014D+03
  293.5452  0.862342D+00  0.858863D+00  0.952616D+03
  293.8667  0.732968D+00  0.731985D+00  0.268954D+03
  294.1880  0.768328D+00  0.770053D+00 -0.472318D+03
  294.5090  0.817764D+00  0.818995D+00 -0.337174D+03
  294.8297  0.740002D+00  0.743078D+00 -0.842177D+03
  295.1500  0.785409D+00  0.787749D+00 -0.640635D+03
  295.4700  0.854334D+00  0.848670D+00  0.155069D+04
  295.7897  0.867976D+00  0.868231D+00 -0.698037D+02
  296.1091  0.917038D+00  0.915421D+00  0.376194D+03
  296.4281  0.843374D+00  0.838746D+00  0.126695D+04
  296.7468  0.636745D+00  0.641688D+00 -0.135325D+04
  297.0652  0.632578D+00  0.632875D+00 -0.812301D+02
  297.3832  0.742365D+00  0.743544D+00 -0.322625D+03
   31 290.962 300.542 295.752  3.238D-01  0.000D+00  6.199D-03  0.000D+00  1.004D+00  5.083D+03 10300  1.235D-02
  290.9622  0.884924D+00  0.897239D+00 -0.337152D+04
  291.2861  0.900072D+00  0.902630D+00 -0.700242D+03
  291.6097  0.871506D+00  0.867338D+00  0.114094D+04
  291.9330  0.839754D+00  0.839336D+00  0.114332D+03
  292.2560  0.819009D+00  0.823285D+00 -0.117073D+04
  292.5787  0.737032D+00  0.732431D+00  0.125953D+04
  292.9012  0.749514D+00  0.737600D+00  0.322409D+04
  293.2233  0.882084D+00  0.876306D+00  0.158187D+04
  293.5452  0.862342D+00  0.853539D+00  0.241028D+04
  293.8667  0.732968D+00  0.719209D+00  0.376685D+04
  294.1880  0.768328D+00  0.762870D+00  0.149429D+04
  294.5090  0.817764D+00  0.818579D+00 -0.223304D+03
  294.8297  0.740002D+00  0.736954D+00  0.834572D+03
  295.1500  0.785409D+00  0.787509D+00 -0.574890D+03
  295.4700  0.854334D+00  0.853098D+00  0.338220D+03
  295.7897  0.867976D+00  0.873832D+00 -0.160321D+04
  296.1091  0.917038D+00  0.929839D+00 -0.297929D+04
  296.4281  0.843374D+00  0.860326D+00 -0.464111D+04
  296.7468  0.636745D+00  0.650266D+00 -0.370186D+04
  297.0652  0.632578D+00  0.647641D+00 -0.412369D+04
  297.3832  0.742365D+00  0.761868D+00 -0.533945D+04
  297.7009  0.946346D+00  0.965751D+00 -0.531256D+04
  298.0182  0.888960D+00  0.892983D+00 -0.110139D+04
  298.3351  0.620264D+00  0.618270D+00  0.545864D+03
  298.6516  0.586447D+00  0.573951D+00  0.342117D+04
  298.9678  0.800090D+00  0.759839D+00  0.110198D+05
  299.2836  0.854068D+00  0.794710D+00  0.162510D+05
  299.5989  0.777301D+00  0.749407D+00  0.763679D+04
  299.9139  0.735516D+00  0.745596D+00 -0.275959D+04
  300.2284  0.560587D+00  0.588205D+00 -0.756104D+04
  300.5425  0.650588D+00  0.688254D+00 -0.103120D+05
   31 294.188 303.657 298.923  3.228D-01  0.000D+00  2.187D-03  0.000D+00  1.005D+00  6.755D+03 10000  1.596D-02
  294.1880  0.768328D+00  0.750951D+00  0.475759D+04
  294.5090  0.817764D+00  0.811621D+00  0.168184D+04
  294.8297  0.740002D+00  0.733776D+00  0.170469D+04
  295.1500  0.785409D+00  0.790609D+00 -0.142369D+04
  295.4700  0.854334D+00  0.856659D+00 -0.636522D+03
  295.7897  0.867976D+00  0.878860D+00 -0.297996D+04
  296.1091  0.917038D+00  0.934836D+00 -0.414216D+04
  296.4281  0.843374D+00  0.861089D+00 -0.484999D+04
  296.7468  0.636745D+00  0.649239D+00 -0.342066D+04
  297.0652  0.632578D+00  0.647531D+00 -0.409364D+04
  297.3832  0.742365D+00  0.760673D+00 -0.501239D+04
  297.7009  0.946346D+00  0.960817D+00 -0.396188D+04
  298.0182  0.888960D+00  0.880713D+00  0.225797D+04
  298.3351  0.620264D+00  0.607181D+00  0.358183D+04
  298.6516  0.586447D+00  0.566033D+00  0.558886D+04
  298.9678  0.800090D+00  0.749306D+00  0.139037D+05
  299.2836  0.854068D+00  0.779395D+00  0.204441D+05
  299.5989  0.777301D+00  0.736676D+00  0.111222D+05
  299.9139  0.735516D+00  0.732283D+00  0.885258D+03
  300.2284  0.560587D+00  0.579544D+00 -0.518984D+04
  300.5425  0.650588D+00  0.684714D+00 -0.934293D+04
  300.8562  0.691436D+00  0.733589D+00 -0.115404D+05
  301.1693  0.774070D+00  0.813047D+00 -0.106712D+05
  301.4821  0.826189D+00  0.852852D+00 -0.730000D+04
  301.7943  0.692493D+00  0.702049D+00 -0.261649D+04
  302.1061  0.559757D+00  0.552505D+00  0.198561D+04
  302.4174  0.728125D+00  0.716946D+00  0.306039D+04
  302.7282  0.907287D+00  0.885335D+00  0.507067D+04
  303.0385  0.102108D+01  0.993980D+00  0.403072D+04
  303.3482  0.107291D+01  0.106031D+01  0.176548D+04
  303.6574  0.101637D+01  0.101557D+01  0.117614D+03
   31 297.383 306.717 302.050  3.248D-01  0.000D+00  4.110D-03  0.000D+00  9.919D-01  6.934D+03 10300  1.624D-02
  297.3832  0.742365D+00  0.770038D+00 -0.757634D+04
  297.7009  0.946346D+00  0.968539D+00 -0.607607D+04
  298.0182  0.888960D+00  0.888332D+00  0.171888D+03
  298.3351  0.620264D+00  0.612872D+00  0.202370D+04
  298.6516  0.586447D+00  0.568999D+00  0.477692D+04
  298.9678  0.800090D+00  0.750968D+00  0.134487D+05
  299.2836  0.854068D+00  0.783093D+00  0.194317D+05
  299.5989  0.777301D+00  0.740170D+00  0.101655D+05
  299.9139  0.735516D+00  0.735854D+00 -0.924787D+02
  300.2284  0.560587D+00  0.584240D+00 -0.647565D+04
  300.5425  0.650588D+00  0.687458D+00 -0.100943D+05
  300.8562  0.691436D+00  0.738525D+00 -0.128920D+05
  301.1693  0.774070D+00  0.817666D+00 -0.119355D+05
  301.4821  0.826189D+00  0.858078D+00 -0.873076D+04
  301.7943  0.692493D+00  0.707647D+00 -0.414900D+04
  302.1061  0.559757D+00  0.556610D+00  0.861728D+03
  302.4174  0.728125D+00  0.717943D+00  0.278758D+04
  302.7282  0.907287D+00  0.885559D+00  0.501886D+04
  303.0385  0.102108D+01  0.991999D+00  0.432543D+04
  303.3482  0.107291D+01  0.105388D+01  0.266582D+04
  303.6574  0.101637D+01  0.100600D+01  0.152786D+04
  303.9661  0.892380D+00  0.878058D+00  0.325538D+04
  304.2742  0.936331D+00  0.913173D+00  0.368259D+04
  304.5817  0.101071D+01  0.990901D+00  0.288585D+04
  304.8886  0.993695D+00  0.955868D+00  0.555260D+04
  305.1949  0.109778D+01  0.107707D+01  0.283436D+04
  305.5005  0.100741D+01  0.102139D+01 -0.202588D+04
  305.8056  0.796616D+00  0.803099D+00 -0.177468D+04
  306.1100  0.854090D+00  0.855861D+00 -0.312934D+03
  306.4137  0.938220D+00  0.962038D+00 -0.333256D+04
  306.7167  0.875161D+00  0.897864D+00 -0.316631D+04
   31 300.542 309.706 305.124  3.274D-01  0.000D+00 -8.527D-03  0.000D+00  1.021D+00  1.493D+03 10300  4.968D-03
  300.5425  0.650588D+00  0.636124D+00  0.395995D+04
  300.8562  0.691436D+00  0.695002D+00 -0.976248D+03
  301.1693  0.774070D+00  0.786383D+00 -0.337113D+04
  301.4821  0.826189D+00  0.831676D+00 -0.150223D+04
  301.7943  0.692493D+00  0.688117D+00  0.119799D+04
  302.1061  0.559757D+00  0.557909D+00  0.505852D+03
  302.4174  0.728125D+00  0.729785D+00 -0.454559D+03
  302.7282  0.907287D+00  0.902508D+00  0.110391D+04
  303.0385  0.102108D+01  0.101123D+01  0.146509D+04
  303.3482  0.107291D+01  0.107722D+01 -0.603520D+03
  303.6574  0.101637D+01  0.102076D+01 -0.645912D+03
  303.9661  0.892380D+00  0.896720D+00 -0.986280D+03
  304.2742  0.936331D+00  0.936406D+00 -0.118480D+02
  304.5817  0.101071D+01  0.100746D+01  0.473520D+03
  304.8886  0.993695D+00  0.972367D+00  0.313064D+04
  305.1949  0.109778D+01  0.109005D+01  0.105810D+04
  305.5005  0.100741D+01  0.101571D+01 -0.120253D+04
  305.8056  0.796616D+00  0.796534D+00  0.225007D+02
  306.1100  0.854090D+00  0.854999D+00 -0.160648D+03
  306.4137  0.938220D+00  0.941585D+00 -0.470814D+03
  306.7167  0.875161D+00  0.875612D+00 -0.629395D+02
  307.0191  0.981414D+00  0.977515D+00  0.533620D+03
  307.3207  0.103947D+01  0.103526D+01  0.577265D+03
  307.6217  0.101058D+01  0.101441D+01 -0.523931D+03
  307.9218  0.102724D+01  0.103368D+01 -0.881339D+03
  308.2212  0.992824D+00  0.100946D+01 -0.227746D+04
  308.5198  0.104706D+01  0.105809D+01 -0.151071D+04
  308.8177  0.102988D+01  0.101345D+01  0.224951D+04
  309.1147  0.857062D+00  0.845425D+00  0.159292D+04
  309.4109  0.762438D+00  0.770279D+00 -0.107345D+04
  309.7063  0.801337D+00  0.790590D+00  0.103472D+04
   21 303.657 309.706 306.682  3.266D-01  0.000D+00 -8.891D-03  0.000D+00  1.007D+00  1.147D+03 10300  5.604D-03
  303.6574  0.101637D+01  0.101514D+01  0.181284D+03
  303.9661  0.892380D+00  0.895104D+00 -0.619108D+03
  304.2742  0.936331D+00  0.937655D+00 -0.210512D+03
  304.5817  0.101071D+01  0.101078D+01 -0.107759D+02
  304.8886  0.993695D+00  0.975834D+00  0.262180D+04
  305.1949  0.109778D+01  0.109491D+01  0.393120D+03
  305.5005  0.100741D+01  0.101932D+01 -0.172668D+04
  305.8056  0.796616D+00  0.798033D+00 -0.387816D+03
  306.1100  0.854090D+00  0.856460D+00 -0.418626D+03
  306.4137  0.938220D+00  0.941887D+00 -0.513111D+03
  306.7167  0.875161D+00  0.874080D+00  0.150805D+03
  307.0191  0.981414D+00  0.975209D+00  0.849376D+03
  307.3207  0.103947D+01  0.103148D+01  0.109416D+04
  307.6217  0.101058D+01  0.100981D+01  0.105472D+03
  307.9218  0.102724D+01  0.102907D+01 -0.251356D+03
  308.2212  0.992824D+00  0.100514D+01 -0.168537D+04
  308.5198  0.104706D+01  0.105537D+01 -0.113800D+04
  308.8177  0.102988D+01  0.101285D+01  0.233167D+04
  309.1147  0.857062D+00  0.847339D+00  0.133097D+04
  309.4109  0.762438D+00  0.775553D+00 -0.179541D+04
  309.7063  0.801337D+00  0.800864D+00  0.455379D+02
   31 310.104 314.849 312.476  2.337D-01  0.000D+00  7.676D-03  0.000D+00  1.002D+00  1.277D+03   300  6.627D-03
  310.1039  0.742646D+00  0.748022D+00 -0.407787D+03
  310.2632  0.812541D+00  0.820122D+00 -0.587065D+03
  310.4224  0.106020D+01  0.108634D+01 -0.198906D+04
  310.5816  0.127405D+01  0.127416D+01 -0.730323D+01
  310.7407  0.137295D+01  0.136445D+01  0.565587D+03
  310.8997  0.142205D+01  0.142206D+01 -0.491297D+00
  311.0586  0.142002D+01  0.139722D+01  0.162248D+04
  311.2175  0.139546D+01  0.136309D+01  0.248783D+04
  311.3762  0.137799D+01  0.135219D+01  0.199830D+04
  311.5349  0.132269D+01  0.130205D+01  0.159815D+04
  311.6935  0.118007D+01  0.120461D+01 -0.196181D+04
  311.8520  0.105824D+01  0.107790D+01 -0.182997D+04
  312.0104  0.970126D+00  0.993632D+00 -0.227527D+04
  312.1688  0.967414D+00  0.982710D+00 -0.148054D+04
  312.3271  0.104782D+01  0.105107D+01 -0.310772D+03
  312.4853  0.109165D+01  0.111367D+01 -0.191433D+04
  312.6435  0.110629D+01  0.109593D+01  0.867394D+03
  312.8015  0.109273D+01  0.109767D+01 -0.419295D+03
  312.9595  0.112885D+01  0.112183D+01  0.572560D+03
  313.1174  0.112278D+01  0.111414D+01  0.703577D+03
  313.2752  0.109265D+01  0.108529D+01  0.616664D+03
  313.4329  0.107798D+01  0.106796D+01  0.838995D+03
  313.5906  0.111013D+01  0.110361D+01  0.531248D+03
  313.7481  0.121322D+01  0.119898D+01  0.111565D+04
  313.9056  0.130004D+01  0.130188D+01 -0.142734D+03
  314.0630  0.134163D+01  0.132877D+01  0.995297D+03
  314.2204  0.122773D+01  0.123798D+01 -0.800121D+03
  314.3777  0.991354D+00  0.100666D+01 -0.139066D+04
  314.5349  0.845628D+00  0.834088D+00  0.111706D+04
  314.6920  0.899203D+00  0.915487D+00 -0.157615D+04
  314.8490  0.110279D+01  0.109497D+01  0.633944D+03
   31 311.693 316.415 314.054  2.379D-01  0.000D+00  1.986D-03  0.000D+00  1.001D+00  7.074D+02 10300  3.821D-03
  311.6935  0.118007D+01  0.116928D+01  0.863454D+03
  311.8520  0.105824D+01  0.105362D+01  0.429753D+03
  312.0104  0.970126D+00  0.978485D+00 -0.809108D+03
  312.1688  0.967414D+00  0.974903D+00 -0.724924D+03
  312.3271  0.104782D+01  0.104661D+01  0.115674D+03
  312.4853  0.109165D+01  0.110763D+01 -0.138913D+04
  312.6435  0.110629D+01  0.109431D+01  0.100303D+04
  312.8015  0.109273D+01  0.110003D+01 -0.619361D+03
  312.9595  0.112885D+01  0.112460D+01  0.346741D+03
  313.1174  0.112278D+01  0.111713D+01  0.460307D+03
  313.2752  0.109265D+01  0.108950D+01  0.263570D+03
  313.4329  0.107798D+01  0.107466D+01  0.277986D+03
  313.5906  0.111013D+01  0.111298D+01 -0.231812D+03
  313.7481  0.121322D+01  0.120868D+01  0.355673D+03
  313.9056  0.130004D+01  0.130752D+01 -0.579389D+03
  314.0630  0.134163D+01  0.132832D+01  0.103046D+04
  314.2204  0.122773D+01  0.122917D+01 -0.112098D+03
  314.3777  0.991354D+00  0.996961D+00 -0.509524D+03
  314.5349  0.845628D+00  0.835240D+00  0.100558D+04
  314.6920  0.899203D+00  0.916817D+00 -0.170495D+04
  314.8490  0.110279D+01  0.108878D+01  0.113548D+04
  315.0060  0.120341D+01  0.120682D+01 -0.265061D+03
  315.1628  0.124141D+01  0.123499D+01  0.496903D+03
  315.3196  0.122271D+01  0.122660D+01 -0.301307D+03
  315.4764  0.118898D+01  0.118988D+01 -0.704592D+02
  315.6330  0.107590D+01  0.108155D+01 -0.463068D+03
  315.7896  0.897755D+00  0.901080D+00 -0.321846D+03
  315.9461  0.766538D+00  0.767694D+00 -0.111931D+03
  316.1025  0.765365D+00  0.771979D+00 -0.640234D+03
  316.2588  0.894444D+00  0.882340D+00  0.117161D+04
  316.4151  0.101258D+01  0.101366D+01 -0.924487D+02
   31 313.275 317.974 315.624  2.394D-01  0.000D+00  1.183D-03  0.000D+00  1.005D+00  6.108D+02 10300  3.189D-03
  313.2752  0.109265D+01  0.109048D+01  0.181755D+03
  313.4329  0.107798D+01  0.107648D+01  0.125433D+03
  313.5906  0.111013D+01  0.111543D+01 -0.431551D+03
  313.7481  0.121322D+01  0.121114D+01  0.162977D+03
  313.9056  0.130004D+01  0.130919D+01 -0.708676D+03
  314.0630  0.134163D+01  0.132898D+01  0.978897D+03
  314.2204  0.122773D+01  0.122827D+01 -0.416201D+02
  314.3777  0.991354D+00  0.996705D+00 -0.486311D+03
  314.5349  0.845628D+00  0.837205D+00  0.815340D+03
  314.6920  0.899203D+00  0.917997D+00 -0.181916D+04
  314.8490  0.110279D+01  0.108849D+01  0.115906D+04
  315.0060  0.120341D+01  0.120543D+01 -0.157159D+03
  315.1628  0.124141D+01  0.123341D+01  0.619331D+03
  315.3196  0.122271D+01  0.122479D+01 -0.160856D+03
  315.4764  0.118898D+01  0.118743D+01  0.120748D+03
  315.6330  0.107590D+01  0.107883D+01 -0.240235D+03
  315.7896  0.897755D+00  0.899607D+00 -0.179297D+03
  315.9461  0.766538D+00  0.768042D+00 -0.145580D+03
  316.1025  0.765365D+00  0.773207D+00 -0.759095D+03
  316.2588  0.894444D+00  0.884126D+00  0.998710D+03
  316.4151  0.101258D+01  0.101595D+01 -0.288045D+03
  316.5713  0.109535D+01  0.108513D+01  0.813378D+03
  316.7274  0.112452D+01  0.112685D+01 -0.183431D+03
  316.8835  0.117332D+01  0.117980D+01 -0.505883D+03
  317.0394  0.129147D+01  0.128685D+01  0.357852D+03
  317.1953  0.142185D+01  0.142758D+01 -0.443444D+03
  317.3511  0.147660D+01  0.147753D+01 -0.725657D+02
  317.5068  0.145096D+01  0.144804D+01  0.224061D+03
  317.6625  0.141843D+01  0.141452D+01  0.303094D+03
  317.8181  0.128527D+01  0.129400D+01 -0.676334D+03
  317.9736  0.107089D+01  0.106544D+01  0.435890D+03
   31 314.849 319.525 317.187  2.390D-01  0.000D+00  1.468D-04  0.000D+00  1.007D+00  5.080D+02 10300  2.858D-03
  314.8490  0.110279D+01  0.109747D+01  0.431172D+03
  315.0060  0.120341D+01  0.121194D+01 -0.663468D+03
  315.1628  0.124141D+01  0.123718D+01  0.327477D+03
  315.3196  0.122271D+01  0.122658D+01 -0.299747D+03
  315.4764  0.118898D+01  0.118755D+01  0.111617D+03
  315.6330  0.107590D+01  0.107747D+01 -0.129125D+03
  315.7896  0.897755D+00  0.897412D+00  0.331509D+02
  315.9461  0.766538D+00  0.766307D+00  0.223776D+02
  316.1025  0.765365D+00  0.772321D+00 -0.673346D+03
  316.2588  0.894444D+00  0.883738D+00  0.103625D+04
  316.4151  0.101258D+01  0.101544D+01 -0.244796D+03
  316.5713  0.109535D+01  0.108431D+01  0.878398D+03
  316.7274  0.112452D+01  0.112624D+01 -0.135507D+03
  316.8835  0.117332D+01  0.117959D+01 -0.488989D+03
  317.0394  0.129147D+01  0.128744D+01  0.312023D+03
  317.1953  0.142185D+01  0.142854D+01 -0.517809D+03
  317.3511  0.147660D+01  0.147786D+01 -0.975235D+02
  317.5068  0.145096D+01  0.144799D+01  0.228012D+03
  317.6625  0.141843D+01  0.141434D+01  0.316915D+03
  317.8181  0.128527D+01  0.129249D+01 -0.559108D+03
  317.9736  0.107089D+01  0.106277D+01  0.649442D+03
  318.1290  0.902673D+00  0.911836D+00 -0.881651D+03
  318.2844  0.907763D+00  0.910236D+00 -0.239326D+03
  318.4396  0.994262D+00  0.992512D+00  0.144928D+03
  318.5948  0.109429D+01  0.109620D+01 -0.150840D+03
  318.7500  0.119579D+01  0.119714D+01 -0.104653D+03
  318.9051  0.130610D+01  0.129364D+01  0.964421D+03
  319.0601  0.128202D+01  0.128789D+01 -0.455126D+03
  319.2150  0.112488D+01  0.111523D+01  0.753424D+03
  319.3698  0.994704D+00  0.992018D+00  0.219838D+03
  319.5246  0.103043D+01  0.104048D+01 -0.790911D+03
   31 316.415 321.068 318.742  2.389D-01  0.000D+00  1.063D-03  0.000D+00  1.007D+00  5.300D+02 10000  3.178D-03
  316.4151  0.101258D+01  0.101602D+01 -0.294516D+03
  316.5713  0.109535D+01  0.108522D+01  0.806210D+03
  316.7274  0.112452D+01  0.112698D+01 -0.193733D+03
  316.8835  0.117332D+01  0.117987D+01 -0.510941D+03
  317.0394  0.129147D+01  0.128694D+01  0.351090D+03
  317.1953  0.142185D+01  0.142784D+01 -0.463478D+03
  317.3511  0.147660D+01  0.147725D+01 -0.508345D+02
  317.5068  0.145096D+01  0.144694D+01  0.308740D+03
  317.6625  0.141843D+01  0.141302D+01  0.418754D+03
  317.8181  0.128527D+01  0.129187D+01 -0.510818D+03
  317.9736  0.107089D+01  0.106231D+01  0.686142D+03
  318.1290  0.902673D+00  0.910668D+00 -0.769292D+03
  318.2844  0.907763D+00  0.908498D+00 -0.711452D+02
  318.4396  0.994262D+00  0.990683D+00  0.296379D+03
  318.5948  0.109429D+01  0.109478D+01 -0.390878D+02
  318.7500  0.119579D+01  0.119647D+01 -0.524535D+02
  318.9051  0.130610D+01  0.129449D+01  0.898975D+03
  319.0601  0.128202D+01  0.129147D+01 -0.731958D+03
  319.2150  0.112488D+01  0.112057D+01  0.336729D+03
  319.3698  0.994704D+00  0.997739D+00 -0.248344D+03
  319.5246  0.103043D+01  0.104826D+01 -0.140364D+04
  319.6793  0.115819D+01  0.115248D+01  0.442225D+03
  319.8339  0.127849D+01  0.126747D+01  0.853417D+03
  319.9884  0.133725D+01  0.134224D+01 -0.386607D+03
  320.1429  0.136340D+01  0.135274D+01  0.825206D+03
  320.2973  0.138295D+01  0.139093D+01 -0.607073D+03
  320.4516  0.146011D+01  0.146067D+01 -0.416725D+02
  320.6058  0.150041D+01  0.149874D+01  0.115096D+03
  320.7601  0.145708D+01  0.145866D+01 -0.112313D+03
  320.9142  0.132199D+01  0.132141D+01  0.449756D+02
  321.0682  0.114078D+01  0.114049D+01  0.220369D+02
   31 317.974 322.604 320.289  2.370D-01  0.000D+00  7.925D-04  0.000D+00  1.001D+00  5.485D+02   300  3.650D-03
  317.9736  0.107089D+01  0.106321D+01  0.613971D+03
  318.1290  0.902673D+00  0.910129D+00 -0.717416D+03
  318.2844  0.907763D+00  0.908632D+00 -0.840443D+02
  318.4396  0.994262D+00  0.991325D+00  0.243222D+03
  318.5948  0.109429D+01  0.109566D+01 -0.108097D+03
  318.7500  0.119579D+01  0.119715D+01 -0.105633D+03
  318.9051  0.130610D+01  0.129603D+01  0.779632D+03
  319.0601  0.128202D+01  0.129312D+01 -0.859564D+03
  319.2150  0.112488D+01  0.111933D+01  0.433411D+03
  319.3698  0.994704D+00  0.995361D+00 -0.537561D+02
  319.5246  0.103043D+01  0.104745D+01 -0.133956D+04
  319.6793  0.115819D+01  0.115205D+01  0.476106D+03
  319.8339  0.127849D+01  0.126744D+01  0.855466D+03
  319.9884  0.133725D+01  0.134227D+01 -0.388394D+03
  320.1429  0.136340D+01  0.135147D+01  0.924066D+03
  320.2973  0.138295D+01  0.138995D+01 -0.532873D+03
  320.4516  0.146011D+01  0.146026D+01 -0.112419D+02
  320.6058  0.150041D+01  0.149914D+01  0.872313D+02
  320.7601  0.145708D+01  0.145935D+01 -0.161656D+03
  320.9142  0.132199D+01  0.132167D+01  0.244110D+02
  321.0682  0.114078D+01  0.113969D+01  0.847041D+02
  321.2221  0.100971D+01  0.101215D+01 -0.192913D+03
  321.3760  0.966342D+00  0.972524D+00 -0.497446D+03
  321.5298  0.102367D+01  0.102299D+01  0.537524D+02
  321.6836  0.112274D+01  0.112995D+01 -0.558504D+03
  321.8372  0.126406D+01  0.125452D+01  0.738889D+03
  321.9908  0.135314D+01  0.135131D+01  0.138344D+03
  322.1443  0.133045D+01  0.133617D+01 -0.443483D+03
  322.2978  0.125461D+01  0.124248D+01  0.939103D+03
  322.4512  0.117857D+01  0.118749D+01 -0.690305D+03
  322.6045  0.112449D+01  0.112352D+01  0.752254D+02
   31 319.525 324.134 321.829  2.394D-01  0.000D+00 -3.961D-04  0.000D+00  9.898D-01  5.248D+02   300  4.330D-03
  319.5246  0.103043D+01  0.104593D+01 -0.121994D+04
  319.6793  0.115819D+01  0.115109D+01  0.549982D+03
  319.8339  0.127849D+01  0.126671D+01  0.912361D+03
  319.9884  0.133725D+01  0.134132D+01 -0.315377D+03
  320.1429  0.136340D+01  0.135251D+01  0.843491D+03
  320.2973  0.138295D+01  0.139154D+01 -0.653529D+03
  320.4516  0.146011D+01  0.146134D+01 -0.913140D+02
  320.6058  0.150041D+01  0.149890D+01  0.103907D+03
  320.7601  0.145708D+01  0.145787D+01 -0.562704D+02
  320.9142  0.132199D+01  0.131997D+01  0.156674D+03
  321.0682  0.114078D+01  0.113940D+01  0.106624D+03
  321.2221  0.100971D+01  0.101267D+01 -0.234388D+03
  321.3760  0.966342D+00  0.973368D+00 -0.565332D+03
  321.5298  0.102367D+01  0.102361D+01  0.469765D+01
  321.6836  0.112274D+01  0.113060D+01 -0.608358D+03
  321.8372  0.126406D+01  0.125476D+01  0.720624D+03
  321.9908  0.135314D+01  0.134994D+01  0.242694D+03
  322.1443  0.133045D+01  0.133470D+01 -0.329404D+03
  322.2978  0.125461D+01  0.124373D+01  0.842896D+03
  322.4512  0.117857D+01  0.118931D+01 -0.831556D+03
  322.6045  0.112449D+01  0.112561D+01 -0.866290D+02
  322.7577  0.102368D+01  0.102403D+01 -0.270662D+02
  322.9109  0.950234D+00  0.957904D+00 -0.614586D+03
  323.0640  0.994605D+00  0.988193D+00  0.504481D+03
  323.2170  0.109032D+01  0.109171D+01 -0.107593D+03
  323.3700  0.112527D+01  0.112338D+01  0.146480D+03
  323.5228  0.108844D+01  0.108023D+01  0.635613D+03
  323.6756  0.107907D+01  0.108022D+01 -0.888722D+02
  323.8284  0.113923D+01  0.114246D+01 -0.249967D+03
  323.9810  0.122971D+01  0.122242D+01  0.564513D+03
  324.1336  0.129346D+01  0.130094D+01 -0.565153D+03
   31 321.068 325.656 323.362  2.398D-01  0.000D+00 -3.463D-03  0.000D+00  9.894D-01  4.779D+02 10300  4.288D-03
  321.0682  0.114078D+01  0.113651D+01  0.330288D+03
  321.2221  0.100971D+01  0.101048D+01 -0.605469D+02
  321.3760  0.966342D+00  0.972434D+00 -0.490197D+03
  321.5298  0.102367D+01  0.102386D+01 -0.153022D+02
  321.6836  0.112274D+01  0.113127D+01 -0.660855D+03
  321.8372  0.126406D+01  0.125550D+01  0.663366D+03
  321.9908  0.135314D+01  0.134932D+01  0.289793D+03
  322.1443  0.133045D+01  0.133241D+01 -0.152264D+03
  322.2978  0.125461D+01  0.124253D+01  0.935231D+03
  322.4512  0.117857D+01  0.118930D+01 -0.831115D+03
  322.6045  0.112449D+01  0.112519D+01 -0.539496D+02
  322.7577  0.102368D+01  0.102401D+01 -0.261455D+02
  322.9109  0.950234D+00  0.959714D+00 -0.759582D+03
  323.0640  0.994605D+00  0.992254D+00  0.184988D+03
  323.2170  0.109032D+01  0.109555D+01 -0.404434D+03
  323.3700  0.112527D+01  0.112453D+01  0.577068D+02
  323.5228  0.108844D+01  0.108061D+01  0.606818D+03
  323.6756  0.107907D+01  0.108086D+01 -0.138599D+03
  323.8284  0.113923D+01  0.114190D+01 -0.206645D+03
  323.9810  0.122971D+01  0.121922D+01  0.811862D+03
  324.1336  0.129346D+01  0.129360D+01 -0.105837D+02
  324.2862  0.132700D+01  0.132791D+01 -0.659059D+02
  324.4386  0.134501D+01  0.133848D+01  0.452131D+03
  324.5910  0.136334D+01  0.136557D+01 -0.151277D+03
  324.7433  0.132942D+01  0.133305D+01 -0.251307D+03
  324.8956  0.126197D+01  0.125729D+01  0.356906D+03
  325.0477  0.123075D+01  0.124440D+01 -0.105712D+04
  325.1998  0.128583D+01  0.128856D+01 -0.198910D+03
  325.3519  0.135512D+01  0.135838D+01 -0.219628D+03
  325.5038  0.148513D+01  0.147247D+01  0.822681D+03
  325.6557  0.160246D+01  0.160334D+01 -0.572007D+02
   31 322.604 327.171 324.888  2.389D-01  0.000D+00 -9.647D-04  0.000D+00  9.966D-01  5.660D+02 10300  5.051D-03
  322.6045  0.112449D+01  0.112633D+01 -0.142498D+03
  322.7577  0.102368D+01  0.102479D+01 -0.867334D+02
  322.9109  0.950234D+00  0.958847D+00 -0.690141D+03
  323.0640  0.994605D+00  0.989573D+00  0.395883D+03
  323.2170  0.109032D+01  0.109329D+01 -0.229837D+03
  323.3700  0.112527D+01  0.112399D+01  0.993129D+02
  323.5228  0.108844D+01  0.107956D+01  0.687658D+03
  323.6756  0.107907D+01  0.107855D+01  0.407101D+02
  323.8284  0.113923D+01  0.113921D+01  0.179371D+01
  323.9810  0.122971D+01  0.121659D+01  0.101602D+04
  324.1336  0.129346D+01  0.129170D+01  0.132652D+03
  324.2862  0.132700D+01  0.132717D+01 -0.122742D+02
  324.4386  0.134501D+01  0.133802D+01  0.484140D+03
  324.5910  0.136334D+01  0.136651D+01 -0.215602D+03
  324.7433  0.132942D+01  0.133645D+01 -0.486525D+03
  324.8956  0.126197D+01  0.126091D+01  0.807002D+02
  325.0477  0.123075D+01  0.124825D+01 -0.135485D+04
  325.1998  0.128583D+01  0.129394D+01 -0.590130D+03
  325.3519  0.135512D+01  0.136563D+01 -0.707199D+03
  325.5038  0.148513D+01  0.148241D+01  0.176673D+03
  325.6557  0.160246D+01  0.161857D+01 -0.104000D+04
  325.8075  0.170975D+01  0.169765D+01  0.780852D+03
  325.9593  0.174678D+01  0.174225D+01  0.292151D+03
  326.1110  0.175895D+01  0.175097D+01  0.511460D+03
  326.2626  0.172050D+01  0.170778D+01  0.816271D+03
  326.4141  0.163189D+01  0.163645D+01 -0.294428D+03
  326.5656  0.161395D+01  0.159846D+01  0.999546D+03
  326.7170  0.165959D+01  0.166341D+01 -0.246329D+03
  326.8683  0.173356D+01  0.172870D+01  0.313127D+03
  327.0196  0.168814D+01  0.169586D+01 -0.498110D+03
  327.1708  0.161728D+01  0.162499D+01 -0.497942D+03
   31 324.134 328.679 326.406  2.386D-01  0.000D+00  4.700D-03  0.000D+00  1.004D+00  5.929D+02 10300  6.304D-03
  324.1336  0.129346D+01  0.128617D+01  0.550101D+03
  324.2862  0.132700D+01  0.132457D+01  0.174280D+03
  324.4386  0.134501D+01  0.133612D+01  0.615944D+03
  324.5910  0.136334D+01  0.136564D+01 -0.156169D+03
  324.7433  0.132942D+01  0.133949D+01 -0.697152D+03
  324.8956  0.126197D+01  0.126360D+01 -0.124477D+03
  325.0477  0.123075D+01  0.124829D+01 -0.135773D+04
  325.1998  0.128583D+01  0.129285D+01 -0.510315D+03
  325.3519  0.135512D+01  0.136339D+01 -0.556634D+03
  325.5038  0.148513D+01  0.147830D+01  0.443764D+03
  325.6557  0.160246D+01  0.161532D+01 -0.829857D+03
  325.8075  0.170975D+01  0.169613D+01  0.878971D+03
  325.9593  0.174678D+01  0.174109D+01  0.367330D+03
  326.1110  0.175895D+01  0.175124D+01  0.494258D+03
  326.2626  0.172050D+01  0.170882D+01  0.749469D+03
  326.4141  0.163189D+01  0.163718D+01 -0.341593D+03
  326.5656  0.161395D+01  0.159525D+01  0.120655D+04
  326.7170  0.165959D+01  0.165646D+01  0.202332D+03
  326.8683  0.173356D+01  0.172365D+01  0.638772D+03
  327.0196  0.168814D+01  0.169355D+01 -0.348932D+03
  327.1708  0.161728D+01  0.162091D+01 -0.234616D+03
  327.3219  0.160807D+01  0.161556D+01 -0.483655D+03
  327.4730  0.165381D+01  0.166332D+01 -0.613630D+03
  327.6240  0.166227D+01  0.166733D+01 -0.326262D+03
  327.7748  0.162428D+01  0.162454D+01 -0.168671D+02
  327.9258  0.157874D+01  0.158860D+01 -0.635783D+03
  328.0765  0.157682D+01  0.157959D+01 -0.178323D+03
  328.2272  0.157379D+01  0.158035D+01 -0.423453D+03
  328.3779  0.159067D+01  0.157649D+01  0.912362D+03
  328.5285  0.153991D+01  0.154232D+01 -0.155734D+03
  328.6790  0.145875D+01  0.145090D+01  0.507229D+03
   31 325.656 330.180 327.918  2.459D-01  0.000D+00 -3.604D-03  0.000D+00  1.002D+00  6.241D+02 10300  6.100D-03
  325.6557  0.160246D+01  0.162621D+01 -0.153254D+04
  325.8075  0.170975D+01  0.170392D+01  0.375799D+03
  325.9593  0.174678D+01  0.174623D+01  0.352424D+02
  326.1110  0.175895D+01  0.175123D+01  0.494752D+03
  326.2626  0.172050D+01  0.170595D+01  0.933344D+03
  326.4141  0.163189D+01  0.163511D+01 -0.208215D+03
  326.5656  0.161395D+01  0.160047D+01  0.870107D+03
  326.7170  0.165959D+01  0.166082D+01 -0.788908D+02
  326.8683  0.173356D+01  0.171944D+01  0.910272D+03
  327.0196  0.168814D+01  0.168672D+01  0.918558D+02
  327.1708  0.161728D+01  0.162053D+01 -0.210194D+03
  327.3219  0.160807D+01  0.161906D+01 -0.709414D+03
  327.4730  0.165381D+01  0.166296D+01 -0.590425D+03
  327.6240  0.166227D+01  0.166442D+01 -0.139017D+03
  327.7748  0.162428D+01  0.162430D+01 -0.103380D+01
  327.9258  0.157874D+01  0.159088D+01 -0.782937D+03
  328.0765  0.157682D+01  0.158387D+01 -0.454829D+03
  328.2272  0.157379D+01  0.158559D+01 -0.761124D+03
  328.3779  0.159067D+01  0.158206D+01  0.553787D+03
  328.5285  0.153991D+01  0.154486D+01 -0.319339D+03
  328.6790  0.145875D+01  0.146003D+01 -0.823867D+02
  328.8294  0.145407D+01  0.145383D+01  0.159009D+02
  328.9798  0.159771D+01  0.160169D+01 -0.256987D+03
  329.1301  0.176899D+01  0.175998D+01  0.558251D+03
  329.2803  0.186352D+01  0.183996D+01  0.135541D+04
  329.4305  0.188898D+01  0.188756D+01  0.812930D+02
  329.5807  0.191755D+01  0.190746D+01  0.573113D+03
  329.7307  0.191081D+01  0.191301D+01 -0.124960D+03
  329.8807  0.193944D+01  0.193927D+01  0.988981D+01
  330.0305  0.199840D+01  0.199152D+01  0.385912D+03
  330.1804  0.195326D+01  0.197408D+01 -0.117462D+04
   31 327.171 331.675 329.423  2.427D-01  0.000D+00 -4.419D-03  0.000D+00  1.008D+00  5.511D+02   300  4.696D-03
  327.1708  0.161728D+01  0.160954D+01  0.499014D+03
  327.3219  0.160807D+01  0.161029D+01 -0.143050D+03
  327.4730  0.165381D+01  0.165688D+01 -0.197894D+03
  327.6240  0.166227D+01  0.165922D+01  0.196709D+03
  327.7748  0.162428D+01  0.161935D+01  0.318064D+03
  327.9258  0.157874D+01  0.158731D+01 -0.552556D+03
  328.0765  0.157682D+01  0.158183D+01 -0.322894D+03
  328.2272  0.157379D+01  0.158490D+01 -0.717127D+03
  328.3779  0.159067D+01  0.158279D+01  0.507283D+03
  328.5285  0.153991D+01  0.154689D+01 -0.450377D+03
  328.6790  0.145875D+01  0.145999D+01 -0.796744D+02
  328.8294  0.145407D+01  0.145343D+01  0.418949D+02
  328.9798  0.159771D+01  0.160541D+01 -0.496707D+03
  329.1301  0.176899D+01  0.176522D+01  0.233540D+03
  329.2803  0.186352D+01  0.184332D+01  0.116192D+04
  329.4305  0.188898D+01  0.189022D+01 -0.709246D+02
  329.5807  0.191755D+01  0.190855D+01  0.510944D+03
  329.7307  0.191081D+01  0.191166D+01 -0.480240D+02
  329.8807  0.193944D+01  0.193556D+01  0.219654D+03
  330.0305  0.199840D+01  0.198674D+01  0.654041D+03
  330.1804  0.195326D+01  0.196610D+01 -0.724125D+03
  330.3302  0.184986D+01  0.182943D+01  0.117444D+04
  330.4799  0.167064D+01  0.168875D+01 -0.115175D+04
  330.6295  0.156294D+01  0.157103D+01 -0.522156D+03
  330.7791  0.155203D+01  0.155139D+01  0.416919D+02
  330.9286  0.164048D+01  0.165853D+01 -0.115519D+04
  331.0780  0.175037D+01  0.174378D+01  0.384017D+03
  331.2274  0.173482D+01  0.173159D+01  0.191748D+03
  331.3767  0.165348D+01  0.165549D+01 -0.127454D+03
  331.5259  0.160848D+01  0.160523D+01  0.208758D+03
  331.6751  0.165470D+01  0.164975D+01  0.308455D+03
   31 328.679 333.163 330.921  2.402D-01  0.000D+00 -6.520D-04  0.000D+00  1.004D+00  5.697D+02 10300  4.187D-03
  328.6790  0.145875D+01  0.146593D+01 -0.464087D+03
  328.8294  0.145407D+01  0.145375D+01  0.212143D+02
  328.9798  0.159771D+01  0.160541D+01 -0.496800D+03
  329.1301  0.176899D+01  0.176819D+01  0.499131D+02
  329.2803  0.186352D+01  0.184610D+01  0.100224D+04
  329.4305  0.188898D+01  0.189268D+01 -0.211646D+03
  329.5807  0.191755D+01  0.191015D+01  0.420175D+03
  329.7307  0.191081D+01  0.191164D+01 -0.468609D+02
  329.8807  0.193944D+01  0.193324D+01  0.350917D+03
  330.0305  0.199840D+01  0.198488D+01  0.758029D+03
  330.1804  0.195326D+01  0.196781D+01 -0.820876D+03
  330.3302  0.184986D+01  0.183048D+01  0.111375D+04
  330.4799  0.167064D+01  0.168902D+01 -0.116904D+04
  330.6295  0.156294D+01  0.156961D+01 -0.430695D+03
  330.7791  0.155203D+01  0.154610D+01  0.382573D+03
  330.9286  0.164048D+01  0.165504D+01 -0.931701D+03
  331.0780  0.175037D+01  0.174488D+01  0.319871D+03
  331.2274  0.173482D+01  0.173696D+01 -0.126690D+03
  331.3767  0.165348D+01  0.166266D+01 -0.581935D+03
  331.5259  0.160848D+01  0.161222D+01 -0.240916D+03
  331.6751  0.165470D+01  0.165982D+01 -0.319135D+03
  331.8242  0.174473D+01  0.174552D+01 -0.463709D+02
  331.9733  0.177628D+01  0.176448D+01  0.673057D+03
  332.1222  0.170863D+01  0.169830D+01  0.562138D+03
  332.2711  0.158608D+01  0.158888D+01 -0.180331D+03
  332.4200  0.156995D+01  0.155418D+01  0.100721D+04
  332.5687  0.164979D+01  0.165304D+01 -0.195180D+03
  332.7174  0.172617D+01  0.171979D+01  0.364972D+03
  332.8661  0.166837D+01  0.166565D+01  0.157677D+03
  333.0146  0.161464D+01  0.161661D+01 -0.119170D+03
  333.1631  0.164834D+01  0.166090D+01 -0.736806D+03
   31 330.180 334.645 332.413  2.394D-01  0.000D+00  3.177D-03  0.000D+00  1.003D+00  5.271D+02 10300  3.580D-03
  330.1804  0.195326D+01  0.195901D+01 -0.324509D+03
  330.3302  0.184986D+01  0.182522D+01  0.141628D+04
  330.4799  0.167064D+01  0.168538D+01 -0.937523D+03
  330.6295  0.156294D+01  0.156676D+01 -0.246345D+03
  330.7791  0.155203D+01  0.154043D+01  0.748546D+03
  330.9286  0.164048D+01  0.164933D+01 -0.566390D+03
  331.0780  0.175037D+01  0.174273D+01  0.445434D+03
  331.2274  0.173482D+01  0.173816D+01 -0.198203D+03
  331.3767  0.165348D+01  0.166542D+01 -0.757319D+03
  331.5259  0.160848D+01  0.161334D+01 -0.313311D+03
  331.6751  0.165470D+01  0.165930D+01 -0.286867D+03
  331.8242  0.174473D+01  0.174654D+01 -0.105823D+03
  331.9733  0.177628D+01  0.176806D+01  0.468656D+03
  332.1222  0.170863D+01  0.170346D+01  0.281146D+03
  332.2711  0.158608D+01  0.159287D+01 -0.436892D+03
  332.4200  0.156995D+01  0.155339D+01  0.105745D+04
  332.5687  0.164979D+01  0.165022D+01 -0.261258D+02
  332.7174  0.172617D+01  0.171896D+01  0.412146D+03
  332.8661  0.166837D+01  0.166446D+01  0.226665D+03
  333.0146  0.161464D+01  0.161115D+01  0.210752D+03
  333.1631  0.164834D+01  0.165122D+01 -0.168621D+03
  333.3116  0.170835D+01  0.170134D+01  0.399184D+03
  333.4600  0.164029D+01  0.164475D+01 -0.259573D+03
  333.6083  0.149956D+01  0.150642D+01 -0.441044D+03
  333.7565  0.145184D+01  0.145307D+01 -0.798607D+02
  333.9047  0.152991D+01  0.154207D+01 -0.755893D+03
  334.0529  0.162928D+01  0.162821D+01  0.610100D+02
  334.2009  0.164900D+01  0.165364D+01 -0.264993D+03
  334.3489  0.170374D+01  0.170137D+01  0.133558D+03
  334.4968  0.178410D+01  0.179027D+01 -0.342943D+03
  334.6447  0.183955D+01  0.182594D+01  0.753001D+03
   23 331.675 334.940 333.308  2.386D-01  0.000D+00  9.598D-04  0.000D+00  1.003D+00  3.508D+02 10300  2.761D-03
  331.6751  0.165470D+01  0.165595D+01 -0.780945D+02
  331.8242  0.174473D+01  0.174703D+01 -0.134140D+03
  331.9733  0.177628D+01  0.177016D+01  0.349198D+03
  332.1222  0.170863D+01  0.170610D+01  0.137364D+03
  332.2711  0.158608D+01  0.159582D+01 -0.626983D+03
  332.4200  0.156995D+01  0.155837D+01  0.739735D+03
  332.5687  0.164979D+01  0.165742D+01 -0.458474D+03
  332.7174  0.172617D+01  0.172449D+01  0.962523D+02
  332.8661  0.166837D+01  0.166707D+01  0.754433D+02
  333.0146  0.161464D+01  0.161308D+01  0.943107D+02
  333.1631  0.164834D+01  0.165348D+01 -0.301340D+03
  333.3116  0.170835D+01  0.170187D+01  0.369319D+03
  333.4600  0.164029D+01  0.164197D+01 -0.977967D+02
  333.6083  0.149956D+01  0.150154D+01 -0.127134D+03
  333.7565  0.145184D+01  0.144951D+01  0.150152D+03
  333.9047  0.152991D+01  0.153978D+01 -0.613655D+03
  334.0529  0.162928D+01  0.162469D+01  0.262895D+03
  334.2009  0.164900D+01  0.164955D+01 -0.313956D+02
  334.3489  0.170374D+01  0.169880D+01  0.278968D+03
  334.4968  0.178410D+01  0.178982D+01 -0.318107D+03
  334.6447  0.183955D+01  0.182709D+01  0.689150D+03
  334.7925  0.174036D+01  0.174601D+01 -0.314701D+03
  334.9402  0.159558D+01  0.159783D+01 -0.128661D+03
