 solar_fit_vary
           0
 T T
nw  fwave  lwave  avgwav    hwe     asym  shift    squeeze      sin      rms   exval  std
   31 263.838 274.406 269.122  4.124D-01  0.000D+00  1.685D-02  0.000D+00  1.035D+00  4.781D+03 10300  4.978D-02
  263.8379  0.220799D+00  0.279157D+00 -0.180988D+05
  264.2017  0.392540D+00  0.344637D+00  0.130206D+05
  264.5645  0.348387D+00  0.342397D+00  0.162816D+04
  264.9264  0.310000D+00  0.302771D+00  0.218316D+04
  265.2874  0.370308D+00  0.331590D+00  0.105241D+05
  265.6476  0.395932D+00  0.384092D+00  0.321819D+04
  266.0068  0.370195D+00  0.382157D+00 -0.325142D+04
  266.3652  0.345519D+00  0.355372D+00 -0.293302D+04
  266.7228  0.351940D+00  0.349070D+00  0.823173D+03
  267.0796  0.353638D+00  0.360070D+00 -0.181993D+04
  267.4355  0.377022D+00  0.380483D+00 -0.940892D+03
  267.7907  0.360723D+00  0.375211D+00 -0.393774D+04
  268.1451  0.353106D+00  0.355662D+00 -0.727148D+03
  268.4987  0.359189D+00  0.360178D+00 -0.268866D+03
  268.8516  0.343222D+00  0.351264D+00 -0.242467D+04
  269.2037  0.336642D+00  0.341388D+00 -0.151858D+04
  269.5551  0.332337D+00  0.339272D+00 -0.232576D+04
  269.9058  0.362377D+00  0.357263D+00  0.139003D+04
  270.2557  0.401651D+00  0.394824D+00  0.185545D+04
  270.6051  0.395088D+00  0.394613D+00  0.129021D+03
  270.9537  0.372698D+00  0.370458D+00  0.608711D+03
  271.3017  0.360735D+00  0.353287D+00  0.200431D+04
  271.6490  0.311646D+00  0.309517D+00  0.764125D+03
  271.9957  0.248190D+00  0.251054D+00 -0.111217D+04
  272.3418  0.252319D+00  0.247854D+00  0.173370D+04
  272.6873  0.299141D+00  0.293893D+00  0.199999D+04
  273.0322  0.348307D+00  0.341583D+00  0.197515D+04
  273.3764  0.317536D+00  0.318316D+00 -0.269196D+03
  273.7201  0.250608D+00  0.253059D+00 -0.952038D+03
  274.0633  0.204629D+00  0.207239D+00 -0.118198D+04
  274.4058  0.185150D+00  0.189765D+00 -0.209102D+04
   31 267.436 277.803 272.619  3.926D-01  0.000D+00  4.274D-03  0.000D+00  1.012D+00  8.934D+02 10300  9.580D-03
  267.4355  0.377022D+00  0.374931D+00  0.568278D+03
  267.7907  0.360723D+00  0.367469D+00 -0.183346D+04
  268.1451  0.353106D+00  0.347961D+00  0.146328D+04
  268.4987  0.359189D+00  0.354961D+00  0.114925D+04
  268.8516  0.343222D+00  0.345901D+00 -0.807664D+03
  269.2037  0.336642D+00  0.337589D+00 -0.302842D+03
  269.5551  0.332337D+00  0.336456D+00 -0.138115D+04
  269.9058  0.362377D+00  0.357292D+00  0.138236D+04
  270.2557  0.401651D+00  0.398391D+00  0.885963D+03
  270.6051  0.395088D+00  0.397418D+00 -0.633335D+03
  270.9537  0.372698D+00  0.372967D+00 -0.731156D+02
  271.3017  0.360735D+00  0.358571D+00  0.582452D+03
  271.6490  0.311646D+00  0.313057D+00 -0.506648D+03
  271.9957  0.248190D+00  0.251464D+00 -0.127134D+04
  272.3418  0.252319D+00  0.251601D+00  0.278938D+03
  272.6873  0.299141D+00  0.299678D+00 -0.204437D+03
  273.0322  0.348307D+00  0.348787D+00 -0.141121D+03
  273.3764  0.317536D+00  0.318358D+00 -0.283743D+03
  273.7201  0.250608D+00  0.248806D+00  0.699671D+03
  274.0633  0.204629D+00  0.201880D+00  0.124556D+04
  274.4058  0.185150D+00  0.183443D+00  0.773140D+03
  274.7479  0.183357D+00  0.183403D+00 -0.210289D+02
  275.0894  0.209367D+00  0.208475D+00  0.392350D+03
  275.4303  0.245969D+00  0.243745D+00  0.863745D+03
  275.7708  0.281204D+00  0.282679D+00 -0.552493D+03
  276.1107  0.340817D+00  0.341566D+00 -0.228632D+03
  276.4502  0.360301D+00  0.363377D+00 -0.835914D+03
  276.7892  0.365512D+00  0.368747D+00 -0.879268D+03
  277.1277  0.366558D+00  0.371513D+00 -0.134696D+04
  277.4657  0.367249D+00  0.366022D+00  0.333604D+03
  277.8033  0.312039D+00  0.307662D+00  0.145419D+04
   31 270.954 281.155 276.055  3.854D-01  0.000D+00  6.316D-03  0.000D+00  1.006D+00  8.389D+02 10300  8.463D-03
  270.9537  0.372698D+00  0.370450D+00  0.610985D+03
  271.3017  0.360735D+00  0.357971D+00  0.743945D+03
  271.6490  0.311646D+00  0.313235D+00 -0.570288D+03
  271.9957  0.248190D+00  0.250871D+00 -0.104121D+04
  272.3418  0.252319D+00  0.251323D+00  0.386726D+03
  272.6873  0.299141D+00  0.299798D+00 -0.250257D+03
  273.0322  0.348307D+00  0.350837D+00 -0.743155D+03
  273.3764  0.317536D+00  0.320125D+00 -0.893791D+03
  273.7201  0.250608D+00  0.249571D+00  0.402485D+03
  274.0633  0.204629D+00  0.202254D+00  0.107631D+04
  274.4058  0.185150D+00  0.183656D+00  0.676734D+03
  274.7479  0.183357D+00  0.183366D+00 -0.400743D+01
  275.0894  0.209367D+00  0.208186D+00  0.519809D+03
  275.4303  0.245969D+00  0.243872D+00  0.814124D+03
  275.7708  0.281204D+00  0.281685D+00 -0.180058D+03
  276.1107  0.340817D+00  0.341661D+00 -0.257750D+03
  276.4502  0.360301D+00  0.362836D+00 -0.688790D+03
  276.7892  0.365512D+00  0.367866D+00 -0.639756D+03
  277.1277  0.366558D+00  0.370390D+00 -0.104177D+04
  277.4657  0.367249D+00  0.365824D+00  0.387536D+03
  277.8033  0.312039D+00  0.306816D+00  0.173509D+04
  278.1404  0.257470D+00  0.255557D+00  0.650036D+03
  278.4771  0.241700D+00  0.241850D+00 -0.537332D+02
  278.8133  0.213365D+00  0.212215D+00  0.446359D+03
  279.1491  0.157849D+00  0.156925D+00  0.418655D+03
  279.4845  0.115300D+00  0.118654D+00 -0.175933D+04
  279.8195  0.102773D+00  0.106386D+00 -0.196400D+04
  280.1540  0.106117D+00  0.107664D+00 -0.841128D+03
  280.4882  0.128023D+00  0.128164D+00 -0.463299D+02
  280.8219  0.181602D+00  0.180348D+00  0.378807D+03
  281.1553  0.246342D+00  0.242334D+00  0.117055D+04
   31 274.406 284.469 279.438  3.824D-01  0.000D+00  3.263D-03  0.000D+00  1.009D+00  1.001D+03 10300  1.374D-02
  274.4058  0.185150D+00  0.184589D+00  0.253800D+03
  274.7479  0.183357D+00  0.183888D+00 -0.240858D+03
  275.0894  0.209367D+00  0.208818D+00  0.241252D+03
  275.4303  0.245969D+00  0.244129D+00  0.714567D+03
  275.7708  0.281204D+00  0.281907D+00 -0.263383D+03
  276.1107  0.340817D+00  0.341919D+00 -0.336622D+03
  276.4502  0.360301D+00  0.362698D+00 -0.651343D+03
  276.7892  0.365512D+00  0.367597D+00 -0.566575D+03
  277.1277  0.366558D+00  0.370428D+00 -0.105198D+04
  277.4657  0.367249D+00  0.366052D+00  0.325409D+03
  277.8033  0.312039D+00  0.306441D+00  0.185989D+04
  278.1404  0.257470D+00  0.255516D+00  0.663924D+03
  278.4771  0.241700D+00  0.242358D+00 -0.235764D+03
  278.8133  0.213365D+00  0.212436D+00  0.360467D+03
  279.1491  0.157849D+00  0.156699D+00  0.520725D+03
  279.4845  0.115300D+00  0.118552D+00 -0.170620D+04
  279.8195  0.102773D+00  0.106415D+00 -0.197978D+04
  280.1540  0.106117D+00  0.107651D+00 -0.834136D+03
  280.4882  0.128023D+00  0.128057D+00 -0.112025D+02
  280.8219  0.181602D+00  0.180092D+00  0.456157D+03
  281.1553  0.246342D+00  0.241006D+00  0.155822D+04
  281.4883  0.311966D+00  0.307670D+00  0.116737D+04
  281.8210  0.371700D+00  0.370666D+00  0.281017D+03
  282.1532  0.413998D+00  0.414524D+00 -0.143042D+03
  282.4851  0.439409D+00  0.436356D+00  0.829848D+03
  282.8167  0.461416D+00  0.458175D+00  0.881086D+03
  283.1479  0.483351D+00  0.491539D+00 -0.222558D+04
  283.4787  0.473389D+00  0.480619D+00 -0.196500D+04
  283.8092  0.466739D+00  0.464978D+00  0.478622D+03
  284.1394  0.451630D+00  0.446840D+00  0.130207D+04
  284.4693  0.387878D+00  0.387008D+00  0.236490D+03
   31 277.803 287.750 282.777  3.852D-01  0.000D+00 -7.627D-04  0.000D+00  1.010D+00  9.434D+02 10000  7.791D-03
  277.8033  0.312039D+00  0.308546D+00  0.116056D+04
  278.1404  0.257470D+00  0.257646D+00 -0.596288D+02
  278.4771  0.241700D+00  0.243964D+00 -0.810985D+03
  278.8133  0.213365D+00  0.213115D+00  0.970641D+02
  279.1491  0.157849D+00  0.157004D+00  0.382873D+03
  279.4845  0.115300D+00  0.118887D+00 -0.188158D+04
  279.8195  0.102773D+00  0.106691D+00 -0.212954D+04
  280.1540  0.106117D+00  0.107975D+00 -0.101005D+04
  280.4882  0.128023D+00  0.128675D+00 -0.214076D+03
  280.8219  0.181602D+00  0.180676D+00  0.279782D+03
  281.1553  0.246342D+00  0.241302D+00  0.147182D+04
  281.4883  0.311966D+00  0.307632D+00  0.117764D+04
  281.8210  0.371700D+00  0.369968D+00  0.470797D+03
  282.1532  0.413998D+00  0.413293D+00  0.191458D+03
  282.4851  0.439409D+00  0.434898D+00  0.122612D+04
  282.8167  0.461416D+00  0.457192D+00  0.114826D+04
  283.1479  0.483351D+00  0.490228D+00 -0.186914D+04
  283.4787  0.473389D+00  0.479715D+00 -0.171936D+04
  283.8092  0.466739D+00  0.465139D+00  0.435027D+03
  284.1394  0.451630D+00  0.447362D+00  0.116009D+04
  284.4693  0.387878D+00  0.388001D+00 -0.334663D+02
  284.7988  0.282781D+00  0.283876D+00 -0.323904D+03
  285.1280  0.173806D+00  0.172462D+00  0.450497D+03
  285.4569  0.173788D+00  0.174217D+00 -0.143250D+03
  285.7854  0.297688D+00  0.299042D+00 -0.382072D+03
  286.1137  0.436733D+00  0.437922D+00 -0.323121D+03
  286.4416  0.507256D+00  0.507948D+00 -0.188124D+03
  286.7693  0.519580D+00  0.518901D+00  0.184484D+03
  287.0966  0.548849D+00  0.551516D+00 -0.724894D+03
  287.4236  0.565434D+00  0.563184D+00  0.611538D+03
  287.7503  0.489865D+00  0.489111D+00  0.205171D+03
   31 281.155 291.002 286.079  3.877D-01  0.000D+00  2.837D-03  0.000D+00  1.005D+00  6.882D+02   300  4.127D-03
  281.1553  0.246342D+00  0.244541D+00  0.525974D+03
  281.4883  0.311966D+00  0.310631D+00  0.362722D+03
  281.8210  0.371700D+00  0.372645D+00 -0.256921D+03
  282.1532  0.413998D+00  0.415457D+00 -0.396676D+03
  282.4851  0.439409D+00  0.436459D+00  0.801844D+03
  282.8167  0.461416D+00  0.457881D+00  0.960876D+03
  283.1479  0.483351D+00  0.490079D+00 -0.182861D+04
  283.4787  0.473389D+00  0.479674D+00 -0.170821D+04
  283.8092  0.466739D+00  0.464473D+00  0.615848D+03
  284.1394  0.451630D+00  0.446631D+00  0.135890D+04
  284.4693  0.387878D+00  0.387650D+00  0.620194D+02
  284.7988  0.282781D+00  0.284432D+00 -0.488353D+03
  285.1280  0.173806D+00  0.173392D+00  0.138942D+03
  285.4569  0.173788D+00  0.173627D+00  0.536442D+02
  285.7854  0.297688D+00  0.296842D+00  0.238743D+03
  286.1137  0.436733D+00  0.435666D+00  0.290045D+03
  286.4416  0.507256D+00  0.506771D+00  0.131668D+03
  286.7693  0.519580D+00  0.518684D+00  0.243664D+03
  287.0966  0.548849D+00  0.550962D+00 -0.574319D+03
  287.4236  0.565434D+00  0.563384D+00  0.557084D+03
  287.7503  0.489865D+00  0.490581D+00 -0.194617D+03
  288.0768  0.389511D+00  0.388397D+00  0.302864D+03
  288.4030  0.427154D+00  0.428261D+00 -0.300927D+03
  288.7288  0.565925D+00  0.562033D+00  0.105800D+04
  289.0544  0.612365D+00  0.611591D+00  0.210184D+03
  289.3796  0.659653D+00  0.661450D+00 -0.488461D+03
  289.7046  0.768340D+00  0.770863D+00 -0.685882D+03
  290.0293  0.882036D+00  0.884003D+00 -0.534512D+03
  290.3537  0.944941D+00  0.944189D+00  0.203153D+03
  290.6778  0.932652D+00  0.933337D+00 -0.185995D+03
  291.0017  0.897671D+00  0.895282D+00  0.649465D+03
   31 284.469 294.224 289.347  3.738D-01  0.000D+00  3.550D-03  0.000D+00  1.007D+00  9.450D+02 10300  4.297D-03
  284.4693  0.387878D+00  0.387742D+00  0.370387D+02
  284.7988  0.282781D+00  0.284780D+00 -0.591445D+03
  285.1280  0.173806D+00  0.170438D+00  0.112903D+04
  285.4569  0.173788D+00  0.170244D+00  0.118287D+04
  285.7854  0.297688D+00  0.296601D+00  0.306626D+03
  286.1137  0.436733D+00  0.437927D+00 -0.324345D+03
  286.4416  0.507256D+00  0.509113D+00 -0.504914D+03
  286.7693  0.519580D+00  0.518509D+00  0.291005D+03
  287.0966  0.548849D+00  0.552024D+00 -0.862905D+03
  287.4236  0.565434D+00  0.566663D+00 -0.334047D+03
  287.7503  0.489865D+00  0.492447D+00 -0.701667D+03
  288.0768  0.389511D+00  0.384491D+00  0.136465D+04
  288.4030  0.427154D+00  0.425085D+00  0.562238D+03
  288.7288  0.565925D+00  0.564875D+00  0.285508D+03
  289.0544  0.612365D+00  0.611014D+00  0.367226D+03
  289.3796  0.659653D+00  0.658696D+00  0.259994D+03
  289.7046  0.768340D+00  0.770050D+00 -0.464836D+03
  290.0293  0.882036D+00  0.884553D+00 -0.684081D+03
  290.3537  0.944941D+00  0.945617D+00 -0.182657D+03
  290.6778  0.932652D+00  0.934402D+00 -0.475511D+03
  291.0017  0.897671D+00  0.894360D+00  0.900115D+03
  291.3252  0.903245D+00  0.897042D+00  0.168600D+04
  291.6485  0.872687D+00  0.867907D+00  0.129924D+04
  291.9715  0.845163D+00  0.848365D+00 -0.870303D+03
  292.2942  0.812502D+00  0.817993D+00 -0.149249D+04
  292.6166  0.739210D+00  0.746197D+00 -0.189897D+04
  292.9388  0.771918D+00  0.776266D+00 -0.118181D+04
  293.2606  0.889720D+00  0.883921D+00  0.157635D+04
  293.5821  0.847447D+00  0.841807D+00  0.153305D+04
  293.9034  0.739624D+00  0.743637D+00 -0.109079D+04
  294.2243  0.781385D+00  0.780991D+00  0.106992D+03
   31 287.750 297.417 292.584  3.581D-01  0.000D+00  4.249D-03  0.000D+00  1.004D+00  1.183D+03 10300  4.566D-03
  287.7503  0.489865D+00  0.497174D+00 -0.198655D+04
  288.0768  0.389511D+00  0.381385D+00  0.220894D+04
  288.4030  0.427154D+00  0.422724D+00  0.120403D+04
  288.7288  0.565925D+00  0.569676D+00 -0.101944D+04
  289.0544  0.612365D+00  0.611221D+00  0.310896D+03
  289.3796  0.659653D+00  0.656145D+00  0.953514D+03
  289.7046  0.768340D+00  0.769590D+00 -0.339913D+03
  290.0293  0.882036D+00  0.885245D+00 -0.872219D+03
  290.3537  0.944941D+00  0.946564D+00 -0.438570D+03
  290.6778  0.932652D+00  0.934573D+00 -0.522124D+03
  291.0017  0.897671D+00  0.891295D+00  0.173324D+04
  291.3252  0.903245D+00  0.897977D+00  0.143195D+04
  291.6485  0.872687D+00  0.866737D+00  0.161736D+04
  291.9715  0.845163D+00  0.848433D+00 -0.888811D+03
  292.2942  0.812502D+00  0.819977D+00 -0.203178D+04
  292.6166  0.739210D+00  0.743278D+00 -0.110554D+04
  292.9388  0.771918D+00  0.773332D+00 -0.384380D+03
  293.2606  0.889720D+00  0.890344D+00 -0.169443D+03
  293.5821  0.847447D+00  0.845135D+00  0.628340D+03
  293.9034  0.739624D+00  0.739197D+00  0.116225D+03
  294.2243  0.781385D+00  0.783025D+00 -0.445724D+03
  294.5450  0.812201D+00  0.815341D+00 -0.853367D+03
  294.8654  0.745343D+00  0.748395D+00 -0.829604D+03
  295.1855  0.803670D+00  0.803559D+00  0.302398D+02
  295.5052  0.860402D+00  0.853633D+00  0.183978D+04
  295.8247  0.880651D+00  0.881090D+00 -0.119340D+03
  296.1439  0.924519D+00  0.919080D+00  0.147826D+04
  296.4627  0.824509D+00  0.819689D+00  0.131006D+04
  296.7813  0.636535D+00  0.645564D+00 -0.245438D+04
  297.0995  0.647454D+00  0.649632D+00 -0.592136D+03
  297.4174  0.774549D+00  0.775077D+00 -0.143413D+03
   31 291.002 300.578 295.790  3.342D-01  0.000D+00  2.915D-03  0.000D+00  1.011D+00  5.094D+03 10300  1.296D-02
  291.0017  0.897671D+00  0.906310D+00 -0.234811D+04
  291.3252  0.903245D+00  0.911059D+00 -0.212396D+04
  291.6485  0.872687D+00  0.867752D+00  0.134151D+04
  291.9715  0.845163D+00  0.846086D+00 -0.250684D+03
  292.2942  0.812502D+00  0.817214D+00 -0.128087D+04
  292.6166  0.739210D+00  0.730255D+00  0.243413D+04
  292.9388  0.771918D+00  0.758711D+00  0.358974D+04
  293.2606  0.889720D+00  0.887990D+00  0.470322D+03
  293.5821  0.847447D+00  0.837115D+00  0.280840D+04
  293.9034  0.739624D+00  0.722339D+00  0.469822D+04
  294.2243  0.781385D+00  0.777245D+00  0.112514D+04
  294.5450  0.812201D+00  0.817106D+00 -0.133315D+04
  294.8654  0.745343D+00  0.737173D+00  0.222073D+04
  295.1855  0.803670D+00  0.807462D+00 -0.103066D+04
  295.5052  0.860402D+00  0.858569D+00  0.498233D+03
  295.8247  0.880651D+00  0.888028D+00 -0.200526D+04
  296.1439  0.924519D+00  0.937524D+00 -0.353477D+04
  296.4627  0.824509D+00  0.838732D+00 -0.386607D+04
  296.7813  0.636535D+00  0.648878D+00 -0.335507D+04
  297.0995  0.647454D+00  0.662582D+00 -0.411192D+04
  297.4174  0.774549D+00  0.793787D+00 -0.522919D+04
  297.7350  0.963191D+00  0.980987D+00 -0.483731D+04
  298.0522  0.861810D+00  0.865315D+00 -0.952626D+03
  298.3692  0.604929D+00  0.606216D+00 -0.349844D+03
  298.6857  0.610005D+00  0.597391D+00  0.342870D+04
  299.0020  0.827303D+00  0.779714D+00  0.129350D+05
  299.3178  0.842906D+00  0.786011D+00  0.154645D+05
  299.6334  0.782391D+00  0.759605D+00  0.619354D+04
  299.9485  0.712819D+00  0.723023D+00 -0.277332D+04
  300.2634  0.557979D+00  0.592344D+00 -0.934074D+04
  300.5778  0.665536D+00  0.696227D+00 -0.834193D+04
   31 294.224 303.701 298.962  3.261D-01  0.000D+00 -2.188D-03  0.000D+00  1.009D+00  6.853D+03 10300  1.654D-02
  294.2243  0.781385D+00  0.763432D+00  0.487968D+04
  294.5450  0.812201D+00  0.810435D+00  0.480204D+03
  294.8654  0.745343D+00  0.730798D+00  0.395345D+04
  295.1855  0.803670D+00  0.811996D+00 -0.226311D+04
  295.5052  0.860402D+00  0.862210D+00 -0.491444D+03
  295.8247  0.880651D+00  0.893091D+00 -0.338150D+04
  296.1439  0.924519D+00  0.944200D+00 -0.534936D+04
  296.4627  0.824509D+00  0.839689D+00 -0.412603D+04
  296.7813  0.636535D+00  0.644123D+00 -0.206255D+04
  297.0995  0.647454D+00  0.660647D+00 -0.358609D+04
  297.4174  0.774549D+00  0.790426D+00 -0.431550D+04
  297.7350  0.963191D+00  0.978276D+00 -0.410036D+04
  298.0522  0.861810D+00  0.851618D+00  0.277024D+04
  298.3692  0.604929D+00  0.590210D+00  0.400081D+04
  298.6857  0.610005D+00  0.586033D+00  0.651605D+04
  299.0020  0.827303D+00  0.770864D+00  0.153405D+05
  299.3178  0.842906D+00  0.770335D+00  0.197256D+05
  299.6334  0.782391D+00  0.747517D+00  0.947904D+04
  299.9485  0.712819D+00  0.713532D+00 -0.193589D+03
  300.2634  0.557979D+00  0.583325D+00 -0.688922D+04
  300.5778  0.665536D+00  0.701332D+00 -0.972974D+04
  300.8919  0.693884D+00  0.740967D+00 -0.127976D+05
  301.2056  0.791911D+00  0.829282D+00 -0.101578D+05
  301.5188  0.827545D+00  0.848635D+00 -0.573258D+04
  301.8318  0.667561D+00  0.675425D+00 -0.213765D+04
  302.1443  0.564024D+00  0.566708D+00 -0.729473D+03
  302.4564  0.764437D+00  0.751348D+00  0.355775D+04
  302.7680  0.939159D+00  0.918319D+00  0.566451D+04
  303.0793  0.103805D+01  0.101736D+01  0.481520D+04
  303.3901  0.109611D+01  0.108828D+01  0.122365D+04
  303.7005  0.100380D+01  0.101195D+01 -0.206973D+04
   31 297.417 306.778 302.098  3.202D-01  0.000D+00 -5.501D-04  0.000D+00  1.003D+00  7.121D+03 10000  1.580D-02
  297.4174  0.774549D+00  0.800437D+00 -0.703658D+04
  297.7350  0.963191D+00  0.991619D+00 -0.772700D+04
  298.0522  0.861810D+00  0.859667D+00  0.582513D+03
  298.3692  0.604929D+00  0.590242D+00  0.399209D+04
  298.6857  0.610005D+00  0.584075D+00  0.704807D+04
  299.0020  0.827303D+00  0.773302D+00  0.146779D+05
  299.3178  0.842906D+00  0.771859D+00  0.193112D+05
  299.6334  0.782391D+00  0.748279D+00  0.927199D+04
  299.9485  0.712819D+00  0.718594D+00 -0.156973D+04
  300.2634  0.557979D+00  0.582058D+00 -0.654502D+04
  300.5778  0.665536D+00  0.707053D+00 -0.112846D+05
  300.8919  0.693884D+00  0.744764D+00 -0.138297D+05
  301.2056  0.791911D+00  0.836464D+00 -0.121099D+05
  301.5188  0.827545D+00  0.858697D+00 -0.846755D+04
  301.8318  0.667561D+00  0.682026D+00 -0.393173D+04
  302.1443  0.564024D+00  0.566549D+00 -0.686353D+03
  302.4564  0.764437D+00  0.755348D+00  0.247050D+04
  302.7680  0.939159D+00  0.920134D+00  0.517111D+04
  303.0793  0.103805D+01  0.101429D+01  0.552805D+04
  303.3901  0.109611D+01  0.108054D+01  0.243431D+04
  303.7005  0.100380D+01  0.996876D+00  0.175939D+04
  304.0105  0.890182D+00  0.887118D+00  0.832901D+03
  304.3199  0.957526D+00  0.945491D+00  0.324768D+04
  304.6290  0.101614D+01  0.100485D+01  0.241457D+04
  304.9375  0.991851D+00  0.979096D+00  0.288168D+04
  305.2456  0.112265D+01  0.111021D+01  0.169104D+04
  305.5532  0.982157D+00  0.994445D+00 -0.249045D+04
  305.8603  0.777092D+00  0.787000D+00 -0.269309D+04
  306.1668  0.903262D+00  0.903156D+00  0.248154D+02
  306.4728  0.943880D+00  0.953638D+00 -0.132613D+04
  306.7784  0.880112D+00  0.901629D+00 -0.292435D+04
   31 300.578 309.802 305.190  3.116D-01  0.000D+00 -1.130D-02  0.000D+00  1.030D+00  1.541D+03 10300  4.266D-03
  300.5778  0.665536D+00  0.653712D+00  0.321393D+04
  300.8919  0.693884D+00  0.696859D+00 -0.808662D+03
  301.2056  0.791911D+00  0.803426D+00 -0.312985D+04
  301.5188  0.827545D+00  0.834279D+00 -0.183033D+04
  301.8318  0.667561D+00  0.662093D+00  0.148612D+04
  302.1443  0.564024D+00  0.560475D+00  0.964843D+03
  302.4564  0.764437D+00  0.765266D+00 -0.225332D+03
  302.7680  0.939159D+00  0.934156D+00  0.135984D+04
  303.0793  0.103805D+01  0.102788D+01  0.236813D+04
  303.3901  0.109611D+01  0.110083D+01 -0.736731D+03
  303.7005  0.100380D+01  0.100601D+01 -0.559392D+03
  304.0105  0.890182D+00  0.897314D+00 -0.193844D+04
  304.3199  0.957526D+00  0.961312D+00 -0.102179D+04
  304.6290  0.101614D+01  0.101615D+01 -0.154530D+01
  304.9375  0.991851D+00  0.985379D+00  0.146222D+04
  305.2456  0.112265D+01  0.112063D+01  0.274637D+03
  305.5532  0.982157D+00  0.986101D+00 -0.799498D+03
  305.8603  0.777092D+00  0.773517D+00  0.971731D+03
  306.1668  0.903262D+00  0.902800D+00  0.108338D+03
  306.4728  0.943880D+00  0.937342D+00  0.888584D+03
  306.7784  0.880112D+00  0.881310D+00 -0.162836D+03
  307.0834  0.102541D+01  0.101688D+01  0.115905D+04
  307.3878  0.104132D+01  0.103752D+01  0.516369D+03
  307.6917  0.101668D+01  0.102260D+01 -0.803668D+03
  307.9950  0.104029D+01  0.104238D+01 -0.274502D+03
  308.2977  0.992437D+00  0.101416D+01 -0.290065D+04
  308.5999  0.108330D+01  0.108338D+01 -0.115221D+02
  308.9014  0.991396D+00  0.977697D+00  0.186184D+04
  309.2023  0.795687D+00  0.804638D+00 -0.121648D+04
  309.5026  0.774584D+00  0.790332D+00 -0.214027D+04
  309.8022  0.805105D+00  0.783897D+00  0.288235D+04
   21 303.701 309.802 306.751  3.098D-01  0.000D+00 -8.330D-03  0.000D+00  1.016D+00  1.225D+03   300  4.595D-03
  303.7005  0.100380D+01  0.100014D+01  0.929883D+03
  304.0105  0.890182D+00  0.893307D+00 -0.849171D+03
  304.3199  0.957526D+00  0.958819D+00 -0.348970D+03
  304.6290  0.101614D+01  0.101808D+01 -0.414549D+03
  304.9375  0.991851D+00  0.985343D+00  0.147041D+04
  305.2456  0.112265D+01  0.112420D+01 -0.210530D+03
  305.5532  0.982157D+00  0.991511D+00 -0.189583D+04
  305.8603  0.777092D+00  0.774534D+00  0.695426D+03
  306.1668  0.903262D+00  0.903133D+00  0.301666D+02
  306.4728  0.943880D+00  0.939671D+00  0.572017D+03
  306.7784  0.880112D+00  0.879834D+00  0.377005D+02
  307.0834  0.102541D+01  0.101552D+01  0.134458D+04
  307.3878  0.104132D+01  0.103607D+01  0.713405D+03
  307.6917  0.101668D+01  0.101954D+01 -0.387698D+03
  307.9950  0.104029D+01  0.103988D+01  0.532493D+02
  308.2977  0.992437D+00  0.101007D+01 -0.235426D+04
  308.5999  0.108330D+01  0.108113D+01  0.295094D+03
  308.9014  0.991396D+00  0.977854D+00  0.184048D+04
  309.2023  0.795687D+00  0.805078D+00 -0.127626D+04
  309.5026  0.774584D+00  0.791320D+00 -0.227451D+04
  309.8022  0.805105D+00  0.789103D+00  0.217478D+04
   31 310.057 314.965 312.511  2.302D-01  0.000D+00 -1.357D-04  0.000D+00  1.004D+00  9.473D+02   300  4.939D-03
  310.0574  0.671957D+00  0.667276D+00  0.359818D+03
  310.2169  0.683883D+00  0.681418D+00  0.189523D+03
  310.3763  0.899750D+00  0.913521D+00 -0.105873D+04
  310.5357  0.112988D+01  0.112747D+01  0.181441D+03
  310.6949  0.124498D+01  0.123322D+01  0.824921D+03
  310.8542  0.131168D+01  0.131285D+01 -0.849929D+02
  311.0133  0.132097D+01  0.132135D+01 -0.287856D+02
  311.3313  0.128190D+01  0.129733D+01 -0.118637D+04
  311.4902  0.128988D+01  0.127130D+01  0.142840D+04
  311.6490  0.118782D+01  0.119758D+01 -0.750223D+03
  311.8077  0.109198D+01  0.108264D+01  0.778708D+03
  311.9663  0.982408D+00  0.991744D+00 -0.896589D+03
  312.1249  0.963238D+00  0.968528D+00 -0.508309D+03
  312.2833  0.103837D+01  0.102718D+01  0.104289D+04
  312.4417  0.109605D+01  0.111087D+01 -0.124096D+04
  312.6000  0.112020D+01  0.110890D+01  0.883152D+03
  312.7583  0.109627D+01  0.110167D+01 -0.446086D+03
  312.9164  0.113801D+01  0.113180D+01  0.478243D+03
  313.0745  0.114024D+01  0.113371D+01  0.491006D+03
  313.2325  0.111536D+01  0.110886D+01  0.502764D+03
  313.3904  0.108357D+01  0.108461D+01 -0.849884D+02
  313.5483  0.110285D+01  0.110692D+01 -0.317797D+03
  313.7061  0.119336D+01  0.119283D+01  0.407849D+02
  313.8637  0.129920D+01  0.130359D+01 -0.337878D+03
  314.0214  0.135796D+01  0.135092D+01  0.541653D+03
  314.1789  0.129494D+01  0.128620D+01  0.672617D+03
  314.3363  0.104876D+01  0.107186D+01 -0.202836D+04
  314.4937  0.863025D+00  0.849361D+00  0.131313D+04
  314.6510  0.856515D+00  0.881384D+00 -0.238992D+04
  314.8082  0.107843D+01  0.105663D+01  0.181210D+04
  314.9654  0.119749D+01  0.119699D+01  0.386355D+02
   31 311.808 316.533 314.170  2.292D-01  0.000D+00 -2.155D-03  0.000D+00  1.011D+00  9.183D+02 10300  4.895D-03
  311.8077  0.109198D+01  0.107997D+01  0.100173D+04
  311.9663  0.982408D+00  0.990551D+00 -0.782056D+03
  312.1249  0.963238D+00  0.968837D+00 -0.538044D+03
  312.2833  0.103837D+01  0.102919D+01  0.855443D+03
  312.4417  0.109605D+01  0.111336D+01 -0.144938D+04
  312.6000  0.112020D+01  0.110991D+01  0.804227D+03
  312.7583  0.109627D+01  0.110315D+01 -0.568694D+03
  312.9164  0.113801D+01  0.113356D+01  0.342773D+03
  313.0745  0.114024D+01  0.113478D+01  0.410982D+03
  313.2325  0.111536D+01  0.110921D+01  0.476427D+03
  313.3904  0.108357D+01  0.108470D+01 -0.922719D+02
  313.5483  0.110285D+01  0.110737D+01 -0.353224D+03
  313.7061  0.119336D+01  0.119383D+01 -0.366598D+02
  313.8637  0.129920D+01  0.130449D+01 -0.407350D+03
  314.0214  0.135796D+01  0.135042D+01  0.579741D+03
  314.1789  0.129494D+01  0.128424D+01  0.822623D+03
  314.3363  0.104876D+01  0.106759D+01 -0.165369D+04
  314.4937  0.863025D+00  0.845829D+00  0.165251D+04
  314.6510  0.856515D+00  0.882151D+00 -0.246356D+04
  314.8082  0.107843D+01  0.105901D+01  0.161419D+04
  314.9654  0.119749D+01  0.119935D+01 -0.142726D+03
  315.1224  0.125219D+01  0.124286D+01  0.717283D+03
  315.2794  0.123467D+01  0.123713D+01 -0.189598D+03
  315.4363  0.121082D+01  0.121201D+01 -0.921260D+02
  315.5931  0.112588D+01  0.112358D+01  0.176912D+03
  315.7499  0.941171D+00  0.948347D+00 -0.689587D+03
  315.9066  0.788195D+00  0.783938D+00  0.409149D+03
  316.0631  0.745765D+00  0.758986D+00 -0.127051D+04
  316.2197  0.866053D+00  0.855503D+00  0.101388D+04
  316.3761  0.992836D+00  0.998847D+00 -0.562552D+03
  316.5325  0.108855D+01  0.108208D+01  0.506136D+03
   31 313.390 318.092 315.741  2.290D-01  0.000D+00 -2.664D-03  0.000D+00  1.012D+00  9.257D+02 10300  4.401D-03
  313.3904  0.108357D+01  0.108388D+01 -0.258161D+02
  313.5483  0.110285D+01  0.110667D+01 -0.298151D+03
  313.7061  0.119336D+01  0.119324D+01  0.865243D+01
  313.8637  0.129920D+01  0.130385D+01 -0.357592D+03
  314.0214  0.135796D+01  0.134950D+01  0.650601D+03
  314.1789  0.129494D+01  0.128308D+01  0.912217D+03
  314.3363  0.104876D+01  0.106612D+01 -0.152422D+04
  314.4937  0.863025D+00  0.844889D+00  0.174290D+04
  314.6510  0.856515D+00  0.882244D+00 -0.247248D+04
  314.8082  0.107843D+01  0.105939D+01  0.158242D+04
  314.9654  0.119749D+01  0.119965D+01 -0.166160D+03
  315.1224  0.125219D+01  0.124300D+01  0.706480D+03
  315.2794  0.123467D+01  0.123737D+01 -0.208166D+03
  315.4363  0.121082D+01  0.121235D+01 -0.117526D+03
  315.5931  0.112588D+01  0.112377D+01  0.162028D+03
  315.7499  0.941171D+00  0.948283D+00 -0.683458D+03
  315.9066  0.788195D+00  0.784080D+00  0.395512D+03
  316.0631  0.745765D+00  0.759678D+00 -0.133703D+04
  316.2197  0.866053D+00  0.856687D+00  0.900015D+03
  316.3761  0.992836D+00  0.100025D+01 -0.693486D+03
  316.5325  0.108855D+01  0.108331D+01  0.409849D+03
  316.6888  0.112645D+01  0.112345D+01  0.230555D+03
  316.8450  0.115664D+01  0.116986D+01 -0.101644D+04
  317.0012  0.127452D+01  0.125953D+01  0.115243D+04
  317.1572  0.140225D+01  0.141241D+01 -0.781206D+03
  317.3132  0.149524D+01  0.149009D+01  0.395717D+03
  317.4691  0.146127D+01  0.146160D+01 -0.254380D+02
  317.6249  0.144580D+01  0.143221D+01  0.104503D+04
  317.7807  0.133541D+01  0.134626D+01 -0.833063D+03
  317.9364  0.112727D+01  0.111522D+01  0.926350D+03
  318.0920  0.917134D+00  0.926539D+00 -0.898851D+03
   31 314.965 319.644 317.305  2.297D-01  0.000D+00 -3.078D-03  0.000D+00  1.013D+00  6.857D+02 10300  3.720D-03
  314.9654  0.119749D+01  0.120234D+01 -0.373092D+03
  315.1224  0.125219D+01  0.124415D+01  0.617966D+03
  315.2794  0.123467D+01  0.123733D+01 -0.204758D+03
  315.4363  0.121082D+01  0.121112D+01 -0.233361D+02
  315.5931  0.112588D+01  0.112165D+01  0.325445D+03
  315.7499  0.941171D+00  0.946193D+00 -0.482609D+03
  315.9066  0.788195D+00  0.782815D+00  0.517063D+03
  316.0631  0.745765D+00  0.758739D+00 -0.124674D+04
  316.2197  0.866053D+00  0.855687D+00  0.996116D+03
  316.3761  0.992836D+00  0.998796D+00 -0.557748D+03
  316.5325  0.108855D+01  0.108194D+01  0.516838D+03
  316.6888  0.112645D+01  0.112255D+01  0.299143D+03
  316.8450  0.115664D+01  0.116949D+01 -0.988379D+03
  317.0012  0.127452D+01  0.125997D+01  0.111832D+04
  317.1572  0.140225D+01  0.141284D+01 -0.814594D+03
  317.3132  0.149524D+01  0.149064D+01  0.353367D+03
  317.4691  0.146127D+01  0.146288D+01 -0.124124D+03
  317.6249  0.144580D+01  0.143359D+01  0.938976D+03
  317.7807  0.133541D+01  0.134690D+01 -0.881958D+03
  317.9364  0.112727D+01  0.111605D+01  0.862125D+03
  318.0920  0.917134D+00  0.927771D+00 -0.101667D+04
  318.2476  0.896287D+00  0.901253D+00 -0.472455D+03
  318.4030  0.974486D+00  0.975426D+00 -0.819291D+02
  318.5584  0.108273D+01  0.108050D+01  0.171414D+03
  318.7137  0.117569D+01  0.118113D+01 -0.418057D+03
  318.8690  0.130369D+01  0.128680D+01  0.129811D+04
  319.0241  0.131857D+01  0.132373D+01 -0.396726D+03
  319.1792  0.117347D+01  0.116564D+01  0.419621D+03
  319.3342  0.100467D+01  0.100019D+01  0.343728D+03
  319.4891  0.101397D+01  0.102741D+01 -0.103347D+04
  319.6440  0.113368D+01  0.112991D+01  0.290289D+03
   31 316.533 321.189 318.861  2.301D-01  0.000D+00 -2.294D-03  0.000D+00  1.013D+00  8.049D+02 10300  4.622D-03
  316.5325  0.108855D+01  0.108471D+01  0.300619D+03
  316.6888  0.112645D+01  0.112501D+01  0.110529D+03
  316.8450  0.115664D+01  0.117143D+01 -0.113711D+04
  317.0012  0.127452D+01  0.126113D+01  0.102953D+04
  317.1572  0.140225D+01  0.141301D+01 -0.827823D+03
  317.3132  0.149524D+01  0.149072D+01  0.347096D+03
  317.4691  0.146127D+01  0.146286D+01 -0.122810D+03
  317.6249  0.144580D+01  0.143275D+01  0.100293D+04
  317.7807  0.133541D+01  0.134607D+01 -0.818905D+03
  317.9364  0.112727D+01  0.111612D+01  0.856692D+03
  318.0920  0.917134D+00  0.927487D+00 -0.989494D+03
  318.2476  0.896287D+00  0.900091D+00 -0.361925D+03
  318.4030  0.974486D+00  0.973793D+00  0.603755D+02
  318.5584  0.108273D+01  0.107896D+01  0.290306D+03
  318.7137  0.117569D+01  0.118007D+01 -0.336435D+03
  318.8690  0.130369D+01  0.128639D+01  0.132995D+04
  319.0241  0.131857D+01  0.132477D+01 -0.477314D+03
  319.1792  0.117347D+01  0.116908D+01  0.235061D+03
  319.3342  0.100467D+01  0.100441D+01  0.192923D+02
  319.4891  0.101397D+01  0.103206D+01 -0.139064D+04
  319.6440  0.113368D+01  0.113690D+01 -0.247382D+03
  319.7988  0.127314D+01  0.125227D+01  0.160438D+04
  319.9535  0.133022D+01  0.134675D+01 -0.127062D+04
  320.1082  0.138108D+01  0.135879D+01  0.163949D+04
  320.2628  0.136831D+01  0.138593D+01 -0.134880D+04
  320.4172  0.146033D+01  0.145775D+01  0.191522D+03
  320.5717  0.150671D+01  0.150943D+01 -0.176442D+03
  320.7260  0.149494D+01  0.148898D+01  0.420236D+03
  320.8803  0.136724D+01  0.136757D+01 -0.251812D+02
  321.0345  0.118302D+01  0.118062D+01  0.184711D+03
  321.1887  0.103083D+01  0.103408D+01 -0.250421D+03
   31 318.092 322.726 320.409  2.296D-01  0.000D+00 -2.504D-03  0.000D+00  1.007D+00  7.657D+02 10300  4.944D-03
  318.0920  0.917134D+00  0.921576D+00 -0.424560D+03
  318.2476  0.896287D+00  0.896425D+00 -0.130800D+02
  318.4030  0.974486D+00  0.971604D+00  0.251058D+03
  318.5584  0.108273D+01  0.107793D+01  0.369121D+03
  318.7137  0.117569D+01  0.117999D+01 -0.330579D+03
  318.8690  0.130369D+01  0.128732D+01  0.125841D+04
  319.0241  0.131857D+01  0.132657D+01 -0.615071D+03
  319.1792  0.117347D+01  0.117026D+01  0.172011D+03
  319.3342  0.100467D+01  0.100508D+01 -0.316872D+02
  319.4891  0.101397D+01  0.103333D+01 -0.148805D+04
  319.6440  0.113368D+01  0.113826D+01 -0.351575D+03
  319.7988  0.127314D+01  0.125342D+01  0.151570D+04
  319.9535  0.133022D+01  0.134768D+01 -0.134195D+04
  320.1082  0.138108D+01  0.135879D+01  0.163941D+04
  320.2628  0.136831D+01  0.138543D+01 -0.131061D+04
  320.4172  0.146033D+01  0.145688D+01  0.255688D+03
  320.5717  0.150671D+01  0.150810D+01 -0.899963D+02
  320.7260  0.149494D+01  0.148727D+01  0.541153D+03
  320.8803  0.136724D+01  0.136560D+01  0.126603D+03
  321.0345  0.118302D+01  0.117860D+01  0.340224D+03
  321.1887  0.103083D+01  0.103242D+01 -0.122354D+03
  321.3427  0.963160D+00  0.975007D+00 -0.945538D+03
  321.4966  0.101529D+01  0.100986D+01  0.417843D+03
  321.6506  0.109775D+01  0.111285D+01 -0.116102D+04
  321.8044  0.125147D+01  0.123810D+01  0.102768D+04
  321.9583  0.134954D+01  0.135294D+01 -0.261100D+03
  322.1119  0.136598D+01  0.136405D+01  0.147858D+03
  322.2655  0.127608D+01  0.126965D+01  0.494291D+03
  322.4191  0.120832D+01  0.120797D+01  0.272738D+02
  322.5726  0.114883D+01  0.115782D+01 -0.691186D+03
  322.7260  0.105704D+01  0.105401D+01  0.232811D+03
   31 319.644 324.256 321.950  2.310D-01  0.000D+00 -1.044D-03  0.000D+00  9.960D-01  7.169D+02 10300  5.757D-03
  319.6440  0.113368D+01  0.114085D+01 -0.551106D+03
  319.7988  0.127314D+01  0.125510D+01  0.138658D+04
  319.9535  0.133022D+01  0.134863D+01 -0.141467D+04
  320.1082  0.138108D+01  0.136041D+01  0.152041D+04
  320.2628  0.136831D+01  0.138610D+01 -0.136195D+04
  320.4172  0.146033D+01  0.145654D+01  0.281076D+03
  320.5717  0.150671D+01  0.150765D+01 -0.606307D+02
  320.7260  0.149494D+01  0.148724D+01  0.542738D+03
  320.8803  0.136724D+01  0.136668D+01  0.432226D+02
  321.0345  0.118302D+01  0.118056D+01  0.189359D+03
  321.1887  0.103083D+01  0.103396D+01 -0.240846D+03
  321.3427  0.963160D+00  0.975650D+00 -0.996901D+03
  321.4966  0.101529D+01  0.100959D+01  0.437885D+03
  321.6506  0.109775D+01  0.111178D+01 -0.107875D+04
  321.8044  0.125147D+01  0.123681D+01  0.112735D+04
  321.9583  0.134954D+01  0.135111D+01 -0.120659D+03
  322.1119  0.136598D+01  0.136314D+01  0.217221D+03
  322.2655  0.127608D+01  0.126993D+01  0.472630D+03
  322.4191  0.120832D+01  0.120686D+01  0.111882D+03
  322.5726  0.114883D+01  0.115599D+01 -0.549968D+03
  322.7260  0.105704D+01  0.105236D+01  0.359747D+03
  322.8793  0.954991D+00  0.969859D+00 -0.114346D+04
  323.0326  0.979832D+00  0.977109D+00  0.209321D+03
  323.1858  0.108405D+01  0.108355D+01  0.337434D+02
  323.3390  0.113752D+01  0.113977D+01 -0.173467D+03
  323.4920  0.110445D+01  0.109486D+01  0.737076D+03
  323.6450  0.106856D+01  0.107685D+01 -0.637028D+03
  323.7979  0.113210D+01  0.113185D+01  0.193176D+02
  323.9507  0.121320D+01  0.120952D+01  0.283392D+03
  324.1035  0.129526D+01  0.129014D+01  0.393253D+03
  324.2562  0.133118D+01  0.133627D+01 -0.387121D+03
   31 321.189 325.779 323.484  2.318D-01  0.000D+00 -3.208D-03  0.000D+00  9.958D-01  6.404D+02 10300  5.396D-03
  321.1887  0.103083D+01  0.102685D+01  0.305847D+03
  321.3427  0.963160D+00  0.971677D+00 -0.679822D+03
  321.4966  0.101529D+01  0.100804D+01  0.557049D+03
  321.6506  0.109775D+01  0.111164D+01 -0.106831D+04
  321.8044  0.125147D+01  0.123785D+01  0.104696D+04
  321.9583  0.134954D+01  0.135207D+01 -0.194377D+03
  322.1119  0.136598D+01  0.136312D+01  0.218684D+03
  322.2655  0.127608D+01  0.127054D+01  0.425391D+03
  322.4191  0.120832D+01  0.120857D+01 -0.192747D+02
  322.5726  0.114883D+01  0.115686D+01 -0.616859D+03
  322.7260  0.105704D+01  0.105306D+01  0.305654D+03
  322.8793  0.954991D+00  0.971405D+00 -0.126234D+04
  323.0326  0.979832D+00  0.980177D+00 -0.265695D+02
  323.1858  0.108405D+01  0.108646D+01 -0.160564D+03
  323.3390  0.113752D+01  0.114017D+01 -0.204108D+03
  323.4920  0.110445D+01  0.109458D+01  0.758569D+03
  323.6450  0.106856D+01  0.107707D+01 -0.654180D+03
  323.7979  0.113210D+01  0.113154D+01  0.427425D+02
  323.9507  0.121320D+01  0.120810D+01  0.392180D+03
  324.1035  0.129526D+01  0.128698D+01  0.636314D+03
  324.2562  0.133118D+01  0.133073D+01  0.343023D+02
  324.4088  0.134408D+01  0.133750D+01  0.500078D+03
  324.5614  0.137348D+01  0.136777D+01  0.426921D+03
  324.7139  0.134457D+01  0.135366D+01 -0.690397D+03
  324.8663  0.128191D+01  0.127172D+01  0.782209D+03
  325.0187  0.122742D+01  0.124410D+01 -0.128307D+04
  325.1710  0.128494D+01  0.128494D+01 -0.238728D+00
  325.3231  0.134025D+01  0.135091D+01 -0.803855D+03
  325.4753  0.146936D+01  0.145873D+01  0.682859D+03
  325.6273  0.159056D+01  0.160285D+01 -0.787829D+03
  325.7794  0.170667D+01  0.169322D+01  0.861716D+03
   31 322.726 327.296 325.011  2.292D-01  0.000D+00 -1.142D-03  0.000D+00  1.001D+00  6.446D+02   300  5.439D-03
  322.7260  0.105704D+01  0.105386D+01  0.244293D+03
  322.8793  0.954991D+00  0.969924D+00 -0.114849D+04
  323.0326  0.979832D+00  0.976426D+00  0.261795D+03
  323.1858  0.108405D+01  0.108391D+01  0.952109D+01
  323.3390  0.113752D+01  0.114016D+01 -0.202843D+03
  323.4920  0.110445D+01  0.109318D+01  0.866808D+03
  323.6450  0.106856D+01  0.107446D+01 -0.453098D+03
  323.7979  0.113210D+01  0.112951D+01  0.198778D+03
  323.9507  0.121320D+01  0.120649D+01  0.516449D+03
  324.1035  0.129526D+01  0.128660D+01  0.665253D+03
  324.2562  0.133118D+01  0.133187D+01 -0.526656D+02
  324.4088  0.134408D+01  0.133824D+01  0.443544D+03
  324.5614  0.137348D+01  0.137011D+01  0.251921D+03
  324.7139  0.134457D+01  0.135864D+01 -0.106816D+04
  324.8663  0.128191D+01  0.127498D+01  0.532122D+03
  325.0187  0.122742D+01  0.124643D+01 -0.146209D+04
  325.1710  0.128494D+01  0.128785D+01 -0.223379D+03
  325.3231  0.134025D+01  0.135332D+01 -0.985677D+03
  325.4753  0.146936D+01  0.146034D+01  0.579144D+03
  325.6273  0.159056D+01  0.160612D+01 -0.997201D+03
  325.7794  0.170667D+01  0.169633D+01  0.662710D+03
  325.9313  0.175142D+01  0.174391D+01  0.481231D+03
  326.0831  0.176521D+01  0.176415D+01  0.679183D+02
  326.2349  0.174529D+01  0.172691D+01  0.117802D+04
  326.3866  0.164475D+01  0.165638D+01 -0.744514D+03
  326.5383  0.161057D+01  0.159770D+01  0.824501D+03
  326.6899  0.164701D+01  0.165175D+01 -0.303730D+03
  326.8414  0.173699D+01  0.173527D+01  0.109910D+03
  326.9929  0.171699D+01  0.171702D+01 -0.211080D+01
  327.1442  0.163163D+01  0.163528D+01 -0.233773D+03
  327.2955  0.161391D+01  0.161755D+01 -0.233066D+03
   31 324.256 328.805 326.531  2.354D-01  0.000D+00  1.190D-03  0.000D+00  1.009D+00  6.648D+02   300  6.198D-03
  324.2562  0.133118D+01  0.132613D+01  0.383941D+03
  324.4088  0.134408D+01  0.133647D+01  0.578279D+03
  324.5614  0.137348D+01  0.136674D+01  0.503872D+03
  324.7139  0.134457D+01  0.135574D+01 -0.847853D+03
  324.8663  0.128191D+01  0.127795D+01  0.303551D+03
  325.0187  0.122742D+01  0.124829D+01 -0.160461D+04
  325.1710  0.128494D+01  0.128790D+01 -0.226951D+03
  325.3231  0.134025D+01  0.135365D+01 -0.101109D+04
  325.4753  0.146936D+01  0.146043D+01  0.573301D+03
  325.6273  0.159056D+01  0.160250D+01 -0.765231D+03
  325.7794  0.170667D+01  0.169442D+01  0.784552D+03
  325.9313  0.175142D+01  0.174274D+01  0.555871D+03
  326.0831  0.176521D+01  0.176190D+01  0.211943D+03
  326.2349  0.174529D+01  0.172618D+01  0.122445D+04
  326.3866  0.164475D+01  0.165648D+01 -0.750890D+03
  326.5383  0.161057D+01  0.160066D+01  0.634810D+03
  326.6899  0.164701D+01  0.164953D+01 -0.161757D+03
  326.8414  0.173699D+01  0.172919D+01  0.499378D+03
  326.9929  0.171699D+01  0.171389D+01  0.198782D+03
  327.1442  0.163163D+01  0.163702D+01 -0.345444D+03
  327.2955  0.161391D+01  0.161813D+01 -0.270698D+03
  327.4468  0.166591D+01  0.166758D+01 -0.106377D+03
  327.5980  0.168193D+01  0.168162D+01  0.193964D+02
  327.7490  0.164580D+01  0.164124D+01  0.292115D+03
  327.9001  0.158448D+01  0.160168D+01 -0.110202D+04
  328.0510  0.159003D+01  0.158919D+01  0.534305D+02
  328.2020  0.157444D+01  0.159066D+01 -0.103877D+04
  328.3528  0.160282D+01  0.158833D+01  0.928478D+03
  328.5035  0.156001D+01  0.156367D+01 -0.234579D+03
  328.6542  0.147410D+01  0.147418D+01 -0.519057D+01
  328.8049  0.143837D+01  0.142928D+01  0.582348D+03
   31 325.779 330.307 328.043  2.355D-01  0.000D+00 -4.027D-03  0.000D+00  1.007D+00  6.159D+02 10300  5.568D-03
  325.7794  0.170667D+01  0.170935D+01 -0.171888D+03
  325.9313  0.175142D+01  0.175456D+01 -0.201185D+03
  326.0831  0.176521D+01  0.176936D+01 -0.265727D+03
  326.2349  0.174529D+01  0.172957D+01  0.100736D+04
  326.3866  0.164475D+01  0.165697D+01 -0.781732D+03
  326.5383  0.161057D+01  0.160192D+01  0.554007D+03
  326.6899  0.164701D+01  0.165281D+01 -0.371965D+03
  326.8414  0.173699D+01  0.172940D+01  0.486234D+03
  326.9929  0.171699D+01  0.170966D+01  0.469591D+03
  327.1442  0.163163D+01  0.163250D+01 -0.555646D+02
  327.2955  0.161391D+01  0.161668D+01 -0.177787D+03
  327.4468  0.166591D+01  0.166642D+01 -0.325531D+02
  327.5980  0.168193D+01  0.167849D+01  0.219925D+03
  327.7490  0.164580D+01  0.163787D+01  0.508157D+03
  327.9001  0.158448D+01  0.160003D+01 -0.995714D+03
  328.0510  0.159003D+01  0.158960D+01  0.274673D+02
  328.2020  0.157444D+01  0.159253D+01 -0.115867D+04
  328.3528  0.160282D+01  0.159167D+01  0.714039D+03
  328.5035  0.156001D+01  0.156726D+01 -0.464546D+03
  328.6542  0.147410D+01  0.147797D+01 -0.248156D+03
  328.8049  0.143837D+01  0.144050D+01 -0.136523D+03
  328.9554  0.157383D+01  0.157911D+01 -0.338601D+03
  329.1060  0.175606D+01  0.175643D+01 -0.233966D+02
  329.2563  0.186833D+01  0.184388D+01  0.143429D+04
  329.4067  0.189853D+01  0.189550D+01  0.170371D+03
  329.5570  0.192819D+01  0.192096D+01  0.399395D+03
  329.7072  0.192797D+01  0.192442D+01  0.195794D+03
  329.8574  0.193447D+01  0.194561D+01 -0.612031D+03
  330.0075  0.201561D+01  0.200372D+01  0.653134D+03
  330.1575  0.198537D+01  0.201161D+01 -0.144078D+04
  330.3074  0.189292D+01  0.188257D+01  0.576774D+03
   31 327.296 331.803 329.549  2.315D-01  0.000D+00 -4.079D-03  0.000D+00  1.014D+00  7.185D+02   300  5.645D-03
  327.2955  0.161391D+01  0.161048D+01  0.219465D+03
  327.4468  0.166591D+01  0.166357D+01  0.150449D+03
  327.5980  0.168193D+01  0.167708D+01  0.310730D+03
  327.7490  0.164580D+01  0.163596D+01  0.630177D+03
  327.9001  0.158448D+01  0.159868D+01 -0.909493D+03
  328.0510  0.159003D+01  0.158962D+01  0.261791D+02
  328.2020  0.157444D+01  0.159354D+01 -0.122357D+04
  328.3528  0.160282D+01  0.159358D+01  0.592095D+03
  328.5035  0.156001D+01  0.157098D+01 -0.702829D+03
  328.6542  0.147410D+01  0.147915D+01 -0.323440D+03
  328.8049  0.143837D+01  0.143818D+01  0.120579D+02
  328.9554  0.157383D+01  0.158091D+01 -0.453523D+03
  329.1060  0.175606D+01  0.176103D+01 -0.315685D+03
  329.2563  0.186833D+01  0.184566D+01  0.132972D+04
  329.4067  0.189853D+01  0.189611D+01  0.135853D+03
  329.5570  0.192819D+01  0.191953D+01  0.478290D+03
  329.7072  0.192797D+01  0.191987D+01  0.446101D+03
  329.8574  0.193447D+01  0.193745D+01 -0.163690D+03
  330.0075  0.201561D+01  0.199365D+01  0.120596D+04
  330.1575  0.198537D+01  0.199969D+01 -0.786400D+03
  330.3074  0.189292D+01  0.186362D+01  0.163222D+04
  330.4573  0.170656D+01  0.171816D+01 -0.739233D+03
  330.6071  0.157542D+01  0.159096D+01 -0.995797D+03
  330.7570  0.155052D+01  0.154309D+01  0.475935D+03
  330.9066  0.162605D+01  0.165039D+01 -0.155932D+04
  331.0562  0.175613D+01  0.175470D+01  0.884824D+02
  331.2057  0.175422D+01  0.175504D+01 -0.507094D+02
  331.3553  0.167388D+01  0.167805D+01 -0.266203D+03
  331.5047  0.160857D+01  0.161133D+01 -0.177090D+03
  331.6541  0.164923D+01  0.164641D+01  0.180064D+03
  331.8033  0.174751D+01  0.173555D+01  0.734051D+03
   31 328.805 333.293 331.049  2.309D-01  0.000D+00  1.894D-03  0.000D+00  1.009D+00  6.731D+02 10000  4.507D-03
  328.8049  0.143837D+01  0.144266D+01 -0.274922D+03
  328.9554  0.157383D+01  0.158022D+01 -0.409727D+03
  329.1060  0.175606D+01  0.176362D+01 -0.480621D+03
  329.2563  0.186833D+01  0.185041D+01  0.105143D+04
  329.4067  0.189853D+01  0.190050D+01 -0.111162D+03
  329.5570  0.192819D+01  0.192425D+01  0.217890D+03
  329.7072  0.192797D+01  0.192289D+01  0.279866D+03
  329.8574  0.193447D+01  0.193742D+01 -0.161924D+03
  330.0075  0.201561D+01  0.199164D+01  0.131656D+04
  330.1575  0.198537D+01  0.200186D+01 -0.905648D+03
  330.3074  0.189292D+01  0.186815D+01  0.137993D+04
  330.4573  0.170656D+01  0.172060D+01 -0.895057D+03
  330.6071  0.157542D+01  0.159259D+01 -0.109999D+04
  330.7570  0.155052D+01  0.153822D+01  0.788227D+03
  330.9066  0.162605D+01  0.164225D+01 -0.103787D+04
  331.0562  0.175613D+01  0.175082D+01  0.327439D+03
  331.2057  0.175422D+01  0.175648D+01 -0.140750D+03
  331.3553  0.167388D+01  0.168331D+01 -0.602515D+03
  331.5047  0.160857D+01  0.161627D+01 -0.493064D+03
  331.6541  0.164923D+01  0.165068D+01 -0.927168D+02
  331.8033  0.174751D+01  0.174535D+01  0.132315D+03
  331.9526  0.178998D+01  0.177933D+01  0.624603D+03
  332.1017  0.173615D+01  0.172329D+01  0.790790D+03
  332.2509  0.159513D+01  0.160928D+01 -0.906211D+03
  332.3999  0.156175D+01  0.154679D+01  0.958119D+03
  332.5488  0.164145D+01  0.164226D+01 -0.514594D+02
  332.6978  0.173785D+01  0.173338D+01  0.266480D+03
  332.8466  0.169178D+01  0.168559D+01  0.382611D+03
  332.9954  0.161853D+01  0.162036D+01 -0.116010D+03
  333.1440  0.164767D+01  0.165746D+01 -0.614042D+03
  333.2927  0.172353D+01  0.172505D+01 -0.891998D+02
   31 330.307 334.776 332.541  2.289D-01  0.000D+00  1.620D-03  0.000D+00  1.007D+00  6.319D+02 10300  4.164D-03
  330.3074  0.189292D+01  0.186769D+01  0.140590D+04
  330.4573  0.170656D+01  0.171922D+01 -0.807017D+03
  330.6071  0.157542D+01  0.159030D+01 -0.953188D+03
  330.7570  0.155052D+01  0.153475D+01  0.101036D+04
  330.9066  0.162605D+01  0.164081D+01 -0.945151D+03
  331.0562  0.175613D+01  0.175043D+01  0.351543D+03
  331.2057  0.175422D+01  0.175592D+01 -0.105659D+03
  331.3553  0.167388D+01  0.168235D+01 -0.541104D+03
  331.5047  0.160857D+01  0.161475D+01 -0.395565D+03
  331.6541  0.164923D+01  0.165033D+01 -0.703891D+02
  331.8033  0.174751D+01  0.174687D+01  0.392850D+02
  331.9526  0.178998D+01  0.178126D+01  0.511092D+03
  332.1017  0.173615D+01  0.172492D+01  0.690639D+03
  332.2509  0.159513D+01  0.160959D+01 -0.926308D+03
  332.3999  0.156175D+01  0.154557D+01  0.103678D+04
  332.5488  0.164145D+01  0.164266D+01 -0.771119D+02
  332.6978  0.173785D+01  0.173420D+01  0.217512D+03
  332.8466  0.169178D+01  0.168321D+01  0.529315D+03
  332.9954  0.161853D+01  0.161486D+01  0.232876D+03
  333.1440  0.164767D+01  0.165062D+01 -0.184832D+03
  333.2927  0.172353D+01  0.171633D+01  0.422957D+03
  333.4413  0.166986D+01  0.167531D+01 -0.334977D+03
  333.5898  0.151556D+01  0.152738D+01 -0.757194D+03
  333.7383  0.145266D+01  0.144968D+01  0.190451D+03
  333.8866  0.152501D+01  0.154035D+01 -0.981396D+03
  334.0349  0.164363D+01  0.163929D+01  0.264546D+03
  334.1832  0.165546D+01  0.166255D+01 -0.425667D+03
  334.3314  0.170693D+01  0.170163D+01  0.300997D+03
  334.4795  0.178735D+01  0.179686D+01 -0.522476D+03
  334.6276  0.186298D+01  0.184705D+01  0.874948D+03
  334.7755  0.177570D+01  0.177534D+01  0.197835D+02
   22 331.803 334.923 333.363  2.274D-01  0.000D+00 -8.222D-04  0.000D+00  1.008D+00  5.136D+02   300  3.911D-03
  331.8033  0.174751D+01  0.175128D+01 -0.231851D+03
  331.9526  0.178998D+01  0.178567D+01  0.252671D+03
  332.1017  0.173615D+01  0.172810D+01  0.495030D+03
  332.2509  0.159513D+01  0.161157D+01 -0.105263D+04
  332.3999  0.156175D+01  0.154854D+01  0.846575D+03
  332.5488  0.164145D+01  0.164918D+01 -0.491522D+03
  332.6978  0.173785D+01  0.173899D+01 -0.678615D+02
  332.8466  0.169178D+01  0.168434D+01  0.459923D+03
  332.9954  0.161853D+01  0.161508D+01  0.219061D+03
  333.1440  0.164767D+01  0.165239D+01 -0.296207D+03
  333.2927  0.172353D+01  0.171737D+01  0.361950D+03
  333.4413  0.166986D+01  0.167307D+01 -0.197370D+03
  333.5898  0.151556D+01  0.152237D+01 -0.435867D+03
  333.7383  0.145266D+01  0.144550D+01  0.458430D+03
  333.8866  0.152501D+01  0.153908D+01 -0.900281D+03
  334.0349  0.164363D+01  0.163693D+01  0.408529D+03
  334.1832  0.165546D+01  0.165885D+01 -0.203362D+03
  334.3314  0.170693D+01  0.169869D+01  0.467806D+03
  334.4795  0.178735D+01  0.179625D+01 -0.488611D+03
  334.6276  0.186298D+01  0.184717D+01  0.868363D+03
  334.7755  0.177570D+01  0.177496D+01  0.404076D+02
  334.9235  0.159895D+01  0.160659D+01 -0.469827D+03
