 solar_fit_vary
           0
 T T
nw  fwave  lwave  avgwav    hwe     asym  shift    squeeze      sin      rms   exval  std
   31 263.989 274.650 269.320  5.241D-01  0.000D+00 -1.622D-02  0.000D+00  9.740D-01  2.803D+03 10300  2.881D-02
  263.9893  0.527805D+00  0.532485D+00 -0.113085D+04
  264.3605  0.541067D+00  0.531284D+00  0.268988D+04
  264.7304  0.458335D+00  0.459875D+00 -0.423343D+03
  265.0989  0.445256D+00  0.421820D+00  0.644412D+04
  265.4662  0.443811D+00  0.438441D+00  0.147648D+04
  265.8322  0.412707D+00  0.434108D+00 -0.588444D+04
  266.1969  0.374899D+00  0.395851D+00 -0.576113D+04
  266.5605  0.359135D+00  0.364444D+00 -0.145975D+04
  266.9229  0.350653D+00  0.355850D+00 -0.147450D+04
  267.2841  0.359785D+00  0.360044D+00 -0.711830D+02
  267.6441  0.351243D+00  0.356871D+00 -0.159136D+04
  268.0031  0.340534D+00  0.340914D+00 -0.117279D+03
  268.3611  0.344659D+00  0.334363D+00  0.309239D+04
  268.7179  0.334947D+00  0.330274D+00  0.150097D+04
  269.0739  0.327565D+00  0.323706D+00  0.135608D+04
  269.4287  0.324236D+00  0.324165D+00  0.251812D+02
  269.7827  0.344073D+00  0.340228D+00  0.115061D+04
  270.1357  0.383839D+00  0.371216D+00  0.347101D+04
  270.4877  0.393255D+00  0.386106D+00  0.196579D+04
  270.8389  0.377336D+00  0.376815D+00  0.143266D+03
  271.1893  0.369684D+00  0.359152D+00  0.289580D+04
  271.5388  0.333012D+00  0.325287D+00  0.250532D+04
  271.8874  0.270360D+00  0.279417D+00 -0.355751D+04
  272.2353  0.255324D+00  0.265211D+00 -0.388331D+04
  272.5824  0.284328D+00  0.296663D+00 -0.484369D+04
  272.9287  0.331927D+00  0.334046D+00 -0.701897D+03
  273.2744  0.321087D+00  0.324653D+00 -0.125137D+04
  273.6192  0.265525D+00  0.269537D+00 -0.157560D+04
  273.9634  0.220131D+00  0.215846D+00  0.180043D+04
  274.3069  0.191867D+00  0.185698D+00  0.282739D+04
  274.6498  0.181201D+00  0.176860D+00  0.198930D+04
   31 267.644 278.046 272.845  4.627D-01  0.000D+00  1.809D-02  0.000D+00  1.007D+00  1.531D+03   300  1.686D-02
  267.6441  0.351243D+00  0.349151D+00  0.591699D+03
  268.0031  0.340534D+00  0.337801D+00  0.843720D+03
  268.3611  0.344659D+00  0.337861D+00  0.204172D+04
  268.7179  0.334947D+00  0.339349D+00 -0.141400D+04
  269.0739  0.327565D+00  0.332207D+00 -0.163175D+04
  269.4287  0.324236D+00  0.332035D+00 -0.277875D+04
  269.7827  0.344073D+00  0.343795D+00  0.833891D+02
  270.1357  0.383839D+00  0.379072D+00  0.131078D+04
  270.4877  0.393255D+00  0.395913D+00 -0.730993D+03
  270.8389  0.377336D+00  0.380533D+00 -0.879146D+03
  271.1893  0.369684D+00  0.362048D+00  0.209954D+04
  271.5388  0.333012D+00  0.328826D+00  0.135761D+04
  271.8874  0.270360D+00  0.273890D+00 -0.138643D+04
  272.2353  0.255324D+00  0.250440D+00  0.191866D+04
  272.5824  0.284328D+00  0.282059D+00  0.891223D+03
  272.9287  0.331927D+00  0.328206D+00  0.123221D+04
  273.2744  0.321087D+00  0.326889D+00 -0.203557D+04
  273.6192  0.265525D+00  0.269849D+00 -0.169821D+04
  273.9634  0.220131D+00  0.215410D+00  0.198350D+04
  274.3069  0.191867D+00  0.186941D+00  0.225734D+04
  274.6498  0.181201D+00  0.181438D+00 -0.108785D+03
  274.9921  0.195463D+00  0.196260D+00 -0.365546D+03
  275.3336  0.231663D+00  0.228869D+00  0.110616D+04
  275.6747  0.257148D+00  0.264262D+00 -0.279461D+04
  276.0151  0.317429D+00  0.315440D+00  0.684253D+03
  276.3549  0.342261D+00  0.348167D+00 -0.177547D+04
  276.6943  0.356879D+00  0.360072D+00 -0.877971D+03
  277.0331  0.358006D+00  0.362397D+00 -0.120743D+04
  277.3713  0.367941D+00  0.359987D+00  0.218722D+04
  277.7090  0.325841D+00  0.322033D+00  0.128611D+04
  278.0463  0.268091D+00  0.270282D+00 -0.602511D+03
   31 271.189 281.395 276.292  4.506D-01  0.000D+00  1.822D-02  0.000D+00  9.864D-01  1.437D+03 10300  1.577D-02
  271.1893  0.369684D+00  0.368506D+00  0.323956D+03
  271.5388  0.333012D+00  0.333312D+00 -0.972598D+02
  271.8874  0.270360D+00  0.275307D+00 -0.194313D+04
  272.2353  0.255324D+00  0.250261D+00  0.198914D+04
  272.5824  0.284328D+00  0.282299D+00  0.796799D+03
  272.9287  0.331927D+00  0.329742D+00  0.723392D+03
  273.2744  0.321087D+00  0.328262D+00 -0.251748D+04
  273.6192  0.265525D+00  0.269386D+00 -0.151642D+04
  273.9634  0.220131D+00  0.214479D+00  0.237464D+04
  274.3069  0.191867D+00  0.186205D+00  0.259495D+04
  274.6498  0.181201D+00  0.180855D+00  0.158810D+03
  274.9921  0.195463D+00  0.195574D+00 -0.511700D+02
  275.3336  0.231663D+00  0.228994D+00  0.105678D+04
  275.6747  0.257148D+00  0.263607D+00 -0.253733D+04
  276.0151  0.317429D+00  0.316271D+00  0.398427D+03
  276.3549  0.342261D+00  0.348725D+00 -0.194325D+04
  276.6943  0.356879D+00  0.360387D+00 -0.964640D+03
  277.0331  0.358006D+00  0.362139D+00 -0.113650D+04
  277.3713  0.367941D+00  0.360416D+00  0.206924D+04
  277.7090  0.325841D+00  0.321386D+00  0.150441D+04
  278.0463  0.268091D+00  0.267917D+00  0.478983D+02
  278.3831  0.246613D+00  0.242009D+00  0.128197D+04
  278.7195  0.223878D+00  0.218834D+00  0.141514D+04
  279.0553  0.172487D+00  0.173144D+00 -0.200783D+03
  279.3907  0.125647D+00  0.129627D+00 -0.127103D+04
  279.7257  0.105347D+00  0.109395D+00 -0.139143D+04
  280.0603  0.103460D+00  0.106754D+00 -0.113232D+04
  280.3946  0.115345D+00  0.121427D+00 -0.209057D+04
  280.7283  0.161391D+00  0.162508D+00 -0.361181D+03
  281.0618  0.223418D+00  0.221751D+00  0.509346D+03
  281.3948  0.289128D+00  0.286892D+00  0.631305D+03
   31 274.650 284.707 279.678  3.969D-01  0.000D+00  1.995D-02  0.000D+00  1.002D+00  1.076D+03 10300  1.386D-02
  274.6498  0.181201D+00  0.180138D+00  0.487143D+03
  274.9921  0.195463D+00  0.192885D+00  0.118102D+04
  275.3336  0.231663D+00  0.230480D+00  0.468319D+03
  275.6747  0.257148D+00  0.258541D+00 -0.547308D+03
  276.0151  0.317429D+00  0.318861D+00 -0.492658D+03
  276.3549  0.342261D+00  0.348807D+00 -0.196779D+04
  276.6943  0.356879D+00  0.360691D+00 -0.104809D+04
  277.0331  0.358006D+00  0.360060D+00 -0.564599D+03
  277.3713  0.367941D+00  0.364676D+00  0.897884D+03
  277.7090  0.325841D+00  0.323359D+00  0.838410D+03
  278.0463  0.268091D+00  0.263745D+00  0.119527D+04
  278.3831  0.246613D+00  0.242147D+00  0.124347D+04
  278.7195  0.223878D+00  0.222676D+00  0.337411D+03
  279.0553  0.172487D+00  0.173446D+00 -0.293101D+03
  279.3907  0.125647D+00  0.127261D+00 -0.515329D+03
  279.7257  0.105347D+00  0.108262D+00 -0.100198D+04
  280.0603  0.103460D+00  0.105531D+00 -0.711829D+03
  280.3946  0.115345D+00  0.118446D+00 -0.106568D+04
  280.7283  0.161391D+00  0.160219D+00  0.379012D+03
  281.0618  0.223418D+00  0.220541D+00  0.879187D+03
  281.3948  0.289128D+00  0.284154D+00  0.140418D+04
  281.7275  0.352698D+00  0.350752D+00  0.534911D+03
  282.0598  0.400396D+00  0.400867D+00 -0.129423D+03
  282.3918  0.430707D+00  0.429652D+00  0.290050D+03
  282.7235  0.449210D+00  0.447059D+00  0.591580D+03
  283.0548  0.477704D+00  0.479024D+00 -0.362740D+03
  283.3858  0.470245D+00  0.483654D+00 -0.368694D+04
  283.7165  0.460856D+00  0.461770D+00 -0.251220D+03
  284.0469  0.454466D+00  0.448708D+00  0.158327D+04
  284.3770  0.403551D+00  0.401027D+00  0.693819D+03
  284.7067  0.314056D+00  0.312561D+00  0.421870D+03
   31 278.046 287.989 283.018  3.827D-01  0.000D+00  2.520D-03  0.000D+00  9.990D-01  8.806D+02 10300  6.739D-03
  278.0463  0.268091D+00  0.265073D+00  0.829987D+03
  278.3831  0.246613D+00  0.246056D+00  0.155195D+03
  278.7195  0.223878D+00  0.225573D+00 -0.475414D+03
  279.0553  0.172487D+00  0.172999D+00 -0.156353D+03
  279.3907  0.125647D+00  0.126463D+00 -0.260627D+03
  279.7257  0.105347D+00  0.108639D+00 -0.113161D+04
  280.0603  0.103460D+00  0.106171D+00 -0.931729D+03
  280.3946  0.115345D+00  0.119506D+00 -0.143037D+04
  280.7283  0.161391D+00  0.162961D+00 -0.507578D+03
  281.0618  0.223418D+00  0.223338D+00  0.246211D+02
  281.3948  0.289128D+00  0.286370D+00  0.778646D+03
  281.7275  0.352698D+00  0.352070D+00  0.172770D+03
  282.0598  0.400396D+00  0.400349D+00  0.128784D+02
  282.3918  0.430707D+00  0.427180D+00  0.969541D+03
  282.7235  0.449210D+00  0.443840D+00  0.147650D+04
  283.0548  0.477704D+00  0.477979D+00 -0.756427D+02
  283.3858  0.470245D+00  0.480841D+00 -0.291357D+04
  283.7165  0.460856D+00  0.459861D+00  0.273480D+03
  284.0469  0.454466D+00  0.450032D+00  0.121909D+04
  284.3770  0.403551D+00  0.402597D+00  0.262239D+03
  284.7067  0.314056D+00  0.313561D+00  0.139653D+03
  285.0362  0.194271D+00  0.194456D+00 -0.594067D+02
  285.3654  0.156497D+00  0.154619D+00  0.645553D+03
  285.6943  0.252234D+00  0.251757D+00  0.145934D+03
  286.0230  0.394301D+00  0.396717D+00 -0.664394D+03
  286.3513  0.487396D+00  0.488757D+00 -0.374055D+03
  286.6794  0.505842D+00  0.510310D+00 -0.122840D+04
  287.0072  0.532546D+00  0.532080D+00  0.128149D+03
  287.3347  0.568359D+00  0.565198D+00  0.869277D+03
  287.6620  0.517595D+00  0.514500D+00  0.848437D+03
  287.9890  0.406257D+00  0.409142D+00 -0.793153D+03
   31 281.395 291.244 286.319  3.830D-01  0.000D+00  3.811D-03  0.000D+00  9.929D-01  1.258D+03 10300  7.365D-03
  281.3948  0.289128D+00  0.286871D+00  0.637185D+03
  281.7275  0.352698D+00  0.352512D+00  0.511225D+02
  282.0598  0.400396D+00  0.400805D+00 -0.112591D+03
  282.3918  0.430707D+00  0.427731D+00  0.818173D+03
  282.7235  0.449210D+00  0.444467D+00  0.130412D+04
  283.0548  0.477704D+00  0.478776D+00 -0.294616D+03
  283.3858  0.470245D+00  0.482070D+00 -0.325161D+04
  283.7165  0.460856D+00  0.461236D+00 -0.104394D+03
  284.0469  0.454466D+00  0.451645D+00  0.775506D+03
  284.3770  0.403551D+00  0.404381D+00 -0.228467D+03
  284.7067  0.314056D+00  0.315278D+00 -0.344679D+03
  285.0362  0.194271D+00  0.195714D+00 -0.462425D+03
  285.3654  0.156497D+00  0.155178D+00  0.453308D+03
  285.6943  0.252234D+00  0.252121D+00  0.347631D+02
  286.0230  0.394301D+00  0.397273D+00 -0.817166D+03
  286.3513  0.487396D+00  0.489233D+00 -0.504912D+03
  286.6794  0.505842D+00  0.510143D+00 -0.118242D+04
  287.0072  0.532546D+00  0.530507D+00  0.560598D+03
  287.3347  0.568359D+00  0.562046D+00  0.173602D+04
  287.6620  0.517595D+00  0.510135D+00  0.204516D+04
  287.9890  0.406257D+00  0.404107D+00  0.591343D+03
  288.3157  0.395183D+00  0.389988D+00  0.142842D+04
  288.6422  0.535597D+00  0.525680D+00  0.272677D+04
  288.9684  0.594270D+00  0.594981D+00 -0.195471D+03
  289.2943  0.629022D+00  0.631973D+00 -0.811391D+03
  289.6200  0.723236D+00  0.727581D+00 -0.119482D+04
  289.9454  0.840498D+00  0.846611D+00 -0.168093D+04
  290.2705  0.919510D+00  0.923292D+00 -0.103989D+04
  290.5953  0.928800D+00  0.931694D+00 -0.795736D+03
  290.9199  0.888403D+00  0.890941D+00 -0.697939D+03
  291.2441  0.896186D+00  0.886140D+00  0.276249D+04
   31 284.707 294.470 289.588  3.756D-01  0.000D+00  6.847D-03  0.000D+00  9.947D-01  1.202D+03   300  5.266D-03
  284.7067  0.314056D+00  0.314156D+00 -0.281475D+02
  285.0362  0.194271D+00  0.194421D+00 -0.482533D+02
  285.3654  0.156497D+00  0.152347D+00  0.142658D+04
  285.6943  0.252234D+00  0.249844D+00  0.730471D+03
  286.0230  0.394301D+00  0.397143D+00 -0.781481D+03
  286.3513  0.487396D+00  0.490603D+00 -0.881746D+03
  286.6794  0.505842D+00  0.511637D+00 -0.159327D+04
  287.0072  0.532546D+00  0.531563D+00  0.270216D+03
  287.3347  0.568359D+00  0.565603D+00  0.758062D+03
  287.6620  0.517595D+00  0.513813D+00  0.103678D+04
  287.9890  0.406257D+00  0.405378D+00  0.241854D+03
  288.3157  0.395183D+00  0.387850D+00  0.201626D+04
  288.6422  0.535597D+00  0.527638D+00  0.218843D+04
  288.9684  0.594270D+00  0.596629D+00 -0.648587D+03
  289.2943  0.629022D+00  0.631609D+00 -0.711279D+03
  289.6200  0.723236D+00  0.726846D+00 -0.992665D+03
  289.9454  0.840498D+00  0.846444D+00 -0.163502D+04
  290.2705  0.919510D+00  0.923372D+00 -0.106190D+04
  290.5953  0.928800D+00  0.931555D+00 -0.757494D+03
  290.9199  0.888403D+00  0.888672D+00 -0.738732D+02
  291.2441  0.896186D+00  0.884140D+00  0.331244D+04
  291.5681  0.873606D+00  0.866512D+00  0.195078D+04
  291.8917  0.838653D+00  0.838463D+00  0.522287D+02
  292.2151  0.818094D+00  0.820743D+00 -0.728296D+03
  292.5382  0.744579D+00  0.751239D+00 -0.183134D+04
  292.8609  0.739869D+00  0.744559D+00 -0.128958D+04
  293.1834  0.854508D+00  0.852554D+00  0.537320D+03
  293.5055  0.860767D+00  0.857847D+00  0.802791D+03
  293.8273  0.748003D+00  0.748342D+00 -0.932420D+02
  294.1487  0.757176D+00  0.756492D+00  0.188112D+03
  294.4698  0.804018D+00  0.804693D+00 -0.185532D+03
   31 287.989 297.659 292.824  3.707D-01  0.000D+00  7.877D-03  0.000D+00  9.895D-01  1.126D+03   300  4.225D-03
  287.9890  0.406257D+00  0.407470D+00 -0.333511D+03
  288.3157  0.395183D+00  0.387415D+00  0.213603D+04
  288.6422  0.535597D+00  0.529768D+00  0.160262D+04
  288.9684  0.594270D+00  0.597812D+00 -0.973973D+03
  289.2943  0.629022D+00  0.631251D+00 -0.612708D+03
  289.6200  0.723236D+00  0.726274D+00 -0.835564D+03
  289.9454  0.840498D+00  0.846256D+00 -0.158335D+04
  290.2705  0.919510D+00  0.923185D+00 -0.101058D+04
  290.5953  0.928800D+00  0.931472D+00 -0.734497D+03
  290.9199  0.888403D+00  0.887458D+00  0.259896D+03
  291.2441  0.896186D+00  0.883547D+00  0.347528D+04
  291.5681  0.873606D+00  0.866119D+00  0.205880D+04
  291.8917  0.838653D+00  0.837835D+00  0.224995D+03
  292.2151  0.818094D+00  0.821365D+00 -0.899560D+03
  292.5382  0.744579D+00  0.750585D+00 -0.165145D+04
  292.8609  0.739869D+00  0.742697D+00 -0.777661D+03
  293.1834  0.854508D+00  0.853144D+00  0.375008D+03
  293.5055  0.860767D+00  0.859180D+00  0.436268D+03
  293.8273  0.748003D+00  0.746544D+00  0.401342D+03
  294.1487  0.757176D+00  0.754994D+00  0.600006D+03
  294.4698  0.804018D+00  0.804366D+00 -0.956042D+02
  294.7906  0.748435D+00  0.754436D+00 -0.164990D+04
  295.1109  0.768734D+00  0.770368D+00 -0.449267D+03
  295.4309  0.839689D+00  0.838715D+00  0.267660D+03
  295.7505  0.860950D+00  0.860970D+00 -0.545350D+01
  296.0698  0.901695D+00  0.902922D+00 -0.337448D+03
  296.3886  0.851260D+00  0.849597D+00  0.457231D+03
  296.7070  0.673962D+00  0.672101D+00  0.511636D+03
  297.0249  0.635143D+00  0.632170D+00  0.817323D+03
  297.3425  0.727218D+00  0.729024D+00 -0.496588D+03
  297.6595  0.897960D+00  0.898357D+00 -0.109190D+03
   31 291.244 300.802 296.023  3.740D-01  0.000D+00  8.607D-03  0.000D+00  1.002D+00  4.769D+03 10000  1.396D-02
  291.2441  0.896186D+00  0.905951D+00 -0.268489D+04
  291.5681  0.873606D+00  0.878075D+00 -0.122886D+04
  291.8917  0.838653D+00  0.841646D+00 -0.822894D+03
  292.2151  0.818094D+00  0.818574D+00 -0.132004D+03
  292.5382  0.744579D+00  0.745086D+00 -0.139481D+03
  292.8609  0.739869D+00  0.734874D+00  0.137343D+04
  293.1834  0.854508D+00  0.840571D+00  0.383233D+04
  293.5055  0.860767D+00  0.846314D+00  0.397403D+04
  293.8273  0.748003D+00  0.737699D+00  0.283339D+04
  294.1487  0.757176D+00  0.746383D+00  0.296780D+04
  294.4698  0.804018D+00  0.796447D+00  0.208174D+04
  294.7906  0.748435D+00  0.751029D+00 -0.713038D+03
  295.1109  0.768734D+00  0.769344D+00 -0.167664D+03
  295.4309  0.839689D+00  0.840534D+00 -0.232503D+03
  295.7505  0.860950D+00  0.867444D+00 -0.178562D+04
  296.0698  0.901695D+00  0.913122D+00 -0.314219D+04
  296.3886  0.851260D+00  0.862752D+00 -0.315978D+04
  296.7070  0.673962D+00  0.687448D+00 -0.370818D+04
  297.0249  0.635143D+00  0.648105D+00 -0.356416D+04
  297.3425  0.727218D+00  0.749207D+00 -0.604626D+04
  297.6595  0.897960D+00  0.923093D+00 -0.691072D+04
  297.9761  0.888602D+00  0.901640D+00 -0.358519D+04
  298.2922  0.671644D+00  0.667607D+00  0.111001D+04
  298.6078  0.601442D+00  0.584237D+00  0.473074D+04
  298.9229  0.751942D+00  0.718785D+00  0.911691D+04
  299.2375  0.838031D+00  0.786758D+00  0.140985D+05
  299.5515  0.784555D+00  0.748570D+00  0.989468D+04
  299.8651  0.730754D+00  0.731993D+00 -0.340670D+03
  300.1779  0.605613D+00  0.614478D+00 -0.243758D+04
  300.4903  0.623600D+00  0.645701D+00 -0.607696D+04
  300.8020  0.683928D+00  0.709199D+00 -0.694887D+04
   31 294.470 303.881 299.176  3.872D-01  0.000D+00  6.310D-05  0.000D+00  9.962D-01  6.954D+03 10300  2.020D-02
  294.4698  0.804018D+00  0.777655D+00  0.724894D+04
  294.7906  0.748435D+00  0.745007D+00  0.942584D+03
  295.1109  0.768734D+00  0.771456D+00 -0.748457D+03
  295.4309  0.839689D+00  0.841973D+00 -0.628005D+03
  295.7505  0.860950D+00  0.873909D+00 -0.356337D+04
  296.0698  0.901695D+00  0.916457D+00 -0.405914D+04
  296.3886  0.851260D+00  0.858690D+00 -0.204287D+04
  296.7070  0.673962D+00  0.690118D+00 -0.444227D+04
  297.0249  0.635143D+00  0.651961D+00 -0.462432D+04
  297.3425  0.727218D+00  0.752526D+00 -0.695872D+04
  297.6595  0.897960D+00  0.913307D+00 -0.422006D+04
  297.9761  0.888602D+00  0.880148D+00  0.232439D+04
  298.2922  0.671644D+00  0.657055D+00  0.401130D+04
  298.6078  0.601442D+00  0.582263D+00  0.527344D+04
  298.9229  0.751942D+00  0.707620D+00  0.121870D+05
  299.2375  0.838031D+00  0.769210D+00  0.189234D+05
  299.5515  0.784555D+00  0.739106D+00  0.124970D+05
  299.8651  0.730754D+00  0.718067D+00  0.348863D+04
  300.1779  0.605613D+00  0.615924D+00 -0.283509D+04
  300.4903  0.623600D+00  0.652929D+00 -0.806451D+04
  300.8020  0.683928D+00  0.724563D+00 -0.111733D+05
  301.1131  0.744972D+00  0.787834D+00 -0.117856D+05
  301.4235  0.790396D+00  0.829389D+00 -0.107217D+05
  301.7333  0.707997D+00  0.728437D+00 -0.562032D+04
  302.0424  0.608076D+00  0.594015D+00  0.386626D+04
  302.3508  0.695977D+00  0.676255D+00  0.542284D+04
  302.6584  0.865819D+00  0.846817D+00  0.522508D+04
  302.9653  0.990923D+00  0.974100D+00  0.415459D+04
  303.2715  0.104609D+01  0.104604D+01  0.759508D+01
  303.5769  0.102711D+01  0.104313D+01 -0.256213D+04
  303.8815  0.949985D+00  0.946104D+00  0.924718D+03
   31 297.659 306.878 302.269  4.158D-01  0.000D+00 -1.145D-02  0.000D+00  9.918D-01  7.318D+03 10300  2.545D-02
  297.6595  0.897960D+00  0.941714D+00 -0.120308D+05
  297.9761  0.888602D+00  0.885595D+00  0.826792D+03
  298.2922  0.671644D+00  0.672277D+00 -0.173998D+03
  298.6078  0.601442D+00  0.603142D+00 -0.467300D+03
  298.9229  0.751942D+00  0.710944D+00  0.112730D+05
  299.2375  0.838031D+00  0.764284D+00  0.202779D+05
  299.5515  0.784555D+00  0.740893D+00  0.120055D+05
  299.8651  0.730754D+00  0.707984D+00  0.626100D+04
  300.1779  0.605613D+00  0.624673D+00 -0.524083D+04
  300.4903  0.623600D+00  0.658383D+00 -0.956410D+04
  300.8020  0.683928D+00  0.728748D+00 -0.123240D+05
  301.1131  0.744972D+00  0.793959D+00 -0.134697D+05
  301.4235  0.790396D+00  0.824712D+00 -0.943568D+04
  301.7333  0.707997D+00  0.725738D+00 -0.487815D+04
  302.0424  0.608076D+00  0.613121D+00 -0.138724D+04
  302.3508  0.695977D+00  0.690851D+00  0.140950D+04
  302.6584  0.865819D+00  0.852942D+00  0.354098D+04
  302.9653  0.990923D+00  0.973491D+00  0.430508D+04
  303.2715  0.104609D+01  0.103700D+01  0.145173D+04
  303.5769  0.102711D+01  0.101835D+01  0.139960D+04
  303.8815  0.949985D+00  0.927080D+00  0.545701D+04
  304.1852  0.946189D+00  0.916898D+00  0.598559D+04
  304.4881  0.996687D+00  0.967504D+00  0.449768D+04
  304.7901  0.101573D+01  0.981161D+00  0.508532D+04
  305.0912  0.103598D+01  0.102819D+01  0.106989D+04
  305.3914  0.990490D+00  0.102171D+01 -0.431640D+04
  305.6906  0.845587D+00  0.878325D+00 -0.581851D+04
  305.9890  0.801943D+00  0.821975D+00 -0.343487D+04
  306.2862  0.868402D+00  0.887949D+00 -0.268736D+04
  306.5825  0.882581D+00  0.887428D+00 -0.666372D+03
  306.8777  0.921432D+00  0.906822D+00  0.200868D+04
   31 300.802 309.766 305.284  4.208D-01  0.000D+00 -2.539D-02  0.000D+00  1.006D+00  2.082D+03 10300  1.053D-02
  300.8020  0.683928D+00  0.670357D+00  0.373141D+04
  301.1131  0.744972D+00  0.752089D+00 -0.195686D+04
  301.4235  0.790396D+00  0.793685D+00 -0.904546D+03
  301.7333  0.707997D+00  0.706835D+00  0.319486D+03
  302.0424  0.608076D+00  0.612808D+00 -0.130097D+04
  302.3508  0.695977D+00  0.702920D+00 -0.190927D+04
  302.6584  0.865819D+00  0.869999D+00 -0.114934D+04
  302.9653  0.990923D+00  0.992388D+00 -0.361780D+03
  303.2715  0.104609D+01  0.105550D+01 -0.150271D+04
  303.5769  0.102711D+01  0.103037D+01 -0.521295D+03
  303.8815  0.949985D+00  0.938464D+00  0.274484D+04
  304.1852  0.946189D+00  0.929884D+00  0.333193D+04
  304.4881  0.996687D+00  0.975482D+00  0.326811D+04
  304.7901  0.101573D+01  0.986182D+00  0.434664D+04
  305.0912  0.103598D+01  0.102974D+01  0.857736D+03
  305.3914  0.990490D+00  0.101182D+01 -0.294931D+04
  305.6906  0.845587D+00  0.868507D+00 -0.407360D+04
  305.9890  0.801943D+00  0.820482D+00 -0.317891D+04
  306.2862  0.868402D+00  0.884017D+00 -0.214676D+04
  306.5825  0.882581D+00  0.885208D+00 -0.361086D+03
  306.8777  0.921432D+00  0.913871D+00  0.103951D+04
  307.1718  0.999079D+00  0.983588D+00  0.212968D+04
  307.4649  0.101490D+01  0.100155D+01  0.182842D+04
  307.7567  0.100407D+01  0.100603D+01 -0.270716D+03
  308.0475  0.100005D+01  0.101049D+01 -0.143502D+04
  308.3370  0.101209D+01  0.102379D+01 -0.160754D+04
  308.6254  0.104296D+01  0.103512D+01  0.834900D+03
  308.9124  0.971200D+00  0.956218D+00  0.140420D+04
  309.1982  0.844397D+00  0.847085D+00 -0.246329D+03
  309.4827  0.809203D+00  0.813030D+00 -0.350697D+03
  309.7659  0.817728D+00  0.807766D+00  0.913124D+03
   21 303.881 309.766 306.824  4.103D-01  0.000D+00 -5.431D-02  0.000D+00  9.763D-01  1.598D+03 10300  1.442D-02
  303.8815  0.949985D+00  0.953222D+00 -0.771173D+03
  304.1852  0.946189D+00  0.948358D+00 -0.443206D+03
  304.4881  0.996687D+00  0.989194D+00  0.115477D+04
  304.7901  0.101573D+01  0.990722D+00  0.367873D+04
  305.0912  0.103598D+01  0.103662D+01 -0.890200D+02
  305.3914  0.990490D+00  0.100207D+01 -0.160156D+04
  305.6906  0.845587D+00  0.848403D+00 -0.500389D+03
  305.9890  0.801943D+00  0.817114D+00 -0.260130D+04
  306.2862  0.868402D+00  0.884196D+00 -0.217139D+04
  306.5825  0.882581D+00  0.876323D+00  0.860341D+03
  306.8777  0.921432D+00  0.914177D+00  0.997443D+03
  307.1718  0.999079D+00  0.984626D+00  0.198692D+04
  307.4649  0.101490D+01  0.997493D+00  0.238406D+04
  307.7567  0.100407D+01  0.100492D+01 -0.117581D+03
  308.0475  0.100005D+01  0.101023D+01 -0.139880D+04
  308.3370  0.101209D+01  0.102842D+01 -0.224466D+04
  308.6254  0.104296D+01  0.103900D+01  0.422205D+03
  308.9124  0.971200D+00  0.950024D+00  0.198471D+04
  309.1982  0.844397D+00  0.843096D+00  0.119274D+03
  309.4827  0.809203D+00  0.820180D+00 -0.100608D+04
  309.7659  0.817728D+00  0.814084D+00  0.333979D+03
   31 309.991 314.721 312.356  2.470D-01  0.000D+00  4.765D-03  0.000D+00  9.945D-01  1.496D+03   304  7.960D-03
  309.9913  0.986126D+00  0.102578D+01 -0.280370D+04
  310.1500  0.917152D+00  0.919342D+00 -0.168758D+03
  310.3086  0.104399D+01  0.106735D+01 -0.172031D+04
  310.4672  0.130594D+01  0.132945D+01 -0.156174D+04
  310.6257  0.150714D+01  0.147135D+01  0.231931D+04
  310.7841  0.158077D+01  0.153168D+01  0.318174D+04
  310.9424  0.157345D+01  0.153911D+01  0.226161D+04
  311.1007  0.151216D+01  0.147731D+01  0.247634D+04
  311.2589  0.144006D+01  0.142935D+01  0.805500D+03
  311.4171  0.137802D+01  0.138794D+01 -0.771437D+03
  311.5751  0.128839D+01  0.130706D+01 -0.145735D+04
  311.7331  0.116086D+01  0.118520D+01 -0.201298D+04
  311.8910  0.104147D+01  0.105790D+01 -0.148150D+04
  312.0488  0.969387D+00  0.986951D+00 -0.170746D+04
  312.2066  0.980307D+00  0.991775D+00 -0.111494D+04
  312.3643  0.104239D+01  0.105973D+01 -0.164336D+04
  312.5219  0.108788D+01  0.109588D+01 -0.690563D+03
  312.6794  0.109301D+01  0.108000D+01  0.108870D+04
  312.8369  0.109845D+01  0.109033D+01  0.683578D+03
  312.9943  0.111673D+01  0.110729D+01  0.776058D+03
  313.1517  0.111229D+01  0.109577D+01  0.135764D+04
  313.3089  0.108568D+01  0.107120D+01  0.120450D+04
  313.4661  0.107929D+01  0.106797D+01  0.965899D+03
  313.6232  0.112739D+01  0.112054D+01  0.561786D+03
  313.7803  0.122045D+01  0.122254D+01 -0.165749D+03
  313.9373  0.130299D+01  0.131191D+01 -0.693854D+03
  314.0942  0.131446D+01  0.131625D+01 -0.139075D+03
  314.2510  0.118267D+01  0.119413D+01 -0.915734D+03
  314.4077  0.975734D+00  0.966057D+00  0.875347D+03
  314.5644  0.862347D+00  0.851128D+00  0.109072D+04
  314.7210  0.938689D+00  0.954943D+00 -0.151181D+04
   31 311.575 316.283 313.929  2.584D-01  0.000D+00  8.727D-03  0.000D+00  9.953D-01  7.416D+02 10300  4.308D-03
  311.5751  0.128839D+01  0.126142D+01  0.210482D+04
  311.7331  0.116086D+01  0.115813D+01  0.225577D+03
  311.8910  0.104147D+01  0.104668D+01 -0.469478D+03
  312.0488  0.969387D+00  0.982787D+00 -0.130271D+04
  312.2066  0.980307D+00  0.991246D+00 -0.106352D+04
  312.3643  0.104239D+01  0.105722D+01 -0.140470D+04
  312.5219  0.108788D+01  0.109678D+01 -0.768419D+03
  312.6794  0.109301D+01  0.108863D+01  0.366278D+03
  312.8369  0.109845D+01  0.109800D+01  0.377017D+02
  312.9943  0.111673D+01  0.111290D+01  0.315164D+03
  313.1517  0.111229D+01  0.110218D+01  0.831189D+03
  313.3089  0.108568D+01  0.107838D+01  0.606812D+03
  313.4661  0.107929D+01  0.107446D+01  0.412404D+03
  313.6232  0.112739D+01  0.112321D+01  0.342780D+03
  313.7803  0.122045D+01  0.121845D+01  0.158338D+03
  313.9373  0.130299D+01  0.130171D+01  0.997821D+02
  314.0942  0.131446D+01  0.130351D+01  0.851688D+03
  314.2510  0.118267D+01  0.118376D+01 -0.871338D+02
  314.4077  0.975734D+00  0.970643D+00  0.460553D+03
  314.5644  0.862347D+00  0.857337D+00  0.487091D+03
  314.7210  0.938689D+00  0.945885D+00 -0.669335D+03
  314.8776  0.110466D+01  0.110239D+01  0.194421D+03
  315.0341  0.120246D+01  0.120561D+01 -0.248051D+03
  315.1905  0.122880D+01  0.123210D+01 -0.256792D+03
  315.3468  0.121132D+01  0.122008D+01 -0.682159D+03
  315.5031  0.116263D+01  0.117085D+01 -0.653908D+03
  315.6592  0.104137D+01  0.105124D+01 -0.872631D+03
  315.8153  0.878556D+00  0.881607D+00 -0.260521D+03
  315.9713  0.768149D+00  0.769584D+00 -0.139563D+03
  316.1273  0.785375D+00  0.782743D+00  0.255806D+03
  316.2832  0.899704D+00  0.886050D+00  0.131733D+04
   31 313.152 317.838 315.495  2.603D-01  0.000D+00  7.230D-03  0.000D+00  1.001D+00  3.597D+02 10300  2.089D-03
  313.1517  0.111229D+01  0.110885D+01  0.282818D+03
  313.3089  0.108568D+01  0.108562D+01  0.440751D+01
  313.4661  0.107929D+01  0.108228D+01 -0.254580D+03
  313.6232  0.112739D+01  0.113122D+01 -0.313986D+03
  313.7803  0.122045D+01  0.122559D+01 -0.407072D+03
  313.9373  0.130299D+01  0.130661D+01 -0.281916D+03
  314.0942  0.131446D+01  0.130531D+01  0.711768D+03
  314.2510  0.118267D+01  0.118241D+01  0.210606D+02
  314.4077  0.975734D+00  0.969741D+00  0.542067D+03
  314.5644  0.862347D+00  0.858329D+00  0.390592D+03
  314.7210  0.938689D+00  0.945464D+00 -0.630150D+03
  314.8776  0.110466D+01  0.109911D+01  0.475023D+03
  315.0341  0.120246D+01  0.120032D+01  0.168932D+03
  315.1905  0.122880D+01  0.122632D+01  0.192817D+03
  315.3468  0.121132D+01  0.121426D+01 -0.228897D+03
  315.5031  0.116263D+01  0.116511D+01 -0.197226D+03
  315.6592  0.104137D+01  0.104669D+01 -0.470680D+03
  315.8153  0.878556D+00  0.880361D+00 -0.154166D+03
  315.9713  0.768149D+00  0.772353D+00 -0.408702D+03
  316.1273  0.785375D+00  0.789171D+00 -0.369097D+03
  316.2832  0.899704D+00  0.896788D+00  0.281360D+03
  316.4391  0.101228D+01  0.101402D+01 -0.155849D+03
  316.5948  0.108648D+01  0.108147D+01  0.409432D+03
  316.7505  0.112440D+01  0.112588D+01 -0.119000D+03
  316.9061  0.118800D+01  0.118610D+01  0.148146D+03
  317.0617  0.130015D+01  0.129592D+01  0.329356D+03
  317.2171  0.141291D+01  0.141675D+01 -0.298547D+03
  317.3725  0.145901D+01  0.145794D+01  0.834396D+02
  317.5278  0.144171D+01  0.143400D+01  0.599192D+03
  317.6831  0.138706D+01  0.138659D+01  0.360345D+02
  317.8383  0.124557D+01  0.125336D+01 -0.606647D+03
   31 314.721 319.386 317.054  2.587D-01  0.000D+00  3.640D-03  0.000D+00  1.001D+00  3.382D+02 10300  1.966D-03
  314.7210  0.938689D+00  0.947141D+00 -0.786139D+03
  314.8776  0.110466D+01  0.110104D+01  0.310188D+03
  315.0341  0.120246D+01  0.119993D+01  0.199474D+03
  315.1905  0.122880D+01  0.122383D+01  0.386309D+03
  315.3468  0.121132D+01  0.121119D+01  0.103072D+02
  315.5031  0.116263D+01  0.116131D+01  0.104852D+03
  315.6592  0.104137D+01  0.104140D+01 -0.303029D+01
  315.8153  0.878556D+00  0.874519D+00  0.344803D+03
  315.9713  0.768149D+00  0.768914D+00 -0.744413D+02
  316.1273  0.785375D+00  0.789004D+00 -0.352835D+03
  316.2832  0.899704D+00  0.898888D+00  0.787540D+02
  316.4391  0.101228D+01  0.101602D+01 -0.335164D+03
  316.5948  0.108648D+01  0.108242D+01  0.331401D+03
  316.7505  0.112440D+01  0.112690D+01 -0.200446D+03
  316.9061  0.118800D+01  0.118790D+01  0.783595D+01
  317.0617  0.130015D+01  0.129958D+01  0.443773D+02
  317.2171  0.141291D+01  0.142084D+01 -0.616510D+03
  317.3725  0.145901D+01  0.145978D+01 -0.599130D+02
  317.5278  0.144171D+01  0.143478D+01  0.538446D+03
  317.6831  0.138706D+01  0.138706D+01 -0.793309D-01
  317.8383  0.124557D+01  0.125088D+01 -0.413252D+03
  317.9934  0.104486D+01  0.104257D+01  0.197988D+03
  318.1485  0.911813D+00  0.913963D+00 -0.204982D+03
  318.3035  0.917130D+00  0.917082D+00  0.464534D+01
  318.4584  0.100153D+01  0.996814D+00  0.344770D+03
  318.6132  0.109897D+01  0.109904D+01 -0.555468D+01
  318.7679  0.120733D+01  0.119991D+01  0.577113D+03
  318.9226  0.128817D+01  0.128223D+01  0.462717D+03
  319.0773  0.124710D+01  0.125625D+01 -0.711112D+03
  319.2318  0.110374D+01  0.110491D+01 -0.924544D+02
  319.3864  0.100747D+01  0.100841D+01 -0.717680D+02
   31 316.283 320.927 318.605  2.597D-01  0.000D+00  1.074D-03  0.000D+00  1.003D+00  3.520D+02 10300  2.381D-03
  316.2832  0.899704D+00  0.898931D+00  0.745827D+02
  316.4391  0.101228D+01  0.101516D+01 -0.257682D+03
  316.5948  0.108648D+01  0.108122D+01  0.429542D+03
  316.7505  0.112440D+01  0.112617D+01 -0.142307D+03
  316.9061  0.118800D+01  0.118824D+01 -0.183935D+02
  317.0617  0.130015D+01  0.130068D+01 -0.406378D+02
  317.2171  0.141291D+01  0.142080D+01 -0.613877D+03
  317.3725  0.145901D+01  0.145867D+01  0.262599D+02
  317.5278  0.144171D+01  0.143389D+01  0.608080D+03
  317.6831  0.138706D+01  0.138514D+01  0.148821D+03
  317.8383  0.124557D+01  0.124732D+01 -0.136374D+03
  317.9934  0.104486D+01  0.104024D+01  0.399037D+03
  318.1485  0.911813D+00  0.914234D+00 -0.230799D+03
  318.3035  0.917130D+00  0.918914D+00 -0.171777D+03
  318.4584  0.100153D+01  0.999273D+00  0.164810D+03
  318.6132  0.109897D+01  0.110171D+01 -0.215045D+03
  318.7679  0.120733D+01  0.120278D+01  0.354422D+03
  318.9226  0.128817D+01  0.128385D+01  0.336613D+03
  319.0773  0.124710D+01  0.125536D+01 -0.642485D+03
  319.2318  0.110374D+01  0.110425D+01 -0.399120D+02
  319.3864  0.100747D+01  0.101065D+01 -0.242295D+03
  319.5407  0.104469D+01  0.105847D+01 -0.108382D+04
  319.6951  0.116589D+01  0.115979D+01  0.474706D+03
  319.8494  0.127098D+01  0.126705D+01  0.305629D+03
  320.0035  0.133361D+01  0.133225D+01  0.105698D+03
  320.1577  0.135675D+01  0.135139D+01  0.416415D+03
  320.3118  0.139194D+01  0.139276D+01 -0.624153D+02
  320.4658  0.145363D+01  0.145376D+01 -0.975824D+01
  320.6197  0.148133D+01  0.148050D+01  0.578486D+02
  320.7735  0.143039D+01  0.142979D+01  0.442017D+02
  320.9273  0.128973D+01  0.129284D+01 -0.242154D+03
   31 317.838 322.461 320.150  2.580D-01  0.000D+00 -5.795D-04  0.000D+00  9.962D-01  3.444D+02 10300  2.224D-03
  317.8383  0.124557D+01  0.124714D+01 -0.122635D+03
  317.9934  0.104486D+01  0.103839D+01  0.559555D+03
  318.1485  0.911813D+00  0.913238D+00 -0.135869D+03
  318.3035  0.917130D+00  0.919596D+00 -0.237555D+03
  318.4584  0.100153D+01  0.100087D+01  0.480425D+02
  318.6132  0.109897D+01  0.110320D+01 -0.331485D+03
  318.7679  0.120733D+01  0.120406D+01  0.254672D+03
  318.9226  0.128817D+01  0.128523D+01  0.229347D+03
  319.0773  0.124710D+01  0.125508D+01 -0.620166D+03
  319.2318  0.110374D+01  0.110115D+01  0.205270D+03
  319.3864  0.100747D+01  0.100818D+01 -0.545622D+02
  319.5407  0.104469D+01  0.105791D+01 -0.103927D+04
  319.6951  0.116589D+01  0.115952D+01  0.495689D+03
  319.8494  0.127098D+01  0.126688D+01  0.318945D+03
  320.0035  0.133361D+01  0.133132D+01  0.177742D+03
  320.1577  0.135675D+01  0.134970D+01  0.548243D+03
  320.3118  0.139194D+01  0.139175D+01  0.149971D+02
  320.4658  0.145363D+01  0.145363D+01  0.252736D+00
  320.6197  0.148133D+01  0.148078D+01  0.381716D+02
  320.7735  0.143039D+01  0.143007D+01  0.233747D+02
  320.9273  0.128973D+01  0.129275D+01 -0.235433D+03
  321.0810  0.112465D+01  0.112430D+01  0.270218D+02
  321.2346  0.100340D+01  0.100840D+01 -0.400091D+03
  321.3882  0.975794D+00  0.977131D+00 -0.105829D+03
  321.5417  0.102476D+01  0.102970D+01 -0.391635D+03
  321.6952  0.113418D+01  0.113518D+01 -0.779947D+02
  321.8486  0.125893D+01  0.125400D+01  0.383530D+03
  322.0019  0.133526D+01  0.133509D+01  0.128443D+02
  322.1551  0.131379D+01  0.131555D+01 -0.136570D+03
  322.3082  0.124319D+01  0.123701D+01  0.480574D+03
  322.4613  0.117538D+01  0.117878D+01 -0.264108D+03
   31 319.386 323.988 321.687  2.570D-01  0.000D+00 -2.487D-03  0.000D+00  9.850D-01  3.167D+02 10300  2.588D-03
  319.3864  0.100747D+01  0.100513D+01  0.177780D+03
  319.5407  0.104469D+01  0.105755D+01 -0.101159D+04
  319.6951  0.116589D+01  0.116023D+01  0.440529D+03
  319.8494  0.127098D+01  0.126830D+01  0.208622D+03
  320.0035  0.133361D+01  0.133239D+01  0.946345D+02
  320.1577  0.135675D+01  0.135050D+01  0.486179D+03
  320.3118  0.139194D+01  0.139326D+01 -0.101400D+03
  320.4658  0.145363D+01  0.145546D+01 -0.133020D+03
  320.6197  0.148133D+01  0.148207D+01 -0.516698D+02
  320.7735  0.143039D+01  0.143010D+01  0.216504D+02
  320.9273  0.128973D+01  0.129128D+01 -0.121173D+03
  321.0810  0.112465D+01  0.112233D+01  0.180365D+03
  321.2346  0.100340D+01  0.100692D+01 -0.281544D+03
  321.3882  0.975794D+00  0.976622D+00 -0.655106D+02
  321.5417  0.102476D+01  0.103009D+01 -0.422583D+03
  321.6952  0.113418D+01  0.113592D+01 -0.135637D+03
  321.8486  0.125893D+01  0.125480D+01  0.321275D+03
  322.0019  0.133526D+01  0.133527D+01 -0.129319D+01
  322.1551  0.131379D+01  0.131426D+01 -0.366007D+02
  322.3082  0.124319D+01  0.123529D+01  0.614172D+03
  322.4613  0.117538D+01  0.117796D+01 -0.200159D+03
  322.6143  0.110421D+01  0.110909D+01 -0.379069D+03
  322.7673  0.101334D+01  0.101546D+01 -0.168360D+03
  322.9202  0.958989D+00  0.961513D+00 -0.203027D+03
  323.0730  0.100370D+01  0.996564D+00  0.562085D+03
  323.2258  0.108318D+01  0.108405D+01 -0.677048D+02
  323.3784  0.111033D+01  0.111012D+01  0.163526D+02
  323.5310  0.108219D+01  0.107800D+01  0.325936D+03
  323.6835  0.108388D+01  0.108428D+01 -0.314157D+02
  323.8360  0.114069D+01  0.114350D+01 -0.218906D+03
  323.9884  0.122091D+01  0.122151D+01 -0.464882D+02
   31 320.927 325.509 323.218  2.590D-01  0.000D+00 -5.398D-03  0.000D+00  9.832D-01  2.838D+02 10300  2.650D-03
  320.9273  0.128973D+01  0.128856D+01  0.907246D+02
  321.0810  0.112465D+01  0.112001D+01  0.360722D+03
  321.2346  0.100340D+01  0.100586D+01 -0.196911D+03
  321.3882  0.975794D+00  0.977002D+00 -0.956005D+02
  321.5417  0.102476D+01  0.103142D+01 -0.528733D+03
  321.6952  0.113418D+01  0.113757D+01 -0.264146D+03
  321.8486  0.125893D+01  0.125601D+01  0.227250D+03
  322.0019  0.133526D+01  0.133456D+01  0.541566D+02
  322.1551  0.131379D+01  0.131266D+01  0.875094D+02
  322.3082  0.124319D+01  0.123518D+01  0.622899D+03
  322.4613  0.117538D+01  0.117799D+01 -0.202333D+03
  322.6143  0.110421D+01  0.110851D+01 -0.333819D+03
  322.7673  0.101334D+01  0.101575D+01 -0.190865D+03
  322.9202  0.958989D+00  0.963817D+00 -0.388387D+03
  323.0730  0.100370D+01  0.100008D+01  0.284712D+03
  323.2258  0.108318D+01  0.108553D+01 -0.182484D+03
  323.3784  0.111033D+01  0.110931D+01  0.792415D+02
  323.5310  0.108219D+01  0.107728D+01  0.382120D+03
  323.6835  0.108388D+01  0.108355D+01  0.259232D+02
  323.8360  0.114069D+01  0.114084D+01 -0.119780D+02
  323.9884  0.122091D+01  0.121599D+01  0.383187D+03
  324.1407  0.128473D+01  0.128420D+01  0.408668D+02
  324.2930  0.131633D+01  0.131716D+01 -0.627320D+02
  324.4452  0.133872D+01  0.133358D+01  0.377273D+03
  324.5973  0.134621D+01  0.135046D+01 -0.305626D+03
  324.7494  0.131166D+01  0.131673D+01 -0.381933D+03
  324.9014  0.125525D+01  0.125542D+01 -0.137894D+02
  325.0533  0.124019D+01  0.124466D+01 -0.345705D+03
  325.2051  0.128388D+01  0.128757D+01 -0.278430D+03
  325.3569  0.136508D+01  0.136108D+01  0.281945D+03
  325.5086  0.147982D+01  0.147517D+01  0.306380D+03
   31 322.461 327.022 324.742  2.598D-01  0.000D+00 -6.212D-03  0.000D+00  9.887D-01  2.932D+02 10300  3.004D-03
  322.4613  0.117538D+01  0.117556D+01 -0.135960D+02
  322.6143  0.110421D+01  0.110631D+01 -0.162906D+03
  322.7673  0.101334D+01  0.101422D+01 -0.700193D+02
  322.9202  0.958989D+00  0.963156D+00 -0.335242D+03
  323.0730  0.100370D+01  0.999828D+00  0.304932D+03
  323.2258  0.108318D+01  0.108468D+01 -0.116951D+03
  323.3784  0.111033D+01  0.110809D+01  0.173867D+03
  323.5310  0.108219D+01  0.107653D+01  0.440004D+03
  323.6835  0.108388D+01  0.108322D+01  0.510813D+02
  323.8360  0.114069D+01  0.114051D+01  0.133208D+02
  323.9884  0.122091D+01  0.121565D+01  0.409464D+03
  324.1407  0.128473D+01  0.128370D+01  0.787267D+02
  324.2930  0.131633D+01  0.131674D+01 -0.310774D+02
  324.4452  0.133872D+01  0.133357D+01  0.377924D+03
  324.5973  0.134621D+01  0.135042D+01 -0.302680D+03
  324.7494  0.131166D+01  0.131691D+01 -0.395920D+03
  324.9014  0.125525D+01  0.125664D+01 -0.108256D+03
  325.0533  0.124019D+01  0.124686D+01 -0.516015D+03
  325.2051  0.128388D+01  0.129080D+01 -0.522080D+03
  325.3569  0.136508D+01  0.136582D+01 -0.523364D+02
  325.5086  0.147982D+01  0.148175D+01 -0.127413D+03
  325.6603  0.159954D+01  0.160533D+01 -0.375694D+03
  325.8118  0.168710D+01  0.168359D+01  0.227821D+03
  325.9633  0.173189D+01  0.172566D+01  0.403949D+03
  326.1148  0.173586D+01  0.172857D+01  0.472558D+03
  326.2662  0.169447D+01  0.168639D+01  0.523553D+03
  326.4175  0.162202D+01  0.162294D+01 -0.595216D+02
  326.5687  0.160230D+01  0.159859D+01  0.240712D+03
  326.7199  0.165154D+01  0.165350D+01 -0.126719D+03
  326.8710  0.170098D+01  0.170423D+01 -0.210279D+03
  327.0220  0.167086D+01  0.167516D+01 -0.278418D+03
   31 323.988 328.529 326.259  2.572D-01  0.000D+00 -4.225D-03  0.000D+00  9.956D-01  2.848D+02   300  3.466D-03
  323.9884  0.122091D+01  0.121605D+01  0.377940D+03
  324.1407  0.128473D+01  0.128441D+01  0.243983D+02
  324.2930  0.131633D+01  0.131722D+01 -0.672107D+02
  324.4452  0.133872D+01  0.133325D+01  0.401393D+03
  324.5973  0.134621D+01  0.135112D+01 -0.352928D+03
  324.7494  0.131166D+01  0.131799D+01 -0.476623D+03
  324.9014  0.125525D+01  0.125599D+01 -0.578674D+02
  325.0533  0.124019D+01  0.124548D+01 -0.409028D+03
  325.2051  0.128388D+01  0.128927D+01 -0.406872D+03
  325.3569  0.136508D+01  0.136360D+01  0.104391D+03
  325.5086  0.147982D+01  0.147936D+01  0.299489D+02
  325.6603  0.159954D+01  0.160434D+01 -0.310923D+03
  325.8118  0.168710D+01  0.168293D+01  0.270508D+03
  325.9633  0.173189D+01  0.172537D+01  0.422224D+03
  326.1148  0.173586D+01  0.172915D+01  0.435071D+03
  326.2662  0.169447D+01  0.168704D+01  0.481665D+03
  326.4175  0.162202D+01  0.162253D+01 -0.327011D+02
  326.5687  0.160230D+01  0.159614D+01  0.399215D+03
  326.7199  0.165154D+01  0.165143D+01  0.702157D+01
  326.8710  0.170098D+01  0.170374D+01 -0.179073D+03
  327.0220  0.167086D+01  0.167422D+01 -0.217985D+03
  327.1730  0.161546D+01  0.161660D+01 -0.736790D+02
  327.3239  0.161156D+01  0.161513D+01 -0.231205D+03
  327.4747  0.164759D+01  0.165267D+01 -0.328997D+03
  327.6255  0.165420D+01  0.165322D+01  0.637381D+02
  327.7762  0.161538D+01  0.161611D+01 -0.467422D+02
  327.9268  0.158162D+01  0.158356D+01 -0.125983D+03
  328.0773  0.156932D+01  0.157383D+01 -0.292355D+03
  328.2278  0.157198D+01  0.157287D+01 -0.580990D+02
  328.3783  0.157253D+01  0.156570D+01  0.442432D+03
  328.5286  0.152668D+01  0.152437D+01  0.149368D+03
   31 325.509 330.029 327.769  2.606D-01  0.000D+00 -4.030D-03  0.000D+00  9.967D-01  2.643D+02   300  2.848D-03
  325.5086  0.147982D+01  0.148268D+01 -0.188890D+03
  325.6603  0.159954D+01  0.160672D+01 -0.465752D+03
  325.8118  0.168710D+01  0.168578D+01  0.858519D+02
  325.9633  0.173189D+01  0.172798D+01  0.253532D+03
  326.1148  0.173586D+01  0.173097D+01  0.317174D+03
  326.2662  0.169447D+01  0.168859D+01  0.380953D+03
  326.4175  0.162202D+01  0.162459D+01 -0.166239D+03
  326.5687  0.160230D+01  0.159849D+01  0.246586D+03
  326.7199  0.165154D+01  0.165113D+01  0.265795D+02
  326.8710  0.170098D+01  0.170123D+01 -0.159507D+02
  327.0220  0.167086D+01  0.167237D+01 -0.977831D+02
  327.1730  0.161546D+01  0.161644D+01 -0.635578D+02
  327.3239  0.161156D+01  0.161410D+01 -0.164150D+03
  327.4747  0.164759D+01  0.164998D+01 -0.154973D+03
  327.6255  0.165420D+01  0.165091D+01  0.213680D+03
  327.7762  0.161538D+01  0.161547D+01 -0.538708D+01
  327.9268  0.158162D+01  0.158401D+01 -0.154965D+03
  328.0773  0.156932D+01  0.157523D+01 -0.382799D+03
  328.2278  0.157198D+01  0.157561D+01 -0.235549D+03
  328.3783  0.157253D+01  0.156999D+01  0.164213D+03
  328.5286  0.152668D+01  0.153064D+01 -0.256891D+03
  328.6789  0.145483D+01  0.145830D+01 -0.224905D+03
  328.8292  0.146338D+01  0.145915D+01  0.274109D+03
  328.9793  0.159083D+01  0.159303D+01 -0.140999D+03
  329.1294  0.174568D+01  0.174266D+01  0.183898D+03
  329.2794  0.184153D+01  0.182743D+01  0.811593D+03
  329.4294  0.187754D+01  0.187550D+01  0.116420D+03
  329.5793  0.189931D+01  0.189646D+01  0.162468D+03
  329.7291  0.190202D+01  0.190584D+01 -0.216598D+03
  329.8788  0.193400D+01  0.193314D+01  0.484290D+02
  330.0285  0.197095D+01  0.197790D+01 -0.386162D+03
   31 327.022 331.522 329.272  2.585D-01  0.000D+00 -7.322D-03  0.000D+00  1.001D+00  2.945D+02   300  2.707D-03
  327.0220  0.167086D+01  0.167097D+01 -0.695474D+01
  327.1730  0.161546D+01  0.161342D+01  0.132512D+03
  327.3239  0.161156D+01  0.161266D+01 -0.711820D+02
  327.4747  0.164759D+01  0.164931D+01 -0.111661D+03
  327.6255  0.165420D+01  0.164917D+01  0.325957D+03
  327.7762  0.161538D+01  0.161304D+01  0.151837D+03
  327.9268  0.158162D+01  0.158239D+01 -0.498376D+02
  328.0773  0.156932D+01  0.157466D+01 -0.345915D+03
  328.2278  0.157198D+01  0.157576D+01 -0.244882D+03
  328.3783  0.157253D+01  0.157063D+01  0.122847D+03
  328.5286  0.152668D+01  0.153096D+01 -0.277740D+03
  328.6789  0.145483D+01  0.145741D+01 -0.167243D+03
  328.8292  0.146338D+01  0.146051D+01  0.186004D+03
  328.9793  0.159083D+01  0.159812D+01 -0.468170D+03
  329.1294  0.174568D+01  0.174749D+01 -0.110236D+03
  329.2794  0.184153D+01  0.182973D+01  0.679129D+03
  329.4294  0.187754D+01  0.187596D+01  0.900853D+02
  329.5793  0.189931D+01  0.189458D+01  0.269220D+03
  329.7291  0.190202D+01  0.190136D+01  0.379161D+02
  329.8788  0.193400D+01  0.192617D+01  0.436771D+03
  330.0285  0.197095D+01  0.196809D+01  0.159041D+03
  330.1782  0.193853D+01  0.194246D+01 -0.220203D+03
  330.3277  0.182549D+01  0.181839D+01  0.407998D+03
  330.4772  0.167183D+01  0.168060D+01 -0.535052D+03
  330.6266  0.156411D+01  0.157147D+01 -0.474966D+03
  330.7759  0.155620D+01  0.155518D+01  0.658232D+02
  330.9253  0.163933D+01  0.164783D+01 -0.522142D+03
  331.0745  0.172667D+01  0.172631D+01  0.204219D+02
  331.2236  0.172154D+01  0.171831D+01  0.185327D+03
  331.3727  0.165050D+01  0.165212D+01 -0.963165D+02
  331.5217  0.161499D+01  0.160847D+01  0.384836D+03
   31 328.529 333.008 330.768  2.578D-01  0.000D+00 -6.171D-03  0.000D+00  1.001D+00  3.276D+02 10300  2.592D-03
  328.5286  0.152668D+01  0.152945D+01 -0.179966D+03
  328.6789  0.145483D+01  0.145675D+01 -0.124231D+03
  328.8292  0.146338D+01  0.145945D+01  0.254616D+03
  328.9793  0.159083D+01  0.159765D+01 -0.437592D+03
  329.1294  0.174568D+01  0.174823D+01 -0.155126D+03
  329.2794  0.184153D+01  0.183083D+01  0.615536D+03
  329.4294  0.187754D+01  0.187714D+01  0.227890D+02
  329.5793  0.189931D+01  0.189560D+01  0.211408D+03
  329.7291  0.190202D+01  0.190172D+01  0.172608D+02
  329.8788  0.193400D+01  0.192585D+01  0.455104D+03
  330.0285  0.197095D+01  0.196774D+01  0.178424D+03
  330.1782  0.193853D+01  0.194274D+01 -0.236111D+03
  330.3277  0.182549D+01  0.181852D+01  0.400428D+03
  330.4772  0.167183D+01  0.168055D+01 -0.532084D+03
  330.6266  0.156411D+01  0.157099D+01 -0.443787D+03
  330.7759  0.155620D+01  0.155406D+01  0.138241D+03
  330.9253  0.163933D+01  0.164773D+01 -0.515934D+03
  331.0745  0.172667D+01  0.172841D+01 -0.100366D+03
  331.2236  0.172154D+01  0.172274D+01 -0.692116D+02
  331.3727  0.165050D+01  0.165849D+01 -0.474787D+03
  331.5217  0.161499D+01  0.161668D+01 -0.997547D+02
  331.6707  0.165662D+01  0.165837D+01 -0.101349D+03
  331.8196  0.173453D+01  0.173249D+01  0.115082D+03
  331.9684  0.176197D+01  0.174951D+01  0.699461D+03
  332.1171  0.169380D+01  0.168727D+01  0.372591D+03
  332.2659  0.159258D+01  0.159018D+01  0.141091D+03
  332.4145  0.157055D+01  0.156243D+01  0.493341D+03
  332.5630  0.164008D+01  0.164167D+01 -0.940470D+02
  332.7115  0.169565D+01  0.169896D+01 -0.188073D+03
  332.8600  0.165755D+01  0.165802D+01 -0.269675D+02
  333.0083  0.161187D+01  0.161833D+01 -0.378510D+03
   31 330.029 334.488 332.258  2.570D-01  0.000D+00 -4.736D-03  0.000D+00  9.978D-01  3.023D+02 10300  2.348D-03
  330.0285  0.197095D+01  0.196484D+01  0.339382D+03
  330.1782  0.193853D+01  0.194102D+01 -0.139753D+03
  330.3277  0.182549D+01  0.181715D+01  0.479262D+03
  330.4772  0.167183D+01  0.167931D+01 -0.456522D+03
  330.6266  0.156411D+01  0.156937D+01 -0.339490D+03
  330.7759  0.155620D+01  0.155143D+01  0.308913D+03
  330.9253  0.163933D+01  0.164556D+01 -0.383028D+03
  331.0745  0.172667D+01  0.172768D+01 -0.585384D+02
  331.2236  0.172154D+01  0.172315D+01 -0.926427D+02
  331.3727  0.165050D+01  0.165912D+01 -0.512503D+03
  331.5217  0.161499D+01  0.161667D+01 -0.995809D+02
  331.6707  0.165662D+01  0.165814D+01 -0.880166D+02
  331.8196  0.173453D+01  0.173312D+01  0.797948D+02
  331.9684  0.176197D+01  0.175093D+01  0.619937D+03
  332.1171  0.169380D+01  0.168888D+01  0.280584D+03
  332.2659  0.159258D+01  0.159073D+01  0.109029D+03
  332.4145  0.157055D+01  0.156087D+01  0.587952D+03
  332.5630  0.164008D+01  0.163928D+01  0.468298D+02
  332.7115  0.169565D+01  0.169651D+01 -0.490964D+02
  332.8600  0.165755D+01  0.165413D+01  0.196000D+03
  333.0083  0.161187D+01  0.161158D+01  0.167441D+02
  333.1566  0.163834D+01  0.164266D+01 -0.251013D+03
  333.3048  0.167626D+01  0.167835D+01 -0.119415D+03
  333.4530  0.162205D+01  0.162378D+01 -0.100047D+03
  333.6011  0.149960D+01  0.150286D+01 -0.202607D+03
  333.7491  0.145516D+01  0.145637D+01 -0.783988D+02
  333.8971  0.151782D+01  0.152862D+01 -0.663749D+03
  334.0450  0.160418D+01  0.160591D+01 -0.995641D+02
  334.1928  0.164243D+01  0.163961D+01  0.161222D+03
  334.3406  0.169021D+01  0.168730D+01  0.164618D+03
  334.4883  0.176873D+01  0.176298D+01  0.319404D+03
   23 331.522 334.784 333.153  2.580D-01  0.000D+00 -3.374D-03  0.000D+00  9.955D-01  1.848D+02 10300  1.828D-03
  331.5217  0.161499D+01  0.161552D+01 -0.315132D+02
  331.6707  0.165662D+01  0.165874D+01 -0.122638D+03
  331.8196  0.173453D+01  0.173547D+01 -0.527433D+02
  331.9684  0.176197D+01  0.175517D+01  0.381694D+03
  332.1171  0.169380D+01  0.169439D+01 -0.338778D+02
  332.2659  0.159258D+01  0.159657D+01 -0.234029D+03
  332.4145  0.157055D+01  0.156543D+01  0.311192D+03
  332.5630  0.164008D+01  0.164166D+01 -0.930946D+02
  332.7115  0.169565D+01  0.169826D+01 -0.148236D+03
  332.8600  0.165755D+01  0.165588D+01  0.954509D+02
  333.0083  0.161187D+01  0.161203D+01 -0.959548D+01
  333.1566  0.163834D+01  0.164086D+01 -0.146124D+03
  333.3048  0.167626D+01  0.167516D+01  0.630636D+02
  333.4530  0.162205D+01  0.162094D+01  0.646904D+02
  333.6011  0.149960D+01  0.150075D+01 -0.714231D+02
  333.7491  0.145516D+01  0.145351D+01  0.107112D+03
  333.8971  0.151782D+01  0.152455D+01 -0.413715D+03
  334.0450  0.160418D+01  0.160279D+01  0.802456D+02
  334.1928  0.164243D+01  0.163901D+01  0.195470D+03
  334.3406  0.169021D+01  0.168925D+01  0.542497D+02
  334.4883  0.176873D+01  0.176843D+01  0.164083D+02
  334.6360  0.180706D+01  0.180208D+01  0.276654D+03
  334.7835  0.172550D+01  0.173075D+01 -0.295138D+03
