 solar_wavcal_vary
           0
 F F
nwav fwave lwave avgwav  shift    squeeze      sin       rms   exval
   21 263.844 270.957 267.401 -2.786D-02  0.000D+00  1.038D+00  3.872D+03 10300  4.413D-02
  263.8438  0.256125D+00  0.293454D+00 -0.107716D+05
  264.2074  0.393926D+00  0.354491D+00  0.107571D+05
  264.5701  0.343655D+00  0.342640D+00  0.276849D+03
  264.9319  0.307239D+00  0.304867D+00  0.718807D+03
  265.2927  0.368326D+00  0.346094D+00  0.606437D+04
  265.6527  0.392661D+00  0.394643D+00 -0.540756D+03
  266.0119  0.367864D+00  0.383080D+00 -0.415067D+04
  266.3701  0.343942D+00  0.353977D+00 -0.300408D+04
  266.7276  0.350404D+00  0.349700D+00  0.203011D+03
  267.0843  0.352257D+00  0.359777D+00 -0.213870D+04
  267.4401  0.375592D+00  0.378929D+00 -0.910125D+03
  267.7951  0.359429D+00  0.364885D+00 -0.148829D+04
  268.1494  0.351941D+00  0.347238D+00  0.134037D+04
  268.5029  0.357854D+00  0.351748D+00  0.166544D+04
  268.8557  0.341603D+00  0.339690D+00  0.579703D+03
  269.2077  0.335384D+00  0.332501D+00  0.926805D+03
  269.5590  0.331310D+00  0.331034D+00  0.927384D+02
  269.9096  0.361414D+00  0.356945D+00  0.121904D+04
  270.2596  0.400429D+00  0.396695D+00  0.101364D+04
  270.6088  0.393425D+00  0.395289D+00 -0.508472D+03
  270.9574  0.371319D+00  0.377609D+00 -0.171595D+04
   21 266.012 273.035 269.524 -1.114D-02  0.000D+00  1.021D+00  1.032D+03 10300  1.054D-02
  266.0119  0.367864D+00  0.372786D+00 -0.134255D+04
  266.3701  0.343942D+00  0.344857D+00 -0.273879D+03
  266.7276  0.350404D+00  0.340990D+00  0.271599D+04
  267.0843  0.352257D+00  0.352491D+00 -0.663722D+02
  267.4401  0.375592D+00  0.373875D+00  0.468409D+03
  267.7951  0.359429D+00  0.364748D+00 -0.145081D+04
  268.1494  0.351941D+00  0.347987D+00  0.112705D+04
  268.5029  0.357854D+00  0.354837D+00  0.822847D+03
  268.8557  0.341603D+00  0.345057D+00 -0.104653D+04
  269.2077  0.335384D+00  0.337817D+00 -0.781889D+03
  269.5590  0.331310D+00  0.336475D+00 -0.173685D+04
  269.9096  0.361414D+00  0.359521D+00  0.516318D+03
  270.2596  0.400429D+00  0.398351D+00  0.564225D+03
  270.6088  0.393425D+00  0.394662D+00 -0.337392D+03
  270.9574  0.371319D+00  0.370674D+00  0.175788D+03
  271.3053  0.359393D+00  0.354825D+00  0.124606D+04
  271.6526  0.310036D+00  0.307392D+00  0.960131D+03
  271.9992  0.247305D+00  0.248151D+00 -0.329499D+03
  272.3452  0.251385D+00  0.251911D+00 -0.204789D+03
  272.6906  0.298460D+00  0.300681D+00 -0.840808D+03
  273.0355  0.347231D+00  0.346331D+00  0.265337D+03
   21 268.149 275.092 271.621  1.787D-03  0.000D+00  1.010D+00  7.370D+02 10000  5.316D-03
  268.1494  0.351941D+00  0.350226D+00  0.488908D+03
  268.5029  0.357854D+00  0.355900D+00  0.532978D+03
  268.8557  0.341603D+00  0.345422D+00 -0.115723D+04
  269.2077  0.335384D+00  0.336780D+00 -0.448574D+03
  269.5590  0.331310D+00  0.335019D+00 -0.124701D+04
  269.9096  0.361414D+00  0.356175D+00  0.142908D+04
  270.2596  0.400429D+00  0.396300D+00  0.112078D+04
  270.6088  0.393425D+00  0.394473D+00 -0.285822D+03
  270.9574  0.371319D+00  0.370428D+00  0.242963D+03
  271.3053  0.359393D+00  0.355971D+00  0.933486D+03
  271.6526  0.310036D+00  0.310320D+00 -0.103131D+03
  271.9992  0.247305D+00  0.249775D+00 -0.962342D+03
  272.3452  0.251385D+00  0.251417D+00 -0.124693D+02
  272.6906  0.298460D+00  0.299991D+00 -0.579269D+03
  273.0355  0.347231D+00  0.348432D+00 -0.353716D+03
  273.3797  0.315705D+00  0.316989D+00 -0.438027D+03
  273.7233  0.249452D+00  0.247835D+00  0.629979D+03
  274.0665  0.203747D+00  0.201533D+00  0.100351D+04
  274.4090  0.184417D+00  0.183516D+00  0.409353D+03
  274.7509  0.182563D+00  0.183693D+00 -0.513804D+03
  275.0924  0.208732D+00  0.209283D+00 -0.227249D+03
   21 270.260 277.131 273.695  6.112D-03  0.000D+00  1.009D+00  5.076D+02 10340  3.484D-03
  270.2596  0.400429D+00  0.398768D+00  0.450857D+03
  270.6088  0.393425D+00  0.396241D+00 -0.768136D+03
  270.9574  0.371319D+00  0.371107D+00  0.578382D+02
  271.3053  0.359393D+00  0.356112D+00  0.895017D+03
  271.6526  0.310036D+00  0.310587D+00 -0.200142D+03
  271.9992  0.247305D+00  0.249687D+00 -0.928245D+03
  272.3452  0.251385D+00  0.250331D+00  0.410879D+03
  272.6906  0.298460D+00  0.298495D+00 -0.131711D+02
  273.0355  0.347231D+00  0.347453D+00 -0.652176D+02
  273.3797  0.315705D+00  0.317310D+00 -0.547511D+03
  273.7233  0.249452D+00  0.248351D+00  0.429083D+03
  274.0665  0.203747D+00  0.201857D+00  0.856821D+03
  274.4090  0.184417D+00  0.183638D+00  0.353948D+03
  274.7509  0.182563D+00  0.183725D+00 -0.528686D+03
  275.0924  0.208732D+00  0.208905D+00 -0.715895D+02
  275.4334  0.245281D+00  0.243808D+00  0.573981D+03
  275.7738  0.280525D+00  0.282425D+00 -0.671600D+03
  276.1138  0.339922D+00  0.339956D+00 -0.105035D+02
  276.4532  0.358763D+00  0.360146D+00 -0.377042D+03
  276.7922  0.363020D+00  0.363509D+00 -0.106084D+03
  277.1306  0.365249D+00  0.363715D+00  0.418525D+03
   21 272.345 279.152 275.749  1.144D-02  0.000D+00  1.004D+00  6.361D+02 10300  4.703D-03
  272.3452  0.251385D+00  0.249928D+00  0.567899D+03
  272.6906  0.298460D+00  0.298241D+00  0.831038D+02
  273.0355  0.347231D+00  0.349084D+00 -0.545865D+03
  273.3797  0.315705D+00  0.319310D+00 -0.122969D+04
  273.7233  0.249452D+00  0.249202D+00  0.971267D+02
  274.0665  0.203747D+00  0.201983D+00  0.799737D+03
  274.4090  0.184417D+00  0.183318D+00  0.499495D+03
  274.7509  0.182563D+00  0.182927D+00 -0.165861D+03
  275.0924  0.208732D+00  0.207505D+00  0.505542D+03
  275.4334  0.245281D+00  0.242973D+00  0.899593D+03
  275.7738  0.280525D+00  0.280562D+00 -0.131667D+02
  276.1138  0.339922D+00  0.340258D+00 -0.102746D+03
  276.4532  0.358763D+00  0.361488D+00 -0.743339D+03
  276.7922  0.363020D+00  0.366899D+00 -0.842278D+03
  277.1306  0.365249D+00  0.369183D+00 -0.107294D+04
  277.4686  0.365915D+00  0.364985D+00  0.253686D+03
  277.8062  0.310443D+00  0.306671D+00  0.126860D+04
  278.1433  0.256544D+00  0.255431D+00  0.379471D+03
  278.4799  0.241111D+00  0.241730D+00 -0.223437D+03
  278.8162  0.212481D+00  0.212580D+00 -0.384165D+02
  279.1519  0.157015D+00  0.157617D+00 -0.273562D+03
   21 274.409 281.158 277.784  2.409D-02  0.000D+00  9.936D-01  7.922D+02 10300  9.938D-03
  274.4090  0.184417D+00  0.184009D+00  0.185166D+03
  274.7509  0.182563D+00  0.183731D+00 -0.531366D+03
  275.0924  0.208732D+00  0.207329D+00  0.578209D+03
  275.4334  0.245281D+00  0.244063D+00  0.474701D+03
  275.7738  0.280525D+00  0.280014D+00  0.180677D+03
  276.1138  0.339922D+00  0.340991D+00 -0.326642D+03
  276.4532  0.358763D+00  0.362163D+00 -0.927333D+03
  276.7922  0.363020D+00  0.367498D+00 -0.972319D+03
  277.1306  0.365249D+00  0.367984D+00 -0.746009D+03
  277.4686  0.365915D+00  0.364711D+00  0.328615D+03
  277.8062  0.310443D+00  0.306767D+00  0.123629D+04
  278.1433  0.256544D+00  0.253388D+00  0.107615D+04
  278.4799  0.241111D+00  0.239144D+00  0.709440D+03
  278.8162  0.212481D+00  0.211374D+00  0.431438D+03
  279.1519  0.157015D+00  0.156939D+00  0.343573D+02
  279.4873  0.114884D+00  0.118036D+00 -0.171232D+04
  279.8223  0.102578D+00  0.105513D+00 -0.160153D+04
  280.1569  0.105686D+00  0.106613D+00 -0.505514D+03
  280.4911  0.127397D+00  0.126481D+00  0.307554D+03
  280.8248  0.180655D+00  0.178926D+00  0.524035D+03
  281.1582  0.245148D+00  0.243657D+00  0.443179D+03
   21 276.453 283.151 279.802  6.977D-03  0.000D+00  1.010D+00  1.009D+03 10300  1.061D-02
  276.4532  0.358763D+00  0.359922D+00 -0.316093D+03
  276.7922  0.363020D+00  0.365147D+00 -0.461670D+03
  277.1306  0.365249D+00  0.367927D+00 -0.730432D+03
  277.4686  0.365915D+00  0.363815D+00  0.572806D+03
  277.8062  0.310443D+00  0.305086D+00  0.180139D+04
  278.1433  0.256544D+00  0.254584D+00  0.668490D+03
  278.4799  0.241111D+00  0.241508D+00 -0.143096D+03
  278.8162  0.212481D+00  0.211965D+00  0.201108D+03
  279.1519  0.157015D+00  0.156667D+00  0.158402D+03
  279.4873  0.114884D+00  0.118664D+00 -0.205327D+04
  279.8223  0.102578D+00  0.106482D+00 -0.213000D+04
  280.1569  0.105686D+00  0.107755D+00 -0.112863D+04
  280.4911  0.127397D+00  0.128253D+00 -0.286923D+03
  280.8248  0.180655D+00  0.180145D+00  0.154541D+03
  281.1582  0.245148D+00  0.241018D+00  0.122790D+04
  281.4912  0.310054D+00  0.307525D+00  0.689762D+03
  281.8239  0.369844D+00  0.370226D+00 -0.104145D+03
  282.1561  0.412214D+00  0.413715D+00 -0.409374D+03
  282.4880  0.437863D+00  0.434898D+00  0.808856D+03
  282.8196  0.460330D+00  0.455823D+00  0.122931D+04
  283.1508  0.482616D+00  0.487735D+00 -0.139621D+04
   21 278.480 285.131 281.805 -8.424D-03  0.000D+00  1.005D+00  9.782D+02 10300  1.013D-02
  278.4799  0.241111D+00  0.241864D+00 -0.271570D+03
  278.8162  0.212481D+00  0.210098D+00  0.928717D+03
  279.1519  0.157015D+00  0.154250D+00  0.125698D+04
  279.4873  0.114884D+00  0.117425D+00 -0.138005D+04
  279.8223  0.102578D+00  0.105796D+00 -0.175570D+04
  280.1569  0.105686D+00  0.107491D+00 -0.984616D+03
  280.4911  0.127397D+00  0.128948D+00 -0.520217D+03
  280.8248  0.180655D+00  0.181335D+00 -0.206016D+03
  281.1582  0.245148D+00  0.241449D+00  0.109974D+04
  281.4912  0.310054D+00  0.307664D+00  0.651850D+03
  281.8239  0.369844D+00  0.369193D+00  0.177456D+03
  282.1561  0.412214D+00  0.411921D+00  0.799277D+02
  282.4880  0.437863D+00  0.433150D+00  0.128560D+04
  282.8196  0.460330D+00  0.456444D+00  0.105985D+04
  283.1508  0.482616D+00  0.489516D+00 -0.188207D+04
  283.4816  0.472880D+00  0.478374D+00 -0.149850D+04
  283.8122  0.466151D+00  0.465360D+00  0.215597D+03
  284.1424  0.450897D+00  0.447462D+00  0.937202D+03
  284.4722  0.387219D+00  0.387524D+00 -0.832878D+02
  284.8018  0.281929D+00  0.282359D+00 -0.121921D+03
  285.1310  0.173353D+00  0.172254D+00  0.355196D+03
   21 280.491 287.100 283.795  3.151D-03  0.000D+00  1.007D+00  7.650D+02 10300  4.068D-03
  280.4911  0.127397D+00  0.130008D+00 -0.875767D+03
  280.8248  0.180655D+00  0.181942D+00 -0.390144D+03
  281.1582  0.245148D+00  0.242367D+00  0.826731D+03
  281.4912  0.310054D+00  0.308399D+00  0.451508D+03
  281.8239  0.369844D+00  0.370356D+00 -0.139652D+03
  282.1561  0.412214D+00  0.413329D+00 -0.304027D+03
  282.4880  0.437863D+00  0.434483D+00  0.922006D+03
  282.8196  0.460330D+00  0.456331D+00  0.109072D+04
  283.1508  0.482616D+00  0.489253D+00 -0.181038D+04
  283.4816  0.472880D+00  0.478618D+00 -0.156507D+04
  283.8122  0.466151D+00  0.463861D+00  0.624547D+03
  284.1424  0.450897D+00  0.446291D+00  0.125660D+04
  284.4722  0.387219D+00  0.387088D+00  0.356330D+02
  284.8018  0.281929D+00  0.283615D+00 -0.478194D+03
  285.1310  0.173353D+00  0.172235D+00  0.361356D+03
  285.4598  0.173622D+00  0.173624D+00 -0.546934D+00
  285.7884  0.297169D+00  0.297747D+00 -0.157703D+03
  286.1166  0.435940D+00  0.436183D+00 -0.662617D+02
  286.4446  0.506394D+00  0.506148D+00  0.671013D+02
  286.7722  0.517963D+00  0.516585D+00  0.375851D+03
  287.0995  0.547478D+00  0.548641D+00 -0.317139D+03
   21 282.488 289.057 285.773  4.181D-03  0.000D+00  1.003D+00  7.595D+02 10300  3.059D-03
  282.4880  0.437863D+00  0.435531D+00  0.636161D+03
  282.8196  0.460330D+00  0.456668D+00  0.998915D+03
  283.1508  0.482616D+00  0.489666D+00 -0.192310D+04
  283.4816  0.472880D+00  0.478389D+00 -0.150259D+04
  283.8122  0.466151D+00  0.463266D+00  0.786840D+03
  284.1424  0.450897D+00  0.445869D+00  0.137169D+04
  284.4722  0.387219D+00  0.386769D+00  0.122634D+03
  284.8018  0.281929D+00  0.283514D+00 -0.449759D+03
  285.1310  0.173353D+00  0.171408D+00  0.628286D+03
  285.4598  0.173622D+00  0.172321D+00  0.408226D+03
  285.7884  0.297169D+00  0.296825D+00  0.936539D+02
  286.1166  0.435940D+00  0.436004D+00 -0.176339D+02
  286.4446  0.506394D+00  0.506612D+00 -0.595191D+02
  286.7722  0.517963D+00  0.517126D+00  0.228124D+03
  287.0995  0.547478D+00  0.550241D+00 -0.753824D+03
  287.4266  0.563592D+00  0.563110D+00  0.131450D+03
  287.7533  0.488338D+00  0.489761D+00 -0.388056D+03
  288.0798  0.387709D+00  0.385631D+00  0.566896D+03
  288.4060  0.425980D+00  0.427024D+00 -0.284680D+03
  288.7318  0.564775D+00  0.562995D+00  0.485413D+03
  289.0574  0.609826D+00  0.610544D+00 -0.195896D+03
   21 284.472 291.005 287.738  5.157D-03  0.000D+00  1.004D+00  4.594D+02   300  1.813D-03
  284.4722  0.387219D+00  0.386420D+00  0.217968D+03
  284.8018  0.281929D+00  0.283843D+00 -0.542938D+03
  285.1310  0.173353D+00  0.171765D+00  0.513187D+03
  285.4598  0.173622D+00  0.172334D+00  0.404087D+03
  285.7884  0.297169D+00  0.296861D+00  0.838883D+02
  286.1166  0.435940D+00  0.436384D+00 -0.121218D+03
  286.4446  0.506394D+00  0.507218D+00 -0.224857D+03
  286.7722  0.517963D+00  0.517595D+00  0.100133D+03
  287.0995  0.547478D+00  0.550311D+00 -0.772677D+03
  287.4266  0.563592D+00  0.563050D+00  0.147912D+03
  287.7533  0.488338D+00  0.489570D+00 -0.335880D+03
  288.0798  0.387709D+00  0.385139D+00  0.701118D+03
  288.4060  0.425980D+00  0.425550D+00  0.117160D+03
  288.7318  0.564775D+00  0.560947D+00  0.104404D+04
  289.0574  0.609826D+00  0.608204D+00  0.442349D+03
  289.3826  0.656433D+00  0.656976D+00 -0.148100D+03
  289.7076  0.764841D+00  0.766775D+00 -0.527674D+03
  290.0323  0.877759D+00  0.879669D+00 -0.520814D+03
  290.3567  0.940540D+00  0.939916D+00  0.170139D+03
  290.6808  0.927625D+00  0.929262D+00 -0.446501D+03
  291.0047  0.893287D+00  0.891424D+00  0.508205D+03
   21 286.445 292.942 289.693  5.156D-03  0.000D+00  1.003D+00  8.411D+02 10300  3.967D-03
  286.4446  0.506394D+00  0.507489D+00 -0.298576D+03
  286.7722  0.517963D+00  0.515756D+00  0.601809D+03
  287.0995  0.547478D+00  0.549791D+00 -0.631042D+03
  287.4266  0.563592D+00  0.564318D+00 -0.198082D+03
  287.7533  0.488338D+00  0.490250D+00 -0.521404D+03
  288.0798  0.387709D+00  0.381413D+00  0.171758D+04
  288.4060  0.425980D+00  0.423095D+00  0.786846D+03
  288.7318  0.564775D+00  0.563793D+00  0.267746D+03
  289.0574  0.609826D+00  0.608159D+00  0.454696D+03
  289.3826  0.656433D+00  0.655728D+00  0.192428D+03
  289.7076  0.764841D+00  0.767410D+00 -0.700919D+03
  290.0323  0.877759D+00  0.881636D+00 -0.105732D+04
  290.3567  0.940540D+00  0.942360D+00 -0.496545D+03
  290.6808  0.927625D+00  0.931021D+00 -0.926330D+03
  291.0047  0.893287D+00  0.890916D+00  0.646960D+03
  291.3282  0.900258D+00  0.894876D+00  0.146796D+04
  291.6515  0.870870D+00  0.865289D+00  0.152230D+04
  291.9745  0.844859D+00  0.846778D+00 -0.523476D+03
  292.2972  0.813438D+00  0.817141D+00 -0.100993D+04
  292.6197  0.741690D+00  0.744501D+00 -0.766768D+03
  292.9418  0.777328D+00  0.775236D+00  0.570654D+03
   21 288.406 294.868 291.637  5.554D-03  0.000D+00  1.002D+00  1.088D+03 10300  5.411D-03
  288.4060  0.425980D+00  0.421710D+00  0.116472D+04
  288.7318  0.564775D+00  0.570524D+00 -0.156816D+04
  289.0574  0.609826D+00  0.608306D+00  0.414744D+03
  289.3826  0.656433D+00  0.652488D+00  0.107599D+04
  289.7076  0.764841D+00  0.765987D+00 -0.312554D+03
  290.0323  0.877759D+00  0.881250D+00 -0.952273D+03
  290.3567  0.940540D+00  0.942154D+00 -0.440259D+03
  290.6808  0.927625D+00  0.930266D+00 -0.720437D+03
  291.0047  0.893287D+00  0.886768D+00  0.177830D+04
  291.3282  0.900258D+00  0.896424D+00  0.104568D+04
  291.6515  0.870870D+00  0.864623D+00  0.170405D+04
  291.9745  0.844859D+00  0.848426D+00 -0.973217D+03
  292.2972  0.813438D+00  0.822478D+00 -0.246572D+04
  292.6197  0.741690D+00  0.744127D+00 -0.664785D+03
  292.9418  0.777328D+00  0.776096D+00  0.336082D+03
  293.2636  0.898109D+00  0.899832D+00 -0.470106D+03
  293.5851  0.857171D+00  0.853278D+00  0.106173D+04
  293.9064  0.749192D+00  0.745250D+00  0.107544D+04
  294.2274  0.793771D+00  0.793739D+00  0.864475D+01
  294.5480  0.826150D+00  0.829256D+00 -0.847248D+03
  294.8684  0.758521D+00  0.757922D+00  0.163511D+03
   21 290.357 297.738 294.047  4.092D-03  0.000D+00  1.015D+00  1.096D+03 10300  3.903D-03
  290.3567  0.940540D+00  0.941764D+00 -0.301423D+03
  290.6808  0.927625D+00  0.930262D+00 -0.699821D+03
  291.0047  0.893287D+00  0.889474D+00  0.100324D+04
  291.3282  0.900258D+00  0.896101D+00  0.116393D+04
  291.6515  0.870870D+00  0.865675D+00  0.140540D+04
  291.9745  0.844859D+00  0.848998D+00 -0.112747D+04
  292.2972  0.813438D+00  0.822053D+00 -0.233414D+04
  292.6197  0.741690D+00  0.744583D+00 -0.802509D+03
  292.9418  0.777328D+00  0.776714D+00  0.163943D+03
  293.2636  0.898109D+00  0.900976D+00 -0.790242D+03
  293.5851  0.857171D+00  0.853017D+00  0.112639D+04
  293.9064  0.749192D+00  0.742247D+00  0.191865D+04
  294.2274  0.793771D+00  0.793830D+00 -0.193264D+02
  294.5480  0.826150D+00  0.831348D+00 -0.143969D+04
  294.8684  0.758521D+00  0.751614D+00  0.191125D+04
  296.1468  0.939862D+00  0.942531D+00 -0.729566D+03
  296.4656  0.836599D+00  0.839034D+00 -0.661225D+03
  296.7842  0.645074D+00  0.642970D+00  0.559958D+03
  297.1024  0.655358D+00  0.657066D+00 -0.471299D+03
  297.4203  0.782977D+00  0.782102D+00  0.225909D+03
  297.7379  0.970594D+00  0.969870D+00  0.240748D+03
   21 292.297 299.636 295.967  6.252D-03  0.000D+00  1.016D+00  2.842D+03   300  6.753D-03
  292.2972  0.813438D+00  0.817815D+00 -0.119387D+04
  292.6197  0.741690D+00  0.737917D+00  0.102913D+04
  292.9418  0.777328D+00  0.771463D+00  0.159969D+04
  293.2636  0.898109D+00  0.906252D+00 -0.222129D+04
  293.5851  0.857171D+00  0.857035D+00  0.368561D+02
  293.9064  0.749192D+00  0.740238D+00  0.244259D+04
  294.2274  0.793771D+00  0.794388D+00 -0.168521D+03
  294.5480  0.826150D+00  0.833012D+00 -0.187177D+04
  294.8684  0.758521D+00  0.749981D+00  0.232970D+04
  296.1468  0.939862D+00  0.937793D+00  0.564477D+03
  296.4656  0.836599D+00  0.836694D+00 -0.259637D+02
  296.7842  0.645074D+00  0.646596D+00 -0.415043D+03
  297.1024  0.655358D+00  0.659490D+00 -0.112730D+04
  297.4203  0.782977D+00  0.788756D+00 -0.157650D+04
  297.7379  0.970594D+00  0.976681D+00 -0.166036D+04
  298.0551  0.865071D+00  0.866254D+00 -0.322807D+03
  298.3719  0.606166D+00  0.612357D+00 -0.168857D+04
  298.6885  0.610835D+00  0.608179D+00  0.724507D+03
  299.0047  0.827001D+00  0.802160D+00  0.677596D+04
  299.3206  0.840823D+00  0.821080D+00  0.538549D+04
  299.6361  0.779981D+00  0.808213D+00 -0.770104D+04
   21 294.227 301.521 297.874  8.381D-03  0.000D+00  1.035D+00  5.879D+03 10300  1.353D-02
  294.2274  0.793771D+00  0.795683D+00 -0.521747D+03
  294.5480  0.826150D+00  0.829852D+00 -0.100964D+04
  294.8684  0.758521D+00  0.745267D+00  0.361541D+04
  296.1468  0.939862D+00  0.937191D+00  0.728715D+03
  296.4656  0.836599D+00  0.840736D+00 -0.112864D+04
  296.7842  0.645074D+00  0.646971D+00 -0.517480D+03
  297.1024  0.655358D+00  0.662396D+00 -0.191973D+04
  297.4203  0.782977D+00  0.791801D+00 -0.240695D+04
  297.7379  0.970594D+00  0.987477D+00 -0.460542D+04
  298.0551  0.865071D+00  0.873685D+00 -0.234984D+04
  298.3719  0.606166D+00  0.608763D+00 -0.708385D+03
  298.6885  0.610835D+00  0.598159D+00  0.345777D+04
  299.0047  0.827001D+00  0.787959D+00  0.106499D+05
  299.3206  0.840823D+00  0.792552D+00  0.131673D+05
  299.6361  0.779981D+00  0.762851D+00  0.467261D+04
  299.9512  0.708956D+00  0.731283D+00 -0.609038D+04
  300.2661  0.554691D+00  0.585590D+00 -0.842856D+04
  300.5805  0.661643D+00  0.696037D+00 -0.938176D+04
  300.8945  0.689890D+00  0.721031D+00 -0.849463D+04
  301.2082  0.787233D+00  0.788462D+00 -0.335346D+03
  301.5215  0.822408D+00  0.788868D+00  0.914911D+04
   21 297.102 303.393 300.247 -3.197D-03  0.000D+00  9.938D-01  5.910D+03 10300  1.287D-02
  297.1024  0.655358D+00  0.636646D+00  0.510410D+04
  297.4203  0.782977D+00  0.785461D+00 -0.677742D+03
  297.7379  0.970594D+00  0.996725D+00 -0.712797D+04
  298.0551  0.865071D+00  0.874163D+00 -0.248010D+04
  298.3719  0.606166D+00  0.608234D+00 -0.563999D+03
  298.6885  0.610835D+00  0.609112D+00  0.470141D+03
  299.0047  0.827001D+00  0.802898D+00  0.657482D+04
  299.3206  0.840823D+00  0.791102D+00  0.135629D+05
  299.6361  0.779981D+00  0.762702D+00  0.471331D+04
  299.9512  0.708956D+00  0.720049D+00 -0.302610D+04
  300.2661  0.554691D+00  0.578071D+00 -0.637773D+04
  300.5805  0.661643D+00  0.694800D+00 -0.904439D+04
  300.8945  0.689890D+00  0.721384D+00 -0.859110D+04
  301.2082  0.787233D+00  0.803445D+00 -0.442232D+04
  301.5215  0.822408D+00  0.817736D+00  0.127451D+04
  301.8343  0.663134D+00  0.647682D+00  0.421494D+04
  302.1468  0.561946D+00  0.546817D+00  0.412687D+04
  302.4588  0.762238D+00  0.739514D+00  0.619872D+04
  302.7705  0.936316D+00  0.919493D+00  0.456697D+04
  303.0817  0.103438D+01  0.104311D+01 -0.134009D+04
  303.3925  0.109209D+01  0.115669D+01 -0.881108D+04
   21 299.005 305.248 302.126  2.206D-03  0.000D+00  9.756D-01  3.933D+03 10300  1.039D-02
  299.0047  0.827001D+00  0.848993D+00 -0.599912D+04
  299.3206  0.840823D+00  0.812584D+00  0.770317D+04
  299.6361  0.779981D+00  0.760613D+00  0.528308D+04
  299.9512  0.708956D+00  0.712197D+00 -0.884217D+03
  300.2661  0.554691D+00  0.560604D+00 -0.161307D+04
  300.5805  0.661643D+00  0.680984D+00 -0.527581D+04
  300.8945  0.689890D+00  0.706436D+00 -0.451352D+04
  301.2082  0.787233D+00  0.798121D+00 -0.297010D+04
  301.5215  0.822408D+00  0.825662D+00 -0.887395D+03
  301.8343  0.663134D+00  0.657488D+00  0.153998D+04
  302.1468  0.561946D+00  0.542208D+00  0.538421D+04
  302.4588  0.762238D+00  0.747038D+00  0.414648D+04
  302.7705  0.936316D+00  0.917428D+00  0.512736D+04
  303.0817  0.103438D+01  0.101951D+01  0.228426D+04
  303.3925  0.109209D+01  0.110057D+01 -0.115679D+04
  303.7029  0.999979D+00  0.101913D+01 -0.335205D+04
  304.0127  0.887710D+00  0.905292D+00 -0.479604D+04
  304.3222  0.955239D+00  0.965716D+00 -0.240264D+04
  304.6312  0.101305D+01  0.102300D+01 -0.142324D+04
  304.9397  0.989899D+00  0.975771D+00  0.216347D+04
  305.2477  0.111878D+01  0.109314D+01  0.349651D+04
   21 300.895 307.085 303.990 -9.320D-03  0.000D+00  1.027D+00  1.131D+03 10300  3.177D-03
  300.8945  0.689890D+00  0.684142D+00  0.156774D+04
  301.2082  0.787233D+00  0.794147D+00 -0.188605D+04
  301.5215  0.822408D+00  0.828096D+00 -0.155138D+04
  301.8343  0.663134D+00  0.657708D+00  0.147999D+04
  302.1468  0.561946D+00  0.554879D+00  0.192791D+04
  302.4588  0.762238D+00  0.764784D+00 -0.694368D+03
  302.7705  0.936316D+00  0.932352D+00  0.107623D+04
  303.0817  0.103438D+01  0.102440D+01  0.153303D+04
  303.3925  0.109209D+01  0.109902D+01 -0.945312D+03
  303.7029  0.999979D+00  0.100289D+01 -0.509996D+03
  304.0127  0.887710D+00  0.893938D+00 -0.169882D+04
  304.3222  0.955239D+00  0.958007D+00 -0.634859D+03
  304.6312  0.101305D+01  0.101193D+01  0.159892D+03
  304.9397  0.989899D+00  0.980286D+00  0.147219D+04
  305.2477  0.111878D+01  0.111444D+01  0.592690D+03
  305.5552  0.976354D+00  0.980877D+00 -0.686207D+03
  305.8623  0.773057D+00  0.770647D+00  0.657505D+03
  306.1688  0.900415D+00  0.900139D+00  0.531300D+02
  306.4748  0.939369D+00  0.936491D+00  0.392494D+03
  306.7803  0.876726D+00  0.881642D+00 -0.670493D+03
  307.0852  0.102149D+01  0.102274D+01 -0.169781D+03
   21 312.922 316.068 314.495  2.805D-05  0.000D+00  1.008D+00  9.154D+02 10000  3.882D-03
  312.9218  0.113474D+01  0.113736D+01 -0.203868D+03
  313.0799  0.113516D+01  0.113457D+01  0.457188D+02
  313.2379  0.110887D+01  0.110543D+01  0.276040D+03
  313.3958  0.108035D+01  0.108078D+01 -0.363120D+02
  313.5536  0.109913D+01  0.110297D+01 -0.313430D+03
  313.7114  0.119164D+01  0.118947D+01  0.167338D+03
  313.8691  0.129484D+01  0.129754D+01 -0.207814D+03
  314.0267  0.135163D+01  0.134105D+01  0.815994D+03
  314.1842  0.128396D+01  0.127385D+01  0.780453D+03
  314.3417  0.103777D+01  0.105766D+01 -0.179385D+04
  314.4990  0.857294D+00  0.844440D+00  0.123965D+04
  314.6563  0.857376D+00  0.884657D+00 -0.263110D+04
  314.8135  0.108139D+01  0.106051D+01  0.165866D+04
  314.9707  0.119444D+01  0.119776D+01 -0.256439D+03
  315.1277  0.124921D+01  0.123990D+01  0.717694D+03
  315.2847  0.122900D+01  0.123337D+01 -0.337482D+03
  315.4416  0.120648D+01  0.120577D+01  0.548826D+02
  315.5984  0.111751D+01  0.111423D+01  0.253290D+03
  315.7552  0.933285D+00  0.937794D+00 -0.434292D+03
  315.9119  0.783166D+00  0.776276D+00  0.664022D+03
  316.0685  0.745620D+00  0.750387D+00 -0.459737D+03
   21 313.869 317.006 315.438 -1.842D-03  0.000D+00  1.007D+00  1.019D+03 10000  4.113D-03
  313.8691  0.129484D+01  0.129921D+01 -0.336889D+03
  314.0267  0.135163D+01  0.134261D+01  0.695834D+03
  314.1842  0.128396D+01  0.127396D+01  0.772068D+03
  314.3417  0.103777D+01  0.105565D+01 -0.161260D+04
  314.4990  0.857294D+00  0.843903D+00  0.129143D+04
  314.6563  0.857376D+00  0.886379D+00 -0.279712D+04
  314.8135  0.108139D+01  0.106159D+01  0.157231D+04
  314.9707  0.119444D+01  0.119698D+01 -0.196097D+03
  315.1277  0.124921D+01  0.123769D+01  0.888281D+03
  315.2847  0.122900D+01  0.123110D+01 -0.162575D+03
  315.4416  0.120648D+01  0.120387D+01  0.201121D+03
  315.5984  0.111751D+01  0.111293D+01  0.353281D+03
  315.7552  0.933285D+00  0.937807D+00 -0.435536D+03
  315.9119  0.783166D+00  0.779406D+00  0.362359D+03
  316.0685  0.745620D+00  0.758375D+00 -0.123008D+04
  316.2250  0.869359D+00  0.857219D+00  0.909895D+03
  316.3814  0.993161D+00  0.998365D+00 -0.451575D+03
  316.5378  0.108690D+01  0.108025D+01  0.513340D+03
  316.6941  0.112594D+01  0.112221D+01  0.287869D+03
  316.8503  0.115608D+01  0.117124D+01 -0.116905D+04
  317.0065  0.127471D+01  0.126594D+01  0.676413D+03
   21 314.814 317.942 316.378 -2.947D-03  0.000D+00  1.006D+00  6.918D+02 10000  5.276D-03
  314.8135  0.108139D+01  0.107395D+01  0.590973D+03
  314.9707  0.119444D+01  0.120611D+01 -0.900630D+03
  315.1277  0.124921D+01  0.124346D+01  0.443698D+03
  315.2847  0.122900D+01  0.123436D+01 -0.413998D+03
  315.4416  0.120648D+01  0.120506D+01  0.109145D+03
  315.5984  0.111751D+01  0.111235D+01  0.398336D+03
  315.7552  0.933285D+00  0.936156D+00 -0.276556D+03
  315.9119  0.783166D+00  0.778117D+00  0.486678D+03
  316.0685  0.745620D+00  0.757949D+00 -0.118903D+04
  316.2250  0.869359D+00  0.857216D+00  0.910120D+03
  316.3814  0.993161D+00  0.997948D+00 -0.415321D+03
  316.5378  0.108690D+01  0.107877D+01  0.627538D+03
  316.6941  0.112594D+01  0.111992D+01  0.464651D+03
  316.8503  0.115608D+01  0.116783D+01 -0.906248D+03
  317.0065  0.127471D+01  0.126107D+01  0.105196D+04
  317.1625  0.140238D+01  0.141430D+01 -0.919054D+03
  317.3185  0.149080D+01  0.148781D+01  0.228462D+03
  317.4744  0.145556D+01  0.145858D+01 -0.232592D+03
  317.6302  0.143989D+01  0.143104D+01  0.682491D+03
  317.7860  0.132648D+01  0.134063D+01 -0.109219D+04
  317.9417  0.111698D+01  0.110805D+01  0.688920D+03
   21 315.755 318.874 317.315  1.972D-03  0.000D+00  1.010D+00  7.115D+02 10000  4.576D-03
  315.7552  0.933285D+00  0.932621D+00  0.639006D+02
  315.9119  0.783166D+00  0.778030D+00  0.494977D+03
  316.0685  0.745620D+00  0.756827D+00 -0.108084D+04
  316.2250  0.869359D+00  0.855969D+00  0.100361D+04
  316.3814  0.993161D+00  0.999505D+00 -0.550511D+03
  316.5378  0.108690D+01  0.108375D+01  0.243170D+03
  316.6941  0.112594D+01  0.112490D+01  0.804052D+02
  316.8503  0.115608D+01  0.117138D+01 -0.118025D+04
  317.0065  0.127471D+01  0.126054D+01  0.109322D+04
  317.1625  0.140238D+01  0.141140D+01 -0.695546D+03
  317.3185  0.149080D+01  0.148593D+01  0.371770D+03
  317.4744  0.145556D+01  0.145529D+01  0.212649D+02
  317.6302  0.143989D+01  0.142469D+01  0.117163D+04
  317.7860  0.132648D+01  0.133697D+01 -0.809218D+03
  317.9417  0.111698D+01  0.110790D+01  0.700910D+03
  318.0973  0.910785D+00  0.921726D+00 -0.105324D+04
  318.2528  0.894318D+00  0.896134D+00 -0.174953D+03
  318.4083  0.974186D+00  0.971259D+00  0.251729D+03
  318.5637  0.108206D+01  0.107824D+01  0.226825D+03
  318.7190  0.117392D+01  0.118364D+01 -0.750258D+03
  318.8742  0.130308D+01  0.129609D+01  0.539393D+03
   21 316.694 319.804 318.249 -1.922D-03  0.000D+00  1.009D+00  8.034D+02 10000  3.869D-03
  316.6941  0.112594D+01  0.112007D+01  0.453173D+03
  316.8503  0.115608D+01  0.116838D+01 -0.949036D+03
  317.0065  0.127471D+01  0.126115D+01  0.104603D+04
  317.1625  0.140238D+01  0.141398D+01 -0.894911D+03
  317.3185  0.149080D+01  0.148726D+01  0.270585D+03
  317.4744  0.145556D+01  0.145721D+01 -0.126526D+03
  317.6302  0.143989D+01  0.142806D+01  0.912329D+03
  317.7860  0.132648D+01  0.133709D+01 -0.818713D+03
  317.9417  0.111698D+01  0.110550D+01  0.885852D+03
  318.0973  0.910785D+00  0.921864D+00 -0.106654D+04
  318.2528  0.894318D+00  0.898512D+00 -0.404000D+03
  318.4083  0.974186D+00  0.973191D+00  0.855713D+02
  318.5637  0.108206D+01  0.107710D+01  0.294349D+03
  318.7190  0.117392D+01  0.117752D+01 -0.277893D+03
  318.8742  0.130308D+01  0.128282D+01  0.156374D+04
  319.0294  0.131235D+01  0.131611D+01 -0.289946D+03
  319.1844  0.116317D+01  0.115809D+01  0.391411D+03
  319.3395  0.998874D+00  0.100068D+01 -0.140323D+03
  319.4944  0.101343D+01  0.103438D+01 -0.161815D+04
  319.6493  0.113411D+01  0.114200D+01 -0.609229D+03
  319.8040  0.127291D+01  0.125985D+01  0.100714D+04
   21 317.630 320.731 319.181 -1.770D-03  0.000D+00  1.008D+00  9.024D+02 10300  4.659D-03
  317.6302  0.143989D+01  0.143055D+01  0.719835D+03
  317.7860  0.132648D+01  0.133772D+01 -0.867292D+03
  317.9417  0.111698D+01  0.110631D+01  0.823188D+03
  318.0973  0.910785D+00  0.922605D+00 -0.113784D+04
  318.2528  0.894318D+00  0.898711D+00 -0.423188D+03
  318.4083  0.974186D+00  0.973195D+00  0.852938D+02
  318.5637  0.108206D+01  0.107720D+01  0.288166D+03
  318.7190  0.117392D+01  0.117781D+01 -0.300425D+03
  318.8742  0.130308D+01  0.128325D+01  0.152997D+04
  319.0294  0.131235D+01  0.131694D+01 -0.354158D+03
  319.1844  0.116317D+01  0.115807D+01  0.393641D+03
  319.3395  0.998874D+00  0.998935D+00 -0.480814D+01
  319.4944  0.101343D+01  0.103183D+01 -0.142094D+04
  319.6493  0.113411D+01  0.113749D+01 -0.261089D+03
  319.8040  0.127291D+01  0.125208D+01  0.160713D+04
  319.9587  0.132784D+01  0.134523D+01 -0.134171D+04
  320.1134  0.137459D+01  0.135447D+01  0.155265D+04
  320.2680  0.136595D+01  0.138321D+01 -0.133112D+04
  320.4225  0.145574D+01  0.145500D+01  0.546358D+02
  320.5769  0.150136D+01  0.150434D+01 -0.210211D+03
  320.7313  0.148626D+01  0.148031D+01  0.421056D+03
   21 318.564 321.656 320.110 -3.816D-04  0.000D+00  1.006D+00  8.348D+02 10300  4.272D-03
  318.5637  0.108206D+01  0.108275D+01 -0.409451D+02
  318.7190  0.117392D+01  0.118199D+01 -0.622366D+03
  318.8742  0.130308D+01  0.128609D+01  0.131097D+04
  319.0294  0.131235D+01  0.131987D+01 -0.580356D+03
  319.1844  0.116317D+01  0.116092D+01  0.173044D+03
  319.3395  0.998874D+00  0.999438D+00 -0.439499D+02
  319.4944  0.101343D+01  0.103052D+01 -0.131968D+04
  319.6493  0.113411D+01  0.113578D+01 -0.129208D+03
  319.8040  0.127291D+01  0.125000D+01  0.176762D+04
  319.9587  0.132784D+01  0.134388D+01 -0.123717D+04
  320.1134  0.137459D+01  0.135366D+01  0.161494D+04
  320.2680  0.136595D+01  0.138227D+01 -0.125907D+04
  320.4225  0.145574D+01  0.145449D+01  0.931841D+02
  320.5769  0.150136D+01  0.150497D+01 -0.254659D+03
  320.7313  0.148626D+01  0.148245D+01  0.269793D+03
  320.8855  0.135851D+01  0.135850D+01  0.101360D+01
  321.0397  0.117364D+01  0.117136D+01  0.176013D+03
  321.1938  0.102615D+01  0.102626D+01 -0.809711D+01
  321.3479  0.961153D+00  0.969793D+00 -0.671940D+03
  321.5019  0.101512D+01  0.100341D+01  0.903544D+03
  321.6558  0.109862D+01  0.110286D+01 -0.326495D+03
   21 319.494 322.578 321.036 -1.121D-03  0.000D+00  9.998D-01  8.465D+02 10000  5.478D-03
  319.4944  0.101343D+01  0.102678D+01 -0.103140D+04
  319.6493  0.113411D+01  0.113363D+01  0.366171D+02
  319.8040  0.127291D+01  0.124906D+01  0.184004D+04
  319.9587  0.132784D+01  0.134348D+01 -0.120686D+04
  320.1134  0.137459D+01  0.135341D+01  0.163376D+04
  320.2680  0.136595D+01  0.138256D+01 -0.128117D+04
  320.4225  0.145574D+01  0.145492D+01  0.607467D+02
  320.5769  0.150136D+01  0.150519D+01 -0.270682D+03
  320.7313  0.148626D+01  0.148243D+01  0.270892D+03
  320.8855  0.135851D+01  0.135846D+01  0.417808D+01
  321.0397  0.117364D+01  0.117203D+01  0.124718D+03
  321.1938  0.102615D+01  0.102822D+01 -0.159580D+03
  321.3479  0.961153D+00  0.973557D+00 -0.964627D+03
  321.5019  0.101512D+01  0.100988D+01  0.404768D+03
  321.6558  0.109862D+01  0.111326D+01 -0.112961D+04
  321.8096  0.125283D+01  0.123747D+01  0.118531D+04
  321.9634  0.134910D+01  0.135053D+01 -0.109949D+03
  322.1171  0.135987D+01  0.135778D+01  0.159684D+03
  322.2707  0.127299D+01  0.126402D+01  0.692158D+03
  322.4243  0.120206D+01  0.120438D+01 -0.178813D+03
  322.5778  0.114550D+01  0.115278D+01 -0.561514D+03
   21 320.422 323.497 321.960 -5.860D-04  0.000D+00  9.933D-01  5.626D+02 10300  3.161D-03
  320.4225  0.145574D+01  0.145360D+01  0.158960D+03
  320.5769  0.150136D+01  0.150431D+01 -0.208615D+03
  320.7313  0.148626D+01  0.148219D+01  0.287742D+03
  320.8855  0.135851D+01  0.135892D+01 -0.314220D+02
  321.0397  0.117364D+01  0.117280D+01  0.653084D+02
  321.1938  0.102615D+01  0.102888D+01 -0.210470D+03
  321.3479  0.961153D+00  0.973987D+00 -0.998078D+03
  321.5019  0.101512D+01  0.101004D+01  0.392329D+03
  321.6558  0.109862D+01  0.111324D+01 -0.112805D+04
  321.8096  0.125283D+01  0.123721D+01  0.120558D+04
  321.9634  0.134910D+01  0.135003D+01 -0.713731D+02
  322.1171  0.135987D+01  0.135709D+01  0.212473D+03
  322.2707  0.127299D+01  0.126259D+01  0.802529D+03
  322.4243  0.120206D+01  0.120176D+01  0.232531D+02
  322.5778  0.114550D+01  0.114921D+01 -0.285789D+03
  322.7311  0.104821D+01  0.104653D+01  0.129155D+03
  322.8845  0.950713D+00  0.965519D+00 -0.114238D+04
  323.0378  0.979321D+00  0.976927D+00  0.129331D+03
  323.1910  0.108218D+01  0.108390D+01 -0.132918D+03
  323.3441  0.113409D+01  0.113785D+01 -0.290192D+03
  323.4971  0.110005D+01  0.109236D+01  0.593668D+03
   21 321.348 324.414 322.881 -3.557D-03  0.000D+00  9.922D-01  5.595D+02 10300  4.550D-03
  321.3479  0.961153D+00  0.966318D+00 -0.401656D+03
  321.5019  0.101512D+01  0.100676D+01  0.645405D+03
  321.6558  0.109862D+01  0.111288D+01 -0.110019D+04
  321.8096  0.125283D+01  0.123912D+01  0.105844D+04
  321.9634  0.134910D+01  0.135271D+01 -0.276517D+03
  322.1171  0.135987D+01  0.135838D+01  0.114338D+03
  322.2707  0.127299D+01  0.126377D+01  0.710949D+03
  322.4243  0.120206D+01  0.120415D+01 -0.161113D+03
  322.5778  0.114550D+01  0.115026D+01 -0.366625D+03
  322.7311  0.104821D+01  0.104645D+01  0.135119D+03
  322.8845  0.950713D+00  0.965731D+00 -0.115869D+04
  323.0378  0.979321D+00  0.978493D+00  0.447557D+02
  323.1910  0.108218D+01  0.108482D+01 -0.203705D+03
  323.3441  0.113409D+01  0.113485D+01 -0.581640D+02
  323.4971  0.110005D+01  0.108713D+01  0.997434D+03
  323.6501  0.106778D+01  0.107350D+01 -0.441139D+03
  323.8030  0.113041D+01  0.113067D+01 -0.197453D+02
  323.9558  0.121237D+01  0.120792D+01  0.343430D+03
  324.1086  0.129205D+01  0.128815D+01  0.295364D+03
  324.2613  0.132843D+01  0.133230D+01 -0.274432D+03
  324.4139  0.134000D+01  0.134258D+01 -0.177233D+03
   21 322.271 325.328 323.799 -3.131D-03  0.000D+00  9.934D-01  4.918D+02 10300  4.896D-03
  322.2707  0.127299D+01  0.126790D+01  0.393068D+03
  322.4243  0.120206D+01  0.120457D+01 -0.194017D+03
  322.5778  0.114550D+01  0.114873D+01 -0.249004D+03
  322.7311  0.104821D+01  0.104432D+01  0.299800D+03
  322.8845  0.950713D+00  0.963462D+00 -0.983684D+03
  323.0378  0.979321D+00  0.976134D+00  0.172160D+03
  323.1910  0.108218D+01  0.108275D+01 -0.442057D+02
  323.3441  0.113409D+01  0.113399D+01  0.774727D+01
  323.4971  0.110005D+01  0.108732D+01  0.982593D+03
  323.6501  0.106778D+01  0.107421D+01 -0.495627D+03
  323.8030  0.113041D+01  0.113175D+01 -0.103458D+03
  323.9558  0.121237D+01  0.120899D+01  0.261020D+03
  324.1086  0.129205D+01  0.128843D+01  0.273821D+03
  324.2613  0.132843D+01  0.133078D+01 -0.166319D+03
  324.4139  0.134000D+01  0.133774D+01  0.155520D+03
  324.5665  0.136968D+01  0.136821D+01  0.980201D+02
  324.7190  0.133955D+01  0.135082D+01 -0.790842D+03
  324.8714  0.127459D+01  0.126573D+01  0.663967D+03
  325.0237  0.122500D+01  0.123803D+01 -0.100221D+04
  325.1760  0.128218D+01  0.127618D+01  0.448361D+03
  325.3282  0.133862D+01  0.133593D+01  0.191765D+03
   21 323.191 326.240 324.715 -1.290D-03  0.000D+00  9.945D-01  5.419D+02 10000  5.320D-03
  323.1910  0.108218D+01  0.108206D+01  0.926977D+01
  323.3441  0.113409D+01  0.113667D+01 -0.198897D+03
  323.4971  0.110005D+01  0.109114D+01  0.688048D+03
  323.6501  0.106778D+01  0.107701D+01 -0.712275D+03
  323.8030  0.113041D+01  0.113352D+01 -0.239884D+03
  323.9558  0.121237D+01  0.120976D+01  0.201563D+03
  324.1086  0.129205D+01  0.128799D+01  0.307197D+03
  324.2613  0.132843D+01  0.132963D+01 -0.847467D+02
  324.4139  0.134000D+01  0.133537D+01  0.318270D+03
  324.5665  0.136968D+01  0.136502D+01  0.311072D+03
  324.7190  0.133955D+01  0.134895D+01 -0.660126D+03
  324.8714  0.127459D+01  0.126522D+01  0.701843D+03
  325.0237  0.122500D+01  0.123876D+01 -0.105888D+04
  325.1760  0.128218D+01  0.128034D+01  0.137533D+03
  325.3282  0.133862D+01  0.134588D+01 -0.519419D+03
  325.4803  0.146873D+01  0.145464D+01  0.909191D+03
  325.6324  0.158847D+01  0.160011D+01 -0.748269D+03
  325.7844  0.170364D+01  0.169025D+01  0.860917D+03
  325.9363  0.174527D+01  0.174169D+01  0.230095D+03
  326.0882  0.175810D+01  0.176562D+01 -0.480310D+03
  326.2400  0.173595D+01  0.173602D+01 -0.413892D+01
   21 324.109 327.149 325.629  1.677D-03  0.000D+00  1.001D+00  5.926D+02 10300  5.607D-03
  324.1086  0.129205D+01  0.129224D+01 -0.146277D+02
  324.2613  0.132843D+01  0.133132D+01 -0.204702D+03
  324.4139  0.134000D+01  0.133464D+01  0.367851D+03
  324.5665  0.136968D+01  0.136293D+01  0.451093D+03
  324.7190  0.133955D+01  0.134856D+01 -0.632733D+03
  324.8714  0.127459D+01  0.126564D+01  0.670699D+03
  325.0237  0.122500D+01  0.123839D+01 -0.103003D+04
  325.1760  0.128218D+01  0.128031D+01  0.139201D+03
  325.3282  0.133862D+01  0.134650D+01 -0.563140D+03
  325.4803  0.146873D+01  0.145492D+01  0.890775D+03
  325.6324  0.158847D+01  0.160082D+01 -0.794416D+03
  325.7844  0.170364D+01  0.169123D+01  0.797440D+03
  325.9363  0.174527D+01  0.174012D+01  0.331207D+03
  326.0882  0.175810D+01  0.176014D+01 -0.130315D+03
  326.2400  0.173595D+01  0.172450D+01  0.736052D+03
  326.3917  0.163574D+01  0.165422D+01 -0.118814D+04
  326.5433  0.160556D+01  0.159868D+01  0.442154D+03
  326.6949  0.164138D+01  0.165086D+01 -0.609664D+03
  326.8464  0.172956D+01  0.172839D+01  0.747475D+02
  326.9979  0.170695D+01  0.170557D+01  0.890342D+02
  327.1492  0.162496D+01  0.162254D+01  0.155654D+03
   21 325.024 328.056 326.540  1.248D-03  0.000D+00  1.008D+00  5.463D+02 10340  6.175D-03
  325.0237  0.122500D+01  0.122858D+01 -0.275493D+03
  325.1760  0.128218D+01  0.127560D+01  0.491287D+03
  325.3282  0.133862D+01  0.134540D+01 -0.485043D+03
  325.4803  0.146873D+01  0.145644D+01  0.793129D+03
  325.6324  0.158847D+01  0.160403D+01 -0.100027D+04
  325.7844  0.170364D+01  0.169461D+01  0.580404D+03
  325.9363  0.174527D+01  0.174291D+01  0.151254D+03
  326.0882  0.175810D+01  0.176170D+01 -0.230123D+03
  326.2400  0.173595D+01  0.172447D+01  0.737996D+03
  326.3917  0.163574D+01  0.165287D+01 -0.110110D+04
  326.5433  0.160556D+01  0.159689D+01  0.557077D+03
  326.6949  0.164138D+01  0.164908D+01 -0.495194D+03
  326.8464  0.172956D+01  0.172677D+01  0.179073D+03
  326.9979  0.170695D+01  0.170598D+01  0.628386D+02
  327.1492  0.162496D+01  0.162731D+01 -0.151013D+03
  327.3005  0.160862D+01  0.161119D+01 -0.165152D+03
  327.4518  0.166140D+01  0.165887D+01  0.162565D+03
  327.6030  0.167349D+01  0.167018D+01  0.213390D+03
  327.7540  0.163954D+01  0.162941D+01  0.650960D+03
  327.9051  0.157873D+01  0.159219D+01 -0.865766D+03
  328.0560  0.158410D+01  0.158150D+01  0.167560D+03
   21 325.936 328.960 327.448  3.336D-04  0.000D+00  1.003D+00  5.125D+02 10340  5.246D-03
  325.9363  0.174527D+01  0.174450D+01  0.494610D+02
  326.0882  0.175810D+01  0.176204D+01 -0.251642D+03
  326.2400  0.173595D+01  0.172370D+01  0.787770D+03
  326.3917  0.163574D+01  0.165157D+01 -0.101769D+04
  326.5433  0.160556D+01  0.159613D+01  0.606005D+03
  326.6949  0.164138D+01  0.164884D+01 -0.479971D+03
  326.8464  0.172956D+01  0.172585D+01  0.238431D+03
  326.9979  0.170695D+01  0.170483D+01  0.136665D+03
  327.1492  0.162496D+01  0.162708D+01 -0.136281D+03
  327.3005  0.160862D+01  0.161178D+01 -0.203024D+03
  327.4518  0.166140D+01  0.165923D+01  0.139210D+03
  327.6030  0.167349D+01  0.167021D+01  0.211422D+03
  327.7540  0.163954D+01  0.162934D+01  0.655577D+03
  327.9051  0.157873D+01  0.159191D+01 -0.847201D+03
  328.0560  0.158410D+01  0.158072D+01  0.217287D+03
  328.2069  0.156889D+01  0.158288D+01 -0.899093D+03
  328.3578  0.159695D+01  0.158186D+01  0.970211D+03
  328.5085  0.155465D+01  0.155723D+01 -0.165988D+03
  328.6592  0.146845D+01  0.147044D+01 -0.127929D+03
  328.8098  0.143656D+01  0.143524D+01  0.850685D+02
  328.9604  0.157425D+01  0.157453D+01 -0.177193D+02
   21 326.846 329.862 328.354 -3.126D-05  0.000D+00  1.003D+00  4.849D+02 10000  4.969D-03
  326.8464  0.172956D+01  0.173172D+01 -0.138894D+03
  326.9979  0.170695D+01  0.170682D+01  0.831255D+01
  327.1492  0.162496D+01  0.162667D+01 -0.110264D+03
  327.3005  0.160862D+01  0.161023D+01 -0.103413D+03
  327.4518  0.166140D+01  0.165705D+01  0.279665D+03
  327.6030  0.167349D+01  0.166789D+01  0.360338D+03
  327.7540  0.163954D+01  0.162756D+01  0.770430D+03
  327.9051  0.157873D+01  0.159108D+01 -0.794186D+03
  328.0560  0.158410D+01  0.158102D+01  0.198008D+03
  328.2069  0.156889D+01  0.158431D+01 -0.990819D+03
  328.3578  0.159695D+01  0.158432D+01  0.812571D+03
  328.5085  0.155465D+01  0.156032D+01 -0.364760D+03
  328.6592  0.146845D+01  0.147368D+01 -0.336466D+03
  328.8098  0.143656D+01  0.143872D+01 -0.138669D+03
  328.9604  0.157425D+01  0.157800D+01 -0.241233D+03
  329.1109  0.175341D+01  0.175545D+01 -0.130844D+03
  329.2613  0.186108D+01  0.184219D+01  0.111404D+04
  329.4117  0.189092D+01  0.189370D+01 -0.161486D+03
  329.5620  0.192179D+01  0.191886D+01  0.163165D+03
  329.7122  0.192157D+01  0.192010D+01  0.814809D+02
  329.8623  0.193153D+01  0.193830D+01 -0.374499D+03
   21 327.754 330.762 329.258 -4.475D-03  0.000D+00  1.011D+00  6.940D+02 10300  5.963D-03
  327.7540  0.163954D+01  0.162972D+01  0.631610D+03
  327.9051  0.157873D+01  0.159147D+01 -0.819446D+03
  328.0560  0.158410D+01  0.158037D+01  0.239850D+03
  328.2069  0.156889D+01  0.158257D+01 -0.879498D+03
  328.3578  0.159695D+01  0.158178D+01  0.975681D+03
  328.5085  0.155465D+01  0.155623D+01 -0.101307D+03
  328.6592  0.146845D+01  0.146819D+01  0.167439D+02
  328.8098  0.143656D+01  0.143746D+01 -0.576262D+02
  328.9604  0.157425D+01  0.158178D+01 -0.484330D+03
  329.1109  0.175341D+01  0.175801D+01 -0.295048D+03
  329.2613  0.186108D+01  0.184290D+01  0.107217D+04
  329.4117  0.189092D+01  0.189453D+01 -0.209680D+03
  329.5620  0.192179D+01  0.191892D+01  0.159943D+03
  329.7122  0.192157D+01  0.192034D+01  0.681027D+02
  329.8623  0.193153D+01  0.193949D+01 -0.439880D+03
  330.0124  0.200784D+01  0.199649D+01  0.625577D+03
  330.1624  0.197506D+01  0.199549D+01 -0.112577D+04
  330.3123  0.188177D+01  0.185599D+01  0.144979D+04
  330.4622  0.169635D+01  0.170898D+01 -0.810430D+03
  330.6121  0.156816D+01  0.157943D+01 -0.724556D+03
  330.7618  0.154434D+01  0.153265D+01  0.751596D+03
   21 328.659 331.659 330.159  1.693D-03  0.000D+00  1.012D+00  6.428D+02 10000  4.755D-03
  328.6592  0.146845D+01  0.146774D+01  0.456575D+02
  328.8098  0.143656D+01  0.143523D+01  0.860643D+02
  328.9604  0.157425D+01  0.157752D+01 -0.210052D+03
  329.1109  0.175341D+01  0.175879D+01 -0.345324D+03
  329.2613  0.186108D+01  0.184704D+01  0.828324D+03
  329.4117  0.189092D+01  0.189829D+01 -0.428370D+03
  329.5620  0.192179D+01  0.192233D+01 -0.302622D+02
  329.7122  0.192157D+01  0.192137D+01  0.112157D+02
  329.8623  0.193153D+01  0.193653D+01 -0.276481D+03
  330.0124  0.200784D+01  0.199011D+01  0.977283D+03
  330.1624  0.197506D+01  0.199274D+01 -0.974115D+03
  330.3123  0.188177D+01  0.185666D+01  0.141173D+04
  330.4622  0.169635D+01  0.170934D+01 -0.833697D+03
  330.6121  0.156816D+01  0.158148D+01 -0.856532D+03
  330.7618  0.154434D+01  0.153208D+01  0.788211D+03
  330.9115  0.162131D+01  0.163664D+01 -0.931315D+03
  331.0611  0.175296D+01  0.174093D+01  0.742280D+03
  331.2106  0.174903D+01  0.174303D+01  0.370818D+03
  331.3601  0.166690D+01  0.167017D+01 -0.209753D+03
  331.5096  0.160569D+01  0.160721D+01 -0.979970D+02
  331.6589  0.164690D+01  0.164748D+01 -0.372196D+02
   21 329.562 332.554 331.058  1.419D-03  0.000D+00  1.004D+00  6.973D+02 10340  5.114D-03
  329.5620  0.192179D+01  0.192701D+01 -0.291357D+03
  329.7122  0.192157D+01  0.192244D+01 -0.483040D+02
  329.8623  0.193153D+01  0.193533D+01 -0.210089D+03
  330.0124  0.200784D+01  0.198762D+01  0.111411D+04
  330.1624  0.197506D+01  0.198965D+01 -0.803753D+03
  330.3123  0.188177D+01  0.185395D+01  0.156423D+04
  330.4622  0.169635D+01  0.170765D+01 -0.725423D+03
  330.6121  0.156816D+01  0.158092D+01 -0.820368D+03
  330.7618  0.154434D+01  0.153288D+01  0.737166D+03
  330.9115  0.162131D+01  0.163877D+01 -0.106025D+04
  331.0611  0.175296D+01  0.174397D+01  0.554824D+03
  331.2106  0.174903D+01  0.174645D+01  0.159796D+03
  331.3601  0.166690D+01  0.167335D+01 -0.413488D+03
  331.5096  0.160569D+01  0.160969D+01 -0.257369D+03
  331.6589  0.164690D+01  0.164865D+01 -0.112229D+03
  331.8082  0.174473D+01  0.174334D+01  0.819187D+02
  331.9574  0.178534D+01  0.177533D+01  0.575819D+03
  332.1066  0.172839D+01  0.171774D+01  0.636582D+03
  332.2557  0.159008D+01  0.160368D+01 -0.874660D+03
  332.4047  0.155850D+01  0.154705D+01  0.735754D+03
  332.5536  0.163964D+01  0.164740D+01 -0.494124D+03
   21 330.462 333.446 331.954  5.772D-04  0.000D+00  1.005D+00  5.095D+02 10000  3.802D-03
  330.4622  0.169635D+01  0.169821D+01 -0.119297D+03
  330.6121  0.156816D+01  0.157362D+01 -0.350852D+03
  330.7618  0.154434D+01  0.152803D+01  0.104889D+04
  330.9115  0.162131D+01  0.163564D+01 -0.870109D+03
  331.0611  0.175296D+01  0.174162D+01  0.699757D+03
  331.2106  0.174903D+01  0.174493D+01  0.253317D+03
  331.3601  0.166690D+01  0.167286D+01 -0.382585D+03
  331.5096  0.160569D+01  0.161060D+01 -0.315392D+03
  331.6589  0.164690D+01  0.165094D+01 -0.259084D+03
  331.8082  0.174473D+01  0.174616D+01 -0.845790D+02
  331.9574  0.178534D+01  0.177786D+01  0.429855D+03
  332.1066  0.172839D+01  0.171958D+01  0.526459D+03
  332.2557  0.159008D+01  0.160473D+01 -0.941996D+03
  332.4047  0.155850D+01  0.154791D+01  0.680773D+03
  332.5536  0.163964D+01  0.164748D+01 -0.499084D+03
  332.7026  0.173506D+01  0.173348D+01  0.906259D+02
  332.8514  0.168385D+01  0.167822D+01  0.337482D+03
  333.0002  0.161193D+01  0.161119D+01  0.470729D+02
  333.1488  0.164312D+01  0.164952D+01 -0.399175D+03
  333.2975  0.171945D+01  0.171184D+01  0.439069D+03
  333.4460  0.166028D+01  0.166372D+01 -0.209623D+03
   21 331.360 334.336 332.848  1.738D-03  0.000D+00  1.006D+00  4.420D+02 10000  3.384D-03
  331.3601  0.166690D+01  0.166534D+01  0.997699D+02
  331.5096  0.160569D+01  0.160663D+01 -0.605245D+02
  331.6589  0.164690D+01  0.164881D+01 -0.122139D+03
  331.8082  0.174473D+01  0.174597D+01 -0.733712D+02
  331.9574  0.178534D+01  0.177952D+01  0.334675D+03
  332.1066  0.172839D+01  0.172220D+01  0.370106D+03
  332.2557  0.159008D+01  0.160725D+01 -0.110382D+04
  332.4047  0.155850D+01  0.154881D+01  0.622922D+03
  332.5536  0.163964D+01  0.164686D+01 -0.460091D+03
  332.7026  0.173506D+01  0.173303D+01  0.116448D+03
  332.8514  0.168385D+01  0.167783D+01  0.361028D+03
  333.0002  0.161193D+01  0.160974D+01  0.139644D+03
  333.1488  0.164312D+01  0.164708D+01 -0.247223D+03
  333.2975  0.171945D+01  0.171006D+01  0.541403D+03
  333.4460  0.166028D+01  0.166399D+01 -0.226112D+03
  333.5945  0.150835D+01  0.151348D+01 -0.329502D+03
  333.7430  0.144946D+01  0.144093D+01  0.548760D+03
  333.8914  0.152355D+01  0.153595D+01 -0.796670D+03
  334.0397  0.164033D+01  0.163244D+01  0.456209D+03
  334.1879  0.164944D+01  0.165509D+01 -0.333138D+03
  334.3361  0.170263D+01  0.169797D+01  0.263899D+03
   19 332.256 334.928 333.592 -9.031D-04  0.000D+00  1.005D+00  5.147D+02 10300  4.052D-03
  332.2557  0.159008D+01  0.159912D+01 -0.581263D+03
  332.4047  0.155850D+01  0.154494D+01  0.871893D+03
  332.5536  0.163964D+01  0.164687D+01 -0.460320D+03
  332.7026  0.173506D+01  0.173205D+01  0.172964D+03
  332.8514  0.168385D+01  0.167642D+01  0.445682D+03
  333.0002  0.161193D+01  0.161123D+01  0.448121D+02
  333.1488  0.164312D+01  0.165052D+01 -0.461545D+03
  333.2975  0.171945D+01  0.171147D+01  0.460515D+03
  333.4460  0.166028D+01  0.166295D+01 -0.162610D+03
  333.5945  0.150835D+01  0.151370D+01 -0.344019D+03
  333.7430  0.144946D+01  0.144481D+01  0.299244D+03
  333.8914  0.152355D+01  0.153863D+01 -0.968647D+03
  334.0397  0.164033D+01  0.163175D+01  0.496155D+03
  334.1879  0.164944D+01  0.165337D+01 -0.231878D+03
  334.3361  0.170263D+01  0.169579D+01  0.387254D+03
  334.4842  0.178408D+01  0.179109D+01 -0.386101D+03
  334.6323  0.185708D+01  0.183916D+01  0.987808D+03
  334.7803  0.176547D+01  0.176445D+01  0.535600D+02
  334.9282  0.159167D+01  0.160101D+01 -0.563961D+03
   13 333.149 334.928 334.039  4.017D-03  0.000D+00  1.006D+00  4.717D+02 10300  6.750D-03
  333.1488  0.164312D+01  0.164901D+01 -0.367469D+03
  333.2975  0.171945D+01  0.170773D+01  0.675763D+03
  333.4460  0.166028D+01  0.166198D+01 -0.103469D+03
  333.5945  0.150835D+01  0.151359D+01 -0.336691D+03
  333.7430  0.144946D+01  0.144025D+01  0.592201D+03
  333.8914  0.152355D+01  0.153364D+01 -0.648422D+03
  334.0397  0.164033D+01  0.163219D+01  0.470317D+03
  334.1879  0.164944D+01  0.165694D+01 -0.442460D+03
  334.3361  0.170263D+01  0.169854D+01  0.231543D+03
  334.4842  0.178408D+01  0.179391D+01 -0.541852D+03
  334.6323  0.185708D+01  0.184301D+01  0.775662D+03
  334.7803  0.176547D+01  0.176702D+01 -0.809620D+02
  334.9282  0.159167D+01  0.159470D+01 -0.182711D+03
