 solar_wavcal_vary
           0
 F F
nwav fwave lwave avgwav  shift    squeeze      sin       rms   exval
   21 263.776 271.306 267.541 -9.272D-02  0.000D+00  9.970D-01  2.133D+03 10300  3.033D-02
  263.7765  0.427971D+00  0.524039D+00 -0.287521D+04
  264.1461  0.554359D+00  0.560304D+00 -0.164418D+04
  264.5144  0.497304D+00  0.494608D+00  0.745501D+03
  264.8815  0.434433D+00  0.422374D+00  0.333526D+04
  265.2473  0.444759D+00  0.429646D+00  0.417962D+04
  265.6120  0.433793D+00  0.443443D+00 -0.266872D+04
  265.9755  0.396488D+00  0.410794D+00 -0.395643D+04
  266.3379  0.366338D+00  0.369728D+00 -0.937413D+03
  266.6992  0.355212D+00  0.353519D+00  0.468109D+03
  267.0594  0.350700D+00  0.355800D+00 -0.144273D+04
  267.7766  0.346446D+00  0.347739D+00 -0.382105D+03
  268.1337  0.344065D+00  0.336319D+00  0.233195D+04
  268.4899  0.345907D+00  0.336349D+00  0.284873D+04
  268.8450  0.332668D+00  0.329485D+00  0.103501D+04
  269.1992  0.330632D+00  0.326779D+00  0.979593D+03
  269.5526  0.327343D+00  0.334345D+00 -0.212133D+04
  269.9050  0.359499D+00  0.364267D+00 -0.131882D+04
  270.2566  0.391847D+00  0.393397D+00 -0.428662D+03
  270.6073  0.386309D+00  0.390160D+00 -0.106517D+04
  270.9572  0.370295D+00  0.373880D+00 -0.991507D+03
  271.3063  0.357536D+00  0.349268D+00  0.228669D+04
   21 265.975 273.385 269.680 -3.533D-03  0.000D+00  9.975D-01  1.403D+03 10300  1.415D-02
  265.9755  0.396488D+00  0.398347D+00 -0.514071D+03
  266.3379  0.366338D+00  0.364658D+00  0.464516D+03
  266.6992  0.355212D+00  0.348691D+00  0.180349D+04
  267.0594  0.350700D+00  0.352310D+00 -0.455447D+03
  267.7766  0.346446D+00  0.356392D+00 -0.293849D+04
  268.1337  0.344065D+00  0.341922D+00  0.645254D+03
  268.4899  0.345907D+00  0.341558D+00  0.129627D+04
  268.8450  0.332668D+00  0.335356D+00 -0.874252D+03
  269.1992  0.330632D+00  0.329330D+00  0.331014D+03
  269.5526  0.327343D+00  0.331824D+00 -0.135769D+04
  269.9050  0.359499D+00  0.353943D+00  0.153657D+04
  270.2566  0.391847D+00  0.385746D+00  0.168749D+04
  270.6073  0.386309D+00  0.388599D+00 -0.633368D+03
  270.9572  0.370295D+00  0.371964D+00 -0.461482D+03
  271.3063  0.357536D+00  0.351229D+00  0.174428D+04
  271.6546  0.310676D+00  0.308002D+00  0.979117D+03
  272.0022  0.254247D+00  0.261059D+00 -0.276068D+04
  272.3490  0.259839D+00  0.260839D+00 -0.400333D+03
  272.6951  0.297221D+00  0.301733D+00 -0.168677D+04
  273.0405  0.338673D+00  0.332709D+00  0.185041D+04
  273.3852  0.305070D+00  0.304206D+00  0.316573D+03
   21 268.490 275.440 271.965  6.554D-03  0.000D+00  1.011D+00  1.375D+03 10300  1.171D-02
  268.4899  0.345907D+00  0.342232D+00  0.109524D+04
  268.8450  0.332668D+00  0.336959D+00 -0.139549D+04
  269.1992  0.330632D+00  0.330850D+00 -0.554188D+02
  269.5526  0.327343D+00  0.332678D+00 -0.161625D+04
  269.9050  0.359499D+00  0.353883D+00  0.155307D+04
  270.2566  0.391847D+00  0.386403D+00  0.150561D+04
  270.6073  0.386309D+00  0.389223D+00 -0.806056D+03
  270.9572  0.370295D+00  0.371582D+00 -0.355793D+03
  271.3063  0.357536D+00  0.351297D+00  0.172567D+04
  271.6546  0.310676D+00  0.308465D+00  0.809606D+03
  272.0022  0.254247D+00  0.259854D+00 -0.227214D+04
  272.3490  0.259839D+00  0.258570D+00  0.508408D+03
  272.6951  0.297221D+00  0.300609D+00 -0.126656D+04
  273.0405  0.338673D+00  0.335702D+00  0.921984D+03
  273.3852  0.305070D+00  0.310443D+00 -0.196937D+04
  273.7292  0.249301D+00  0.249622D+00 -0.130244D+03
  274.0725  0.209052D+00  0.203682D+00  0.233561D+04
  274.4153  0.188526D+00  0.183692D+00  0.222827D+04
  274.7574  0.180521D+00  0.183879D+00 -0.154772D+04
  275.0990  0.206163D+00  0.205855D+00  0.133092D+03
  275.4399  0.235636D+00  0.236825D+00 -0.480453D+03
   21 270.607 277.474 274.041  1.644D-02  0.000D+00  9.947D-01  1.398D+03 10300  1.102D-02
  270.6073  0.386309D+00  0.385953D+00  0.983481D+02
  270.9572  0.370295D+00  0.370654D+00 -0.992770D+02
  271.3063  0.357536D+00  0.351906D+00  0.155729D+04
  271.6546  0.310676D+00  0.310379D+00  0.108537D+03
  272.0022  0.254247D+00  0.261136D+00 -0.279174D+04
  272.3490  0.259839D+00  0.258023D+00  0.727565D+03
  272.6951  0.297221D+00  0.299015D+00 -0.670414D+03
  273.0405  0.338673D+00  0.334603D+00  0.126299D+04
  273.3852  0.305070D+00  0.310695D+00 -0.206158D+04
  273.7292  0.249301D+00  0.249915D+00 -0.248689D+03
  274.0725  0.209052D+00  0.203326D+00  0.249064D+04
  274.4153  0.188526D+00  0.182813D+00  0.263341D+04
  274.7574  0.180521D+00  0.182730D+00 -0.101831D+04
  275.0990  0.206163D+00  0.204596D+00  0.676538D+03
  275.4399  0.235636D+00  0.236727D+00 -0.440671D+03
  275.7803  0.275823D+00  0.277205D+00 -0.513758D+03
  276.1201  0.327201D+00  0.324875D+00  0.787794D+03
  276.4594  0.346648D+00  0.350046D+00 -0.991199D+03
  276.7981  0.351983D+00  0.358465D+00 -0.179723D+04
  277.1364  0.359896D+00  0.361883D+00 -0.549475D+03
  277.4741  0.359052D+00  0.352114D+00  0.191882D+04
   21 272.695 279.491 276.093  2.344D-02  0.000D+00  9.810D-01  1.434D+03 10000  1.153D-02
  272.6951  0.297221D+00  0.296322D+00  0.336351D+03
  273.0405  0.338673D+00  0.336781D+00  0.587267D+03
  273.3852  0.305070D+00  0.313178D+00 -0.297164D+04
  273.7292  0.249301D+00  0.249998D+00 -0.282280D+03
  274.0725  0.209052D+00  0.202851D+00  0.269691D+04
  274.4153  0.188526D+00  0.182594D+00  0.273439D+04
  274.7574  0.180521D+00  0.182095D+00 -0.725672D+03
  275.0990  0.206163D+00  0.204435D+00  0.746107D+03
  275.4399  0.235636D+00  0.237156D+00 -0.614278D+03
  275.7803  0.275823D+00  0.276755D+00 -0.346517D+03
  276.1201  0.327201D+00  0.327231D+00 -0.103717D+02
  276.4594  0.346648D+00  0.351690D+00 -0.147072D+04
  276.7981  0.351983D+00  0.358706D+00 -0.186400D+04
  277.1364  0.359896D+00  0.361281D+00 -0.382964D+03
  277.4741  0.359052D+00  0.352692D+00  0.175894D+04
  277.8114  0.305078D+00  0.304396D+00  0.225548D+03
  278.1482  0.259544D+00  0.258011D+00  0.495556D+03
  278.4845  0.244745D+00  0.239018D+00  0.154081D+04
  278.8204  0.214115D+00  0.210725D+00  0.933326D+03
  279.1559  0.158804D+00  0.162315D+00 -0.103220D+04
  279.4909  0.118740D+00  0.125201D+00 -0.199796D+04
   21 274.757 281.493 278.125  2.684D-02  0.000D+00  9.921D-01  9.356D+02 10300  1.312D-02
  274.7574  0.180521D+00  0.182127D+00 -0.740286D+03
  275.0990  0.206163D+00  0.203381D+00  0.120115D+04
  275.4399  0.235636D+00  0.235647D+00 -0.445817D+01
  275.7803  0.275823D+00  0.275361D+00  0.171567D+03
  276.1201  0.327201D+00  0.325035D+00  0.733681D+03
  276.4594  0.346648D+00  0.350606D+00 -0.115459D+04
  276.7981  0.351983D+00  0.358526D+00 -0.181427D+04
  277.1364  0.359896D+00  0.361561D+00 -0.460327D+03
  277.4741  0.359052D+00  0.353779D+00  0.145845D+04
  277.8114  0.305078D+00  0.305451D+00 -0.123319D+03
  278.1482  0.259544D+00  0.257810D+00  0.560856D+03
  278.4845  0.244745D+00  0.239057D+00  0.153055D+04
  278.8204  0.214115D+00  0.210722D+00  0.934013D+03
  279.1559  0.158804D+00  0.160266D+00 -0.429734D+03
  279.4909  0.118740D+00  0.121746D+00 -0.929514D+03
  279.8256  0.104579D+00  0.107732D+00 -0.101106D+04
  280.1598  0.105102D+00  0.108663D+00 -0.115057D+04
  280.4936  0.124508D+00  0.128566D+00 -0.129652D+04
  280.8271  0.178900D+00  0.178003D+00  0.268654D+03
  281.1602  0.239715D+00  0.239008D+00  0.201850D+03
  281.4929  0.306188D+00  0.304858D+00  0.357659D+03
   21 276.798 283.482 280.140  2.362D-02  0.000D+00  1.019D+00  8.498D+02 10300  1.101D-02
  276.7981  0.351983D+00  0.354853D+00 -0.795738D+03
  277.1364  0.359896D+00  0.360030D+00 -0.370602D+02
  277.4741  0.359052D+00  0.356200D+00  0.788802D+03
  277.8114  0.305078D+00  0.305456D+00 -0.125008D+03
  278.1482  0.259544D+00  0.257255D+00  0.740305D+03
  278.4845  0.244745D+00  0.240991D+00  0.100998D+04
  278.8204  0.214115D+00  0.212558D+00  0.428540D+03
  279.1559  0.158804D+00  0.160638D+00 -0.539137D+03
  279.4909  0.118740D+00  0.122040D+00 -0.102045D+04
  279.8256  0.104579D+00  0.108251D+00 -0.117762D+04
  280.1598  0.105102D+00  0.109291D+00 -0.135377D+04
  280.4936  0.124508D+00  0.129653D+00 -0.164385D+04
  280.8271  0.178900D+00  0.178867D+00  0.100780D+02
  281.1602  0.239715D+00  0.239427D+00  0.823693D+02
  281.4929  0.306188D+00  0.304394D+00  0.482576D+03
  281.8252  0.363752D+00  0.365759D+00 -0.555052D+03
  282.1572  0.407754D+00  0.408483D+00 -0.201680D+03
  282.4889  0.431577D+00  0.430149D+00  0.394897D+03
  282.8203  0.453967D+00  0.449399D+00  0.126318D+04
  283.1513  0.477928D+00  0.475257D+00  0.738951D+03
  283.4820  0.460932D+00  0.466047D+00 -0.141474D+04
   21 278.820 285.460 282.140  6.242D-03  0.000D+00  9.971D-01  1.013D+03 10300  8.153D-03
  278.8204  0.214115D+00  0.213719D+00  0.108853D+03
  279.1559  0.158804D+00  0.157425D+00  0.405328D+03
  279.4909  0.118740D+00  0.119087D+00 -0.107137D+03
  279.8256  0.104579D+00  0.106459D+00 -0.602900D+03
  280.1598  0.105102D+00  0.107521D+00 -0.781551D+03
  280.4936  0.124508D+00  0.127880D+00 -0.107741D+04
  280.8271  0.178900D+00  0.178649D+00  0.752706D+02
  281.1602  0.239715D+00  0.238228D+00  0.424485D+03
  281.4929  0.306188D+00  0.303209D+00  0.801492D+03
  281.8252  0.363752D+00  0.364377D+00 -0.173000D+03
  282.1572  0.407754D+00  0.407070D+00  0.189244D+03
  282.4889  0.431577D+00  0.428606D+00  0.821749D+03
  282.8203  0.453967D+00  0.450260D+00  0.102519D+04
  283.1513  0.477928D+00  0.482290D+00 -0.120616D+04
  283.4820  0.460932D+00  0.472736D+00 -0.326458D+04
  283.8123  0.462039D+00  0.458018D+00  0.111224D+04
  284.1424  0.445266D+00  0.440491D+00  0.132063D+04
  284.4721  0.385136D+00  0.382398D+00  0.757365D+03
  284.8016  0.282013D+00  0.281123D+00  0.259835D+03
  285.1308  0.169704D+00  0.172248D+00 -0.837436D+03
  285.4597  0.170821D+00  0.172145D+00 -0.434601D+03
   21 280.827 287.427 284.127  8.029D-03  0.000D+00  9.911D-01  1.010D+03 10300  5.288D-03
  280.8271  0.178900D+00  0.179431D+00 -0.158791D+03
  281.1602  0.239715D+00  0.239220D+00  0.141291D+03
  281.4929  0.306188D+00  0.304268D+00  0.516645D+03
  281.8252  0.363752D+00  0.365470D+00 -0.475191D+03
  282.1572  0.407754D+00  0.408025D+00 -0.748968D+02
  282.4889  0.431577D+00  0.429276D+00  0.636375D+03
  282.8203  0.453967D+00  0.450406D+00  0.984798D+03
  283.1513  0.477928D+00  0.482082D+00 -0.114883D+04
  283.4820  0.460932D+00  0.472337D+00 -0.315427D+04
  283.8123  0.462039D+00  0.457177D+00  0.134460D+04
  284.1424  0.445266D+00  0.439603D+00  0.156627D+04
  284.4721  0.385136D+00  0.381717D+00  0.945731D+03
  284.8016  0.282013D+00  0.280928D+00  0.316548D+03
  285.1308  0.169704D+00  0.172137D+00 -0.801031D+03
  285.4597  0.170821D+00  0.171326D+00 -0.165700D+03
  285.7883  0.291760D+00  0.291192D+00  0.162741D+03
  286.1166  0.427759D+00  0.427138D+00  0.171618D+03
  286.4446  0.497569D+00  0.497865D+00 -0.820458D+02
  286.7723  0.505344D+00  0.510312D+00 -0.137384D+04
  287.0999  0.542786D+00  0.542007D+00  0.215231D+03
  287.4270  0.556871D+00  0.554879D+00  0.550923D+03
   21 282.820 289.384 286.102  5.480D-03  0.000D+00  9.902D-01  1.106D+03 10300  4.306D-03
  282.8203  0.453967D+00  0.448772D+00  0.143659D+04
  283.1513  0.477928D+00  0.482838D+00 -0.135774D+04
  283.4820  0.460932D+00  0.471042D+00 -0.279595D+04
  283.8123  0.462039D+00  0.456324D+00  0.158067D+04
  284.1424  0.445266D+00  0.440201D+00  0.140087D+04
  284.4721  0.385136D+00  0.382260D+00  0.795561D+03
  284.8016  0.282013D+00  0.280696D+00  0.384103D+03
  285.1308  0.169704D+00  0.167864D+00  0.605687D+03
  285.4597  0.170821D+00  0.167931D+00  0.948879D+03
  285.7883  0.291760D+00  0.292319D+00 -0.160476D+03
  286.1166  0.427759D+00  0.430895D+00 -0.867486D+03
  286.4446  0.497569D+00  0.500743D+00 -0.877957D+03
  286.7723  0.505344D+00  0.509419D+00 -0.112697D+04
  287.0999  0.542786D+00  0.542638D+00  0.407633D+02
  287.4270  0.556871D+00  0.556522D+00  0.966268D+02
  287.7540  0.486702D+00  0.483493D+00  0.887601D+03
  288.0806  0.374456D+00  0.377081D+00 -0.722862D+03
  288.4070  0.422793D+00  0.417962D+00  0.133598D+04
  288.7331  0.558452D+00  0.554882D+00  0.987511D+03
  289.0589  0.595916D+00  0.598088D+00 -0.600481D+03
  289.3845  0.642769D+00  0.644356D+00 -0.438852D+03
   21 284.802 291.332 288.067  5.994D-03  0.000D+00  9.869D-01  7.958D+02 10340  3.045D-03
  284.8016  0.282013D+00  0.279251D+00  0.805584D+03
  285.1308  0.169704D+00  0.168510D+00  0.393039D+03
  285.4597  0.170821D+00  0.168654D+00  0.711524D+03
  285.7883  0.291760D+00  0.292417D+00 -0.188438D+03
  286.1166  0.427759D+00  0.430911D+00 -0.871933D+03
  286.4446  0.497569D+00  0.500989D+00 -0.945884D+03
  286.7723  0.505344D+00  0.509752D+00 -0.121891D+04
  287.0999  0.542786D+00  0.542339D+00  0.123413D+03
  287.4270  0.556871D+00  0.555874D+00  0.275845D+03
  287.7540  0.486702D+00  0.482684D+00  0.111131D+04
  288.0806  0.374456D+00  0.375540D+00 -0.298619D+03
  288.4070  0.422793D+00  0.415855D+00  0.191867D+04
  288.7331  0.558452D+00  0.553943D+00  0.124726D+04
  289.0589  0.595916D+00  0.596712D+00 -0.219996D+03
  289.3845  0.642769D+00  0.643279D+00 -0.140937D+03
  289.7097  0.752776D+00  0.754055D+00 -0.352878D+03
  290.0347  0.866629D+00  0.867511D+00 -0.243952D+03
  290.3595  0.927581D+00  0.929015D+00 -0.367836D+03
  290.6839  0.916539D+00  0.919826D+00 -0.902507D+03
  291.0080  0.882203D+00  0.882587D+00 -0.106345D+03
  291.3319  0.896235D+00  0.892713D+00  0.974010D+03
   21 286.772 293.269 290.021  5.408D-03  0.000D+00  9.888D-01  1.240D+03 10300  6.095D-03
  286.7723  0.505344D+00  0.509097D+00 -0.103779D+04
  287.0999  0.542786D+00  0.542044D+00  0.205038D+03
  287.4270  0.556871D+00  0.556060D+00  0.224445D+03
  287.7540  0.486702D+00  0.482621D+00  0.112884D+04
  288.0806  0.374456D+00  0.374479D+00 -0.644195D+01
  288.4070  0.422793D+00  0.416121D+00  0.184527D+04
  288.7331  0.558452D+00  0.555748D+00  0.748037D+03
  289.0589  0.595916D+00  0.598589D+00 -0.739129D+03
  289.3845  0.642769D+00  0.645771D+00 -0.830310D+03
  289.7097  0.752776D+00  0.757032D+00 -0.117374D+04
  290.0347  0.866629D+00  0.870125D+00 -0.966689D+03
  290.3595  0.927581D+00  0.930226D+00 -0.678195D+03
  290.6839  0.916539D+00  0.918773D+00 -0.613408D+03
  291.0080  0.882203D+00  0.879276D+00  0.809512D+03
  291.3319  0.896235D+00  0.884106D+00  0.335431D+04
  291.6555  0.857373D+00  0.853784D+00  0.992572D+03
  291.9788  0.834807D+00  0.835570D+00 -0.210914D+03
  292.3017  0.800912D+00  0.805306D+00 -0.121544D+04
  292.6244  0.724705D+00  0.732018D+00 -0.202261D+04
  292.9467  0.759421D+00  0.762910D+00 -0.965008D+03
  293.2688  0.875303D+00  0.870120D+00  0.143351D+04
   21 288.733 295.194 291.964  8.010D-03  0.000D+00  9.888D-01  1.138D+03 10300  5.857D-03
  288.7331  0.558452D+00  0.553807D+00  0.128465D+04
  289.0589  0.595916D+00  0.596859D+00 -0.260756D+03
  289.3845  0.642769D+00  0.643691D+00 -0.254956D+03
  289.7097  0.752776D+00  0.755579D+00 -0.772969D+03
  290.0347  0.866629D+00  0.869610D+00 -0.824433D+03
  290.3595  0.927581D+00  0.930433D+00 -0.731478D+03
  290.6839  0.916539D+00  0.919325D+00 -0.764917D+03
  291.0080  0.882203D+00  0.878636D+00  0.986388D+03
  291.3319  0.896235D+00  0.884309D+00  0.329832D+04
  291.6555  0.857373D+00  0.853605D+00  0.104202D+04
  291.9788  0.834807D+00  0.835499D+00 -0.191260D+03
  292.3017  0.800912D+00  0.806535D+00 -0.155529D+04
  292.6244  0.724705D+00  0.732160D+00 -0.206185D+04
  292.9467  0.759421D+00  0.762774D+00 -0.927436D+03
  293.2688  0.875303D+00  0.874333D+00  0.268489D+03
  293.5905  0.830364D+00  0.827861D+00  0.691973D+03
  293.9119  0.729171D+00  0.727692D+00  0.408904D+03
  294.2329  0.771771D+00  0.769502D+00  0.627504D+03
  294.5536  0.798782D+00  0.798417D+00  0.101072D+03
  294.8740  0.731554D+00  0.735497D+00 -0.109041D+04
  295.1940  0.791484D+00  0.789893D+00  0.439814D+03
   21 290.684 297.106 293.895  7.012D-03  0.000D+00  9.848D-01  1.036D+03 10300  4.301D-03
  290.6839  0.916539D+00  0.922395D+00 -0.160782D+04
  291.0080  0.882203D+00  0.880817D+00  0.383271D+03
  291.3319  0.896235D+00  0.885820D+00  0.288050D+04
  291.6555  0.857373D+00  0.854371D+00  0.830154D+03
  291.9788  0.834807D+00  0.835917D+00 -0.306925D+03
  292.3017  0.800912D+00  0.806400D+00 -0.151779D+04
  292.6244  0.724705D+00  0.731859D+00 -0.197855D+04
  292.9467  0.759421D+00  0.762788D+00 -0.931063D+03
  293.2688  0.875303D+00  0.874041D+00  0.349060D+03
  293.5905  0.830364D+00  0.826979D+00  0.935976D+03
  293.9119  0.729171D+00  0.727211D+00  0.541910D+03
  294.2329  0.771771D+00  0.769357D+00  0.667662D+03
  294.5536  0.798782D+00  0.798032D+00  0.207585D+03
  294.8740  0.731554D+00  0.735267D+00 -0.102684D+04
  295.1940  0.791484D+00  0.790194D+00  0.356589D+03
  295.5136  0.839970D+00  0.838682D+00  0.356109D+03
  295.8328  0.864354D+00  0.865803D+00 -0.400876D+03
  296.1517  0.901298D+00  0.902715D+00 -0.391749D+03
  296.4701  0.805485D+00  0.803818D+00  0.460971D+03
  296.7882  0.638984D+00  0.638662D+00  0.889213D+02
  297.1058  0.644389D+00  0.644893D+00 -0.139401D+03
   21 292.624 299.002 295.813  1.076D-02  0.000D+00  9.813D-01  9.093D+02 10300  2.481D-03
  292.6244  0.724705D+00  0.724042D+00  0.183379D+03
  292.9467  0.759421D+00  0.758693D+00  0.201387D+03
  293.2688  0.875303D+00  0.872890D+00  0.667447D+03
  293.5905  0.830364D+00  0.831345D+00 -0.271465D+03
  293.9119  0.729171D+00  0.732495D+00 -0.919545D+03
  294.2329  0.771771D+00  0.772599D+00 -0.229029D+03
  294.5536  0.798782D+00  0.801148D+00 -0.654213D+03
  294.8740  0.731554D+00  0.738561D+00 -0.193765D+04
  295.1940  0.791484D+00  0.789173D+00  0.638973D+03
  295.5136  0.839970D+00  0.836924D+00  0.842291D+03
  295.8328  0.864354D+00  0.862078D+00  0.629428D+03
  296.1517  0.901298D+00  0.897231D+00  0.112496D+04
  296.4701  0.805485D+00  0.800869D+00  0.127662D+04
  296.7882  0.638984D+00  0.637780D+00  0.332841D+03
  297.1058  0.644389D+00  0.642998D+00  0.384553D+03
  297.4231  0.763402D+00  0.769998D+00 -0.182414D+04
  297.7398  0.927912D+00  0.933537D+00 -0.134046D+04
  298.0561  0.841439D+00  0.844451D+00 -0.833069D+03
  298.3719  0.623198D+00  0.622690D+00  0.132968D+03
  298.6873  0.620178D+00  0.616845D+00  0.921854D+03
  299.0022  0.795922D+00  0.793830D+00  0.578820D+03
   21 294.554 300.880 297.717  4.598D-03  0.000D+00  1.021D+00  3.997D+03 10300  1.104D-02
  294.5536  0.798782D+00  0.812903D+00 -0.390514D+04
  294.8740  0.731554D+00  0.735053D+00 -0.967507D+03
  295.1940  0.791484D+00  0.784189D+00  0.201731D+04
  295.5136  0.839970D+00  0.827375D+00  0.348320D+04
  295.8328  0.864354D+00  0.854009D+00  0.286106D+04
  296.1517  0.901298D+00  0.893266D+00  0.222158D+04
  296.4701  0.805485D+00  0.798568D+00  0.191292D+04
  296.7882  0.638984D+00  0.640278D+00 -0.357804D+03
  297.1058  0.644389D+00  0.653255D+00 -0.245218D+04
  297.4231  0.763402D+00  0.787753D+00 -0.673464D+04
  297.7398  0.927912D+00  0.952395D+00 -0.583444D+04
  298.0561  0.841439D+00  0.853185D+00 -0.324851D+04
  298.3719  0.623198D+00  0.627298D+00 -0.107214D+04
  298.6873  0.620178D+00  0.618348D+00  0.506012D+03
  299.0022  0.795922D+00  0.773156D+00  0.629643D+04
  299.3166  0.827171D+00  0.792338D+00  0.963359D+04
  299.6305  0.774458D+00  0.764410D+00  0.277886D+04
  299.9438  0.701873D+00  0.711735D+00 -0.272743D+04
  300.2566  0.586886D+00  0.606899D+00 -0.553493D+04
  300.5688  0.646444D+00  0.656808D+00 -0.286631D+04
  300.8804  0.693328D+00  0.687846D+00  0.151622D+04
   21 296.470 302.737 299.604  1.434D-02  0.000D+00  1.000D+00  6.458D+03 10300  1.703D-02
  296.4701  0.805485D+00  0.772297D+00  0.917866D+04
  296.7882  0.638984D+00  0.642776D+00 -0.104869D+04
  297.1058  0.644389D+00  0.657707D+00 -0.368333D+04
  297.4231  0.763402D+00  0.793662D+00 -0.836893D+04
  297.7398  0.927912D+00  0.954969D+00 -0.644790D+04
  298.0561  0.841439D+00  0.863817D+00 -0.618899D+04
  298.3719  0.623198D+00  0.636263D+00 -0.341671D+04
  298.6873  0.620178D+00  0.612187D+00  0.220986D+04
  299.0022  0.795922D+00  0.754407D+00  0.114817D+05
  299.3166  0.827171D+00  0.775368D+00  0.143268D+05
  299.6305  0.774458D+00  0.745000D+00  0.814683D+04
  299.9438  0.701873D+00  0.700145D+00  0.477877D+03
  300.2566  0.586886D+00  0.599728D+00 -0.355161D+04
  300.5688  0.646444D+00  0.662245D+00 -0.436988D+04
  300.8804  0.693328D+00  0.718342D+00 -0.691794D+04
  301.1915  0.764048D+00  0.783219D+00 -0.530217D+04
  301.5020  0.787118D+00  0.804477D+00 -0.480091D+04
  301.8118  0.673673D+00  0.679376D+00 -0.157723D+04
  302.1209  0.603351D+00  0.582246D+00  0.583709D+04
  302.4294  0.738803D+00  0.716538D+00  0.615770D+04
  302.7373  0.897742D+00  0.903819D+00 -0.129405D+04
   21 298.372 304.569 301.471 -1.500D-02  0.000D+00  9.605D-01  6.236D+03 10300  2.127D-02
  298.3719  0.623198D+00  0.661021D+00 -0.989121D+04
  298.6873  0.620178D+00  0.645892D+00 -0.711158D+04
  299.0022  0.795922D+00  0.771524D+00  0.674785D+04
  299.3166  0.827171D+00  0.775654D+00  0.142478D+05
  299.6305  0.774458D+00  0.746781D+00  0.765432D+04
  299.9438  0.701873D+00  0.687966D+00  0.384620D+04
  300.2566  0.586886D+00  0.606997D+00 -0.556195D+04
  300.5688  0.646444D+00  0.671710D+00 -0.698768D+04
  300.8804  0.693328D+00  0.728626D+00 -0.976220D+04
  301.1915  0.764048D+00  0.793763D+00 -0.821838D+04
  301.5020  0.787118D+00  0.798423D+00 -0.312641D+04
  301.8118  0.673673D+00  0.665463D+00  0.227061D+04
  302.1209  0.603351D+00  0.588564D+00  0.408971D+04
  302.4294  0.738803D+00  0.717829D+00  0.580058D+04
  302.7373  0.897742D+00  0.878407D+00  0.411716D+04
  303.0445  0.100542D+01  0.984879D+00  0.334381D+04
  303.3509  0.104468D+01  0.104289D+01  0.280440D+03
  303.6566  0.995426D+00  0.999972D+00 -0.741235D+03
  303.9615  0.920469D+00  0.918401D+00  0.398033D+03
  304.2657  0.945529D+00  0.953252D+00 -0.134023D+04
  304.5691  0.997847D+00  0.101546D+01 -0.279522D+04
   21 300.257 306.372 303.314 -2.690D-02  0.000D+00  1.009D+00  2.337D+03 10300  9.514D-03
  300.2566  0.586886D+00  0.570485D+00  0.453580D+04
  300.5688  0.646444D+00  0.646653D+00 -0.577844D+02
  300.8804  0.693328D+00  0.707950D+00 -0.404395D+04
  301.1915  0.764048D+00  0.780631D+00 -0.458650D+04
  301.5020  0.787118D+00  0.787612D+00 -0.136467D+03
  301.8118  0.673673D+00  0.659503D+00  0.391889D+04
  302.1209  0.603351D+00  0.597005D+00  0.175506D+04
  302.4294  0.738803D+00  0.732782D+00  0.166505D+04
  302.7373  0.897742D+00  0.895050D+00  0.573172D+03
  303.0445  0.100542D+01  0.100142D+01  0.651346D+03
  303.3509  0.104468D+01  0.105374D+01 -0.142799D+04
  303.6566  0.995426D+00  0.100243D+01 -0.114161D+04
  303.9615  0.920469D+00  0.920885D+00 -0.801559D+02
  304.2657  0.945529D+00  0.946292D+00 -0.132379D+03
  304.5691  0.997847D+00  0.989167D+00  0.137770D+04
  304.8717  0.101178D+01  0.997445D+00  0.221560D+04
  305.1734  0.104368D+01  0.105007D+01 -0.926010D+03
  305.4743  0.958761D+00  0.981569D+00 -0.354050D+04
  305.7743  0.811337D+00  0.820970D+00 -0.182063D+04
  306.0734  0.820592D+00  0.816289D+00  0.691993D+03
  306.3715  0.878770D+00  0.859135D+00  0.271507D+04
   21 312.962 316.097 314.530  8.239D-03  0.000D+00  9.972D-01  3.216D+02 10300  1.548D-03
  312.9624  0.111169D+01  0.111479D+01 -0.253138D+03
  313.1198  0.111344D+01  0.110899D+01  0.363056D+03
  313.2772  0.108552D+01  0.108374D+01  0.146793D+03
  313.4344  0.107199D+01  0.107114D+01  0.708153D+02
  313.5916  0.110365D+01  0.110783D+01 -0.341408D+03
  313.7488  0.119692D+01  0.119765D+01 -0.573528D+02
  313.9058  0.128538D+01  0.128992D+01 -0.355051D+03
  314.0628  0.131834D+01  0.131163D+01  0.524502D+03
  314.2197  0.121594D+01  0.121723D+01 -0.102527D+03
  314.3765  0.100558D+01  0.100777D+01 -0.186688D+03
  314.5333  0.860063D+00  0.855048D+00  0.473117D+03
  314.6899  0.902422D+00  0.911481D+00 -0.823359D+03
  314.8466  0.107319D+01  0.106867D+01  0.364787D+03
  315.0031  0.118721D+01  0.118523D+01  0.154665D+03
  315.1596  0.122556D+01  0.122161D+01  0.308553D+03
  315.3160  0.121458D+01  0.121444D+01  0.111240D+02
  315.4723  0.117562D+01  0.117593D+01 -0.244178D+02
  315.6285  0.106814D+01  0.107242D+01 -0.348397D+03
  315.7847  0.903582D+00  0.906169D+00 -0.233666D+03
  315.9408  0.774850D+00  0.774335D+00  0.503507D+02
  316.0968  0.766607D+00  0.764306D+00  0.224940D+03
   21 313.906 317.031 315.469  6.731D-03  0.000D+00  9.959D-01  3.438D+02 10340  1.579D-03
  313.9058  0.128538D+01  0.128965D+01 -0.334098D+03
  314.0628  0.131834D+01  0.131182D+01  0.510223D+03
  314.2197  0.121594D+01  0.121681D+01 -0.689070D+02
  314.3765  0.100558D+01  0.100667D+01 -0.930336D+02
  314.5333  0.860063D+00  0.855234D+00  0.455572D+03
  314.6899  0.902422D+00  0.913294D+00 -0.988132D+03
  314.8466  0.107319D+01  0.107039D+01  0.226087D+03
  315.0031  0.118721D+01  0.118579D+01  0.110663D+03
  315.1596  0.122556D+01  0.122114D+01  0.345046D+03
  315.3160  0.121458D+01  0.121365D+01  0.723703D+02
  315.4723  0.117562D+01  0.117505D+01  0.446113D+02
  315.6285  0.106814D+01  0.107154D+01 -0.277386D+03
  315.7847  0.903582D+00  0.906099D+00 -0.227310D+03
  315.9408  0.774850D+00  0.776537D+00 -0.164992D+03
  316.0968  0.766607D+00  0.769756D+00 -0.307885D+03
  316.2528  0.872213D+00  0.867600D+00  0.433667D+03
  316.4086  0.990777D+00  0.991333D+00 -0.474972D+02
  316.5645  0.107402D+01  0.106826D+01  0.470278D+03
  316.7202  0.111347D+01  0.111413D+01 -0.537298D+02
  316.8759  0.116664D+01  0.116967D+01 -0.240111D+03
  317.0314  0.127240D+01  0.127231D+01  0.703821D+01
   21 314.847 317.963 316.405  4.807D-03  0.000D+00  9.958D-01  2.426D+02 10340  2.002D-03
  314.8466  0.107319D+01  0.107553D+01 -0.188469D+03
  315.0031  0.118721D+01  0.118844D+01 -0.962081D+02
  315.1596  0.122556D+01  0.122162D+01  0.307822D+03
  315.3160  0.121458D+01  0.121310D+01  0.115768D+03
  315.4723  0.117562D+01  0.117373D+01  0.149178D+03
  315.6285  0.106814D+01  0.106938D+01 -0.101228D+03
  315.7847  0.903582D+00  0.903950D+00 -0.331704D+02
  315.9408  0.774850D+00  0.775939D+00 -0.106488D+03
  316.0968  0.766607D+00  0.771003D+00 -0.429866D+03
  316.2528  0.872213D+00  0.869928D+00  0.214833D+03
  316.4086  0.990777D+00  0.993447D+00 -0.227971D+03
  316.5645  0.107402D+01  0.106950D+01  0.369176D+03
  316.7202  0.111347D+01  0.111455D+01 -0.874562D+02
  316.8759  0.116664D+01  0.116902D+01 -0.188589D+03
  317.0314  0.127240D+01  0.126995D+01  0.191715D+03
  317.1870  0.139763D+01  0.139998D+01 -0.178802D+03
  317.3424  0.145874D+01  0.145835D+01  0.291741D+02
  317.4977  0.144409D+01  0.143892D+01  0.381925D+03
  317.6530  0.140145D+01  0.140021D+01  0.944543D+02
  317.8083  0.128130D+01  0.128832D+01 -0.548852D+03
  317.9634  0.108375D+01  0.108098D+01  0.222894D+03
   21 315.785 318.893 317.339  6.101D-03  0.000D+00  9.992D-01  2.639D+02 10300  1.788D-03
  315.7847  0.903582D+00  0.901328D+00  0.203604D+03
  315.9408  0.774850D+00  0.774979D+00 -0.126729D+02
  316.0968  0.766607D+00  0.770343D+00 -0.365328D+03
  316.2528  0.872213D+00  0.869655D+00  0.240452D+03
  316.4086  0.990777D+00  0.994104D+00 -0.284071D+03
  316.5645  0.107402D+01  0.107094D+01  0.251252D+03
  316.7202  0.111347D+01  0.111599D+01 -0.204021D+03
  316.8759  0.116664D+01  0.116988D+01 -0.256561D+03
  317.0314  0.127240D+01  0.126974D+01  0.208536D+03
  317.1870  0.139763D+01  0.139911D+01 -0.112532D+03
  317.3424  0.145874D+01  0.145735D+01  0.102283D+03
  317.4977  0.144409D+01  0.143742D+01  0.492519D+03
  317.6530  0.140145D+01  0.139837D+01  0.234750D+03
  317.8083  0.128130D+01  0.128737D+01 -0.475214D+03
  317.9634  0.108375D+01  0.108086D+01  0.232563D+03
  318.1185  0.920118D+00  0.924670D+00 -0.399750D+03
  318.2735  0.901096D+00  0.904732D+00 -0.322283D+03
  318.4285  0.978418D+00  0.975826D+00  0.219183D+03
  318.5833  0.107557D+01  0.107661D+01 -0.834178D+02
  318.7381  0.118078D+01  0.117923D+01  0.121255D+03
  318.8928  0.127544D+01  0.127500D+01  0.340595D+02
   21 316.720 319.820 318.270  3.008D-03  0.000D+00  1.000D+00  3.601D+02 10300  1.902D-03
  316.7202  0.111347D+01  0.111198D+01  0.119917D+03
  316.8759  0.116664D+01  0.116823D+01 -0.125587D+03
  317.0314  0.127240D+01  0.127088D+01  0.119315D+03
  317.1870  0.139763D+01  0.140139D+01 -0.285515D+03
  317.3424  0.145874D+01  0.145897D+01 -0.168872D+02
  317.4977  0.144409D+01  0.143917D+01  0.363773D+03
  317.6530  0.140145D+01  0.140000D+01  0.110597D+03
  317.8083  0.128130D+01  0.128652D+01 -0.408256D+03
  317.9634  0.108375D+01  0.107864D+01  0.411561D+03
  318.1185  0.920118D+00  0.924123D+00 -0.351709D+03
  318.2735  0.901096D+00  0.905821D+00 -0.418870D+03
  318.4285  0.978418D+00  0.976852D+00  0.132402D+03
  318.5833  0.107557D+01  0.107606D+01 -0.395621D+02
  318.7381  0.118078D+01  0.117626D+01  0.354210D+03
  318.8928  0.127544D+01  0.126825D+01  0.553981D+03
  319.0475  0.126709D+01  0.127219D+01 -0.398158D+03
  319.2020  0.113306D+01  0.113100D+01  0.161080D+03
  319.3565  0.100975D+01  0.100784D+01  0.153917D+03
  319.5110  0.102193D+01  0.103474D+01 -0.102314D+04
  319.6653  0.113621D+01  0.113444D+01  0.138740D+03
  319.8196  0.124952D+01  0.124556D+01  0.302176D+03
   21 317.653 320.744 319.198  2.818D-03  0.000D+00  9.979D-01  3.681D+02 10300  2.133D-03
  317.6530  0.140145D+01  0.139998D+01  0.112299D+03
  317.8083  0.128130D+01  0.128549D+01 -0.328009D+03
  317.9634  0.108375D+01  0.107753D+01  0.501407D+03
  318.1185  0.920118D+00  0.923301D+00 -0.279490D+03
  318.2735  0.901096D+00  0.905233D+00 -0.366679D+03
  318.4285  0.978418D+00  0.976508D+00  0.161532D+03
  318.5833  0.107557D+01  0.107606D+01 -0.391349D+02
  318.7381  0.118078D+01  0.117669D+01  0.320676D+03
  318.8928  0.127544D+01  0.126910D+01  0.488086D+03
  319.0475  0.126709D+01  0.127321D+01 -0.477077D+03
  319.2020  0.113306D+01  0.113182D+01  0.972781D+02
  319.3565  0.100975D+01  0.100850D+01  0.100417D+03
  319.5110  0.102193D+01  0.103519D+01 -0.105901D+04
  319.6653  0.113621D+01  0.113411D+01  0.163920D+03
  319.8196  0.124952D+01  0.124378D+01  0.438781D+03
  319.9738  0.132209D+01  0.132240D+01 -0.225490D+02
  320.1280  0.134888D+01  0.134309D+01  0.417665D+03
  320.2821  0.137405D+01  0.137630D+01 -0.159773D+03
  320.4360  0.143525D+01  0.143970D+01 -0.306915D+03
  320.5900  0.148116D+01  0.147978D+01  0.940707D+02
  320.7439  0.144874D+01  0.144837D+01  0.248597D+02
   21 318.583 321.666 320.124  1.685D-03  0.000D+00  9.943D-01  3.342D+02 10300  1.897D-03
  318.5833  0.107557D+01  0.107778D+01 -0.177282D+03
  318.7381  0.118078D+01  0.117824D+01  0.199177D+03
  318.8928  0.127544D+01  0.127021D+01  0.402877D+03
  319.0475  0.126709D+01  0.127298D+01 -0.459153D+03
  319.2020  0.113306D+01  0.113063D+01  0.190522D+03
  319.3565  0.100975D+01  0.100802D+01  0.139125D+03
  319.5110  0.102193D+01  0.103550D+01 -0.108386D+04
  319.6653  0.113621D+01  0.113444D+01  0.138140D+03
  319.8196  0.124952D+01  0.124393D+01  0.426907D+03
  319.9738  0.132209D+01  0.132198D+01  0.776387D+01
  320.1280  0.134888D+01  0.134243D+01  0.465679D+03
  320.2821  0.137405D+01  0.137596D+01 -0.135461D+03
  320.4360  0.143525D+01  0.143949D+01 -0.292898D+03
  320.5900  0.148116D+01  0.147938D+01  0.121060D+03
  320.7439  0.144874D+01  0.144763D+01  0.754656D+02
  320.8976  0.132392D+01  0.132429D+01 -0.254377D+02
  321.0514  0.115361D+01  0.115243D+01  0.901251D+02
  321.2050  0.101696D+01  0.101933D+01 -0.186659D+03
  321.3586  0.967524D+00  0.969531D+00 -0.160161D+03
  321.5121  0.100442D+01  0.100563D+01 -0.950222D+02
  321.6656  0.110479D+01  0.110193D+01  0.221727D+03
   21 319.511 322.585 321.048  2.808D-05  0.000D+00  9.877D-01  3.277D+02 10300  2.389D-03
  319.5110  0.102193D+01  0.103077D+01 -0.706195D+03
  319.6653  0.113621D+01  0.113186D+01  0.340076D+03
  319.8196  0.124952D+01  0.124296D+01  0.500684D+03
  319.9738  0.132209D+01  0.132174D+01  0.254865D+02
  320.1280  0.134888D+01  0.134291D+01  0.431178D+03
  320.2821  0.137405D+01  0.137752D+01 -0.246523D+03
  320.4360  0.143525D+01  0.144151D+01 -0.431877D+03
  320.5900  0.148116D+01  0.148096D+01  0.137927D+02
  320.7439  0.144874D+01  0.144818D+01  0.381406D+02
  320.8976  0.132392D+01  0.132374D+01  0.123662D+02
  321.0514  0.115361D+01  0.115168D+01  0.147925D+03
  321.2050  0.101696D+01  0.101932D+01 -0.186092D+03
  321.3586  0.967524D+00  0.970696D+00 -0.253148D+03
  321.5121  0.100442D+01  0.100822D+01 -0.298402D+03
  321.6656  0.110479D+01  0.110604D+01 -0.976252D+02
  321.8189  0.123060D+01  0.122488D+01  0.424699D+03
  321.9722  0.132201D+01  0.132097D+01  0.730299D+02
  322.1255  0.132013D+01  0.132189D+01 -0.122902D+03
  322.2786  0.125254D+01  0.124389D+01  0.628025D+03
  322.4317  0.118123D+01  0.118247D+01 -0.934379D+02
  322.5847  0.111821D+01  0.112284D+01 -0.362319D+03
   21 320.436 323.501 321.969  3.554D-04  0.000D+00  9.788D-01  2.446D+02 10300  1.532D-03
  320.4360  0.143525D+01  0.143826D+01 -0.207468D+03
  320.5900  0.148116D+01  0.147851D+01  0.180004D+03
  320.7439  0.144874D+01  0.144668D+01  0.140366D+03
  320.8976  0.132392D+01  0.132310D+01  0.561508D+02
  321.0514  0.115361D+01  0.115151D+01  0.160224D+03
  321.2050  0.101696D+01  0.101935D+01 -0.187937D+03
  321.3586  0.967524D+00  0.970792D+00 -0.260862D+03
  321.5121  0.100442D+01  0.100839D+01 -0.311730D+03
  321.6656  0.110479D+01  0.110635D+01 -0.121404D+03
  321.8189  0.123060D+01  0.122532D+01  0.392141D+03
  321.9722  0.132201D+01  0.132151D+01  0.350910D+02
  322.1255  0.132013D+01  0.132249D+01 -0.165551D+03
  322.2786  0.125254D+01  0.124447D+01  0.585959D+03
  322.4317  0.118123D+01  0.118259D+01 -0.103027D+03
  322.5847  0.111821D+01  0.112250D+01 -0.335677D+03
  322.7377  0.103075D+01  0.103032D+01  0.332186D+02
  322.8905  0.957530D+00  0.961452D+00 -0.309351D+03
  323.0433  0.982567D+00  0.977629D+00  0.387989D+03
  323.1961  0.106533D+01  0.106550D+01 -0.131859D+02
  323.3488  0.110984D+01  0.111147D+01 -0.127041D+03
  323.5013  0.108566D+01  0.108484D+01  0.641613D+02
   21 321.359 324.415 322.887 -3.328D-03  0.000D+00  9.788D-01  2.576D+02 10000  2.372D-03
  321.3586  0.967524D+00  0.967078D+00  0.356167D+02
  321.5121  0.100442D+01  0.100709D+01 -0.209330D+03
  321.6656  0.110479D+01  0.110655D+01 -0.136541D+03
  321.8189  0.123060D+01  0.122638D+01  0.313510D+03
  321.9722  0.132201D+01  0.132203D+01 -0.114960D+01
  322.1255  0.132013D+01  0.132140D+01 -0.887378D+02
  322.2786  0.125254D+01  0.124385D+01  0.630791D+03
  322.4317  0.118123D+01  0.118336D+01 -0.161197D+03
  322.5847  0.111821D+01  0.112277D+01 -0.356897D+03
  322.7377  0.103075D+01  0.103037D+01  0.292275D+02
  322.8905  0.957530D+00  0.962700D+00 -0.407775D+03
  323.0433  0.982567D+00  0.980669D+00  0.149144D+03
  323.1961  0.106533D+01  0.106787D+01 -0.198663D+03
  323.3488  0.110984D+01  0.111002D+01 -0.139047D+02
  323.5013  0.108566D+01  0.108035D+01  0.415465D+03
  323.6539  0.107198D+01  0.107323D+01 -0.978137D+02
  323.8063  0.112192D+01  0.112399D+01 -0.161946D+03
  323.9587  0.120330D+01  0.119842D+01  0.370593D+03
  324.1110  0.127234D+01  0.127128D+01  0.769449D+02
  324.2633  0.130851D+01  0.131274D+01 -0.299998D+03
  324.4155  0.132917D+01  0.132865D+01  0.370112D+02
   21 322.279 325.327 323.803 -6.866D-03  0.000D+00  9.820D-01  2.965D+02 10300  3.421D-03
  322.2786  0.125254D+01  0.124617D+01  0.462037D+03
  322.4317  0.118123D+01  0.118481D+01 -0.270707D+03
  322.5847  0.111821D+01  0.112228D+01 -0.318904D+03
  322.7377  0.103075D+01  0.102879D+01  0.152756D+03
  322.8905  0.957530D+00  0.961997D+00 -0.352294D+03
  323.0433  0.982567D+00  0.981882D+00  0.538082D+02
  323.1961  0.106533D+01  0.106915D+01 -0.298368D+03
  323.3488  0.110984D+01  0.110900D+01  0.661188D+02
  323.5013  0.108566D+01  0.107855D+01  0.555947D+03
  323.6539  0.107198D+01  0.107267D+01 -0.545283D+02
  323.8063  0.112192D+01  0.112419D+01 -0.177715D+03
  323.9587  0.120330D+01  0.119845D+01  0.368026D+03
  324.1110  0.127234D+01  0.127044D+01  0.137779D+03
  324.2633  0.130851D+01  0.131027D+01 -0.125121D+03
  324.4155  0.132917D+01  0.132530D+01  0.274307D+03
  324.5676  0.134063D+01  0.134559D+01 -0.329024D+03
  324.7196  0.132051D+01  0.132409D+01 -0.253863D+03
  324.8716  0.126063D+01  0.125780D+01  0.208180D+03
  325.0235  0.122971D+01  0.123395D+01 -0.314139D+03
  325.1753  0.126453D+01  0.126870D+01 -0.302002D+03
  325.3271  0.134023D+01  0.133348D+01  0.468496D+03
   21 323.196 326.236 324.716 -7.120D-03  0.000D+00  9.837D-01  2.885D+02 10300  3.238D-03
  323.1961  0.106533D+01  0.106867D+01 -0.260769D+03
  323.3488  0.110984D+01  0.110959D+01  0.197151D+02
  323.5013  0.108566D+01  0.107968D+01  0.467542D+03
  323.6539  0.107198D+01  0.107403D+01 -0.160219D+03
  323.8063  0.112192D+01  0.112549D+01 -0.278731D+03
  323.9587  0.120330D+01  0.119936D+01  0.298991D+03
  324.1110  0.127234D+01  0.127073D+01  0.116489D+03
  324.2633  0.130851D+01  0.130983D+01 -0.937108D+02
  324.4155  0.132917D+01  0.132431D+01  0.344273D+03
  324.5676  0.134063D+01  0.134431D+01 -0.244130D+03
  324.7196  0.132051D+01  0.132287D+01 -0.167752D+03
  324.8716  0.126063D+01  0.125733D+01  0.243144D+03
  325.0235  0.122971D+01  0.123491D+01 -0.384705D+03
  325.1753  0.126453D+01  0.127190D+01 -0.534715D+03
  325.3271  0.134023D+01  0.134013D+01  0.626459D+01
  325.4788  0.145290D+01  0.144831D+01  0.307420D+03
  325.6304  0.157701D+01  0.157937D+01 -0.154214D+03
  325.7820  0.167708D+01  0.166896D+01  0.526937D+03
  325.9334  0.172303D+01  0.171921D+01  0.242979D+03
  326.0848  0.173520D+01  0.173704D+01 -0.115695D+03
  326.2362  0.170337D+01  0.170778D+01 -0.280218D+03
   21 324.111 327.143 325.627 -3.231D-03  0.000D+00  9.906D-01  3.134D+02 10300  3.322D-03
  324.1110  0.127234D+01  0.127175D+01  0.424310D+02
  324.2633  0.130851D+01  0.130977D+01 -0.892690D+02
  324.4155  0.132917D+01  0.132312D+01  0.427902D+03
  324.5676  0.134063D+01  0.134281D+01 -0.144302D+03
  324.7196  0.132051D+01  0.132330D+01 -0.197943D+03
  324.8716  0.126063D+01  0.125849D+01  0.157426D+03
  325.0235  0.122971D+01  0.123510D+01 -0.398592D+03
  325.1753  0.126453D+01  0.127191D+01 -0.535018D+03
  325.3271  0.134023D+01  0.134018D+01  0.313592D+01
  325.4788  0.145290D+01  0.144781D+01  0.340882D+03
  325.6304  0.157701D+01  0.157929D+01 -0.148649D+03
  325.7820  0.167708D+01  0.166928D+01  0.506365D+03
  325.9334  0.172303D+01  0.171789D+01  0.326731D+03
  326.0848  0.173520D+01  0.173301D+01  0.136947D+03
  326.2362  0.170337D+01  0.169948D+01  0.247506D+03
  326.3875  0.162645D+01  0.163421D+01 -0.504877D+03
  326.5387  0.159113D+01  0.159026D+01  0.565219D+02
  326.6899  0.162674D+01  0.163213D+01 -0.351297D+03
  326.8409  0.168874D+01  0.169473D+01 -0.381411D+03
  326.9919  0.167622D+01  0.167722D+01 -0.633230D+02
  327.1429  0.161643D+01  0.160909D+01  0.477397D+03
   21 325.023 328.047 326.535 -1.143D-03  0.000D+00  9.946D-01  2.349D+02 10340  2.983D-03
  325.0235  0.122971D+01  0.122876D+01  0.696095D+02
  325.1753  0.126453D+01  0.126906D+01 -0.328589D+03
  325.3271  0.134023D+01  0.133974D+01  0.338152D+02
  325.4788  0.145290D+01  0.144864D+01  0.285245D+03
  325.6304  0.157701D+01  0.158148D+01 -0.291869D+03
  325.7820  0.167708D+01  0.167225D+01  0.313766D+03
  325.9334  0.172303D+01  0.172041D+01  0.166725D+03
  326.0848  0.173520D+01  0.173485D+01  0.217915D+02
  326.2362  0.170337D+01  0.170037D+01  0.190433D+03
  326.3875  0.162645D+01  0.163400D+01 -0.491407D+03
  326.5387  0.159113D+01  0.158855D+01  0.168397D+03
  326.6899  0.162674D+01  0.162904D+01 -0.149508D+03
  326.8409  0.168874D+01  0.169244D+01 -0.235402D+03
  326.9919  0.167622D+01  0.167836D+01 -0.135767D+03
  327.1429  0.161643D+01  0.161454D+01  0.122980D+03
  327.2938  0.159660D+01  0.159745D+01 -0.555462D+02
  327.4446  0.163275D+01  0.163349D+01 -0.478792D+02
  327.5953  0.165263D+01  0.164580D+01  0.438754D+03
  327.7460  0.161804D+01  0.161438D+01  0.237634D+03
  327.8966  0.158006D+01  0.158117D+01 -0.686585D+02
  328.0472  0.156618D+01  0.157039D+01 -0.273622D+03
   21 325.933 328.949 327.441 -1.828D-03  0.000D+00  9.914D-01  2.057D+02 10300  2.533D-03
  325.9334  0.172303D+01  0.172386D+01 -0.526960D+02
  326.0848  0.173520D+01  0.173550D+01 -0.187338D+02
  326.2362  0.170337D+01  0.169899D+01  0.278266D+03
  326.3875  0.162645D+01  0.163171D+01 -0.342347D+03
  326.5387  0.159113D+01  0.158659D+01  0.296266D+03
  326.6899  0.162674D+01  0.162756D+01 -0.528355D+02
  326.8409  0.168874D+01  0.169085D+01 -0.134551D+03
  326.9919  0.167622D+01  0.167730D+01 -0.686665D+02
  327.1429  0.161643D+01  0.161487D+01  0.101568D+03
  327.2938  0.159660D+01  0.159884D+01 -0.145680D+03
  327.4446  0.163275D+01  0.163502D+01 -0.147422D+03
  327.5953  0.165263D+01  0.164715D+01  0.351533D+03
  327.7460  0.161804D+01  0.161528D+01  0.178947D+03
  327.8966  0.158006D+01  0.158101D+01 -0.590143D+02
  328.0472  0.156618D+01  0.156840D+01 -0.144600D+03
  328.1976  0.156505D+01  0.156892D+01 -0.252253D+03
  328.3480  0.157248D+01  0.156664D+01  0.380265D+03
  328.4983  0.153682D+01  0.153900D+01 -0.142292D+03
  328.6486  0.146390D+01  0.146737D+01 -0.226289D+03
  328.7988  0.144413D+01  0.144031D+01  0.248854D+03
  328.9489  0.155080D+01  0.155156D+01 -0.485388D+02
   21 326.841 329.848 328.345 -2.107D-03  0.000D+00  9.939D-01  2.364D+02 10300  2.859D-03
  326.8409  0.168874D+01  0.169077D+01 -0.129102D+03
  326.9919  0.167622D+01  0.167663D+01 -0.257679D+02
  327.1429  0.161643D+01  0.161399D+01  0.158900D+03
  327.2938  0.159660D+01  0.159803D+01 -0.928713D+02
  327.4446  0.163275D+01  0.163428D+01 -0.996903D+02
  327.5953  0.165263D+01  0.164651D+01  0.393079D+03
  327.7460  0.161804D+01  0.161487D+01  0.205519D+03
  327.8966  0.158006D+01  0.158098D+01 -0.567337D+02
  328.0472  0.156618D+01  0.156878D+01 -0.169349D+03
  328.1976  0.156505D+01  0.156971D+01 -0.303681D+03
  328.3480  0.157248D+01  0.156781D+01  0.303954D+03
  328.4983  0.153682D+01  0.154045D+01 -0.236490D+03
  328.6486  0.146390D+01  0.146903D+01 -0.334010D+03
  328.7988  0.144413D+01  0.144240D+01  0.112765D+03
  328.9489  0.155080D+01  0.155422D+01 -0.216754D+03
  329.0990  0.171247D+01  0.171410D+01 -0.979660D+02
  329.2490  0.182204D+01  0.181085D+01  0.651418D+03
  329.3989  0.186422D+01  0.186279D+01  0.822868D+02
  329.5487  0.188952D+01  0.188888D+01  0.370250D+02
  329.6985  0.189340D+01  0.189486D+01 -0.841718D+02
  329.8483  0.191045D+01  0.191309D+01 -0.151243D+03
   21 327.746 330.745 329.246 -6.117D-03  0.000D+00  9.983D-01  3.107D+02 10300  3.151D-03
  327.7460  0.161804D+01  0.161582D+01  0.143851D+03
  327.8966  0.158006D+01  0.158098D+01 -0.570667D+02
  328.0472  0.156618D+01  0.156835D+01 -0.141378D+03
  328.1976  0.156505D+01  0.156876D+01 -0.241607D+03
  328.3480  0.157248D+01  0.156625D+01  0.405485D+03
  328.4983  0.153682D+01  0.153767D+01 -0.555862D+02
  328.6486  0.146390D+01  0.146548D+01 -0.102873D+03
  328.7988  0.144413D+01  0.144179D+01  0.152231D+03
  328.9489  0.155080D+01  0.155729D+01 -0.410711D+03
  329.0990  0.171247D+01  0.171672D+01 -0.255178D+03
  329.2490  0.182204D+01  0.181176D+01  0.598540D+03
  329.3989  0.186422D+01  0.186313D+01  0.626636D+02
  329.5487  0.188952D+01  0.188849D+01  0.595526D+02
  329.6985  0.189340D+01  0.189426D+01 -0.496532D+02
  329.8483  0.191045D+01  0.191292D+01 -0.141399D+03
  329.9979  0.195950D+01  0.195627D+01  0.182331D+03
  330.1475  0.194708D+01  0.195323D+01 -0.347487D+03
  330.2970  0.185183D+01  0.184229D+01  0.547346D+03
  330.4465  0.169458D+01  0.170016D+01 -0.330143D+03
  330.5959  0.157038D+01  0.157941D+01 -0.556389D+03
  330.7452  0.154130D+01  0.153355D+01  0.478534D+03
   21 328.649 331.640 330.144 -2.709D-03  0.000D+00  9.983D-01  2.895D+02 10000  2.541D-03
  328.6486  0.146390D+01  0.146387D+01  0.207611D+01
  328.7988  0.144413D+01  0.144041D+01  0.242448D+03
  328.9489  0.155080D+01  0.155544D+01 -0.294022D+03
  329.0990  0.171247D+01  0.171709D+01 -0.277439D+03
  329.2490  0.182204D+01  0.181408D+01  0.463578D+03
  329.3989  0.186422D+01  0.186565D+01 -0.828199D+02
  329.5487  0.188952D+01  0.189065D+01 -0.646262D+02
  329.6985  0.189340D+01  0.189517D+01 -0.101977D+03
  329.8483  0.191045D+01  0.191171D+01 -0.722857D+02
  329.9979  0.195950D+01  0.195339D+01  0.344704D+03
  330.1475  0.194708D+01  0.195140D+01 -0.243950D+03
  330.2970  0.185183D+01  0.184205D+01  0.561593D+03
  330.4465  0.169458D+01  0.170013D+01 -0.328565D+03
  330.5959  0.157038D+01  0.157974D+01 -0.577005D+03
  330.7452  0.154130D+01  0.153309D+01  0.506797D+03
  330.8945  0.160596D+01  0.160905D+01 -0.186335D+03
  331.0436  0.170602D+01  0.170462D+01  0.817632D+02
  331.1928  0.172113D+01  0.171899D+01  0.124403D+03
  331.3418  0.165830D+01  0.166157D+01 -0.194070D+03
  331.4908  0.160830D+01  0.160666D+01  0.986818D+02
  331.6398  0.163115D+01  0.163143D+01 -0.163342D+02
   21 329.549 332.532 331.040 -1.636D-03  0.000D+00  9.929D-01  3.143D+02 10300  2.827D-03
  329.5487  0.188952D+01  0.189247D+01 -0.169456D+03
  329.6985  0.189340D+01  0.189517D+01 -0.101739D+03
  329.8483  0.191045D+01  0.191030D+01  0.830268D+01
  329.9979  0.195950D+01  0.195126D+01  0.465511D+03
  330.1475  0.194708D+01  0.194980D+01 -0.153627D+03
  330.2970  0.185183D+01  0.184140D+01  0.598911D+03
  330.4465  0.169458D+01  0.170002D+01 -0.321735D+03
  330.5959  0.157038D+01  0.158005D+01 -0.596070D+03
  330.7452  0.154130D+01  0.153322D+01  0.498540D+03
  330.8945  0.160596D+01  0.160923D+01 -0.196788D+03
  331.0436  0.170602D+01  0.170586D+01  0.950919D+01
  331.1928  0.172113D+01  0.172138D+01 -0.146877D+02
  331.3418  0.165830D+01  0.166440D+01 -0.362358D+03
  331.4908  0.160830D+01  0.160895D+01 -0.390670D+02
  331.6398  0.163115D+01  0.163257D+01 -0.842436D+02
  331.7886  0.171014D+01  0.171129D+01 -0.669250D+02
  331.9374  0.175711D+01  0.174940D+01  0.445009D+03
  332.0861  0.171051D+01  0.170622D+01  0.248565D+03
  332.2348  0.160850D+01  0.161046D+01 -0.116427D+03
  332.3834  0.156203D+01  0.155678D+01  0.314902D+03
  332.5319  0.161619D+01  0.162325D+01 -0.416107D+03
   21 330.446 333.422 331.934 -2.029D-03  0.000D+00  9.960D-01  2.613D+02 10340  2.526D-03
  330.4465  0.169458D+01  0.169586D+01 -0.755195D+02
  330.5959  0.157038D+01  0.157608D+01 -0.351268D+03
  330.7452  0.154130D+01  0.152996D+01  0.699832D+03
  330.8945  0.160596D+01  0.160673D+01 -0.461277D+02
  331.0436  0.170602D+01  0.170403D+01  0.116375D+03
  331.1928  0.172113D+01  0.172041D+01  0.419468D+02
  331.3418  0.165830D+01  0.166443D+01 -0.363720D+03
  331.4908  0.160830D+01  0.161002D+01 -0.103575D+03
  331.6398  0.163115D+01  0.163459D+01 -0.203847D+03
  331.7886  0.171014D+01  0.171375D+01 -0.209842D+03
  331.9374  0.175711D+01  0.175155D+01  0.321365D+03
  332.0861  0.171051D+01  0.170731D+01  0.185202D+03
  332.2348  0.160850D+01  0.160997D+01 -0.877013D+02
  332.3834  0.156203D+01  0.155437D+01  0.459680D+03
  332.5319  0.161619D+01  0.161775D+01 -0.919749D+02
  332.6804  0.168950D+01  0.169480D+01 -0.307112D+03
  332.8288  0.167129D+01  0.166890D+01  0.138174D+03
  332.9771  0.161275D+01  0.161175D+01  0.580307D+02
  333.1254  0.162138D+01  0.162543D+01 -0.236098D+03
  333.2736  0.166827D+01  0.166957D+01 -0.753650D+02
  333.4217  0.163818D+01  0.163540D+01  0.161821D+03
   21 331.342 334.309 332.825  1.040D-03  0.000D+00  9.948D-01  1.925D+02 10300  1.980D-03
  331.3418  0.165830D+01  0.165609D+01  0.131062D+03
  331.4908  0.160830D+01  0.160670D+01  0.965404D+02
  331.6398  0.163115D+01  0.163325D+01 -0.124258D+03
  331.7886  0.171014D+01  0.171466D+01 -0.262378D+03
  331.9374  0.175711D+01  0.175509D+01  0.116507D+03
  332.0861  0.171051D+01  0.171229D+01 -0.103617D+03
  332.2348  0.160850D+01  0.161433D+01 -0.346178D+03
  332.3834  0.156203D+01  0.155531D+01  0.403348D+03
  332.5319  0.161619D+01  0.161521D+01  0.577390D+02
  332.6804  0.168950D+01  0.169218D+01 -0.155590D+03
  332.8288  0.167129D+01  0.166714D+01  0.240170D+03
  332.9771  0.161275D+01  0.160889D+01  0.223063D+03
  333.1254  0.162138D+01  0.162133D+01  0.292904D+01
  333.2736  0.166827D+01  0.166754D+01  0.420284D+02
  333.4217  0.163818D+01  0.163867D+01 -0.282428D+02
  333.5698  0.151699D+01  0.152175D+01 -0.286424D+03
  333.7178  0.144517D+01  0.144382D+01  0.829351D+02
  333.8657  0.149175D+01  0.149565D+01 -0.234475D+03
  334.0136  0.158350D+01  0.158579D+01 -0.133732D+03
  334.1614  0.163325D+01  0.162902D+01  0.244366D+03
  334.3091  0.167220D+01  0.167156D+01  0.367524D+02
   20 332.235 335.047 333.641 -3.663D-03  0.000D+00  9.898D-01  2.318D+02 10300  2.168D-03
  332.2348  0.160850D+01  0.161304D+01 -0.270084D+03
  332.3834  0.156203D+01  0.155619D+01  0.350053D+03
  332.5319  0.161619D+01  0.161830D+01 -0.124026D+03
  332.6804  0.168950D+01  0.169262D+01 -0.180644D+03
  332.8288  0.167129D+01  0.166492D+01  0.369290D+03
  332.9771  0.161275D+01  0.160828D+01  0.258235D+03
  333.1254  0.162138D+01  0.162363D+01 -0.131355D+03
  333.2736  0.166827D+01  0.166959D+01 -0.765881D+02
  333.4217  0.163818D+01  0.163771D+01  0.272509D+02
  333.5698  0.151699D+01  0.151946D+01 -0.148796D+03
  333.7178  0.144517D+01  0.144484D+01  0.199409D+02
  333.8657  0.149175D+01  0.149962D+01 -0.473003D+03
  334.0136  0.158350D+01  0.158783D+01 -0.253333D+03
  334.1614  0.163325D+01  0.162793D+01  0.307455D+03
  334.3091  0.167220D+01  0.166881D+01  0.194730D+03
  334.4568  0.175063D+01  0.174768D+01  0.167012D+03
  334.6045  0.180457D+01  0.179968D+01  0.273156D+03
  334.7520  0.174801D+01  0.175092D+01 -0.164934D+03
  334.8995  0.161945D+01  0.162255D+01 -0.178695D+03
  335.0469  0.157174D+01  0.157178D+01 -0.234600D+01
   14 333.125 335.047 334.086 -3.488D-03  0.000D+00  9.903D-01  1.885D+02 10000  2.285D-03
  333.1254  0.162138D+01  0.162284D+01 -0.852549D+02
  333.2736  0.166827D+01  0.166756D+01  0.407384D+02
  333.4217  0.163818D+01  0.163531D+01  0.166751D+03
  333.5698  0.151699D+01  0.151726D+01 -0.165486D+02
  333.7178  0.144517D+01  0.144301D+01  0.132850D+03
  333.8657  0.149175D+01  0.149837D+01 -0.398129D+03
  334.0136  0.158350D+01  0.158750D+01 -0.233941D+03
  334.1614  0.163325D+01  0.162851D+01  0.274221D+03
  334.3091  0.167220D+01  0.167009D+01  0.121352D+03
  334.4568  0.175063D+01  0.174949D+01  0.647415D+02
  334.6045  0.180457D+01  0.180162D+01  0.164991D+03
  334.7520  0.174801D+01  0.175222D+01 -0.238454D+03
  334.8995  0.161945D+01  0.162228D+01 -0.163535D+03
  335.0469  0.157174D+01  0.156906D+01  0.156204D+03
