 solar_wavcal_vary
           0
 F F
nwav fwave lwave avgwav  shift    squeeze      sin       rms   exval
   21 263.856 271.027 267.441 -1.356D-01  0.000D+00  1.018D+00  1.522D+03 10300  1.815D-02
  263.8558  0.404622D+00  0.485451D+00 -0.255293D+04
  264.2242  0.502869D+00  0.497728D+00  0.140930D+04
  264.5913  0.408840D+00  0.416270D+00 -0.203697D+04
  264.9573  0.379313D+00  0.374532D+00  0.131082D+04
  265.3222  0.423874D+00  0.419911D+00  0.108642D+04
  265.6861  0.422433D+00  0.428991D+00 -0.179794D+04
  266.0488  0.384696D+00  0.387577D+00 -0.789716D+03
  266.4105  0.360325D+00  0.356016D+00  0.118126D+04
  266.7712  0.355148D+00  0.353328D+00  0.505546D+03
  267.1309  0.354618D+00  0.363542D+00 -0.249410D+04
  267.4895  0.371774D+00  0.371704D+00  0.191123D+02
  267.8473  0.345999D+00  0.345734D+00  0.793763D+02
  268.2041  0.350421D+00  0.343577D+00  0.199533D+04
  268.5599  0.350609D+00  0.343384D+00  0.210633D+04
  268.9149  0.332984D+00  0.330982D+00  0.666886D+03
  269.2690  0.332992D+00  0.330850D+00  0.714993D+03
  269.6222  0.329670D+00  0.337964D+00 -0.289663D+04
  269.9746  0.374034D+00  0.379566D+00 -0.151672D+04
  270.3262  0.398729D+00  0.399403D+00 -0.184811D+03
  270.6770  0.382152D+00  0.380340D+00  0.496617D+03
  271.0269  0.369057D+00  0.365394D+00  0.100414D+04
   21 266.049 273.111 269.580 -2.821D-02  0.000D+00  1.006D+00  1.270D+03 10300  1.207D-02
  266.0488  0.384696D+00  0.389520D+00 -0.132246D+04
  266.4105  0.360325D+00  0.354803D+00  0.151386D+04
  266.7712  0.355148D+00  0.348605D+00  0.181773D+04
  267.1309  0.354618D+00  0.357349D+00 -0.763497D+03
  267.4895  0.371774D+00  0.373368D+00 -0.436929D+03
  267.8473  0.345999D+00  0.354682D+00 -0.259688D+04
  268.2041  0.350421D+00  0.343495D+00  0.201931D+04
  268.5599  0.350609D+00  0.347776D+00  0.825793D+03
  268.9149  0.332984D+00  0.335722D+00 -0.912337D+03
  269.2690  0.332992D+00  0.332487D+00  0.168718D+03
  269.6222  0.329670D+00  0.333259D+00 -0.125342D+04
  269.9746  0.374034D+00  0.366466D+00  0.207456D+04
  270.3262  0.398729D+00  0.398370D+00  0.982950D+02
  270.6770  0.382152D+00  0.386938D+00 -0.131229D+04
  271.0269  0.369057D+00  0.367748D+00  0.359011D+03
  271.3762  0.350824D+00  0.347081D+00  0.109343D+04
  271.7246  0.293140D+00  0.291848D+00  0.505990D+03
  272.0724  0.242116D+00  0.243948D+00 -0.748245D+03
  272.4193  0.263400D+00  0.263906D+00 -0.201434D+03
  272.7657  0.312108D+00  0.315843D+00 -0.138944D+04
  273.1113  0.346230D+00  0.341915D+00  0.129240D+04
   21 268.204 275.172 271.688 -1.227D-02  0.000D+00  1.008D+00  1.180D+03 10000  8.476D-03
  268.2041  0.350421D+00  0.346520D+00  0.113732D+04
  268.5599  0.350609D+00  0.350965D+00 -0.103714D+03
  268.9149  0.332984D+00  0.338310D+00 -0.177442D+04
  269.2690  0.332992D+00  0.333782D+00 -0.263888D+03
  269.6222  0.329670D+00  0.332986D+00 -0.115825D+04
  269.9746  0.374034D+00  0.363985D+00  0.275479D+04
  270.3262  0.398729D+00  0.397057D+00  0.458259D+03
  270.6770  0.382152D+00  0.386334D+00 -0.114650D+04
  271.0269  0.369057D+00  0.366238D+00  0.772757D+03
  271.3762  0.350824D+00  0.347190D+00  0.106152D+04
  271.7246  0.293140D+00  0.293589D+00 -0.175765D+03
  272.0724  0.242116D+00  0.243616D+00 -0.612608D+03
  272.4193  0.263400D+00  0.262113D+00  0.512949D+03
  272.7657  0.312108D+00  0.315437D+00 -0.123852D+04
  273.1113  0.346230D+00  0.348033D+00 -0.540132D+03
  273.4563  0.295612D+00  0.298401D+00 -0.105429D+04
  273.8006  0.236577D+00  0.233038D+00  0.144563D+04
  274.1443  0.197932D+00  0.194149D+00  0.172856D+04
  274.4874  0.183114D+00  0.182113D+00  0.459677D+03
  274.8298  0.182178D+00  0.186218D+00 -0.185691D+04
  275.1717  0.220164D+00  0.219162D+00  0.424172D+03
   21 270.326 277.211 273.769 -5.236D-03  0.000D+00  1.006D+00  9.153D+02 10300  6.243D-03
  270.3262  0.398729D+00  0.396253D+00  0.678782D+03
  270.6770  0.382152D+00  0.386785D+00 -0.127030D+04
  271.0269  0.369057D+00  0.366662D+00  0.656771D+03
  271.3762  0.350824D+00  0.348122D+00  0.789396D+03
  271.7246  0.293140D+00  0.294997D+00 -0.727077D+03
  272.0724  0.242116D+00  0.243940D+00 -0.744985D+03
  272.4193  0.263400D+00  0.260964D+00  0.971101D+03
  272.7657  0.312108D+00  0.313633D+00 -0.567292D+03
  273.1113  0.346230D+00  0.347269D+00 -0.311316D+03
  273.4563  0.295612D+00  0.298786D+00 -0.120011D+04
  273.8006  0.236577D+00  0.233202D+00  0.137858D+04
  274.1443  0.197932D+00  0.193829D+00  0.187461D+04
  274.4874  0.183114D+00  0.181441D+00  0.768310D+03
  274.8298  0.182178D+00  0.185291D+00 -0.143080D+04
  275.1717  0.220164D+00  0.217916D+00  0.950872D+03
  275.5129  0.245262D+00  0.247328D+00 -0.823830D+03
  275.8536  0.296483D+00  0.296899D+00 -0.148898D+03
  276.1938  0.341401D+00  0.342908D+00 -0.454399D+03
  276.5334  0.358435D+00  0.359557D+00 -0.307659D+03
  276.8726  0.358273D+00  0.359256D+00 -0.269430D+03
  277.2111  0.366158D+00  0.363458D+00  0.740334D+03
   21 272.419 279.233 275.826 -2.162D-03  0.000D+00  9.922D-01  9.191D+02 10300  6.564D-03
  272.4193  0.263400D+00  0.259993D+00  0.135770D+04
  272.7657  0.312108D+00  0.313787D+00 -0.624623D+03
  273.1113  0.346230D+00  0.350665D+00 -0.132836D+04
  273.4563  0.295612D+00  0.300271D+00 -0.176149D+04
  273.8006  0.236577D+00  0.233371D+00  0.130950D+04
  274.1443  0.197932D+00  0.193638D+00  0.196209D+04
  274.4874  0.183114D+00  0.181304D+00  0.831204D+03
  274.8298  0.182178D+00  0.184146D+00 -0.904755D+03
  275.1717  0.220164D+00  0.217738D+00  0.102620D+04
  275.5129  0.245262D+00  0.246035D+00 -0.308293D+03
  275.8536  0.296483D+00  0.296146D+00  0.120619D+03
  276.1938  0.341401D+00  0.343360D+00 -0.590542D+03
  276.5334  0.358435D+00  0.360578D+00 -0.587613D+03
  276.8726  0.358273D+00  0.360389D+00 -0.580044D+03
  277.2111  0.366158D+00  0.366930D+00 -0.211647D+03
  277.5492  0.351032D+00  0.348903D+00  0.610786D+03
  277.8869  0.286360D+00  0.284967D+00  0.483261D+03
  278.2240  0.247176D+00  0.247695D+00 -0.187979D+03
  278.5606  0.236696D+00  0.236130D+00  0.216496D+03
  278.8969  0.199162D+00  0.198074D+00  0.434418D+03
  279.2326  0.143128D+00  0.144591D+00 -0.671644D+03
   21 274.487 281.238 277.863  5.823D-03  0.000D+00  9.888D-01  6.510D+02 10300  7.960D-03
  274.4874  0.183114D+00  0.182411D+00  0.322739D+03
  274.8298  0.182178D+00  0.185106D+00 -0.134579D+04
  275.1717  0.220164D+00  0.216754D+00  0.144269D+04
  275.5129  0.245262D+00  0.246127D+00 -0.344849D+03
  275.8536  0.296483D+00  0.294605D+00  0.672548D+03
  276.1938  0.341401D+00  0.342626D+00 -0.369460D+03
  276.5334  0.358435D+00  0.360255D+00 -0.499122D+03
  276.8726  0.358273D+00  0.360606D+00 -0.639784D+03
  277.2111  0.366158D+00  0.366754D+00 -0.163284D+03
  277.5492  0.351032D+00  0.350156D+00  0.251324D+03
  277.8869  0.286360D+00  0.285479D+00  0.305703D+03
  278.2240  0.247176D+00  0.246628D+00  0.198697D+03
  278.5606  0.236696D+00  0.235666D+00  0.394014D+03
  278.8969  0.199162D+00  0.197741D+00  0.567522D+03
  279.2326  0.143128D+00  0.142728D+00  0.183580D+03
  279.5679  0.109859D+00  0.112901D+00 -0.996628D+03
  279.9028  0.102496D+00  0.105035D+00 -0.875796D+03
  280.2373  0.107474D+00  0.109855D+00 -0.824258D+03
  280.5714  0.136437D+00  0.137757D+00 -0.430481D+03
  280.9050  0.198082D+00  0.197565D+00  0.160118D+03
  281.2383  0.261459D+00  0.260081D+00  0.392324D+03
   21 276.533 283.230 279.882  3.364D-03  0.000D+00  1.014D+00  6.682D+02   300  7.061D-03
  276.5334  0.358435D+00  0.359659D+00 -0.335542D+03
  276.8726  0.358273D+00  0.358864D+00 -0.161982D+03
  277.2111  0.366158D+00  0.366043D+00  0.314126D+02
  277.5492  0.351032D+00  0.349904D+00  0.323614D+03
  277.8869  0.286360D+00  0.284760D+00  0.555074D+03
  278.2240  0.247176D+00  0.246933D+00  0.881538D+02
  278.5606  0.236696D+00  0.236440D+00  0.980885D+02
  278.8969  0.199162D+00  0.198371D+00  0.316109D+03
  279.2326  0.143128D+00  0.143637D+00 -0.233955D+03
  279.5679  0.109859D+00  0.113853D+00 -0.130884D+04
  279.9028  0.102496D+00  0.105895D+00 -0.117228D+04
  280.2373  0.107474D+00  0.110867D+00 -0.117453D+04
  280.5714  0.136437D+00  0.139083D+00 -0.863142D+03
  280.9050  0.198082D+00  0.197364D+00  0.222183D+03
  281.2383  0.261459D+00  0.258564D+00  0.823938D+03
  281.5713  0.329331D+00  0.327367D+00  0.544968D+03
  281.9038  0.383252D+00  0.385309D+00 -0.564028D+03
  282.2360  0.421512D+00  0.422433D+00 -0.252437D+03
  282.5678  0.439801D+00  0.437335D+00  0.676181D+03
  282.8993  0.463827D+00  0.460792D+00  0.832099D+03
  283.2304  0.479238D+00  0.482667D+00 -0.939880D+03
   21 278.561 285.210 281.885 -6.796D-03  0.000D+00  1.009D+00  9.680D+02 10300  9.456D-03
  278.5606  0.236696D+00  0.236427D+00  0.102864D+03
  278.8969  0.199162D+00  0.197823D+00  0.535105D+03
  279.2326  0.143128D+00  0.142569D+00  0.256312D+03
  279.5679  0.109859D+00  0.113755D+00 -0.127661D+04
  279.9028  0.102496D+00  0.106137D+00 -0.125596D+04
  280.2373  0.107474D+00  0.111134D+00 -0.126684D+04
  280.5714  0.136437D+00  0.139748D+00 -0.107973D+04
  280.9050  0.198082D+00  0.198533D+00 -0.139806D+03
  281.2383  0.261459D+00  0.258368D+00  0.879654D+03
  281.5713  0.329331D+00  0.326699D+00  0.730280D+03
  281.9038  0.383252D+00  0.383189D+00  0.171993D+02
  282.2360  0.421512D+00  0.419746D+00  0.484176D+03
  282.5678  0.439801D+00  0.434760D+00  0.138211D+04
  282.8993  0.463827D+00  0.461605D+00  0.609192D+03
  283.2304  0.479238D+00  0.487882D+00 -0.236975D+04
  283.5612  0.459423D+00  0.464911D+00 -0.150447D+04
  283.8917  0.460572D+00  0.457380D+00  0.874999D+03
  284.2218  0.432905D+00  0.429906D+00  0.820382D+03
  284.5516  0.362038D+00  0.362032D+00  0.169060D+01
  284.8811  0.248542D+00  0.247660D+00  0.271964D+03
  285.2103  0.152009D+00  0.152924D+00 -0.317497D+03
   21 280.571 287.179 283.875 -4.912D-03  0.000D+00  9.950D-01  9.359D+02 10300  4.743D-03
  280.5714  0.136437D+00  0.141216D+00 -0.155856D+04
  280.9050  0.198082D+00  0.199570D+00 -0.460942D+03
  281.2383  0.261459D+00  0.258865D+00  0.738154D+03
  281.5713  0.329331D+00  0.326668D+00  0.739095D+03
  281.9038  0.383252D+00  0.382916D+00  0.919826D+02
  282.2360  0.421512D+00  0.419512D+00  0.548403D+03
  282.5678  0.439801D+00  0.434750D+00  0.138476D+04
  282.8993  0.463827D+00  0.461745D+00  0.570912D+03
  283.2304  0.479238D+00  0.488598D+00 -0.256599D+04
  283.5612  0.459423D+00  0.465886D+00 -0.177179D+04
  283.8917  0.460572D+00  0.458110D+00  0.674885D+03
  284.2218  0.432905D+00  0.430363D+00  0.695310D+03
  284.5516  0.362038D+00  0.361843D+00  0.533794D+02
  284.8811  0.248542D+00  0.246980D+00  0.481560D+03
  285.2103  0.152009D+00  0.151422D+00  0.203761D+03
  285.5392  0.192040D+00  0.193099D+00 -0.340110D+03
  285.8678  0.335763D+00  0.335354D+00  0.114118D+03
  286.1961  0.464165D+00  0.460889D+00  0.898260D+03
  286.5241  0.509696D+00  0.509528D+00  0.461046D+02
  286.8518  0.512760D+00  0.514475D+00 -0.470035D+03
  287.1792  0.557808D+00  0.558190D+00 -0.104682D+03
   21 282.568 289.138 285.853 -3.745D-03  0.000D+00  9.931D-01  8.853D+02 10340  3.428D-03
  282.5678  0.439801D+00  0.434879D+00  0.134928D+04
  282.8993  0.463827D+00  0.461294D+00  0.694416D+03
  283.2304  0.479238D+00  0.488759D+00 -0.260998D+04
  283.5612  0.459423D+00  0.464551D+00 -0.140600D+04
  283.8917  0.460572D+00  0.457361D+00  0.880306D+03
  284.2218  0.432905D+00  0.429807D+00  0.847233D+03
  284.5516  0.362038D+00  0.361846D+00  0.526576D+02
  284.8811  0.248542D+00  0.246745D+00  0.554290D+03
  285.2103  0.152009D+00  0.149420D+00  0.898420D+03
  285.5392  0.192040D+00  0.191183D+00  0.275074D+03
  285.8678  0.335763D+00  0.334760D+00  0.279753D+03
  286.1961  0.464165D+00  0.461466D+00  0.740147D+03
  286.5241  0.509696D+00  0.510424D+00 -0.199478D+03
  286.8518  0.512760D+00  0.514194D+00 -0.393178D+03
  287.1792  0.557808D+00  0.560161D+00 -0.645104D+03
  287.5064  0.549395D+00  0.549381D+00  0.379204D+01
  287.8332  0.458215D+00  0.457875D+00  0.816649D+02
  288.1598  0.361320D+00  0.363303D+00 -0.543556D+03
  288.4861  0.461707D+00  0.463032D+00 -0.363387D+03
  288.8121  0.585848D+00  0.582301D+00  0.972355D+03
  289.1378  0.609153D+00  0.610082D+00 -0.254548D+03
   21 284.552 291.086 287.819 -2.377D-03  0.000D+00  9.952D-01  6.098D+02 10340  2.298D-03
  284.5516  0.362038D+00  0.361309D+00  0.199878D+03
  284.8811  0.248542D+00  0.247943D+00  0.184808D+03
  285.2103  0.152009D+00  0.151701D+00  0.106845D+03
  285.5392  0.192040D+00  0.192542D+00 -0.161131D+03
  285.8678  0.335763D+00  0.335697D+00  0.184139D+02
  286.1961  0.464165D+00  0.462768D+00  0.383208D+03
  286.5241  0.509696D+00  0.511922D+00 -0.610239D+03
  286.8518  0.512760D+00  0.515123D+00 -0.647800D+03
  287.1792  0.557808D+00  0.560223D+00 -0.662132D+03
  287.5064  0.549395D+00  0.549108D+00  0.787178D+02
  287.8332  0.458215D+00  0.457261D+00  0.228642D+03
  288.1598  0.361320D+00  0.359674D+00  0.451244D+03
  288.4861  0.461707D+00  0.460083D+00  0.445093D+03
  288.8121  0.585848D+00  0.580652D+00  0.142450D+04
  289.1378  0.609153D+00  0.606533D+00  0.718370D+03
  289.4633  0.670801D+00  0.669923D+00  0.240538D+03
  289.7885  0.790703D+00  0.792624D+00 -0.526665D+03
  290.1134  0.893893D+00  0.896338D+00 -0.670538D+03
  290.4380  0.937231D+00  0.940236D+00 -0.823829D+03
  290.7624  0.906778D+00  0.908792D+00 -0.552172D+03
  291.0865  0.885268D+00  0.880735D+00  0.124289D+04
   21 286.524 293.025 289.775  3.195D-04  0.000D+00  9.941D-01  1.003D+03 10300  4.692D-03
  286.5241  0.509696D+00  0.511709D+00 -0.551854D+03
  286.8518  0.512760D+00  0.511975D+00  0.215279D+03
  287.1792  0.557808D+00  0.559176D+00 -0.374879D+03
  287.5064  0.549395D+00  0.548859D+00  0.146947D+03
  287.8332  0.458215D+00  0.457715D+00  0.120015D+03
  288.1598  0.361320D+00  0.357429D+00  0.106697D+04
  288.4861  0.461707D+00  0.458689D+00  0.827400D+03
  288.8121  0.585848D+00  0.581272D+00  0.125462D+04
  289.1378  0.609153D+00  0.607679D+00  0.404290D+03
  289.4633  0.670801D+00  0.671304D+00 -0.137960D+03
  289.7885  0.790703D+00  0.794373D+00 -0.100612D+04
  290.1134  0.893893D+00  0.898560D+00 -0.127973D+04
  290.4380  0.937231D+00  0.942286D+00 -0.138605D+04
  290.7624  0.906778D+00  0.910835D+00 -0.111225D+04
  291.0865  0.885268D+00  0.880979D+00  0.117592D+04
  291.4102  0.897068D+00  0.887692D+00  0.257036D+04
  291.7338  0.851108D+00  0.847082D+00  0.110393D+04
  292.0570  0.837901D+00  0.839357D+00 -0.399107D+03
  292.3800  0.788568D+00  0.790333D+00 -0.483692D+03
  292.7027  0.718692D+00  0.723178D+00 -0.122970D+04
  293.0250  0.796854D+00  0.795692D+00  0.318718D+03
   21 288.486 294.953 291.720  4.359D-03  0.000D+00  9.939D-01  1.008D+03 10000  4.521D-03
  288.4861  0.461707D+00  0.460315D+00  0.381604D+03
  288.8121  0.585848D+00  0.585908D+00 -0.163548D+02
  289.1378  0.609153D+00  0.608065D+00  0.298450D+03
  289.4633  0.670801D+00  0.669071D+00  0.474147D+03
  289.7885  0.790703D+00  0.792666D+00 -0.537986D+03
  290.1134  0.893893D+00  0.897325D+00 -0.941025D+03
  290.4380  0.937231D+00  0.941734D+00 -0.123466D+04
  290.7624  0.906778D+00  0.909499D+00 -0.746083D+03
  291.0865  0.885268D+00  0.877971D+00  0.200063D+04
  291.4102  0.897068D+00  0.888648D+00  0.230841D+04
  291.7338  0.851108D+00  0.846041D+00  0.138928D+04
  292.0570  0.837901D+00  0.841511D+00 -0.989817D+03
  292.3800  0.788568D+00  0.794463D+00 -0.161594D+04
  292.7027  0.718692D+00  0.723527D+00 -0.132529D+04
  293.0250  0.796854D+00  0.798462D+00 -0.440813D+03
  293.3471  0.902624D+00  0.901184D+00  0.394609D+03
  293.6689  0.802064D+00  0.799976D+00  0.572503D+03
  293.9904  0.726692D+00  0.727426D+00 -0.201288D+03
  294.3115  0.798380D+00  0.796597D+00  0.488681D+03
  294.6324  0.795072D+00  0.795836D+00 -0.209508D+03
  294.9530  0.727892D+00  0.728013D+00 -0.332620D+02
   21 290.438 296.870 293.654  4.266D-03  0.000D+00  9.955D-01  1.083D+03 10300  4.360D-03
  290.4380  0.937231D+00  0.941570D+00 -0.118979D+04
  290.7624  0.906778D+00  0.909868D+00 -0.847198D+03
  291.0865  0.885268D+00  0.878601D+00  0.182801D+04
  291.4102  0.897068D+00  0.889317D+00  0.212496D+04
  291.7338  0.851108D+00  0.846566D+00  0.124521D+04
  292.0570  0.837901D+00  0.841846D+00 -0.108157D+04
  292.3800  0.788568D+00  0.794538D+00 -0.163654D+04
  292.7027  0.718692D+00  0.723440D+00 -0.130157D+04
  293.0250  0.796854D+00  0.798299D+00 -0.396061D+03
  293.3471  0.902624D+00  0.900972D+00  0.452897D+03
  293.6689  0.802064D+00  0.799941D+00  0.581977D+03
  293.9904  0.726692D+00  0.727841D+00 -0.315161D+03
  294.3115  0.798380D+00  0.797787D+00  0.162491D+03
  294.6324  0.795072D+00  0.798050D+00 -0.816599D+03
  294.9530  0.727892D+00  0.731410D+00 -0.964416D+03
  295.2732  0.828793D+00  0.825642D+00  0.863959D+03
  295.5931  0.850423D+00  0.846905D+00  0.964207D+03
  295.9127  0.884612D+00  0.885353D+00 -0.203129D+03
  296.2320  0.912613D+00  0.909700D+00  0.798450D+03
  296.5509  0.754888D+00  0.753274D+00  0.442364D+03
  296.8695  0.610232D+00  0.616061D+00 -0.159800D+04
   21 292.380 298.773 295.577  6.347D-03  0.000D+00  9.900D-01  9.067D+02 10300  2.152D-03
  292.3800  0.788568D+00  0.786695D+00  0.513478D+03
  292.7027  0.718692D+00  0.717952D+00  0.202980D+03
  293.0250  0.796854D+00  0.796041D+00  0.222989D+03
  293.3471  0.902624D+00  0.905437D+00 -0.771330D+03
  293.6689  0.802064D+00  0.802723D+00 -0.180678D+03
  293.9904  0.726692D+00  0.727777D+00 -0.297614D+03
  294.3115  0.798380D+00  0.799991D+00 -0.441637D+03
  294.6324  0.795072D+00  0.800944D+00 -0.160998D+04
  294.9530  0.727892D+00  0.727671D+00  0.607046D+02
  295.2732  0.828793D+00  0.825530D+00  0.894673D+03
  295.5931  0.850423D+00  0.843671D+00  0.185101D+04
  295.9127  0.884612D+00  0.882033D+00  0.707289D+03
  296.2320  0.912613D+00  0.909831D+00  0.762614D+03
  296.5509  0.754888D+00  0.753506D+00  0.378906D+03
  296.8695  0.610232D+00  0.614967D+00 -0.129811D+04
  297.1877  0.660771D+00  0.663677D+00 -0.796650D+03
  297.5055  0.818937D+00  0.824934D+00 -0.164392D+04
  297.8230  0.968612D+00  0.968136D+00  0.130418D+03
  298.1401  0.777526D+00  0.776865D+00  0.181170D+03
  298.4568  0.567977D+00  0.571171D+00 -0.875643D+03
  298.7731  0.655326D+00  0.650027D+00  0.145273D+04
   21 294.312 300.662 297.487  3.716D-03  0.000D+00  1.019D+00  4.594D+03 10300  1.054D-02
  294.3115  0.798380D+00  0.814832D+00 -0.451028D+04
  294.6324  0.795072D+00  0.801414D+00 -0.173887D+04
  294.9530  0.727892D+00  0.720559D+00  0.201049D+04
  295.2732  0.828793D+00  0.815836D+00  0.355219D+04
  295.5931  0.850423D+00  0.832040D+00  0.503959D+04
  295.9127  0.884612D+00  0.873639D+00  0.300838D+04
  296.2320  0.912613D+00  0.906971D+00  0.154660D+04
  296.5509  0.754888D+00  0.753319D+00  0.430030D+03
  296.8695  0.610232D+00  0.619363D+00 -0.250332D+04
  297.1877  0.660771D+00  0.674263D+00 -0.369866D+04
  297.5055  0.818937D+00  0.843139D+00 -0.663503D+04
  297.8230  0.968612D+00  0.991793D+00 -0.635515D+04
  298.1401  0.777526D+00  0.788623D+00 -0.304232D+04
  298.4568  0.567977D+00  0.574513D+00 -0.179192D+04
  298.7731  0.655326D+00  0.649272D+00  0.165976D+04
  299.0890  0.856218D+00  0.822348D+00  0.928547D+04
  299.4045  0.807836D+00  0.767762D+00  0.109865D+05
  299.7196  0.780295D+00  0.776561D+00  0.102370D+04
  300.0342  0.655811D+00  0.669184D+00 -0.366644D+04
  300.3484  0.573012D+00  0.590292D+00 -0.468843D+04
  300.6621  0.679680D+00  0.686096D+00 -0.175888D+04
   21 296.232 302.534 299.383  7.536D-03  0.000D+00  1.009D+00  6.757D+03 10300  1.426D-02
  296.2320  0.912613D+00  0.885196D+00  0.751622D+04
  296.5509  0.754888D+00  0.752988D+00  0.520926D+03
  296.8695  0.610232D+00  0.624533D+00 -0.392068D+04
  297.1877  0.660771D+00  0.680594D+00 -0.543438D+04
  297.5055  0.818937D+00  0.848263D+00 -0.803967D+04
  297.8230  0.968612D+00  0.993951D+00 -0.694660D+04
  298.1401  0.777526D+00  0.790362D+00 -0.351900D+04
  298.4568  0.567977D+00  0.571301D+00 -0.911429D+03
  298.7731  0.655326D+00  0.636538D+00  0.515073D+04
  299.0890  0.856218D+00  0.802280D+00  0.147871D+05
  299.4045  0.807836D+00  0.750799D+00  0.156369D+05
  299.7196  0.780295D+00  0.759212D+00  0.577998D+04
  300.0342  0.655811D+00  0.663151D+00 -0.201247D+04
  300.3484  0.573012D+00  0.591639D+00 -0.505385D+04
  300.6621  0.679680D+00  0.707206D+00 -0.754628D+04
  300.9754  0.708902D+00  0.737754D+00 -0.790978D+04
  301.2882  0.811202D+00  0.826248D+00 -0.412476D+04
  301.6006  0.794387D+00  0.804795D+00 -0.285326D+04
  301.9123  0.617244D+00  0.614850D+00  0.656232D+03
  302.2236  0.603757D+00  0.588842D+00  0.408905D+04
  302.5344  0.803397D+00  0.788517D+00  0.407947D+04
   21 298.140 304.387 301.264 -1.283D-02  0.000D+00  9.722D-01  6.385D+03 10300  1.596D-02
  298.1401  0.777526D+00  0.802295D+00 -0.679062D+04
  298.4568  0.567977D+00  0.583807D+00 -0.434005D+04
  298.7731  0.655326D+00  0.661686D+00 -0.174358D+04
  299.0890  0.856218D+00  0.815122D+00  0.112664D+05
  299.4045  0.807836D+00  0.753802D+00  0.148136D+05
  299.7196  0.780295D+00  0.765942D+00  0.393513D+04
  300.0342  0.655811D+00  0.655424D+00  0.105887D+03
  300.3484  0.573012D+00  0.602954D+00 -0.812372D+04
  300.6621  0.679680D+00  0.714191D+00 -0.946109D+04
  300.9754  0.708902D+00  0.747234D+00 -0.105086D+05
  301.2882  0.811202D+00  0.832978D+00 -0.596973D+04
  301.6006  0.794387D+00  0.796592D+00 -0.604408D+03
  301.9123  0.617244D+00  0.601588D+00  0.429205D+04
  302.2236  0.603757D+00  0.594041D+00  0.266352D+04
  302.5344  0.803397D+00  0.782981D+00  0.559721D+04
  302.8447  0.962507D+00  0.934562D+00  0.469068D+04
  303.1544  0.104046D+01  0.101218D+01  0.423265D+04
  303.4634  0.107824D+01  0.106815D+01  0.147402D+04
  303.7720  0.957955D+00  0.955291D+00  0.444762D+03
  304.0800  0.899543D+00  0.906477D+00 -0.165916D+04
  304.3873  0.973563D+00  0.100340D+01 -0.472468D+04
   21 300.034 306.218 303.126 -3.086D-03  0.000D+00  1.009D+00  2.678D+03 10300  7.950D-03
  300.0342  0.655811D+00  0.634753D+00  0.577290D+04
  300.3484  0.573012D+00  0.577694D+00 -0.127040D+04
  300.6621  0.679680D+00  0.690901D+00 -0.307619D+04
  300.9754  0.708902D+00  0.727639D+00 -0.513658D+04
  301.2882  0.811202D+00  0.818423D+00 -0.197959D+04
  301.6006  0.794387D+00  0.794845D+00 -0.125622D+03
  301.9123  0.617244D+00  0.608701D+00  0.234201D+04
  302.2236  0.603757D+00  0.594930D+00  0.241982D+04
  302.5344  0.803397D+00  0.788610D+00  0.405390D+04
  302.8447  0.962507D+00  0.946789D+00  0.263830D+04
  303.1544  0.104046D+01  0.102912D+01  0.169716D+04
  303.4634  0.107824D+01  0.108500D+01 -0.987199D+03
  303.7720  0.957955D+00  0.970472D+00 -0.208991D+04
  304.0800  0.899543D+00  0.906916D+00 -0.176429D+04
  304.3873  0.973563D+00  0.986522D+00 -0.205196D+04
  304.6941  0.100885D+01  0.100617D+01  0.403688D+03
  305.0002  0.103358D+01  0.101997D+01  0.201714D+04
  305.3056  0.109605D+01  0.110846D+01 -0.171569D+04
  305.6104  0.918579D+00  0.939229D+00 -0.348172D+04
  305.9146  0.782022D+00  0.776877D+00  0.141058D+04
  306.2180  0.904455D+00  0.890627D+00  0.207340D+04
   21 312.942 316.084 314.513  2.826D-03  0.000D+00  1.004D+00  5.806D+02 10340  2.582D-03
  312.9423  0.112395D+01  0.112646D+01 -0.205207D+03
  313.1002  0.112444D+01  0.112204D+01  0.195845D+03
  313.2579  0.109533D+01  0.109470D+01  0.518786D+02
  313.4156  0.107808D+01  0.107616D+01  0.159492D+03
  313.5732  0.110319D+01  0.110684D+01 -0.297620D+03
  313.7307  0.119842D+01  0.119681D+01  0.126887D+03
  313.8882  0.129298D+01  0.129782D+01 -0.375192D+03
  314.0455  0.134075D+01  0.132966D+01  0.859970D+03
  314.2028  0.124758D+01  0.124659D+01  0.772066D+02
  314.3600  0.101750D+01  0.102850D+01 -0.968783D+03
  314.5172  0.856850D+00  0.847900D+00  0.867477D+03
  314.6742  0.884197D+00  0.901505D+00 -0.167762D+04
  314.8312  0.108137D+01  0.106939D+01  0.974371D+03
  314.9881  0.119378D+01  0.119501D+01 -0.965254D+02
  315.1450  0.123949D+01  0.123262D+01  0.532801D+03
  315.3017  0.122300D+01  0.122571D+01 -0.209091D+03
  315.4584  0.119387D+01  0.119210D+01  0.137634D+03
  315.6150  0.109039D+01  0.109254D+01 -0.175666D+03
  315.7715  0.917511D+00  0.919253D+00 -0.165254D+03
  315.9280  0.777600D+00  0.774497D+00  0.300792D+03
  316.0843  0.758124D+00  0.759600D+00 -0.143095D+03
   21 313.888 317.021 315.455  9.144D-04  0.000D+00  1.003D+00  6.650D+02 10000  2.792D-03
  313.8882  0.129298D+01  0.129903D+01 -0.469151D+03
  314.0455  0.134075D+01  0.133017D+01  0.820528D+03
  314.2028  0.124758D+01  0.124544D+01  0.166842D+03
  314.3600  0.101750D+01  0.102589D+01 -0.738969D+03
  314.5172  0.856850D+00  0.847180D+00  0.937297D+03
  314.6742  0.884197D+00  0.903029D+00 -0.182531D+04
  314.8312  0.108137D+01  0.107066D+01  0.871120D+03
  314.9881  0.119378D+01  0.119492D+01 -0.892322D+02
  315.1450  0.123949D+01  0.123158D+01  0.613025D+03
  315.3017  0.122300D+01  0.122479D+01 -0.137929D+03
  315.4584  0.119387D+01  0.119148D+01  0.186212D+03
  315.6150  0.109039D+01  0.109216D+01 -0.144781D+03
  315.7715  0.917511D+00  0.919753D+00 -0.212637D+03
  315.9280  0.777600D+00  0.777609D+00 -0.846366D+00
  316.0843  0.758124D+00  0.766700D+00 -0.831186D+03
  316.2407  0.876440D+00  0.867610D+00  0.855833D+03
  316.3969  0.996435D+00  0.999507D+00 -0.272323D+03
  316.5530  0.108391D+01  0.107686D+01  0.571288D+03
  316.7090  0.111874D+01  0.111984D+01 -0.882498D+02
  316.8651  0.116296D+01  0.117104D+01 -0.635984D+03
  317.0209  0.127500D+01  0.127070D+01  0.333376D+03
   21 314.831 317.955 316.393 -1.966D-03  0.000D+00  1.002D+00  4.394D+02 10340  3.314D-03
  314.8312  0.108137D+01  0.107778D+01  0.292314D+03
  314.9881  0.119378D+01  0.120014D+01 -0.497426D+03
  315.1450  0.123949D+01  0.123482D+01  0.362323D+03
  315.3017  0.122300D+01  0.122692D+01 -0.302193D+03
  315.4584  0.119387D+01  0.119208D+01  0.139101D+03
  315.6150  0.109039D+01  0.109054D+01 -0.121778D+02
  315.7715  0.917511D+00  0.916810D+00  0.665052D+02
  315.9280  0.777600D+00  0.776095D+00  0.145894D+03
  316.0843  0.758124D+00  0.767360D+00 -0.895172D+03
  316.2407  0.876440D+00  0.869301D+00  0.691894D+03
  316.3969  0.996435D+00  0.100023D+01 -0.336195D+03
  316.5530  0.108391D+01  0.107584D+01  0.653512D+03
  316.7090  0.111874D+01  0.111812D+01  0.495568D+02
  316.8651  0.116296D+01  0.116904D+01 -0.479133D+03
  317.0209  0.127500D+01  0.126908D+01  0.459217D+03
  317.1768  0.140292D+01  0.141062D+01 -0.596951D+03
  317.3326  0.147261D+01  0.147281D+01 -0.157431D+02
  317.4883  0.145298D+01  0.144875D+01  0.328253D+03
  317.6439  0.142163D+01  0.141800D+01  0.282049D+03
  317.7994  0.130438D+01  0.131351D+01 -0.708126D+03
  317.9549  0.109768D+01  0.109292D+01  0.380923D+03
   21 315.772 318.886 317.329  3.233D-03  0.000D+00  1.006D+00  4.690D+02 10300  2.971D-03
  315.7715  0.917511D+00  0.917055D+00  0.432751D+02
  315.9280  0.777600D+00  0.776729D+00  0.844659D+02
  316.0843  0.758124D+00  0.765659D+00 -0.730284D+03
  316.2407  0.876440D+00  0.866824D+00  0.932044D+03
  316.3969  0.996435D+00  0.100023D+01 -0.336526D+03
  316.5530  0.108391D+01  0.107899D+01  0.398969D+03
  316.7090  0.111874D+01  0.112180D+01 -0.244423D+03
  316.8651  0.116296D+01  0.117173D+01 -0.690618D+03
  317.0209  0.127500D+01  0.126873D+01  0.486405D+03
  317.1768  0.140292D+01  0.140936D+01 -0.499219D+03
  317.3326  0.147261D+01  0.147304D+01 -0.334126D+02
  317.4883  0.145298D+01  0.144739D+01  0.433371D+03
  317.6439  0.142163D+01  0.141374D+01  0.612095D+03
  317.7994  0.130438D+01  0.131074D+01 -0.492983D+03
  317.9549  0.109768D+01  0.109063D+01  0.564619D+03
  318.1103  0.915173D+00  0.922140D+00 -0.666383D+03
  318.2656  0.901638D+00  0.902606D+00 -0.934838D+02
  318.4208  0.980396D+00  0.977611D+00  0.243351D+03
  318.5760  0.108061D+01  0.108197D+01 -0.107467D+03
  318.7311  0.118124D+01  0.118626D+01 -0.390832D+03
  318.8861  0.129549D+01  0.129118D+01  0.334288D+03
   21 316.709 319.815 318.262  4.988D-04  0.000D+00  1.007D+00  5.508D+02 10300  2.712D-03
  316.7090  0.111874D+01  0.111527D+01  0.277851D+03
  316.8651  0.116296D+01  0.116786D+01 -0.386056D+03
  317.0209  0.127500D+01  0.126822D+01  0.526261D+03
  317.1768  0.140292D+01  0.141072D+01 -0.604907D+03
  317.3326  0.147261D+01  0.147432D+01 -0.132978D+03
  317.4883  0.145298D+01  0.144949D+01  0.270320D+03
  317.6439  0.142163D+01  0.141646D+01  0.400773D+03
  317.7994  0.130438D+01  0.131112D+01 -0.522845D+03
  317.9549  0.109768D+01  0.108952D+01  0.653399D+03
  318.1103  0.915173D+00  0.922498D+00 -0.700645D+03
  318.2656  0.901638D+00  0.904127D+00 -0.240451D+03
  318.4208  0.980396D+00  0.978482D+00  0.167290D+03
  318.5760  0.108061D+01  0.108043D+01  0.142649D+02
  318.7311  0.118124D+01  0.118110D+01  0.103884D+02
  318.8861  0.129549D+01  0.128079D+01  0.114020D+04
  319.0410  0.129092D+01  0.129623D+01 -0.411599D+03
  319.1959  0.114504D+01  0.114215D+01  0.225330D+03
  319.3507  0.100298D+01  0.100358D+01 -0.491207D+02
  319.5054  0.101951D+01  0.103699D+01 -0.140826D+04
  319.6601  0.113994D+01  0.114122D+01 -0.993220D+02
  319.8147  0.126514D+01  0.125641D+01  0.676690D+03
   21 317.644 320.741 319.192  2.874D-04  0.000D+00  1.005D+00  5.903D+02 10300  3.150D-03
  317.6439  0.142163D+01  0.141808D+01  0.275656D+03
  317.7994  0.130438D+01  0.131102D+01 -0.515090D+03
  317.9549  0.109768D+01  0.108911D+01  0.685821D+03
  318.1103  0.915173D+00  0.922236D+00 -0.675563D+03
  318.2656  0.901638D+00  0.903897D+00 -0.218256D+03
  318.4208  0.980396D+00  0.978368D+00  0.177195D+03
  318.5760  0.108061D+01  0.108057D+01  0.327894D+01
  318.7311  0.118124D+01  0.118160D+01 -0.279254D+02
  318.8861  0.129549D+01  0.128163D+01  0.107486D+04
  319.0410  0.129092D+01  0.129712D+01 -0.480362D+03
  319.1959  0.114504D+01  0.114258D+01  0.191652D+03
  319.3507  0.100298D+01  0.100367D+01 -0.564785D+02
  319.5054  0.101951D+01  0.103670D+01 -0.138522D+04
  319.6601  0.113994D+01  0.113974D+01  0.160323D+02
  319.8147  0.126514D+01  0.125286D+01  0.951827D+03
  319.9692  0.132959D+01  0.133686D+01 -0.563632D+03
  320.1236  0.136416D+01  0.135072D+01  0.102876D+04
  320.2780  0.137568D+01  0.138259D+01 -0.535344D+03
  320.4323  0.144820D+01  0.145065D+01 -0.183096D+03
  320.5865  0.149347D+01  0.149431D+01 -0.590113D+02
  320.7406  0.146633D+01  0.146442D+01  0.137121D+03
   21 318.576 321.664 320.120  4.868D-04  0.000D+00  1.002D+00  5.444D+02 10300  2.873D-03
  318.5760  0.108061D+01  0.108284D+01 -0.176678D+03
  318.7311  0.118124D+01  0.118332D+01 -0.162089D+03
  318.8861  0.129549D+01  0.128283D+01  0.982074D+03
  319.0410  0.129092D+01  0.129798D+01 -0.547087D+03
  319.1959  0.114504D+01  0.114296D+01  0.162123D+03
  319.3507  0.100298D+01  0.100340D+01 -0.342333D+02
  319.5054  0.101951D+01  0.103611D+01 -0.133724D+04
  319.6601  0.113994D+01  0.113896D+01  0.765624D+02
  319.8147  0.126514D+01  0.125198D+01  0.102031D+04
  319.9692  0.132959D+01  0.133611D+01 -0.505576D+03
  320.1236  0.136416D+01  0.135013D+01  0.107457D+04
  320.2780  0.137568D+01  0.138224D+01 -0.508050D+03
  320.4323  0.144820D+01  0.145072D+01 -0.188600D+03
  320.5865  0.149347D+01  0.149502D+01 -0.108376D+03
  320.7406  0.146633D+01  0.146590D+01  0.311505D+02
  320.8947  0.134025D+01  0.133950D+01  0.576177D+02
  321.0486  0.116139D+01  0.115944D+01  0.151308D+03
  321.2026  0.102013D+01  0.102170D+01 -0.124682D+03
  321.3564  0.966316D+00  0.970550D+00 -0.341087D+03
  321.5102  0.101352D+01  0.100767D+01  0.403345D+03
  321.6639  0.110615D+01  0.110665D+01 -0.389840D+02
   21 319.505 322.585 321.045 -1.313D-03  0.000D+00  9.952D-01  5.335D+02 10000  3.584D-03
  319.5054  0.101951D+01  0.103127D+01 -0.947743D+03
  319.6601  0.113994D+01  0.113629D+01  0.284602D+03
  319.8147  0.126514D+01  0.125105D+01  0.109203D+04
  319.9692  0.132959D+01  0.133576D+01 -0.478565D+03
  320.1236  0.136416D+01  0.135030D+01  0.106112D+04
  320.2780  0.137568D+01  0.138366D+01 -0.618590D+03
  320.4323  0.144820D+01  0.145265D+01 -0.332618D+03
  320.5865  0.149347D+01  0.149650D+01 -0.211866D+03
  320.7406  0.146633D+01  0.146638D+01 -0.364922D+01
  320.8947  0.134025D+01  0.133897D+01  0.992164D+02
  321.0486  0.116139D+01  0.115903D+01  0.183476D+03
  321.2026  0.102013D+01  0.102246D+01 -0.185085D+03
  321.3564  0.966316D+00  0.972961D+00 -0.535355D+03
  321.5102  0.101352D+01  0.101220D+01  0.906590D+02
  321.6639  0.110615D+01  0.111367D+01 -0.584648D+03
  321.8175  0.124575D+01  0.123583D+01  0.769295D+03
  321.9711  0.134024D+01  0.133853D+01  0.130153D+03
  322.1246  0.133753D+01  0.133871D+01 -0.907015D+02
  322.2780  0.126045D+01  0.125239D+01  0.624477D+03
  322.4313  0.118968D+01  0.119284D+01 -0.244434D+03
  322.5846  0.113097D+01  0.113562D+01 -0.360709D+03
   21 320.432 323.503 321.967 -8.148D-04  0.000D+00  9.870D-01  3.528D+02 10300  2.055D-03
  320.4323  0.144820D+01  0.144869D+01 -0.366935D+02
  320.5865  0.149347D+01  0.149364D+01 -0.118258D+02
  320.7406  0.146633D+01  0.146478D+01  0.111408D+03
  320.8947  0.134025D+01  0.133857D+01  0.129857D+03
  321.0486  0.116139D+01  0.115934D+01  0.159482D+03
  321.2026  0.102013D+01  0.102295D+01 -0.224413D+03
  321.3564  0.966316D+00  0.973434D+00 -0.573437D+03
  321.5102  0.101352D+01  0.101261D+01  0.630085D+02
  321.6639  0.110615D+01  0.111409D+01 -0.616996D+03
  321.8175  0.124575D+01  0.123625D+01  0.737009D+03
  321.9711  0.134024D+01  0.133899D+01  0.949941D+02
  322.1246  0.133753D+01  0.133917D+01 -0.126513D+03
  322.2780  0.126045D+01  0.125230D+01  0.631058D+03
  322.4313  0.118968D+01  0.119192D+01 -0.173522D+03
  322.5846  0.113097D+01  0.113407D+01 -0.240010D+03
  322.7378  0.103819D+01  0.103604D+01  0.168668D+03
  322.8909  0.953472D+00  0.962235D+00 -0.701635D+03
  323.0440  0.983964D+00  0.979390D+00  0.362447D+03
  323.1970  0.107745D+01  0.107809D+01 -0.498962D+02
  323.3499  0.112301D+01  0.112538D+01 -0.184079D+03
  323.5027  0.109107D+01  0.108817D+01  0.225128D+03
   21 321.356 324.418 322.887 -4.658D-03  0.000D+00  9.862D-01  3.646D+02 10300  3.080D-03
  321.3564  0.966316D+00  0.968057D+00 -0.140272D+03
  321.5102  0.101352D+01  0.101055D+01  0.204327D+03
  321.6639  0.110615D+01  0.111410D+01 -0.617962D+03
  321.8175  0.124575D+01  0.123771D+01  0.623470D+03
  321.9711  0.134024D+01  0.134030D+01 -0.432985D+01
  322.1246  0.133753D+01  0.133862D+01 -0.843380D+02
  322.2780  0.126045D+01  0.125202D+01  0.653193D+03
  322.4313  0.118968D+01  0.119326D+01 -0.277357D+03
  322.5846  0.113097D+01  0.113452D+01 -0.275388D+03
  322.7378  0.103819D+01  0.103586D+01  0.182334D+03
  322.8909  0.953472D+00  0.963116D+00 -0.772188D+03
  323.0440  0.983964D+00  0.982388D+00  0.124891D+03
  323.1970  0.107745D+01  0.108060D+01 -0.244836D+03
  323.3499  0.112301D+01  0.112359D+01 -0.449861D+02
  323.5027  0.109107D+01  0.108364D+01  0.576715D+03
  323.6555  0.107389D+01  0.107530D+01 -0.109474D+03
  323.8082  0.112998D+01  0.113099D+01 -0.782826D+02
  323.9608  0.121299D+01  0.120766D+01  0.413229D+03
  324.1134  0.128519D+01  0.128426D+01  0.716803D+02
  324.2659  0.132042D+01  0.132551D+01 -0.371902D+03
  324.4183  0.133947D+01  0.133896D+01  0.359305D+02
   21 322.278 325.331 323.805 -4.902D-03  0.000D+00  9.898D-01  3.604D+02 10340  3.782D-03
  322.2780  0.126045D+01  0.125511D+01  0.413632D+03
  322.4313  0.118968D+01  0.119401D+01 -0.335695D+03
  322.5846  0.113097D+01  0.113376D+01 -0.216424D+03
  322.7378  0.103819D+01  0.103447D+01  0.291053D+03
  322.8909  0.953472D+00  0.961712D+00 -0.659787D+03
  323.0440  0.983964D+00  0.981233D+00  0.216458D+03
  323.1970  0.107745D+01  0.107970D+01 -0.174628D+03
  323.3499  0.112301D+01  0.112300D+01  0.707352D+00
  323.5027  0.109107D+01  0.108354D+01  0.584004D+03
  323.6555  0.107389D+01  0.107574D+01 -0.143489D+03
  323.8082  0.112998D+01  0.113175D+01 -0.137305D+03
  323.9608  0.121299D+01  0.120836D+01  0.358919D+03
  324.1134  0.128519D+01  0.128434D+01  0.653467D+02
  324.2659  0.132042D+01  0.132419D+01 -0.275105D+03
  324.4183  0.133947D+01  0.133548D+01  0.284151D+03
  324.5706  0.136073D+01  0.136095D+01 -0.150865D+02
  324.7229  0.133235D+01  0.133897D+01 -0.457820D+03
  324.8751  0.126889D+01  0.126263D+01  0.470271D+03
  325.0273  0.122742D+01  0.123793D+01 -0.773049D+03
  325.1793  0.127671D+01  0.127468D+01  0.146263D+03
  325.3313  0.134084D+01  0.133671D+01  0.280982D+03
   21 323.197 326.242 324.719 -2.818D-03  0.000D+00  9.909D-01  3.717D+02 10000  3.879D-03
  323.1970  0.107745D+01  0.107747D+01 -0.211774D+01
  323.3499  0.112301D+01  0.112451D+01 -0.116580D+03
  323.5027  0.109107D+01  0.108659D+01  0.347777D+03
  323.6555  0.107389D+01  0.107812D+01 -0.328285D+03
  323.8082  0.112998D+01  0.113327D+01 -0.255471D+03
  323.9608  0.121299D+01  0.120905D+01  0.305767D+03
  324.1134  0.128519D+01  0.128402D+01  0.895767D+02
  324.2659  0.132042D+01  0.132325D+01 -0.206619D+03
  324.4183  0.133947D+01  0.133343D+01  0.430107D+03
  324.5706  0.136073D+01  0.135815D+01  0.178069D+03
  324.7229  0.133235D+01  0.133739D+01 -0.348796D+03
  324.8751  0.126889D+01  0.126222D+01  0.500842D+03
  325.0273  0.122742D+01  0.123854D+01 -0.818017D+03
  325.1793  0.127671D+01  0.127842D+01 -0.123383D+03
  325.3313  0.134084D+01  0.134581D+01 -0.337945D+03
  325.4832  0.146318D+01  0.145587D+01  0.479624D+03
  325.6351  0.158793D+01  0.159514D+01 -0.465406D+03
  325.7869  0.169520D+01  0.168536D+01  0.635804D+03
  325.9386  0.174281D+01  0.173751D+01  0.341006D+03
  326.0902  0.175561D+01  0.175982D+01 -0.266756D+03
  326.2418  0.172944D+01  0.173187D+01 -0.155315D+03
   21 324.113 327.150 325.632  3.155D-03  0.000D+00  9.996D-01  4.185D+02 10300  4.159D-03
  324.1134  0.128519D+01  0.128727D+01 -0.159565D+03
  324.2659  0.132042D+01  0.132395D+01 -0.257761D+03
  324.4183  0.133947D+01  0.133145D+01  0.571623D+03
  324.5706  0.136073D+01  0.135478D+01  0.410261D+03
  324.7229  0.133235D+01  0.133730D+01 -0.342043D+03
  324.8751  0.126889D+01  0.126340D+01  0.412074D+03
  325.0273  0.122742D+01  0.123804D+01 -0.781219D+03
  325.1793  0.127671D+01  0.127805D+01 -0.969130D+02
  325.3313  0.134084D+01  0.134609D+01 -0.357039D+03
  325.4832  0.146318D+01  0.145558D+01  0.498631D+03
  325.6351  0.158793D+01  0.159626D+01 -0.537746D+03
  325.7869  0.169520D+01  0.168813D+01  0.457120D+03
  325.9386  0.174281D+01  0.173811D+01  0.302500D+03
  326.0902  0.175561D+01  0.175678D+01 -0.742185D+02
  326.2418  0.172944D+01  0.172240D+01  0.448880D+03
  326.3933  0.164060D+01  0.165357D+01 -0.838527D+03
  326.5447  0.160943D+01  0.160225D+01  0.464038D+03
  326.6961  0.164605D+01  0.164937D+01 -0.214702D+03
  326.8474  0.171957D+01  0.171962D+01 -0.348547D+01
  326.9987  0.169454D+01  0.169679D+01 -0.144465D+03
  327.1498  0.161940D+01  0.161686D+01  0.163846D+03
   21 325.027 328.055 326.541  3.464D-03  0.000D+00  1.006D+00  3.594D+02 10300  4.263D-03
  325.0273  0.122742D+01  0.122706D+01  0.265994D+02
  325.1793  0.127671D+01  0.127317D+01  0.254886D+03
  325.3313  0.134084D+01  0.134541D+01 -0.310917D+03
  325.4832  0.146318D+01  0.145759D+01  0.366749D+03
  325.6351  0.158793D+01  0.160010D+01 -0.785599D+03
  325.7869  0.169520D+01  0.169209D+01  0.200913D+03
  325.9386  0.174281D+01  0.174093D+01  0.120679D+03
  326.0902  0.175561D+01  0.175789D+01 -0.144376D+03
  326.2418  0.172944D+01  0.172145D+01  0.509857D+03
  326.3933  0.164060D+01  0.165094D+01 -0.668242D+03
  326.5447  0.160943D+01  0.159876D+01  0.689397D+03
  326.6961  0.164605D+01  0.164551D+01  0.352413D+02
  326.8474  0.171957D+01  0.171655D+01  0.193339D+03
  326.9987  0.169454D+01  0.169768D+01 -0.201263D+03
  327.1498  0.161940D+01  0.162455D+01 -0.332995D+03
  327.3009  0.160345D+01  0.160720D+01 -0.242206D+03
  327.4519  0.164854D+01  0.164885D+01 -0.200641D+02
  327.6029  0.166295D+01  0.166017D+01  0.179538D+03
  327.7538  0.162952D+01  0.162358D+01  0.383824D+03
  327.9046  0.158306D+01  0.158815D+01 -0.328546D+03
  328.0554  0.157866D+01  0.157763D+01  0.664596D+02
   21 325.939 328.958 327.449  7.631D-04  0.000D+00  9.991D-01  3.583D+02 10340  3.961D-03
  325.9386  0.174281D+01  0.174521D+01 -0.154075D+03
  326.0902  0.175561D+01  0.175933D+01 -0.235506D+03
  326.2418  0.172944D+01  0.172049D+01  0.571306D+03
  326.3933  0.164060D+01  0.164887D+01 -0.534401D+03
  326.5447  0.160943D+01  0.159801D+01  0.737920D+03
  326.6961  0.164605D+01  0.164635D+01 -0.194711D+02
  326.8474  0.171957D+01  0.171618D+01  0.217122D+03
  326.9987  0.169454D+01  0.169631D+01 -0.113768D+03
  327.1498  0.161940D+01  0.162462D+01 -0.337735D+03
  327.3009  0.160345D+01  0.160928D+01 -0.376778D+03
  327.4519  0.164854D+01  0.165092D+01 -0.153778D+03
  327.6029  0.166295D+01  0.166127D+01  0.108458D+03
  327.7538  0.162952D+01  0.162411D+01  0.349775D+03
  327.9046  0.158306D+01  0.158822D+01 -0.333129D+03
  328.0554  0.157866D+01  0.157672D+01  0.125003D+03
  328.2061  0.157315D+01  0.157852D+01 -0.347024D+03
  328.3566  0.159004D+01  0.157760D+01  0.803908D+03
  328.5072  0.155114D+01  0.155150D+01 -0.230797D+02
  328.6577  0.146967D+01  0.147327D+01 -0.233807D+03
  328.8081  0.144799D+01  0.144556D+01  0.126630D+03
  328.9584  0.157296D+01  0.157526D+01 -0.148714D+03
   21 326.847 329.859 328.353 -8.921D-04  0.000D+00  1.001D+00  3.105D+02 10000  3.412D-03
  326.8474  0.171957D+01  0.171882D+01  0.476585D+02
  326.9987  0.169454D+01  0.169487D+01 -0.209633D+02
  327.1498  0.161940D+01  0.162156D+01 -0.139917D+03
  327.3009  0.160345D+01  0.160644D+01 -0.192943D+03
  327.4519  0.164854D+01  0.164818D+01  0.233391D+02
  327.6029  0.166295D+01  0.165856D+01  0.283963D+03
  327.7538  0.162952D+01  0.162225D+01  0.469545D+03
  327.9046  0.158306D+01  0.158789D+01 -0.312134D+03
  328.0554  0.157866D+01  0.157794D+01  0.461969D+02
  328.2061  0.157315D+01  0.158092D+01 -0.502368D+03
  328.3566  0.159004D+01  0.158072D+01  0.602096D+03
  328.5072  0.155114D+01  0.155432D+01 -0.205616D+03
  328.6577  0.146967D+01  0.147526D+01 -0.362692D+03
  328.8081  0.144799D+01  0.144781D+01  0.967796D+01
  328.9584  0.157296D+01  0.157680D+01 -0.248112D+03
  329.1087  0.174369D+01  0.174587D+01 -0.135635D+03
  329.2589  0.185077D+01  0.183657D+01  0.820766D+03
  329.4090  0.188504D+01  0.188677D+01 -0.993031D+02
  329.5591  0.191048D+01  0.191047D+01  0.627609D+00
  329.7091  0.191064D+01  0.191181D+01 -0.669700D+02
  329.8591  0.192658D+01  0.192802D+01 -0.820870D+02
   21 327.754 330.757 329.256 -5.713D-03  0.000D+00  1.008D+00  4.834D+02 10300  4.417D-03
  327.7538  0.162952D+01  0.162346D+01  0.391600D+03
  327.9046  0.158306D+01  0.158901D+01 -0.384547D+03
  328.0554  0.157866D+01  0.157900D+01 -0.223070D+02
  328.2061  0.157315D+01  0.158135D+01 -0.530289D+03
  328.3566  0.159004D+01  0.158021D+01  0.634986D+03
  328.5072  0.155114D+01  0.155176D+01 -0.400901D+02
  328.6577  0.146967D+01  0.147082D+01 -0.745968D+02
  328.8081  0.144799D+01  0.144680D+01  0.622744D+02
  328.9584  0.157296D+01  0.158008D+01 -0.460107D+03
  329.1087  0.174369D+01  0.174748D+01 -0.236302D+03
  329.2589  0.185077D+01  0.183565D+01  0.873864D+03
  329.4090  0.188504D+01  0.188549D+01 -0.262048D+02
  329.5591  0.191048D+01  0.190882D+01  0.936561D+02
  329.7091  0.191064D+01  0.191132D+01 -0.388100D+02
  329.8591  0.192658D+01  0.193029D+01 -0.211555D+03
  330.0089  0.198666D+01  0.198020D+01  0.365582D+03
  330.1587  0.196006D+01  0.197484D+01 -0.837791D+03
  330.3085  0.186453D+01  0.184703D+01  0.100439D+04
  330.4581  0.169348D+01  0.170150D+01 -0.505629D+03
  330.6077  0.156770D+01  0.157719D+01 -0.612965D+03
  330.7573  0.154357D+01  0.153442D+01  0.588590D+03
   21 328.658 331.653 330.155 -1.885D-03  0.000D+00  1.006D+00  4.518D+02 10000  3.535D-03
  328.6577  0.146967D+01  0.146920D+01  0.306892D+02
  328.8081  0.144799D+01  0.144470D+01  0.171791D+03
  328.9584  0.157296D+01  0.157762D+01 -0.301132D+03
  329.1087  0.174369D+01  0.174816D+01 -0.278718D+03
  329.2589  0.185077D+01  0.183842D+01  0.713522D+03
  329.4090  0.188504D+01  0.188825D+01 -0.184594D+03
  329.5591  0.191048D+01  0.191121D+01 -0.410983D+02
  329.7091  0.191064D+01  0.191220D+01 -0.895252D+02
  329.8591  0.192658D+01  0.192867D+01 -0.119336D+03
  330.0089  0.198666D+01  0.197654D+01  0.572296D+03
  330.1587  0.196006D+01  0.197288D+01 -0.726886D+03
  330.3085  0.186453D+01  0.184713D+01  0.998877D+03
  330.4581  0.169348D+01  0.170172D+01 -0.519819D+03
  330.6077  0.156770D+01  0.157825D+01 -0.681603D+03
  330.7573  0.154357D+01  0.153443D+01  0.587911D+03
  330.9067  0.162015D+01  0.162767D+01 -0.483536D+03
  331.0562  0.173375D+01  0.172647D+01  0.434210D+03
  331.2054  0.173715D+01  0.173163D+01  0.326155D+03
  331.3547  0.166091D+01  0.166464D+01 -0.237170D+03
  331.5039  0.160667D+01  0.160729D+01 -0.399068D+02
  331.6531  0.164266D+01  0.164294D+01 -0.177312D+02
   21 329.559 332.547 331.053 -6.387D-04  0.000D+00  9.990D-01  4.902D+02 10300  3.860D-03
  329.5591  0.191048D+01  0.191424D+01 -0.212140D+03
  329.7091  0.191064D+01  0.191242D+01 -0.102253D+03
  329.8591  0.192658D+01  0.192678D+01 -0.114566D+02
  330.0089  0.198666D+01  0.197349D+01  0.744693D+03
  330.1587  0.196006D+01  0.197052D+01 -0.593216D+03
  330.3085  0.186453D+01  0.184594D+01  0.106695D+04
  330.4581  0.169348D+01  0.170119D+01 -0.486130D+03
  330.6077  0.156770D+01  0.157842D+01 -0.692657D+03
  330.7573  0.154357D+01  0.153438D+01  0.590567D+03
  330.9067  0.162015D+01  0.162782D+01 -0.493316D+03
  331.0562  0.173375D+01  0.172814D+01  0.334649D+03
  331.2054  0.173715D+01  0.173470D+01  0.144802D+03
  331.3547  0.166091D+01  0.166812D+01 -0.458789D+03
  331.5039  0.160667D+01  0.160983D+01 -0.204213D+03
  331.6531  0.164266D+01  0.164373D+01 -0.684617D+02
  331.8021  0.173075D+01  0.173136D+01 -0.356079D+02
  331.9511  0.177605D+01  0.176515D+01  0.479540D+03
  332.1001  0.172188D+01  0.171270D+01  0.536202D+03
  332.2489  0.160098D+01  0.160715D+01 -0.394693D+03
  332.3978  0.156356D+01  0.155502D+01  0.549760D+03
  332.5465  0.163305D+01  0.164157D+01 -0.521085D+03
   21 330.458 333.438 331.948 -1.580D-03  0.000D+00  1.002D+00  3.560D+02 10000  2.945D-03
  330.4581  0.169348D+01  0.169496D+01 -0.934933D+02
  330.6077  0.156770D+01  0.157320D+01 -0.355383D+03
  330.7573  0.154357D+01  0.153085D+01  0.817701D+03
  330.9067  0.162015D+01  0.162559D+01 -0.349850D+03
  331.0562  0.173375D+01  0.172642D+01  0.437116D+03
  331.2054  0.173715D+01  0.173354D+01  0.213356D+03
  331.3547  0.166091D+01  0.166781D+01 -0.438845D+03
  331.5039  0.160667D+01  0.161079D+01 -0.266026D+03
  331.6531  0.164266D+01  0.164602D+01 -0.213812D+03
  331.8021  0.173075D+01  0.173410D+01 -0.197000D+03
  331.9511  0.177605D+01  0.176737D+01  0.382144D+03
  332.1001  0.172188D+01  0.171382D+01  0.470879D+03
  332.2489  0.160098D+01  0.160702D+01 -0.386122D+03
  332.3978  0.156356D+01  0.155402D+01  0.613935D+03
  332.5465  0.163305D+01  0.163871D+01 -0.345673D+03
  332.6952  0.171635D+01  0.171946D+01 -0.179086D+03
  332.8438  0.167998D+01  0.167682D+01  0.184387D+03
  332.9923  0.161610D+01  0.161564D+01  0.278880D+02
  333.1408  0.163999D+01  0.164401D+01 -0.236703D+03
  333.2892  0.169939D+01  0.169727D+01  0.121814D+03
  333.4375  0.165367D+01  0.165354D+01  0.741583D+01
   21 331.355 334.326 332.840  9.783D-04  0.000D+00  1.003D+00  2.920D+02 10300  2.546D-03
  331.3547  0.166091D+01  0.165900D+01  0.121931D+03
  331.5039  0.160667D+01  0.160659D+01  0.554696D+01
  331.6531  0.164266D+01  0.164383D+01 -0.748720D+02
  331.8021  0.173075D+01  0.173451D+01 -0.221046D+03
  331.9511  0.177605D+01  0.177064D+01  0.238050D+03
  332.1001  0.172188D+01  0.171867D+01  0.187380D+03
  332.2489  0.160098D+01  0.161152D+01 -0.674227D+03
  332.3978  0.156356D+01  0.155542D+01  0.523738D+03
  332.5465  0.163305D+01  0.163720D+01 -0.253526D+03
  332.6952  0.171635D+01  0.171831D+01 -0.112594D+03
  332.8438  0.167998D+01  0.167610D+01  0.226702D+03
  332.9923  0.161610D+01  0.161309D+01  0.182630D+03
  333.1408  0.163999D+01  0.163951D+01  0.282472D+02
  333.2892  0.169939D+01  0.169375D+01  0.324171D+03
  333.4375  0.165367D+01  0.165352D+01  0.843059D+01
  333.5858  0.151185D+01  0.151841D+01 -0.416637D+03
  333.7341  0.144993D+01  0.144483D+01  0.329422D+03
  333.8822  0.151107D+01  0.151970D+01 -0.550104D+03
  334.0303  0.161306D+01  0.161291D+01  0.823435D+01
  334.1783  0.164439D+01  0.164460D+01 -0.118979D+02
  334.3262  0.169062D+01  0.168675D+01  0.219952D+03
   19 332.249 334.917 333.583 -1.263D-03  0.000D+00  9.994D-01  3.317D+02 10300  2.939D-03
  332.2489  0.160098D+01  0.160661D+01 -0.360355D+03
  332.3978  0.156356D+01  0.155384D+01  0.625660D+03
  332.5465  0.163305D+01  0.163806D+01 -0.306299D+03
  332.6952  0.171635D+01  0.171835D+01 -0.114915D+03
  332.8438  0.167998D+01  0.167558D+01  0.256956D+03
  332.9923  0.161610D+01  0.161422D+01  0.114451D+03
  333.1408  0.163999D+01  0.164209D+01 -0.123635D+03
  333.2892  0.169939D+01  0.169535D+01  0.232118D+03
  333.4375  0.165367D+01  0.165309D+01  0.341092D+02
  333.5858  0.151185D+01  0.151771D+01 -0.372447D+03
  333.7341  0.144993D+01  0.144620D+01  0.241113D+03
  333.8822  0.151107D+01  0.152140D+01 -0.658417D+03
  334.0303  0.161306D+01  0.161258D+01  0.274096D+02
  334.1783  0.164439D+01  0.164290D+01  0.860616D+02
  334.3262  0.169062D+01  0.168458D+01  0.343346D+03
  334.4741  0.176710D+01  0.177233D+01 -0.294506D+03
  334.6219  0.183252D+01  0.182290D+01  0.534446D+03
  334.7697  0.176301D+01  0.176060D+01  0.135232D+03
  334.9174  0.160849D+01  0.161557D+01 -0.406865D+03
   13 333.141 334.917 334.029  3.449D-03  0.000D+00  9.990D-01  2.818D+02 10300  4.617D-03
  333.1408  0.163999D+01  0.164357D+01 -0.210956D+03
  333.2892  0.169939D+01  0.169336D+01  0.346230D+03
  333.4375  0.165367D+01  0.165262D+01  0.613287D+02
  333.5858  0.151185D+01  0.151790D+01 -0.384213D+03
  333.7341  0.144993D+01  0.144274D+01  0.464625D+03
  333.8822  0.151107D+01  0.151667D+01 -0.357181D+03
  334.0303  0.161306D+01  0.161196D+01  0.634023D+02
  334.1783  0.164439D+01  0.164543D+01 -0.595229D+02
  334.3262  0.169062D+01  0.168683D+01  0.215060D+03
  334.4741  0.176710D+01  0.177443D+01 -0.412343D+03
  334.6219  0.183252D+01  0.182586D+01  0.370107D+03
  334.7697  0.176301D+01  0.176264D+01  0.205564D+02
  334.9174  0.160849D+01  0.161040D+01 -0.110200D+03
