 solar_wavcal_vary
           0
 F F
nwav fwave lwave avgwav  shift    squeeze      sin       rms   exval
   21 263.906 271.037 267.471 -1.156D-01  0.000D+00  1.022D+00  1.828D+03   300  2.139D-02
  263.9063  0.436317D+00  0.410921D+00  0.433697D+03
  264.2713  0.442425D+00  0.428088D+00  0.391372D+04
  264.6353  0.342172D+00  0.360233D+00 -0.502137D+04
  264.9983  0.334843D+00  0.337078D+00 -0.662126D+03
  265.3604  0.394839D+00  0.393238D+00  0.437026D+03
  265.7215  0.402211D+00  0.406722D+00 -0.123145D+04
  266.0817  0.369054D+00  0.371372D+00 -0.632753D+03
  266.4410  0.352774D+00  0.346718D+00  0.172093D+04
  266.7994  0.354789D+00  0.349316D+00  0.153443D+04
  267.1569  0.356378D+00  0.362998D+00 -0.181228D+04
  267.5135  0.376574D+00  0.375695D+00  0.239855D+03
  267.8694  0.349997D+00  0.347038D+00  0.855311D+03
  268.2244  0.352662D+00  0.347664D+00  0.142015D+04
  268.5786  0.353455D+00  0.348407D+00  0.142677D+04
  268.9320  0.334618D+00  0.333838D+00  0.255890D+03
  269.2846  0.334647D+00  0.334622D+00  0.820532D+01
  269.6365  0.330807D+00  0.337996D+00 -0.247643D+04
  269.9876  0.374225D+00  0.381905D+00 -0.209654D+04
  270.3380  0.401954D+00  0.402573D+00 -0.169013D+03
  270.6877  0.386447D+00  0.380803D+00  0.154052D+04
  271.0367  0.369042D+00  0.366536D+00  0.684132D+03
   21 266.082 273.117 269.599 -2.075D-02  0.000D+00  1.015D+00  1.129D+03 10300  1.034D-02
  266.0817  0.369054D+00  0.377345D+00 -0.226350D+04
  266.4410  0.352774D+00  0.347018D+00  0.163552D+04
  266.7994  0.354789D+00  0.346315D+00  0.237591D+04
  267.1569  0.356378D+00  0.357410D+00 -0.282505D+03
  267.5135  0.376574D+00  0.377393D+00 -0.223722D+03
  267.8694  0.349997D+00  0.355465D+00 -0.158022D+04
  268.2244  0.352662D+00  0.346683D+00  0.169894D+04
  268.5786  0.353455D+00  0.352281D+00  0.331794D+03
  268.9320  0.334618D+00  0.338210D+00 -0.117726D+04
  269.2846  0.334647D+00  0.336186D+00 -0.505832D+03
  269.6365  0.330807D+00  0.334381D+00 -0.123132D+04
  269.9876  0.374225D+00  0.369823D+00  0.120173D+04
  270.3380  0.401954D+00  0.402376D+00 -0.115324D+03
  270.6877  0.386447D+00  0.387895D+00 -0.395313D+03
  271.0367  0.369042D+00  0.367920D+00  0.306128D+03
  271.3849  0.351777D+00  0.348348D+00  0.981350D+03
  271.7326  0.292794D+00  0.291378D+00  0.552522D+03
  272.0795  0.240894D+00  0.240392D+00  0.202039D+03
  272.4258  0.262244D+00  0.262561D+00 -0.123676D+03
  272.7715  0.313517D+00  0.316584D+00 -0.112581D+04
  273.1165  0.349228D+00  0.347592D+00  0.475353D+03
   21 268.224 275.174 271.699 -5.607D-03  0.000D+00  1.011D+00  8.675D+02 10000  6.036D-03
  268.2244  0.352662D+00  0.348896D+00  0.107005D+04
  268.5786  0.353455D+00  0.353946D+00 -0.138737D+03
  268.9320  0.334618D+00  0.339379D+00 -0.156049D+04
  269.2846  0.334647D+00  0.335862D+00 -0.399282D+03
  269.6365  0.330807D+00  0.333394D+00 -0.891348D+03
  269.9876  0.374225D+00  0.366466D+00  0.211825D+04
  270.3380  0.401954D+00  0.400361D+00  0.434944D+03
  270.6877  0.386447D+00  0.387635D+00 -0.324405D+03
  271.0367  0.369042D+00  0.367024D+00  0.550938D+03
  271.3849  0.351777D+00  0.349081D+00  0.771805D+03
  271.7326  0.292794D+00  0.294148D+00 -0.527785D+03
  272.0795  0.240894D+00  0.241345D+00 -0.181433D+03
  272.4258  0.262244D+00  0.261687D+00  0.217211D+03
  272.7715  0.313517D+00  0.316140D+00 -0.962834D+03
  273.1165  0.349228D+00  0.351919D+00 -0.782077D+03
  273.4610  0.297977D+00  0.299450D+00 -0.573566D+03
  273.8048  0.235723D+00  0.232759D+00  0.118978D+04
  274.1480  0.196643D+00  0.193860D+00  0.126642D+04
  274.4907  0.182552D+00  0.182088D+00  0.211067D+03
  274.8328  0.184285D+00  0.185299D+00 -0.461153D+03
  275.1744  0.219302D+00  0.219916D+00 -0.255980D+03
   21 270.338 277.213 273.775  7.212D-04  0.000D+00  1.008D+00  6.330D+02 10300  4.140D-03
  270.3380  0.401954D+00  0.400739D+00  0.331692D+03
  270.6877  0.386447D+00  0.388613D+00 -0.591327D+03
  271.0367  0.369042D+00  0.367430D+00  0.440088D+03
  271.3849  0.351777D+00  0.349740D+00  0.582946D+03
  271.7326  0.292794D+00  0.295235D+00 -0.951959D+03
  272.0795  0.240894D+00  0.241352D+00 -0.184369D+03
  272.4258  0.262244D+00  0.260408D+00  0.715810D+03
  272.7715  0.313517D+00  0.314249D+00 -0.268459D+03
  273.1165  0.349228D+00  0.351117D+00 -0.548861D+03
  273.4610  0.297977D+00  0.299967D+00 -0.775125D+03
  273.8048  0.235723D+00  0.233079D+00  0.106136D+04
  274.1480  0.196643D+00  0.193846D+00  0.127237D+04
  274.4907  0.182552D+00  0.181830D+00  0.328479D+03
  274.8328  0.184285D+00  0.184943D+00 -0.299277D+03
  275.1744  0.219302D+00  0.219349D+00 -0.195089D+02
  275.5154  0.248475D+00  0.247681D+00  0.309875D+03
  275.8559  0.296414D+00  0.298548D+00 -0.748500D+03
  276.1959  0.346562D+00  0.345955D+00  0.179065D+03
  276.5354  0.359415D+00  0.362830D+00 -0.932272D+03
  276.8743  0.361012D+00  0.361317D+00 -0.831770D+02
  277.2128  0.369182D+00  0.366624D+00  0.698165D+03
   21 272.426 279.234 275.830  7.405D-03  0.000D+00  1.000D+00  7.337D+02 10340  5.141D-03
  272.4258  0.262244D+00  0.260378D+00  0.727806D+03
  272.7715  0.313517D+00  0.313797D+00 -0.102506D+03
  273.1165  0.349228D+00  0.351934D+00 -0.786370D+03
  273.4610  0.297977D+00  0.301587D+00 -0.140587D+04
  273.8048  0.235723D+00  0.233983D+00  0.698639D+03
  274.1480  0.196643D+00  0.194065D+00  0.117290D+04
  274.4907  0.182552D+00  0.181543D+00  0.459222D+03
  274.8328  0.184285D+00  0.184250D+00  0.161802D+02
  275.1744  0.219302D+00  0.218089D+00  0.505106D+03
  275.5154  0.248475D+00  0.246924D+00  0.604781D+03
  275.8559  0.296414D+00  0.297133D+00 -0.252349D+03
  276.1959  0.346562D+00  0.346238D+00  0.956582D+02
  276.5354  0.359415D+00  0.364287D+00 -0.133012D+04
  276.8743  0.361012D+00  0.364297D+00 -0.896497D+03
  277.2128  0.369182D+00  0.371116D+00 -0.528087D+03
  277.5508  0.356938D+00  0.354175D+00  0.754035D+03
  277.8884  0.292051D+00  0.288705D+00  0.114168D+04
  278.2255  0.249251D+00  0.249422D+00 -0.615479D+02
  278.5621  0.237933D+00  0.237754D+00  0.696742D+02
  278.8983  0.200340D+00  0.199505D+00  0.325808D+03
  279.2341  0.142964D+00  0.144612D+00 -0.749886D+03
   21 274.491 281.240 277.865  1.991D-02  0.000D+00  9.920D-01  7.987D+02 10300  9.396D-03
  274.4907  0.182552D+00  0.182279D+00  0.123998D+03
  274.8328  0.184285D+00  0.185062D+00 -0.353350D+03
  275.1744  0.219302D+00  0.217726D+00  0.656355D+03
  275.5154  0.248475D+00  0.247891D+00  0.227795D+03
  275.8559  0.296414D+00  0.296136D+00  0.974504D+02
  276.1959  0.346562D+00  0.346832D+00 -0.796492D+02
  276.5354  0.359415D+00  0.364641D+00 -0.142668D+04
  276.8743  0.361012D+00  0.364429D+00 -0.932740D+03
  277.2128  0.369182D+00  0.369846D+00 -0.181158D+03
  277.5508  0.356938D+00  0.354344D+00  0.708152D+03
  277.8884  0.292051D+00  0.288671D+00  0.115359D+04
  278.2255  0.249251D+00  0.247307D+00  0.702211D+03
  278.5621  0.237933D+00  0.235793D+00  0.832786D+03
  278.8983  0.200340D+00  0.198940D+00  0.546193D+03
  279.2341  0.142964D+00  0.143925D+00 -0.437376D+03
  279.5694  0.109223D+00  0.112982D+00 -0.205183D+04
  279.9043  0.102323D+00  0.104603D+00 -0.124493D+04
  280.2388  0.108044D+00  0.109151D+00 -0.378042D+03
  280.5729  0.136968D+00  0.136410D+00  0.188560D+03
  280.9066  0.197003D+00  0.195585D+00  0.430120D+03
  281.2400  0.261574D+00  0.260027D+00  0.433665D+03
   21 276.535 283.232 279.884  5.378D-03  0.000D+00  1.014D+00  1.050D+03 10300  1.117D-02
  276.5354  0.359415D+00  0.362493D+00 -0.840321D+03
  276.8743  0.361012D+00  0.362133D+00 -0.305944D+03
  277.2128  0.369182D+00  0.369513D+00 -0.903444D+02
  277.5508  0.356938D+00  0.352947D+00  0.108927D+04
  277.8884  0.292051D+00  0.287253D+00  0.163725D+04
  278.2255  0.249251D+00  0.248690D+00  0.202658D+03
  278.5621  0.237933D+00  0.237728D+00  0.797129D+02
  278.8983  0.200340D+00  0.199282D+00  0.412821D+03
  279.2341  0.142964D+00  0.144104D+00 -0.518686D+03
  279.5694  0.109223D+00  0.113972D+00 -0.259265D+04
  279.9043  0.102323D+00  0.105811D+00 -0.190437D+04
  280.2388  0.108044D+00  0.110642D+00 -0.886759D+03
  280.5729  0.136968D+00  0.138750D+00 -0.602301D+03
  280.9066  0.197003D+00  0.196687D+00  0.959437D+02
  281.2400  0.261574D+00  0.257758D+00  0.106973D+04
  281.5729  0.328176D+00  0.326643D+00  0.418522D+03
  281.9055  0.383952D+00  0.385025D+00 -0.292763D+03
  282.2378  0.423628D+00  0.423095D+00  0.145468D+03
  282.5696  0.443920D+00  0.439450D+00  0.122026D+04
  282.9011  0.468637D+00  0.464946D+00  0.100751D+04
  283.2323  0.483718D+00  0.489588D+00 -0.160238D+04
   21 278.562 285.212 281.887 -9.182D-03  0.000D+00  1.009D+00  1.040D+03 10300  1.029D-02
  278.5621  0.237933D+00  0.237859D+00  0.291048D+02
  278.8983  0.200340D+00  0.197210D+00  0.122078D+04
  279.2341  0.142964D+00  0.141834D+00  0.514020D+03
  279.5694  0.109223D+00  0.112849D+00 -0.197968D+04
  279.9043  0.102323D+00  0.105115D+00 -0.152439D+04
  280.2388  0.108044D+00  0.110316D+00 -0.775347D+03
  280.5729  0.136968D+00  0.139339D+00 -0.801159D+03
  280.9066  0.197003D+00  0.197384D+00 -0.115363D+03
  281.2400  0.261574D+00  0.257704D+00  0.108487D+04
  281.5729  0.328176D+00  0.326129D+00  0.558945D+03
  281.9055  0.383952D+00  0.383466D+00  0.132642D+03
  282.2378  0.423628D+00  0.421098D+00  0.690520D+03
  282.5696  0.443920D+00  0.437974D+00  0.162330D+04
  282.9011  0.468637D+00  0.466457D+00  0.595121D+03
  283.2323  0.483718D+00  0.492511D+00 -0.240031D+04
  283.5631  0.466600D+00  0.471246D+00 -0.126807D+04
  283.8936  0.464089D+00  0.462836D+00  0.342195D+03
  284.2237  0.436828D+00  0.433802D+00  0.825969D+03
  284.5535  0.362211D+00  0.363486D+00 -0.347985D+03
  284.8830  0.248270D+00  0.247205D+00  0.323193D+03
  285.2122  0.155231D+00  0.154265D+00  0.329717D+03
   21 280.573 287.181 283.877 -2.268D-03  0.000D+00  1.004D+00  8.148D+02 10300  4.226D-03
  280.5729  0.136968D+00  0.139995D+00 -0.102292D+04
  280.9066  0.197003D+00  0.198164D+00 -0.351871D+03
  281.2400  0.261574D+00  0.258696D+00  0.806930D+03
  281.5729  0.328176D+00  0.327201D+00  0.266129D+03
  281.9055  0.383952D+00  0.384744D+00 -0.216047D+03
  282.2378  0.423628D+00  0.422352D+00  0.348320D+03
  282.5696  0.443920D+00  0.438823D+00  0.139144D+04
  282.9011  0.468637D+00  0.466127D+00  0.685156D+03
  283.2323  0.483718D+00  0.492312D+00 -0.234596D+04
  283.5631  0.466600D+00  0.470909D+00 -0.117633D+04
  283.8936  0.464089D+00  0.461617D+00  0.674809D+03
  284.2237  0.436828D+00  0.433215D+00  0.986355D+03
  284.5535  0.362211D+00  0.363766D+00 -0.424444D+03
  284.8830  0.248270D+00  0.248678D+00 -0.123870D+03
  285.2122  0.155231D+00  0.154248D+00  0.335424D+03
  285.5410  0.194004D+00  0.194953D+00 -0.293712D+03
  285.8696  0.334984D+00  0.335910D+00 -0.252694D+03
  286.1978  0.462658D+00  0.461294D+00  0.372405D+03
  286.5258  0.512500D+00  0.510958D+00  0.420772D+03
  286.8534  0.519506D+00  0.518507D+00  0.272784D+03
  287.1807  0.559313D+00  0.561396D+00 -0.558098D+03
   21 282.570 289.139 285.854  4.028D-04  0.000D+00  9.987D-01  7.780D+02 10300  3.040D-03
  282.5696  0.443920D+00  0.440669D+00  0.887474D+03
  282.9011  0.468637D+00  0.466321D+00  0.632190D+03
  283.2323  0.483718D+00  0.492245D+00 -0.232779D+04
  283.5631  0.466600D+00  0.469547D+00 -0.804303D+03
  283.8936  0.464089D+00  0.460319D+00  0.102926D+04
  284.2237  0.436828D+00  0.432433D+00  0.119988D+04
  284.5535  0.362211D+00  0.363823D+00 -0.440018D+03
  284.8830  0.248270D+00  0.249122D+00 -0.258486D+03
  285.2122  0.155231D+00  0.153197D+00  0.694167D+03
  285.5410  0.194004D+00  0.193243D+00  0.235736D+03
  285.8696  0.334984D+00  0.335151D+00 -0.455911D+02
  286.1978  0.462658D+00  0.461994D+00  0.181417D+03
  286.5258  0.512500D+00  0.512320D+00  0.492279D+02
  286.8534  0.519506D+00  0.518762D+00  0.203048D+03
  287.1807  0.559313D+00  0.562233D+00 -0.782265D+03
  287.5078  0.553674D+00  0.552348D+00  0.361983D+03
  287.8345  0.459854D+00  0.461607D+00 -0.478485D+03
  288.1610  0.372368D+00  0.370847D+00  0.415215D+03
  288.4872  0.462782D+00  0.465268D+00 -0.678551D+03
  288.8130  0.586879D+00  0.584404D+00  0.675750D+03
  289.1386  0.615486D+00  0.616008D+00 -0.142475D+03
   21 284.554 291.086 287.820  1.944D-03  0.000D+00  1.004D+00  5.072D+02 10300  1.936D-03
  284.5535  0.362211D+00  0.360939D+00  0.347375D+03
  284.8830  0.248270D+00  0.249026D+00 -0.229267D+03
  285.2122  0.155231D+00  0.155123D+00  0.370155D+02
  285.5410  0.194004D+00  0.194215D+00 -0.651292D+02
  285.8696  0.334984D+00  0.335163D+00 -0.489872D+02
  286.1978  0.462658D+00  0.462271D+00  0.105662D+03
  286.5258  0.512500D+00  0.513253D+00 -0.205489D+03
  286.8534  0.519506D+00  0.519976D+00 -0.128284D+03
  287.1807  0.559313D+00  0.562321D+00 -0.805749D+03
  287.5078  0.553674D+00  0.552396D+00  0.348806D+03
  287.8345  0.459854D+00  0.461508D+00 -0.451339D+03
  288.1610  0.372368D+00  0.368797D+00  0.974790D+03
  288.4872  0.462782D+00  0.462950D+00 -0.457626D+02
  288.8130  0.586879D+00  0.583308D+00  0.974946D+03
  289.1386  0.615486D+00  0.613404D+00  0.568201D+03
  289.4639  0.677957D+00  0.676756D+00  0.327705D+03
  289.7889  0.795740D+00  0.798053D+00 -0.631421D+03
  290.1137  0.900303D+00  0.901859D+00 -0.372921D+03
  290.4381  0.943804D+00  0.945576D+00 -0.483654D+03
  290.7623  0.913259D+00  0.915145D+00 -0.514913D+03
  291.0862  0.888693D+00  0.885402D+00  0.898548D+03
   21 286.526 293.024 289.775  2.992D-03  0.000D+00  1.002D+00  9.059D+02 10300  4.254D-03
  286.5258  0.512500D+00  0.513632D+00 -0.309153D+03
  286.8534  0.519506D+00  0.517470D+00  0.555853D+03
  287.1807  0.559313D+00  0.562310D+00 -0.802906D+03
  287.5078  0.553674D+00  0.552761D+00  0.249111D+03
  287.8345  0.459854D+00  0.461725D+00 -0.510655D+03
  288.1610  0.372368D+00  0.366092D+00  0.171324D+04
  288.4872  0.462782D+00  0.462335D+00  0.121953D+03
  288.8130  0.586879D+00  0.584028D+00  0.778374D+03
  289.1386  0.615486D+00  0.613981D+00  0.410779D+03
  289.4639  0.677957D+00  0.677683D+00  0.745786D+02
  289.7889  0.795740D+00  0.799280D+00 -0.966450D+03
  290.1137  0.900303D+00  0.903265D+00 -0.709659D+03
  290.4381  0.943804D+00  0.946791D+00 -0.815362D+03
  290.7623  0.913259D+00  0.916758D+00 -0.955099D+03
  291.0862  0.888693D+00  0.886655D+00  0.556442D+03
  291.4098  0.898655D+00  0.890253D+00  0.229370D+04
  291.7332  0.856151D+00  0.852140D+00  0.109511D+04
  292.0561  0.837957D+00  0.841729D+00 -0.102968D+04
  292.3789  0.791665D+00  0.793519D+00 -0.505980D+03
  292.7013  0.726124D+00  0.729337D+00 -0.877184D+03
  293.0235  0.800044D+00  0.798176D+00  0.509854D+03
   21 288.487 294.950 291.719  7.193D-03  0.000D+00  9.986D-01  9.237D+02 10340  4.331D-03
  288.4872  0.462782D+00  0.462803D+00 -0.561616D+01
  288.8130  0.586879D+00  0.588605D+00 -0.471188D+03
  289.1386  0.615486D+00  0.613366D+00  0.578623D+03
  289.4639  0.677957D+00  0.674540D+00  0.932727D+03
  289.7889  0.795740D+00  0.797498D+00 -0.480002D+03
  290.1137  0.900303D+00  0.902483D+00 -0.522398D+03
  290.4381  0.943804D+00  0.947089D+00 -0.896713D+03
  290.7623  0.913259D+00  0.915818D+00 -0.698596D+03
  291.0862  0.888693D+00  0.883791D+00  0.133827D+04
  291.4098  0.898655D+00  0.892202D+00  0.176169D+04
  291.7332  0.856151D+00  0.851180D+00  0.135714D+04
  292.0561  0.837957D+00  0.844403D+00 -0.175950D+04
  292.3789  0.791665D+00  0.797934D+00 -0.171130D+04
  292.7013  0.726124D+00  0.728320D+00 -0.599592D+03
  293.0235  0.800044D+00  0.799876D+00  0.457718D+02
  293.3454  0.902361D+00  0.900937D+00  0.388827D+03
  293.6670  0.809591D+00  0.805619D+00  0.108428D+04
  293.9883  0.731442D+00  0.732225D+00 -0.213516D+03
  294.3093  0.799170D+00  0.798271D+00  0.245531D+03
  294.6300  0.798880D+00  0.800238D+00 -0.370791D+03
  294.9504  0.736010D+00  0.736226D+00 -0.591902D+02
   21 290.438 296.866 293.652  7.206D-03  0.000D+00  9.999D-01  1.066D+03 10300  4.483D-03
  290.4381  0.943804D+00  0.947491D+00 -0.100629D+04
  290.7623  0.913259D+00  0.915833D+00 -0.702693D+03
  291.0862  0.888693D+00  0.883533D+00  0.140877D+04
  291.4098  0.898655D+00  0.891762D+00  0.188176D+04
  291.7332  0.856151D+00  0.850676D+00  0.149468D+04
  292.0561  0.837957D+00  0.843903D+00 -0.162310D+04
  292.3789  0.791665D+00  0.797546D+00 -0.160540D+04
  292.7013  0.726124D+00  0.728109D+00 -0.541946D+03
  293.0235  0.800044D+00  0.799875D+00  0.460663D+02
  293.3454  0.902361D+00  0.901295D+00  0.290923D+03
  293.6670  0.809591D+00  0.806339D+00  0.887827D+03
  293.9883  0.731442D+00  0.733297D+00 -0.506361D+03
  294.3093  0.799170D+00  0.799977D+00 -0.220071D+03
  294.6300  0.798880D+00  0.802567D+00 -0.100643D+04
  294.9504  0.736010D+00  0.738996D+00 -0.815343D+03
  295.2705  0.828502D+00  0.827465D+00  0.282989D+03
  295.5903  0.857061D+00  0.852809D+00  0.116079D+04
  295.9098  0.889848D+00  0.890038D+00 -0.518537D+02
  296.2289  0.917843D+00  0.913060D+00  0.130564D+04
  296.5478  0.762434D+00  0.761777D+00  0.179227D+03
  296.8663  0.615183D+00  0.621593D+00 -0.174978D+04
   21 292.379 298.770 295.575  6.877D-03  0.000D+00  9.961D-01  1.108D+03 10300  2.644D-03
  292.3789  0.791665D+00  0.791675D+00 -0.272394D+01
  292.7013  0.726124D+00  0.722113D+00  0.109476D+04
  293.0235  0.800044D+00  0.798858D+00  0.323628D+03
  293.3454  0.902361D+00  0.908527D+00 -0.168316D+04
  293.6670  0.809591D+00  0.807381D+00  0.603400D+03
  293.9883  0.731442D+00  0.731129D+00  0.856125D+02
  294.3093  0.799170D+00  0.802720D+00 -0.968999D+03
  294.6300  0.798880D+00  0.805301D+00 -0.175273D+04
  294.9504  0.736010D+00  0.732100D+00  0.106719D+04
  295.2705  0.828502D+00  0.828881D+00 -0.103512D+03
  295.5903  0.857061D+00  0.848924D+00  0.222119D+04
  295.9098  0.889848D+00  0.887296D+00  0.696620D+03
  296.2289  0.917843D+00  0.915912D+00  0.526921D+03
  296.5478  0.762434D+00  0.761616D+00  0.223382D+03
  296.8663  0.615183D+00  0.620059D+00 -0.133115D+04
  297.1845  0.664448D+00  0.667443D+00 -0.817495D+03
  297.5023  0.822612D+00  0.827899D+00 -0.144325D+04
  297.8198  0.975125D+00  0.972920D+00  0.601731D+03
  298.1370  0.784952D+00  0.784077D+00  0.238754D+03
  298.4538  0.568832D+00  0.575031D+00 -0.169205D+04
  298.7703  0.655550D+00  0.649708D+00  0.159471D+04
   21 294.309 300.661 297.485  3.612D-03  0.000D+00  1.025D+00  4.690D+03 10300  1.054D-02
  294.3093  0.799170D+00  0.816556D+00 -0.474591D+04
  294.6300  0.798880D+00  0.804804D+00 -0.161728D+04
  294.9504  0.736010D+00  0.725245D+00  0.293863D+04
  295.2705  0.828502D+00  0.819243D+00  0.252750D+04
  295.5903  0.857061D+00  0.837151D+00  0.543519D+04
  295.9098  0.889848D+00  0.878830D+00  0.300769D+04
  296.2289  0.917843D+00  0.913454D+00  0.119798D+04
  296.5478  0.762434D+00  0.760611D+00  0.497742D+03
  296.8663  0.615183D+00  0.623016D+00 -0.213834D+04
  297.1845  0.664448D+00  0.677334D+00 -0.351764D+04
  297.5023  0.822612D+00  0.846047D+00 -0.639718D+04
  297.8198  0.975125D+00  0.100042D+01 -0.690402D+04
  298.1370  0.784952D+00  0.795755D+00 -0.294919D+04
  298.4538  0.568832D+00  0.575761D+00 -0.189136D+04
  298.7703  0.655550D+00  0.649420D+00  0.167334D+04
  299.0864  0.863160D+00  0.828141D+00  0.955959D+04
  299.4022  0.810422D+00  0.769281D+00  0.112309D+05
  299.7175  0.783952D+00  0.780459D+00  0.953454D+03
  300.0325  0.656416D+00  0.671107D+00 -0.401050D+04
  300.3471  0.569064D+00  0.587031D+00 -0.490493D+04
  300.6613  0.683166D+00  0.688686D+00 -0.150683D+04
   21 296.229 302.538 299.383  7.279D-03  0.000D+00  1.012D+00  6.764D+03 10300  1.390D-02
  296.2289  0.917843D+00  0.892354D+00  0.695782D+04
  296.5478  0.762434D+00  0.759412D+00  0.825057D+03
  296.8663  0.615183D+00  0.626439D+00 -0.307257D+04
  297.1845  0.664448D+00  0.682949D+00 -0.505047D+04
  297.5023  0.822612D+00  0.851005D+00 -0.775080D+04
  297.8198  0.975125D+00  0.100451D+01 -0.802230D+04
  298.1370  0.784952D+00  0.797400D+00 -0.339823D+04
  298.4538  0.568832D+00  0.571752D+00 -0.797051D+03
  298.7703  0.655550D+00  0.636587D+00  0.517666D+04
  299.0864  0.863160D+00  0.808196D+00  0.150042D+05
  299.4022  0.810422D+00  0.752475D+00  0.158184D+05
  299.7175  0.783952D+00  0.762856D+00  0.575865D+04
  300.0325  0.656416D+00  0.665371D+00 -0.244451D+04
  300.3471  0.569064D+00  0.589665D+00 -0.562388D+04
  300.6613  0.683166D+00  0.709857D+00 -0.728621D+04
  300.9751  0.706317D+00  0.737124D+00 -0.840983D+04
  301.2885  0.815261D+00  0.828306D+00 -0.356112D+04
  301.6015  0.801859D+00  0.806943D+00 -0.136607D+04
  301.9140  0.610418D+00  0.612123D+00 -0.465417D+03
  302.2261  0.598750D+00  0.588039D+00  0.292395D+04
  302.5378  0.808813D+00  0.792377D+00  0.448675D+04
   21 298.137 304.398 301.268 -1.255D-02  0.000D+00  9.746D-01  6.511D+03 10300  1.512D-02
  298.1370  0.784952D+00  0.812927D+00 -0.763683D+04
  298.4538  0.568832D+00  0.581474D+00 -0.345085D+04
  298.7703  0.655550D+00  0.660424D+00 -0.133038D+04
  299.0864  0.863160D+00  0.824087D+00  0.106662D+05
  299.4022  0.810422D+00  0.751525D+00  0.160779D+05
  299.7175  0.783952D+00  0.771113D+00  0.350462D+04
  300.0325  0.656416D+00  0.655359D+00  0.288439D+03
  300.3471  0.569064D+00  0.597838D+00 -0.785493D+04
  300.6613  0.683166D+00  0.718646D+00 -0.968545D+04
  300.9751  0.706317D+00  0.745748D+00 -0.107639D+05
  301.2885  0.815261D+00  0.838238D+00 -0.627237D+04
  301.6015  0.801859D+00  0.803632D+00 -0.476459D+03
  301.9140  0.610418D+00  0.598037D+00  0.338001D+04
  302.2261  0.598750D+00  0.592896D+00  0.159797D+04
  302.5378  0.808813D+00  0.789321D+00  0.532116D+04
  302.8491  0.968987D+00  0.943158D+00  0.579451D+04
  303.1598  0.104268D+01  0.101575D+01  0.399265D+04
  303.4701  0.109116D+01  0.107661D+01  0.198695D+04
  303.7799  0.954105D+00  0.949502D+00  0.979559D+03
  304.0892  0.892279D+00  0.903241D+00 -0.299241D+04
  304.3981  0.977809D+00  0.100504D+01 -0.412804D+04
   21 300.033 306.240 303.136 -1.608D-03  0.000D+00  1.009D+00  2.762D+03 10300  7.721D-03
  300.0325  0.656416D+00  0.633529D+00  0.624789D+04
  300.3471  0.569064D+00  0.573276D+00 -0.114986D+04
  300.6613  0.683166D+00  0.694007D+00 -0.295937D+04
  300.9751  0.706317D+00  0.727534D+00 -0.579187D+04
  301.2885  0.815261D+00  0.823667D+00 -0.229480D+04
  301.6015  0.801859D+00  0.802190D+00 -0.890789D+02
  301.9140  0.610418D+00  0.606503D+00  0.106876D+04
  302.2261  0.598750D+00  0.591685D+00  0.192873D+04
  302.5378  0.808813D+00  0.792600D+00  0.442600D+04
  302.8491  0.968987D+00  0.952073D+00  0.379466D+04
  303.1598  0.104268D+01  0.102826D+01  0.213776D+04
  303.4701  0.109116D+01  0.109137D+01 -0.291214D+02
  303.7799  0.954105D+00  0.961779D+00 -0.163301D+04
  304.0892  0.892279D+00  0.901058D+00 -0.239639D+04
  304.3981  0.977809D+00  0.990004D+00 -0.184876D+04
  304.7064  0.999856D+00  0.100280D+01 -0.411451D+03
  305.0142  0.102159D+01  0.101898D+01  0.356029D+03
  305.3214  0.110675D+01  0.112086D+01 -0.192590D+04
  305.6282  0.912548D+00  0.928870D+00 -0.246071D+04
  305.9344  0.773633D+00  0.767084D+00  0.178767D+04
  306.2400  0.933368D+00  0.919266D+00  0.192491D+04
   21 312.084 315.238 313.661  1.170D-03  0.000D+00  1.005D+00  6.766D+02 10000  3.267D-03
  312.0840  0.956778D+00  0.957291D+00 -0.495318D+02
  312.2425  0.100113D+01  0.996008D+00  0.494383D+03
  312.4009  0.108034D+01  0.108641D+01 -0.580128D+03
  312.5592  0.110528D+01  0.110940D+01 -0.363610D+03
  312.7174  0.109837D+01  0.109295D+01  0.474440D+03
  312.8755  0.111637D+01  0.111992D+01 -0.250406D+03
  313.0336  0.113869D+01  0.113287D+01  0.466935D+03
  313.1915  0.111616D+01  0.111221D+01  0.321430D+03
  313.3494  0.107979D+01  0.108475D+01 -0.436245D+03
  313.5073  0.108946D+01  0.108990D+01 -0.375373D+02
  313.6650  0.115218D+01  0.115918D+01 -0.551823D+03
  313.8226  0.127252D+01  0.126839D+01  0.319387D+03
  313.9802  0.133637D+01  0.133830D+01 -0.149231D+03
  314.1377  0.132485D+01  0.130711D+01  0.136978D+04
  314.2952  0.111386D+01  0.113514D+01 -0.170041D+04
  314.4525  0.899166D+00  0.887642D+00  0.111221D+04
  314.6097  0.833746D+00  0.845793D+00 -0.116271D+04
  314.7670  0.100595D+01  0.100385D+01  0.198881D+03
  314.9241  0.116951D+01  0.116295D+01  0.508190D+03
  315.0811  0.123416D+01  0.123472D+01 -0.431943D+02
  315.2380  0.123661D+01  0.123799D+01 -0.106441D+03
   21 313.034 316.178 314.606 -2.765D-05  0.000D+00  1.006D+00  7.289D+02 10300  2.949D-03
  313.0336  0.113869D+01  0.113626D+01  0.195130D+03
  313.1915  0.111616D+01  0.111359D+01  0.208738D+03
  313.3494  0.107979D+01  0.108497D+01 -0.456139D+03
  313.5073  0.108946D+01  0.108983D+01 -0.314189D+02
  313.6650  0.115218D+01  0.115934D+01 -0.564158D+03
  313.8226  0.127252D+01  0.126867D+01  0.297274D+03
  313.9802  0.133637D+01  0.133817D+01 -0.139103D+03
  314.1377  0.132485D+01  0.130638D+01  0.142615D+04
  314.2952  0.111386D+01  0.113343D+01 -0.156353D+04
  314.4525  0.899166D+00  0.886631D+00  0.120980D+04
  314.6097  0.833746D+00  0.846976D+00 -0.127690D+04
  314.7670  0.100595D+01  0.100525D+01  0.661128D+02
  314.9241  0.116951D+01  0.116306D+01  0.499893D+03
  315.0811  0.123416D+01  0.123285D+01  0.101291D+03
  315.2380  0.123661D+01  0.123423D+01  0.183800D+03
  315.3949  0.121168D+01  0.121665D+01 -0.383547D+03
  315.5517  0.115689D+01  0.115019D+01  0.524945D+03
  315.7084  0.989176D+00  0.997480D+00 -0.774651D+03
  315.8651  0.823032D+00  0.817021D+00  0.580136D+03
  316.0217  0.739630D+00  0.749064D+00 -0.910564D+03
  316.1781  0.821545D+00  0.814853D+00  0.617354D+03
   21 313.980 317.115 315.548 -7.609D-04  0.000D+00  1.007D+00  7.832D+02 10000  3.188D-03
  313.9802  0.133637D+01  0.134157D+01 -0.401506D+03
  314.1377  0.132485D+01  0.130818D+01  0.128662D+04
  314.2952  0.111386D+01  0.113342D+01 -0.156296D+04
  314.4525  0.899166D+00  0.886134D+00  0.125779D+04
  314.6097  0.833746D+00  0.847310D+00 -0.130911D+04
  314.7670  0.100595D+01  0.100554D+01  0.386848D+02
  314.9241  0.116951D+01  0.116266D+01  0.530849D+03
  315.0811  0.123416D+01  0.123181D+01  0.181798D+03
  315.2380  0.123661D+01  0.123314D+01  0.268008D+03
  315.3949  0.121168D+01  0.121582D+01 -0.319341D+03
  315.5517  0.115689D+01  0.114966D+01  0.566405D+03
  315.7084  0.989176D+00  0.997358D+00 -0.763219D+03
  315.8651  0.823032D+00  0.817863D+00  0.498940D+03
  316.0217  0.739630D+00  0.751514D+00 -0.114696D+04
  316.1781  0.821545D+00  0.819427D+00  0.195381D+03
  316.3345  0.960015D+00  0.957902D+00  0.204002D+03
  316.4909  0.106109D+01  0.106221D+01 -0.925914D+02
  316.6472  0.111933D+01  0.110808D+01  0.880884D+03
  316.8033  0.114021D+01  0.115187D+01 -0.902814D+03
  316.9594  0.123301D+01  0.122324D+01  0.754835D+03
  317.1155  0.135999D+01  0.136446D+01 -0.345302D+03
   21 314.924 318.050 316.487 -9.195D-04  0.000D+00  1.008D+00  5.643D+02 10000  3.682D-03
  314.9241  0.116951D+01  0.116905D+01  0.361967D+02
  315.0811  0.123416D+01  0.123565D+01 -0.114488D+03
  315.2380  0.123661D+01  0.123474D+01  0.144416D+03
  315.3949  0.121168D+01  0.121574D+01 -0.313595D+03
  315.5517  0.115689D+01  0.114844D+01  0.661389D+03
  315.7084  0.989176D+00  0.995650D+00 -0.603916D+03
  315.8651  0.823032D+00  0.816280D+00  0.651668D+03
  316.0217  0.739630D+00  0.750226D+00 -0.102266D+04
  316.1781  0.821545D+00  0.818353D+00  0.294422D+03
  316.3345  0.960015D+00  0.957089D+00  0.282437D+03
  316.4909  0.106109D+01  0.106186D+01 -0.633162D+02
  316.6472  0.111933D+01  0.110846D+01  0.851334D+03
  316.8033  0.114021D+01  0.115314D+01 -0.100112D+04
  316.9594  0.123301D+01  0.122558D+01  0.573952D+03
  317.1155  0.135999D+01  0.136811D+01 -0.627340D+03
  317.2714  0.147678D+01  0.147815D+01 -0.105459D+03
  317.4273  0.146908D+01  0.147186D+01 -0.214188D+03
  317.5831  0.145189D+01  0.143827D+01  0.105151D+04
  317.7388  0.137386D+01  0.138178D+01 -0.611202D+03
  317.8945  0.118949D+01  0.118568D+01  0.293935D+03
  318.0501  0.964101D+00  0.966267D+00 -0.195532D+03
   21 315.865 318.982 317.424  3.822D-04  0.000D+00  1.011D+00  6.126D+02 10000  3.264D-03
  315.8651  0.823032D+00  0.817198D+00  0.563119D+03
  316.0217  0.739630D+00  0.750886D+00 -0.108636D+04
  316.1781  0.821545D+00  0.818790D+00  0.254126D+03
  316.3345  0.960015D+00  0.957878D+00  0.206265D+03
  316.4909  0.106109D+01  0.106343D+01 -0.193697D+03
  316.6472  0.111933D+01  0.110999D+01  0.731611D+03
  316.8033  0.114021D+01  0.115407D+01 -0.107295D+04
  316.9594  0.123301D+01  0.122532D+01  0.593612D+03
  317.1155  0.135999D+01  0.136661D+01 -0.510800D+03
  317.2714  0.147678D+01  0.147655D+01  0.177120D+02
  317.4273  0.146908D+01  0.147020D+01 -0.865529D+02
  317.5831  0.145189D+01  0.143604D+01  0.122354D+04
  317.7388  0.137386D+01  0.138031D+01 -0.497969D+03
  317.8945  0.118949D+01  0.118595D+01  0.272992D+03
  318.0501  0.964101D+00  0.966734D+00 -0.237655D+03
  318.2056  0.885519D+00  0.894670D+00 -0.883186D+03
  318.3610  0.947200D+00  0.946413D+00  0.751260D+02
  318.5164  0.105052D+01  0.104682D+01  0.292296D+03
  318.6716  0.114381D+01  0.115000D+01 -0.477716D+03
  318.8268  0.126669D+01  0.125500D+01  0.902370D+03
  318.9820  0.132384D+01  0.132873D+01 -0.377401D+03
   21 316.803 319.911 318.357 -1.479D-03  0.000D+00  1.012D+00  7.080D+02 10300  3.405D-03
  316.8033  0.114021D+01  0.114768D+01 -0.578376D+03
  316.9594  0.123301D+01  0.122188D+01  0.859359D+03
  317.1155  0.135999D+01  0.136567D+01 -0.438891D+03
  317.2714  0.147678D+01  0.147631D+01  0.365622D+02
  317.4273  0.146908D+01  0.147060D+01 -0.117074D+03
  317.5831  0.145189D+01  0.143775D+01  0.109165D+04
  317.7388  0.137386D+01  0.138151D+01 -0.590957D+03
  317.8945  0.118949D+01  0.118545D+01  0.311778D+03
  318.0501  0.964101D+00  0.966787D+00 -0.242395D+03
  318.2056  0.885519D+00  0.896147D+00 -0.102577D+04
  318.3610  0.947200D+00  0.948336D+00 -0.108446D+03
  318.5164  0.105052D+01  0.104811D+01  0.190571D+03
  318.6716  0.114381D+01  0.114988D+01 -0.468701D+03
  318.8268  0.126669D+01  0.125309D+01  0.104990D+04
  318.9820  0.132384D+01  0.132326D+01  0.446750D+02
  319.1370  0.122019D+01  0.122049D+01 -0.232839D+02
  319.2920  0.103914D+01  0.103238D+01  0.531758D+03
  319.4469  0.995217D+00  0.100666D+01 -0.918156D+03
  319.6017  0.109116D+01  0.110298D+01 -0.912628D+03
  319.7565  0.123413D+01  0.121264D+01  0.165923D+04
  319.9112  0.131311D+01  0.132142D+01 -0.641945D+03
   21 317.739 320.838 319.288  2.115D-04  0.000D+00  1.010D+00  7.149D+02 10300  3.731D-03
  317.7388  0.137386D+01  0.137589D+01 -0.156815D+03
  317.8945  0.118949D+01  0.118304D+01  0.498078D+03
  318.0501  0.964101D+00  0.965082D+00 -0.885095D+02
  318.2056  0.885519D+00  0.893676D+00 -0.787262D+03
  318.3610  0.947200D+00  0.945611D+00  0.151659D+03
  318.5164  0.105052D+01  0.104586D+01  0.368048D+03
  318.6716  0.114381D+01  0.114853D+01 -0.364551D+03
  318.8268  0.126669D+01  0.125260D+01  0.108771D+04
  318.9820  0.132384D+01  0.132483D+01 -0.762398D+02
  319.1370  0.122019D+01  0.122476D+01 -0.352505D+03
  319.2920  0.103914D+01  0.103608D+01  0.241135D+03
  319.4469  0.995217D+00  0.100842D+01 -0.105978D+04
  319.6017  0.109116D+01  0.110460D+01 -0.103768D+04
  319.7565  0.123413D+01  0.121420D+01  0.153888D+04
  319.9112  0.131311D+01  0.132311D+01 -0.772768D+03
  320.0658  0.137158D+01  0.135540D+01  0.124912D+04
  320.2203  0.136030D+01  0.136906D+01 -0.676257D+03
  320.3748  0.143376D+01  0.143177D+01  0.147567D+03
  320.5292  0.148711D+01  0.149493D+01 -0.546768D+03
  320.6835  0.150968D+01  0.149853D+01  0.754194D+03
  320.8378  0.140433D+01  0.140841D+01 -0.314126D+03
   21 318.672 321.762 320.217 -1.760D-04  0.000D+00  1.006D+00  7.529D+02 10300  3.949D-03
  318.6716  0.114381D+01  0.114967D+01 -0.452070D+03
  318.8268  0.126669D+01  0.125350D+01  0.101812D+04
  318.9820  0.132384D+01  0.132525D+01 -0.109153D+03
  319.1370  0.122019D+01  0.122449D+01 -0.331758D+03
  319.2920  0.103914D+01  0.103581D+01  0.261981D+03
  319.4469  0.995217D+00  0.100858D+01 -0.107202D+04
  319.6017  0.109116D+01  0.110480D+01 -0.105333D+04
  319.7565  0.123413D+01  0.121436D+01  0.152603D+04
  319.9112  0.131311D+01  0.132310D+01 -0.771727D+03
  320.0658  0.137158D+01  0.135508D+01  0.127387D+04
  320.2203  0.136030D+01  0.136868D+01 -0.647530D+03
  320.3748  0.143376D+01  0.143124D+01  0.186225D+03
  320.5292  0.148711D+01  0.149398D+01 -0.480403D+03
  320.6835  0.150968D+01  0.149697D+01  0.860072D+03
  320.8378  0.140433D+01  0.140617D+01 -0.141837D+03
  320.9919  0.123489D+01  0.123093D+01  0.305680D+03
  321.1460  0.106286D+01  0.106611D+01 -0.250963D+03
  321.3000  0.972520D+00  0.982149D+00 -0.710946D+03
  321.4540  0.991500D+00  0.989316D+00  0.170431D+03
  321.6078  0.106334D+01  0.107534D+01 -0.926783D+03
  321.7617  0.120413D+01  0.119352D+01  0.819288D+03
   21 319.602 322.683 321.142  7.162D-04  0.000D+00  9.985D-01  7.962D+02 10300  5.365D-03
  319.6017  0.109116D+01  0.110483D+01 -0.105527D+04
  319.7565  0.123413D+01  0.121486D+01  0.148760D+04
  319.9112  0.131311D+01  0.132418D+01 -0.855255D+03
  320.0658  0.137158D+01  0.135667D+01  0.115125D+04
  320.2203  0.136030D+01  0.136990D+01 -0.741670D+03
  320.3748  0.143376D+01  0.143204D+01  0.126937D+03
  320.5292  0.148711D+01  0.149467D+01 -0.528196D+03
  320.6835  0.150968D+01  0.149773D+01  0.808356D+03
  320.8378  0.140433D+01  0.140720D+01 -0.221036D+03
  320.9919  0.123489D+01  0.123203D+01  0.220692D+03
  321.1460  0.106286D+01  0.106685D+01 -0.308204D+03
  321.3000  0.972520D+00  0.982501D+00 -0.736959D+03
  321.4540  0.991500D+00  0.989483D+00  0.157401D+03
  321.6078  0.106334D+01  0.107584D+01 -0.965354D+03
  321.7617  0.120413D+01  0.119509D+01  0.697764D+03
  321.9154  0.131972D+01  0.131812D+01  0.123793D+03
  322.0691  0.137505D+01  0.136744D+01  0.582091D+03
  322.2226  0.129227D+01  0.129533D+01 -0.236737D+03
  322.3762  0.122873D+01  0.121592D+01  0.989306D+03
  322.5296  0.115225D+01  0.117319D+01 -0.161610D+04
  322.6830  0.109017D+01  0.108368D+01  0.500970D+03
   21 320.529 323.602 322.065  2.488D-04  0.000D+00  9.921D-01  6.923D+02 10300  4.007D-03
  320.5292  0.148711D+01  0.149377D+01 -0.465867D+03
  320.6835  0.150968D+01  0.149681D+01  0.870738D+03
  320.8378  0.140433D+01  0.140627D+01 -0.149463D+03
  320.9919  0.123489D+01  0.123123D+01  0.282231D+03
  321.1460  0.106286D+01  0.106643D+01 -0.276207D+03
  321.3000  0.972520D+00  0.982526D+00 -0.738791D+03
  321.4540  0.991500D+00  0.989909D+00  0.124169D+03
  321.6078  0.106334D+01  0.107655D+01 -0.101998D+04
  321.7617  0.120413D+01  0.119584D+01  0.639985D+03
  321.9154  0.131972D+01  0.131862D+01  0.850256D+02
  322.0691  0.137505D+01  0.136712D+01  0.606990D+03
  322.2226  0.129227D+01  0.129419D+01 -0.148483D+03
  322.3762  0.122873D+01  0.121424D+01  0.111934D+04
  322.5296  0.115225D+01  0.117037D+01 -0.139857D+04
  322.6830  0.109017D+01  0.107979D+01  0.801125D+03
  322.8363  0.967827D+00  0.984463D+00 -0.128940D+04
  322.9895  0.959341D+00  0.960200D+00 -0.668707D+02
  323.1426  0.104927D+01  0.104446D+01  0.370837D+03
  323.2957  0.112636D+01  0.112949D+01 -0.241479D+03
  323.4488  0.111645D+01  0.110615D+01  0.795028D+03
  323.6017  0.106551D+01  0.107066D+01 -0.396922D+03
   21 321.454 324.518 322.986 -2.133D-03  0.000D+00  9.906D-01  6.989D+02 10300  6.443D-03
  321.4540  0.991500D+00  0.988544D+00  0.230736D+03
  321.6078  0.106334D+01  0.107697D+01 -0.105249D+04
  321.7617  0.120413D+01  0.119727D+01  0.529862D+03
  321.9154  0.131972D+01  0.132042D+01 -0.541319D+02
  322.0691  0.137505D+01  0.136755D+01  0.573958D+03
  322.2226  0.129227D+01  0.129380D+01 -0.118161D+03
  322.3762  0.122873D+01  0.121493D+01  0.106561D+04
  322.5296  0.115225D+01  0.117071D+01 -0.142508D+04
  322.6830  0.109017D+01  0.107942D+01  0.830381D+03
  322.8363  0.967827D+00  0.984562D+00 -0.129709D+04
  322.9895  0.959341D+00  0.961780D+00 -0.190035D+03
  323.1426  0.104927D+01  0.104692D+01  0.181575D+03
  323.2957  0.112636D+01  0.113020D+01 -0.296302D+03
  323.4488  0.111645D+01  0.110519D+01  0.869565D+03
  323.6017  0.106551D+01  0.107000D+01 -0.346630D+03
  323.7546  0.110838D+01  0.110792D+01  0.353828D+02
  323.9073  0.117797D+01  0.118217D+01 -0.324518D+03
  324.0601  0.127704D+01  0.126201D+01  0.116054D+04
  324.2128  0.131394D+01  0.132245D+01 -0.657274D+03
  324.3654  0.133591D+01  0.133498D+01  0.713504D+02
  324.5179  0.135951D+01  0.136066D+01 -0.887188D+02
   21 322.376 325.431 323.904 -5.568D-03  0.000D+00  9.922D-01  7.181D+02 10300  7.066D-03
  322.3762  0.122873D+01  0.121647D+01  0.947014D+03
  322.5296  0.115225D+01  0.116984D+01 -0.135803D+04
  322.6830  0.109017D+01  0.107688D+01  0.102617D+04
  322.8363  0.967827D+00  0.982651D+00 -0.114894D+04
  322.9895  0.959341D+00  0.962099D+00 -0.214859D+03
  323.1426  0.104927D+01  0.104858D+01  0.528110D+02
  323.2957  0.112636D+01  0.112984D+01 -0.268910D+03
  323.4488  0.111645D+01  0.110325D+01  0.101961D+04
  323.6017  0.106551D+01  0.106943D+01 -0.302139D+03
  323.7546  0.110838D+01  0.110880D+01 -0.321783D+02
  323.9073  0.117797D+01  0.118307D+01 -0.393971D+03
  324.0601  0.127704D+01  0.126237D+01  0.113248D+04
  324.2128  0.131394D+01  0.132072D+01 -0.523959D+03
  324.3654  0.133591D+01  0.133107D+01  0.373191D+03
  324.5179  0.135951D+01  0.135516D+01  0.334730D+03
  324.6703  0.135110D+01  0.136385D+01 -0.984164D+03
  324.8227  0.129918D+01  0.128961D+01  0.738748D+03
  324.9750  0.123128D+01  0.123736D+01 -0.468988D+03
  325.1272  0.125796D+01  0.126358D+01 -0.433242D+03
  325.2794  0.131637D+01  0.132052D+01 -0.320389D+03
  325.4315  0.141846D+01  0.140836D+01  0.687436D+03
   21 323.296 326.343 324.819 -1.786D-03  0.000D+00  9.939D-01  6.129D+02 10300  6.060D-03
  323.2957  0.112636D+01  0.113133D+01 -0.383474D+03
  323.4488  0.111645D+01  0.110735D+01  0.702764D+03
  323.6017  0.106551D+01  0.107205D+01 -0.504746D+03
  323.7546  0.110838D+01  0.110961D+01 -0.949464D+02
  323.9073  0.117797D+01  0.118318D+01 -0.402454D+03
  324.0601  0.127704D+01  0.126176D+01  0.117971D+04
  324.2128  0.131394D+01  0.132053D+01 -0.508851D+03
  324.3654  0.133591D+01  0.133046D+01  0.420667D+03
  324.5179  0.135951D+01  0.135324D+01  0.482707D+03
  324.6703  0.135110D+01  0.136352D+01 -0.958994D+03
  324.8227  0.129918D+01  0.129074D+01  0.651954D+03
  324.9750  0.123128D+01  0.123736D+01 -0.469456D+03
  325.1272  0.125796D+01  0.126374D+01 -0.446159D+03
  325.2794  0.131637D+01  0.132283D+01 -0.498673D+03
  325.4315  0.141846D+01  0.141361D+01  0.329965D+03
  325.5835  0.155253D+01  0.155504D+01 -0.161621D+03
  325.7355  0.166573D+01  0.166675D+01 -0.658260D+02
  325.8874  0.173797D+01  0.172294D+01  0.967062D+03
  326.0392  0.175218D+01  0.175752D+01 -0.343624D+03
  326.1909  0.175486D+01  0.174111D+01  0.884603D+03
  326.3426  0.167084D+01  0.168451D+01 -0.879477D+03
   21 324.213 327.251 325.732  3.137D-03  0.000D+00  1.002D+00  5.278D+02 10000  4.990D-03
  324.2128  0.131394D+01  0.132004D+01 -0.471098D+03
  324.3654  0.133591D+01  0.132870D+01  0.556214D+03
  324.5179  0.135951D+01  0.134984D+01  0.745058D+03
  324.6703  0.135110D+01  0.136251D+01 -0.880661D+03
  324.8227  0.129918D+01  0.129197D+01  0.556493D+03
  324.9750  0.123128D+01  0.123703D+01 -0.443947D+03
  325.1272  0.125796D+01  0.126259D+01 -0.357121D+03
  325.2794  0.131637D+01  0.132220D+01 -0.450108D+03
  325.4315  0.141846D+01  0.141252D+01  0.404107D+03
  325.5835  0.155253D+01  0.155385D+01 -0.846840D+02
  325.7355  0.166573D+01  0.166802D+01 -0.147840D+03
  325.8874  0.173797D+01  0.172440D+01  0.873117D+03
  326.0392  0.175218D+01  0.175793D+01 -0.369994D+03
  326.1909  0.175486D+01  0.173971D+01  0.974799D+03
  326.3426  0.167084D+01  0.167912D+01 -0.532918D+03
  326.4942  0.160491D+01  0.160966D+01 -0.306032D+03
  326.6458  0.162230D+01  0.162367D+01 -0.883042D+02
  326.7972  0.170306D+01  0.170934D+01 -0.404166D+03
  326.9486  0.173198D+01  0.172490D+01  0.455348D+03
  327.0999  0.164504D+01  0.165235D+01 -0.469940D+03
  327.2512  0.160833D+01  0.160269D+01  0.363191D+03
   21 325.127 328.157 326.642  4.872D-03  0.000D+00  1.007D+00  4.171D+02 10300  5.007D-03
  325.1272  0.125796D+01  0.125762D+01  0.265678D+02
  325.2794  0.131637D+01  0.132027D+01 -0.300508D+03
  325.4315  0.141846D+01  0.141238D+01  0.413762D+03
  325.5835  0.155253D+01  0.155489D+01 -0.151812D+03
  325.7355  0.166573D+01  0.167056D+01 -0.311022D+03
  325.8874  0.173797D+01  0.172717D+01  0.694494D+03
  326.0392  0.175218D+01  0.176025D+01 -0.519425D+03
  326.1909  0.175486D+01  0.174145D+01  0.862955D+03
  326.3426  0.167084D+01  0.167991D+01 -0.583983D+03
  326.4942  0.160491D+01  0.160903D+01 -0.265220D+03
  326.6458  0.162230D+01  0.162088D+01  0.915567D+02
  326.7972  0.170306D+01  0.170639D+01 -0.214106D+03
  326.9486  0.173198D+01  0.172387D+01  0.521664D+03
  327.0999  0.164504D+01  0.165325D+01 -0.527984D+03
  327.2512  0.160833D+01  0.160526D+01  0.198160D+03
  327.4024  0.163170D+01  0.164017D+01 -0.544986D+03
  327.5535  0.167887D+01  0.167166D+01  0.463857D+03
  327.7046  0.164751D+01  0.164268D+01  0.311238D+03
  327.8556  0.159505D+01  0.159716D+01 -0.135815D+03
  328.0065  0.157827D+01  0.157555D+01  0.175320D+03
  328.1573  0.157070D+01  0.157451D+01 -0.245449D+03
   21 326.039 329.061 327.550  3.214D-03  0.000D+00  1.001D+00  4.223D+02 10300  4.627D-03
  326.0392  0.175218D+01  0.175913D+01 -0.446755D+03
  326.1909  0.175486D+01  0.173990D+01  0.962356D+03
  326.3426  0.167084D+01  0.167815D+01 -0.470394D+03
  326.4942  0.160491D+01  0.160764D+01 -0.175840D+03
  326.6458  0.162230D+01  0.162072D+01  0.101240D+03
  326.7972  0.170306D+01  0.170630D+01 -0.208464D+03
  326.9486  0.173198D+01  0.172269D+01  0.597871D+03
  327.0999  0.164504D+01  0.165169D+01 -0.427719D+03
  327.2512  0.160833D+01  0.160481D+01  0.227044D+03
  327.4024  0.163170D+01  0.164079D+01 -0.584867D+03
  327.5535  0.167887D+01  0.167233D+01  0.420403D+03
  327.7046  0.164751D+01  0.164357D+01  0.253973D+03
  327.8556  0.159505D+01  0.159914D+01 -0.263004D+03
  328.0065  0.157827D+01  0.157903D+01 -0.486746D+02
  328.1573  0.157070D+01  0.157961D+01 -0.573549D+03
  328.3081  0.158970D+01  0.158062D+01  0.584605D+03
  328.4588  0.157634D+01  0.157122D+01  0.329590D+03
  328.6095  0.149696D+01  0.150448D+01 -0.483742D+03
  328.7601  0.143180D+01  0.142931D+01  0.160448D+03
  328.9106  0.151409D+01  0.151208D+01  0.122014D+03
  329.0610  0.170240D+01  0.170411D+01 -0.110255D+03
   21 326.949 329.962 328.455 -8.678D-04  0.000D+00  1.003D+00  4.580D+02 10300  4.739D-03
  326.9486  0.173198D+01  0.172843D+01  0.228157D+03
  327.0999  0.164504D+01  0.165208D+01 -0.453078D+03
  327.2512  0.160833D+01  0.160480D+01  0.227403D+03
  327.4024  0.163170D+01  0.164072D+01 -0.579946D+03
  327.5535  0.167887D+01  0.167028D+01  0.552872D+03
  327.7046  0.164751D+01  0.164049D+01  0.451934D+03
  327.8556  0.159505D+01  0.159720D+01 -0.138395D+03
  328.0065  0.157827D+01  0.157885D+01 -0.369233D+02
  328.1573  0.157070D+01  0.158078D+01 -0.648740D+03
  328.3081  0.158970D+01  0.158265D+01  0.453620D+03
  328.4588  0.157634D+01  0.157309D+01  0.208778D+03
  328.6095  0.149696D+01  0.150451D+01 -0.485899D+03
  328.7601  0.143180D+01  0.143100D+01  0.514688D+02
  328.9106  0.151409D+01  0.151748D+01 -0.206236D+03
  329.0610  0.170240D+01  0.170683D+01 -0.285254D+03
  329.2114  0.183289D+01  0.182323D+01  0.575064D+03
  329.3617  0.189023D+01  0.188083D+01  0.535433D+03
  329.5120  0.191198D+01  0.191856D+01 -0.369627D+03
  329.6621  0.193073D+01  0.192446D+01  0.349266D+03
  329.8122  0.191629D+01  0.193472D+01 -0.102787D+04
  329.9622  0.199076D+01  0.198145D+01  0.513570D+03
   21 327.856 330.861 329.358 -2.797D-03  0.000D+00  1.014D+00  6.108D+02 10300  4.886D-03
  327.8556  0.159505D+01  0.159490D+01  0.946986D+01
  328.0065  0.157827D+01  0.157684D+01  0.919979D+02
  328.1573  0.157070D+01  0.157902D+01 -0.535740D+03
  328.3081  0.158970D+01  0.158113D+01  0.551780D+03
  328.4588  0.157634D+01  0.157158D+01  0.306272D+03
  328.6095  0.149696D+01  0.150257D+01 -0.361048D+03
  328.7601  0.143180D+01  0.143056D+01  0.797572D+02
  328.9106  0.151409D+01  0.151974D+01 -0.343662D+03
  329.0610  0.170240D+01  0.170937D+01 -0.448550D+03
  329.2114  0.183289D+01  0.182463D+01  0.491469D+03
  329.3617  0.189023D+01  0.188183D+01  0.478298D+03
  329.5120  0.191198D+01  0.191868D+01 -0.376236D+03
  329.6621  0.193073D+01  0.192350D+01  0.402704D+03
  329.8122  0.191629D+01  0.193276D+01 -0.918576D+03
  329.9622  0.199076D+01  0.197808D+01  0.699355D+03
  330.1122  0.200055D+01  0.201378D+01 -0.520751D+03
  330.2621  0.192276D+01  0.191392D+01  0.487276D+03
  330.4120  0.176486D+01  0.175703D+01  0.449672D+03
  330.5618  0.159801D+01  0.162283D+01 -0.159701D+04
  330.7115  0.154840D+01  0.153081D+01  0.113168D+04
  330.8611  0.158600D+01  0.158892D+01 -0.187869D+03
   21 328.760 331.758 330.259  4.539D-04  0.000D+00  1.013D+00  6.111D+02 10000  5.002D-03
  328.7601  0.143180D+01  0.142854D+01  0.209819D+03
  328.9106  0.151409D+01  0.151696D+01 -0.174447D+03
  329.0610  0.170240D+01  0.170880D+01 -0.412074D+03
  329.2114  0.183289D+01  0.182710D+01  0.344643D+03
  329.3617  0.189023D+01  0.188443D+01  0.330108D+03
  329.5120  0.191198D+01  0.192078D+01 -0.494064D+03
  329.6621  0.193073D+01  0.192422D+01  0.362650D+03
  329.8122  0.191629D+01  0.193107D+01 -0.824288D+03
  329.9622  0.199076D+01  0.197377D+01  0.936931D+03
  330.1122  0.200055D+01  0.201008D+01 -0.374818D+03
  330.2621  0.192276D+01  0.191312D+01  0.531229D+03
  330.4120  0.176486D+01  0.175715D+01  0.442757D+03
  330.5618  0.159801D+01  0.162517D+01 -0.174792D+04
  330.7115  0.154840D+01  0.153456D+01  0.890096D+03
  330.8611  0.158600D+01  0.159545D+01 -0.607779D+03
  331.0107  0.172141D+01  0.171786D+01  0.205892D+03
  331.1602  0.176454D+01  0.175356D+01  0.621489D+03
  331.3096  0.169508D+01  0.169843D+01 -0.199043D+03
  331.4590  0.161739D+01  0.161961D+01 -0.140691D+03
  331.6083  0.162503D+01  0.162061D+01  0.275151D+03
  331.7575  0.170666D+01  0.171007D+01 -0.194865D+03
   21 329.662 332.652 331.157  7.357D-04  0.000D+00  1.004D+00  6.435D+02 10340  4.961D-03
  329.6621  0.193073D+01  0.193046D+01  0.151781D+02
  329.8122  0.191629D+01  0.193304D+01 -0.934153D+03
  329.9622  0.199076D+01  0.197276D+01  0.992816D+03
  330.1122  0.200055D+01  0.200741D+01 -0.269844D+03
  330.2621  0.192276D+01  0.191012D+01  0.696642D+03
  330.4120  0.176486D+01  0.175447D+01  0.596850D+03
  330.5618  0.159801D+01  0.162329D+01 -0.162675D+04
  330.7115  0.154840D+01  0.153353D+01  0.956610D+03
  330.8611  0.158600D+01  0.159527D+01 -0.596439D+03
  331.0107  0.172141D+01  0.171910D+01  0.133706D+03
  331.1602  0.176454D+01  0.175633D+01  0.464995D+03
  331.3096  0.169508D+01  0.170223D+01 -0.424511D+03
  331.4590  0.161739D+01  0.162374D+01 -0.403153D+03
  331.6083  0.162503D+01  0.162453D+01  0.308748D+02
  331.7575  0.170666D+01  0.171341D+01 -0.386085D+03
  331.9067  0.177990D+01  0.177381D+01  0.331464D+03
  332.0558  0.175779D+01  0.174427D+01  0.753135D+03
  332.2048  0.163579D+01  0.164301D+01 -0.419869D+03
  332.3539  0.155542D+01  0.155012D+01  0.333603D+03
  332.5027  0.160586D+01  0.160133D+01  0.264563D+03
  332.6516  0.170875D+01  0.171766D+01 -0.494891D+03
   21 330.562 333.543 332.053 -8.005D-04  0.000D+00  1.005D+00  5.420D+02 10300  4.236D-03
  330.5618  0.159801D+01  0.161316D+01 -0.974964D+03
  330.7115  0.154840D+01  0.152662D+01  0.140119D+04
  330.8611  0.158600D+01  0.159147D+01 -0.351974D+03
  331.0107  0.172141D+01  0.171634D+01  0.294112D+03
  331.1602  0.176454D+01  0.175404D+01  0.594746D+03
  331.3096  0.169508D+01  0.170078D+01 -0.338513D+03
  331.4590  0.161739D+01  0.162385D+01 -0.410066D+03
  331.6083  0.162503D+01  0.162679D+01 -0.109456D+03
  331.7575  0.170666D+01  0.171682D+01 -0.581006D+03
  331.9067  0.177990D+01  0.177696D+01  0.159914D+03
  332.0558  0.175779D+01  0.174664D+01  0.621512D+03
  332.2048  0.163579D+01  0.164452D+01 -0.507650D+03
  332.3539  0.155542D+01  0.155185D+01  0.225071D+03
  332.5027  0.160586D+01  0.160381D+01  0.119533D+03
  332.6516  0.170875D+01  0.171824D+01 -0.527323D+03
  332.8004  0.172028D+01  0.170595D+01  0.794219D+03
  332.9491  0.162247D+01  0.162548D+01 -0.171438D+03
  333.0977  0.162914D+01  0.162730D+01  0.104031D+03
  333.2463  0.168938D+01  0.169678D+01 -0.411167D+03
  333.3949  0.170048D+01  0.169321D+01  0.402309D+03
  333.5433  0.156146D+01  0.156505D+01 -0.211907D+03
   21 331.459 334.433 332.946  3.212D-03  0.000D+00  1.006D+00  3.649D+02 10000  3.099D-03
  331.4590  0.161739D+01  0.161812D+01 -0.463934D+02
  331.6083  0.162503D+01  0.162138D+01  0.227036D+03
  331.7575  0.170666D+01  0.171277D+01 -0.349510D+03
  331.9067  0.177990D+01  0.177672D+01  0.173111D+03
  332.0558  0.175779D+01  0.174974D+01  0.448612D+03
  332.2048  0.163579D+01  0.164924D+01 -0.782511D+03
  332.3539  0.155542D+01  0.155416D+01  0.795157D+02
  332.5027  0.160586D+01  0.160154D+01  0.252357D+03
  332.6516  0.170875D+01  0.171693D+01 -0.454225D+03
  332.8004  0.172028D+01  0.170783D+01  0.689786D+03
  332.9491  0.162247D+01  0.162640D+01 -0.223778D+03
  333.0977  0.162914D+01  0.162489D+01  0.240707D+03
  333.2463  0.168938D+01  0.169436D+01 -0.276906D+03
  333.3949  0.170048D+01  0.169468D+01  0.320923D+03
  333.5433  0.156146D+01  0.157005D+01 -0.507475D+03
  333.6917  0.145589D+01  0.144857D+01  0.468881D+03
  333.8400  0.148620D+01  0.149181D+01 -0.355839D+03
  333.9883  0.160309D+01  0.160510D+01 -0.113755D+03
  334.1365  0.164906D+01  0.164839D+01  0.376032D+02
  334.2846  0.167828D+01  0.167263D+01  0.313133D+03
  334.4326  0.175343D+01  0.175601D+01 -0.142151D+03
   18 332.354 334.876 333.615  2.850D-03  0.000D+00  1.005D+00  4.138D+02 10300  3.931D-03
  332.3539  0.155542D+01  0.155795D+01 -0.159251D+03
  332.5027  0.160586D+01  0.160349D+01  0.138476D+03
  332.6516  0.170875D+01  0.171730D+01 -0.475013D+03
  332.8004  0.172028D+01  0.170665D+01  0.755485D+03
  332.9491  0.162247D+01  0.162515D+01 -0.152750D+03
  333.0977  0.162914D+01  0.162419D+01  0.280330D+03
  333.2463  0.168938D+01  0.169338D+01 -0.222537D+03
  333.3949  0.170048D+01  0.169364D+01  0.378796D+03
  333.5433  0.156146D+01  0.157048D+01 -0.533123D+03
  333.6917  0.145589D+01  0.145123D+01  0.298817D+03
  333.8400  0.148620D+01  0.149454D+01 -0.529066D+03
  333.9883  0.160309D+01  0.160696D+01 -0.218810D+03
  334.1365  0.164906D+01  0.165031D+01 -0.693455D+02
  334.2846  0.167828D+01  0.167436D+01  0.217053D+03
  334.4326  0.175343D+01  0.175556D+01 -0.117067D+03
  334.5807  0.184004D+01  0.183149D+01  0.471444D+03
  334.7286  0.181511D+01  0.180392D+01  0.617309D+03
  334.8765  0.164300D+01  0.165656D+01 -0.759440D+03
   12 333.246 334.876 334.061  8.732D-03  0.000D+00  1.007D+00  3.515D+02 10300  5.949D-03
  333.2463  0.168938D+01  0.169338D+01 -0.222592D+03
  333.3949  0.170048D+01  0.169205D+01  0.466424D+03
  333.5433  0.156146D+01  0.157035D+01 -0.525016D+03
  333.6917  0.145589D+01  0.144746D+01  0.540235D+03
  333.8400  0.148620D+01  0.148688D+01 -0.436036D+02
  333.9883  0.160309D+01  0.160398D+01 -0.504606D+02
  334.1365  0.164906D+01  0.165362D+01 -0.253990D+03
  334.2846  0.167828D+01  0.167877D+01 -0.270974D+02
  334.4326  0.175343D+01  0.175906D+01 -0.310070D+03
  334.5807  0.184004D+01  0.183534D+01  0.258991D+03
  334.7286  0.181511D+01  0.180586D+01  0.509838D+03
  334.8765  0.164300D+01  0.165003D+01 -0.393760D+03
