 solar_wavcal_vary
           0
 F F
nwav fwave lwave avgwav  shift    squeeze      sin       rms   exval
   21 263.817 270.932 267.375 -7.563D-02  0.000D+00  1.024D+00  1.509D+03 10300  1.775D-02
  263.8167  0.225298D+00  0.348266D+00 -0.415376D+04
  264.1805  0.399858D+00  0.396428D+00  0.935543D+03
  264.5433  0.366822D+00  0.363767D+00  0.833421D+03
  264.9052  0.307638D+00  0.315204D+00 -0.229318D+04
  265.2662  0.364776D+00  0.356213D+00  0.233599D+04
  265.6264  0.394502D+00  0.397265D+00 -0.753768D+03
  265.9856  0.371581D+00  0.378190D+00 -0.180303D+04
  266.3440  0.345069D+00  0.347190D+00 -0.629556D+03
  266.7016  0.350412D+00  0.344194D+00  0.179323D+04
  267.0583  0.351423D+00  0.354695D+00 -0.937636D+03
  267.4142  0.374219D+00  0.375333D+00 -0.303956D+03
  267.7694  0.361045D+00  0.359432D+00  0.439928D+03
  268.1238  0.350632D+00  0.345693D+00  0.141596D+04
  268.4774  0.357464D+00  0.352455D+00  0.136643D+04
  268.8303  0.342335D+00  0.340273D+00  0.622408D+03
  269.1824  0.334375D+00  0.335635D+00 -0.411678D+03
  269.5338  0.330368D+00  0.333930D+00 -0.120516D+04
  269.8845  0.356944D+00  0.362891D+00 -0.162534D+04
  270.2345  0.398719D+00  0.400214D+00 -0.407963D+03
  270.5838  0.394799D+00  0.391951D+00  0.776968D+03
  270.9324  0.371970D+00  0.369668D+00  0.627944D+03
   21 265.986 273.011 269.498 -1.459D-02  0.000D+00  1.020D+00  1.017D+03 10300  1.043D-02
  265.9856  0.371581D+00  0.376681D+00 -0.139132D+04
  266.3440  0.345069D+00  0.346393D+00 -0.393164D+03
  266.7016  0.350412D+00  0.340690D+00  0.280360D+04
  267.0583  0.351423D+00  0.351109D+00  0.899245D+02
  267.4142  0.374219D+00  0.372754D+00  0.399730D+03
  267.7694  0.361045D+00  0.366163D+00 -0.139622D+04
  268.1238  0.350632D+00  0.346489D+00  0.118776D+04
  268.4774  0.357464D+00  0.354268D+00  0.871929D+03
  268.8303  0.342335D+00  0.345286D+00 -0.891002D+03
  269.1824  0.334375D+00  0.336846D+00 -0.807337D+03
  269.5338  0.330368D+00  0.335519D+00 -0.174308D+04
  269.8845  0.356944D+00  0.355837D+00  0.302495D+03
  270.2345  0.398719D+00  0.397414D+00  0.355874D+03
  270.5838  0.394799D+00  0.396304D+00 -0.410705D+03
  270.9324  0.371970D+00  0.371199D+00  0.210153D+03
  271.2804  0.360979D+00  0.357293D+00  0.100541D+04
  271.6277  0.314746D+00  0.311922D+00  0.963071D+03
  271.9745  0.250118D+00  0.249525D+00  0.231375D+03
  272.3206  0.249437D+00  0.249355D+00  0.317810D+02
  272.6660  0.295000D+00  0.297071D+00 -0.732773D+03
  273.0109  0.346501D+00  0.347118D+00 -0.182145D+03
   21 268.124 275.068 271.596 -4.511D-04  0.000D+00  1.010D+00  7.144D+02 10000  5.229D-03
  268.1238  0.350632D+00  0.349104D+00  0.438020D+03
  268.4774  0.357464D+00  0.355258D+00  0.601774D+03
  268.8303  0.342335D+00  0.345832D+00 -0.105571D+04
  269.1824  0.334375D+00  0.335810D+00 -0.468836D+03
  269.5338  0.330368D+00  0.334173D+00 -0.128737D+04
  269.8845  0.356944D+00  0.352329D+00  0.126117D+04
  270.2345  0.398719D+00  0.394681D+00  0.110151D+04
  270.5838  0.394799D+00  0.395818D+00 -0.278031D+03
  270.9324  0.371970D+00  0.370911D+00  0.288768D+03
  271.2804  0.360979D+00  0.358023D+00  0.806293D+03
  271.6277  0.314746D+00  0.314847D+00 -0.344186D+02
  271.9745  0.250118D+00  0.251920D+00 -0.701902D+03
  272.3206  0.249437D+00  0.249077D+00  0.140366D+03
  272.6660  0.295000D+00  0.296480D+00 -0.523666D+03
  273.0109  0.346501D+00  0.348947D+00 -0.722182D+03
  273.3552  0.321015D+00  0.322420D+00 -0.478825D+03
  273.6989  0.253374D+00  0.252013D+00  0.530419D+03
  274.0421  0.206265D+00  0.203625D+00  0.112371D+04
  274.3846  0.184967D+00  0.184004D+00  0.437907D+03
  274.7267  0.182093D+00  0.183172D+00 -0.490308D+03
  275.0682  0.205757D+00  0.206229D+00 -0.207354D+03
   21 270.234 277.107 273.671  4.381D-03  0.000D+00  1.010D+00  4.868D+02 10300  3.352D-03
  270.2345  0.398719D+00  0.396899D+00  0.496367D+03
  270.5838  0.394799D+00  0.397666D+00 -0.781988D+03
  270.9324  0.371970D+00  0.371791D+00  0.486031D+02
  271.2804  0.360979D+00  0.358349D+00  0.717232D+03
  271.6277  0.314746D+00  0.315347D+00 -0.205003D+03
  271.9745  0.250118D+00  0.252062D+00 -0.757394D+03
  272.3206  0.249437D+00  0.248017D+00  0.553273D+03
  272.6660  0.295000D+00  0.294883D+00  0.413824D+02
  273.0109  0.346501D+00  0.347699D+00 -0.353802D+03
  273.3552  0.321015D+00  0.322613D+00 -0.544852D+03
  273.6989  0.253374D+00  0.252432D+00  0.367126D+03
  274.0421  0.206265D+00  0.203839D+00  0.103284D+04
  274.3846  0.184967D+00  0.183988D+00  0.444783D+03
  274.7267  0.182093D+00  0.183120D+00 -0.467073D+03
  275.0682  0.205757D+00  0.205758D+00 -0.314465D+00
  275.4092  0.243413D+00  0.242519D+00  0.348517D+03
  275.7497  0.276094D+00  0.277426D+00 -0.511845D+03
  276.0897  0.337292D+00  0.337951D+00 -0.205824D+03
  276.4292  0.357692D+00  0.358776D+00 -0.295534D+03
  276.7682  0.363489D+00  0.363325D+00  0.446528D+02
  277.1067  0.363645D+00  0.362355D+00  0.351854D+03
   21 272.321 279.128 275.724  1.013D-02  0.000D+00  1.003D+00  6.572D+02 10300  4.773D-03
  272.3206  0.249437D+00  0.248001D+00  0.559616D+03
  272.6660  0.295000D+00  0.294723D+00  0.979799D+02
  273.0109  0.346501D+00  0.348231D+00 -0.510730D+03
  273.3552  0.321015D+00  0.324342D+00 -0.113434D+04
  273.6989  0.253374D+00  0.253645D+00 -0.105579D+03
  274.0421  0.206265D+00  0.204266D+00  0.850839D+03
  274.3846  0.184967D+00  0.183772D+00  0.543285D+03
  274.7267  0.182093D+00  0.182532D+00 -0.199602D+03
  275.0682  0.205757D+00  0.204359D+00  0.615001D+03
  275.4092  0.243413D+00  0.241466D+00  0.758796D+03
  275.7497  0.276094D+00  0.275798D+00  0.113641D+03
  276.0897  0.337292D+00  0.337507D+00 -0.672086D+02
  276.4292  0.357692D+00  0.359910D+00 -0.605020D+03
  276.7682  0.363489D+00  0.366763D+00 -0.893071D+03
  277.1067  0.363645D+00  0.367982D+00 -0.118312D+04
  277.4447  0.367177D+00  0.366797D+00  0.103670D+03
  277.7823  0.315547D+00  0.311253D+00  0.146437D+04
  278.1195  0.258797D+00  0.257320D+00  0.509395D+03
  278.4561  0.242086D+00  0.242929D+00 -0.320435D+03
  278.7924  0.216204D+00  0.216330D+00 -0.490567D+02
  279.1283  0.161268D+00  0.161869D+00 -0.273225D+03
   21 274.385 281.135 277.760  2.300D-02  0.000D+00  9.940D-01  8.356D+02 10000  1.046D-02
  274.3846  0.184967D+00  0.184743D+00  0.101857D+03
  274.7267  0.182093D+00  0.183421D+00 -0.603916D+03
  275.0682  0.205757D+00  0.204155D+00  0.704736D+03
  275.4092  0.243413D+00  0.242400D+00  0.395015D+03
  275.7497  0.276094D+00  0.275146D+00  0.364104D+03
  276.0897  0.337292D+00  0.338029D+00 -0.230334D+03
  276.4292  0.357692D+00  0.360529D+00 -0.773918D+03
  276.7682  0.363489D+00  0.367517D+00 -0.109885D+04
  277.1067  0.363645D+00  0.366993D+00 -0.913283D+03
  277.4447  0.367177D+00  0.366629D+00  0.149483D+03
  277.7823  0.315547D+00  0.311654D+00  0.132770D+04
  278.1195  0.258797D+00  0.255514D+00  0.113206D+04
  278.4561  0.242086D+00  0.240205D+00  0.714810D+03
  278.7924  0.216204D+00  0.214757D+00  0.563829D+03
  279.1283  0.161268D+00  0.160819D+00  0.204060D+03
  279.4637  0.116791D+00  0.119809D+00 -0.164482D+04
  279.7987  0.102716D+00  0.106009D+00 -0.179651D+04
  280.1333  0.105103D+00  0.106165D+00 -0.579650D+03
  280.4675  0.124622D+00  0.124118D+00  0.171007D+03
  280.8013  0.176163D+00  0.174410D+00  0.531414D+03
  281.1347  0.240407D+00  0.238610D+00  0.540785D+03
   21 276.429 283.128 279.778  8.222D-03  0.000D+00  1.010D+00  9.997D+02 10300  1.036D-02
  276.4292  0.357692D+00  0.358097D+00 -0.110391D+03
  276.7682  0.363489D+00  0.365145D+00 -0.451732D+03
  277.1067  0.363645D+00  0.366733D+00 -0.842456D+03
  277.4447  0.367177D+00  0.366082D+00  0.298678D+03
  277.7823  0.315547D+00  0.310231D+00  0.181294D+04
  278.1195  0.258797D+00  0.256460D+00  0.805953D+03
  278.4561  0.242086D+00  0.242471D+00 -0.146226D+03
  278.7924  0.216204D+00  0.215591D+00  0.238688D+03
  279.1283  0.161268D+00  0.160657D+00  0.278005D+03
  279.4637  0.116791D+00  0.120325D+00 -0.192640D+04
  279.7987  0.102716D+00  0.106883D+00 -0.227381D+04
  280.1333  0.105103D+00  0.107162D+00 -0.112357D+04
  280.4675  0.124622D+00  0.125602D+00 -0.331862D+03
  280.8013  0.176163D+00  0.175615D+00  0.166030D+03
  281.1347  0.240407D+00  0.236612D+00  0.114205D+04
  281.4678  0.305771D+00  0.302521D+00  0.886535D+03
  281.8004  0.366334D+00  0.366569D+00 -0.641250D+02
  282.1327  0.410009D+00  0.411539D+00 -0.417429D+03
  282.4647  0.436505D+00  0.434333D+00  0.592717D+03
  282.7963  0.458178D+00  0.453850D+00  0.118073D+04
  283.1275  0.482511D+00  0.487129D+00 -0.125970D+04
   21 278.456 285.108 281.782 -7.218D-03  0.000D+00  1.006D+00  9.838D+02 10300  1.000D-02
  278.4561  0.242086D+00  0.242975D+00 -0.337740D+03
  278.7924  0.216204D+00  0.213914D+00  0.892207D+03
  279.1283  0.161268D+00  0.158194D+00  0.139780D+04
  279.4637  0.116791D+00  0.119000D+00 -0.120407D+04
  279.7987  0.102716D+00  0.106205D+00 -0.190374D+04
  280.1333  0.105103D+00  0.106890D+00 -0.974732D+03
  280.4675  0.124622D+00  0.126237D+00 -0.547119D+03
  280.8013  0.176163D+00  0.176943D+00 -0.236516D+03
  281.1347  0.240407D+00  0.237224D+00  0.957972D+03
  281.4678  0.305771D+00  0.302888D+00  0.786431D+03
  281.8004  0.366334D+00  0.365719D+00  0.167866D+03
  282.1327  0.410009D+00  0.409872D+00  0.372831D+02
  282.4647  0.436505D+00  0.432362D+00  0.113032D+04
  282.7963  0.458178D+00  0.453947D+00  0.115428D+04
  283.1275  0.482511D+00  0.488393D+00 -0.160449D+04
  283.4584  0.473738D+00  0.479983D+00 -0.170349D+04
  283.7890  0.465626D+00  0.465149D+00  0.130119D+03
  284.1192  0.453690D+00  0.449793D+00  0.106303D+04
  284.4490  0.392600D+00  0.392678D+00 -0.213170D+02
  284.7786  0.289750D+00  0.290872D+00 -0.308048D+03
  285.1079  0.177920D+00  0.176523D+00  0.434508D+03
   21 280.467 287.077 283.772  3.281D-03  0.000D+00  1.006D+00  7.599D+02 10300  4.067D-03
  280.4675  0.124622D+00  0.127128D+00 -0.849014D+03
  280.8013  0.176163D+00  0.177377D+00 -0.367990D+03
  281.1347  0.240407D+00  0.238022D+00  0.717708D+03
  281.4678  0.305771D+00  0.303588D+00  0.595651D+03
  281.8004  0.366334D+00  0.366885D+00 -0.150369D+03
  282.1327  0.410009D+00  0.411251D+00 -0.338934D+03
  282.4647  0.436505D+00  0.433782D+00  0.743032D+03
  282.7963  0.458178D+00  0.454042D+00  0.112847D+04
  283.1275  0.482511D+00  0.488089D+00 -0.152158D+04
  283.4584  0.473738D+00  0.480202D+00 -0.176331D+04
  283.7890  0.465626D+00  0.463743D+00  0.513603D+03
  284.1192  0.453690D+00  0.448543D+00  0.140406D+04
  284.4490  0.392600D+00  0.392097D+00  0.137174D+03
  284.7786  0.289750D+00  0.291888D+00 -0.587155D+03
  285.1079  0.177920D+00  0.176830D+00  0.339086D+03
  285.4368  0.167764D+00  0.167607D+00  0.503340D+02
  285.7654  0.285989D+00  0.286461D+00 -0.129322D+03
  286.0937  0.426795D+00  0.427623D+00 -0.225781D+03
  286.4217  0.503623D+00  0.503095D+00  0.144005D+03
  286.7493  0.516749D+00  0.515471D+00  0.348738D+03
  287.0767  0.544295D+00  0.545366D+00 -0.292252D+03
   21 282.465 289.035 285.750  4.958D-03  0.000D+00  1.002D+00  7.353D+02 10300  2.956D-03
  282.4647  0.436505D+00  0.435022D+00  0.404558D+03
  282.7963  0.458178D+00  0.454238D+00  0.107502D+04
  283.1275  0.482511D+00  0.488288D+00 -0.157584D+04
  283.4584  0.473738D+00  0.479862D+00 -0.167066D+04
  283.7890  0.465626D+00  0.462919D+00  0.738528D+03
  284.1192  0.453690D+00  0.448120D+00  0.151936D+04
  284.4490  0.392600D+00  0.391927D+00  0.183605D+03
  284.7786  0.289750D+00  0.292166D+00 -0.663452D+03
  285.1079  0.177920D+00  0.176274D+00  0.511935D+03
  285.4368  0.167764D+00  0.166237D+00  0.488332D+03
  285.7654  0.285989D+00  0.285473D+00  0.141091D+03
  286.0937  0.426795D+00  0.427642D+00 -0.230985D+03
  286.4217  0.503623D+00  0.503937D+00 -0.855297D+02
  286.7493  0.516749D+00  0.516242D+00  0.138282D+03
  287.0767  0.544295D+00  0.546648D+00 -0.641895D+03
  287.4037  0.566367D+00  0.565853D+00  0.140357D+03
  287.7305  0.496802D+00  0.497448D+00 -0.176318D+03
  288.0570  0.391934D+00  0.390174D+00  0.480112D+03
  288.3832  0.416656D+00  0.417059D+00 -0.110096D+03
  288.7091  0.558111D+00  0.556993D+00  0.304927D+03
  289.0347  0.608416D+00  0.609095D+00 -0.185240D+03
   21 284.449 290.982 287.716  6.151D-03  0.000D+00  1.005D+00  4.543D+02 10300  1.789D-03
  284.4490  0.392600D+00  0.391175D+00  0.388653D+03
  284.7786  0.289750D+00  0.292342D+00 -0.711828D+03
  285.1079  0.177920D+00  0.176630D+00  0.401175D+03
  285.4368  0.167764D+00  0.166179D+00  0.506849D+03
  285.7654  0.285989D+00  0.285358D+00  0.172828D+03
  286.0937  0.426795D+00  0.427907D+00 -0.303149D+03
  286.4217  0.503623D+00  0.504529D+00 -0.247063D+03
  286.7493  0.516749D+00  0.516765D+00 -0.437850D+01
  287.0767  0.544295D+00  0.546731D+00 -0.664710D+03
  287.4037  0.566367D+00  0.565836D+00  0.144727D+03
  287.7305  0.496802D+00  0.497328D+00 -0.143657D+03
  288.0570  0.391934D+00  0.389758D+00  0.593426D+03
  288.3832  0.416656D+00  0.415509D+00  0.312795D+03
  288.7091  0.558111D+00  0.554771D+00  0.911185D+03
  289.0347  0.608416D+00  0.606591D+00  0.497708D+03
  289.3600  0.650891D+00  0.651155D+00 -0.720448D+02
  289.6850  0.755922D+00  0.757800D+00 -0.512116D+03
  290.0098  0.871300D+00  0.873097D+00 -0.490082D+03
  290.3342  0.937605D+00  0.937857D+00 -0.688765D+02
  290.6584  0.930289D+00  0.931727D+00 -0.392438D+03
  290.9823  0.893438D+00  0.891124D+00  0.631160D+03
   21 286.422 292.919 289.671  6.868D-03  0.000D+00  1.003D+00  8.482D+02 10300  3.976D-03
  286.4217  0.503623D+00  0.504818D+00 -0.325954D+03
  286.7493  0.516749D+00  0.515231D+00  0.414208D+03
  287.0767  0.544295D+00  0.545865D+00 -0.428206D+03
  287.4037  0.566367D+00  0.567218D+00 -0.232016D+03
  287.7305  0.496802D+00  0.498314D+00 -0.412483D+03
  288.0570  0.391934D+00  0.386834D+00  0.139123D+04
  288.3832  0.416656D+00  0.412307D+00  0.118631D+04
  288.7091  0.558111D+00  0.557299D+00  0.221454D+03
  289.0347  0.608416D+00  0.606685D+00  0.472240D+03
  289.3600  0.650891D+00  0.649795D+00  0.299131D+03
  289.6850  0.755922D+00  0.758132D+00 -0.602813D+03
  290.0098  0.871300D+00  0.874973D+00 -0.100176D+04
  290.3342  0.937605D+00  0.940515D+00 -0.794044D+03
  290.6584  0.930289D+00  0.934436D+00 -0.113119D+04
  290.9823  0.893438D+00  0.891674D+00  0.481051D+03
  291.3058  0.900007D+00  0.894647D+00  0.146210D+04
  291.6292  0.874586D+00  0.867710D+00  0.187564D+04
  291.9522  0.844767D+00  0.846150D+00 -0.377243D+03
  292.2749  0.817628D+00  0.821053D+00 -0.934334D+03
  292.5974  0.744312D+00  0.746751D+00 -0.665333D+03
  292.9195  0.767104D+00  0.765957D+00  0.312819D+03
   21 288.383 294.846 291.615  7.306D-03  0.000D+00  1.002D+00  1.137D+03 10300  5.676D-03
  288.3832  0.416656D+00  0.410751D+00  0.161082D+04
  288.7091  0.558111D+00  0.564749D+00 -0.181070D+04
  289.0347  0.608416D+00  0.607651D+00  0.208661D+03
  289.3600  0.650891D+00  0.646849D+00  0.110257D+04
  289.6850  0.755922D+00  0.756599D+00 -0.184569D+03
  290.0098  0.871300D+00  0.874368D+00 -0.836771D+03
  290.3342  0.937605D+00  0.939893D+00 -0.624162D+03
  290.6584  0.930289D+00  0.933742D+00 -0.941924D+03
  290.9823  0.893438D+00  0.887326D+00  0.166716D+04
  291.3058  0.900007D+00  0.895711D+00  0.117187D+04
  291.6292  0.874586D+00  0.867288D+00  0.199079D+04
  291.9522  0.844767D+00  0.847337D+00 -0.701055D+03
  292.2749  0.817628D+00  0.826609D+00 -0.244987D+04
  292.5974  0.744312D+00  0.746956D+00 -0.721272D+03
  292.9195  0.767104D+00  0.766194D+00  0.248126D+03
  293.2413  0.891019D+00  0.892646D+00 -0.443963D+03
  293.5630  0.863868D+00  0.861376D+00  0.674683D+03
  293.8842  0.749003D+00  0.744754D+00  0.115882D+04
  294.2052  0.784879D+00  0.784715D+00  0.446886D+02
  294.5259  0.824609D+00  0.827762D+00 -0.860135D+03
  294.8463  0.757614D+00  0.756626D+00  0.269637D+03
   21 290.334 297.716 294.025  6.071D-03  0.000D+00  1.011D+00  1.088D+03 10300  3.933D-03
  290.3342  0.937605D+00  0.938830D+00 -0.302529D+03
  290.6584  0.930289D+00  0.933298D+00 -0.795036D+03
  290.9823  0.893438D+00  0.890084D+00  0.874680D+03
  291.3058  0.900007D+00  0.895862D+00  0.115906D+04
  291.6292  0.874586D+00  0.868508D+00  0.164966D+04
  291.9522  0.844767D+00  0.848296D+00 -0.964723D+03
  292.2749  0.817628D+00  0.826362D+00 -0.236383D+04
  292.5974  0.744312D+00  0.747348D+00 -0.840654D+03
  292.9195  0.767104D+00  0.766548D+00  0.147572D+03
  293.2413  0.891019D+00  0.893461D+00 -0.674279D+03
  293.5630  0.863868D+00  0.861173D+00  0.719927D+03
  293.8842  0.749003D+00  0.741515D+00  0.206836D+04
  294.2052  0.784879D+00  0.784446D+00  0.116822D+03
  294.5259  0.824609D+00  0.830169D+00 -0.153998D+04
  294.8463  0.757614D+00  0.751730D+00  0.162984D+04
  296.1248  0.935444D+00  0.936718D+00 -0.349157D+03
  296.4438  0.848226D+00  0.851692D+00 -0.941605D+03
  296.7623  0.649709D+00  0.646907D+00  0.749273D+03
  297.0805  0.648389D+00  0.649763D+00 -0.380347D+03
  297.3984  0.766673D+00  0.765788D+00  0.226434D+03
  297.7160  0.961906D+00  0.961612D+00  0.121705D+03
   21 292.275 299.614 295.945  7.491D-03  0.000D+00  1.011D+00  2.710D+03   300  6.437D-03
  292.2749  0.817628D+00  0.821967D+00 -0.118373D+04
  292.5974  0.744312D+00  0.740918D+00  0.925738D+03
  292.9195  0.767104D+00  0.761012D+00  0.166176D+04
  293.2413  0.891019D+00  0.897925D+00 -0.188395D+04
  293.5630  0.863868D+00  0.865133D+00 -0.342441D+03
  293.8842  0.749003D+00  0.739533D+00  0.258327D+04
  294.2052  0.784879D+00  0.785034D+00 -0.424620D+02
  294.5259  0.824609D+00  0.831793D+00 -0.195959D+04
  294.8463  0.757614D+00  0.750583D+00  0.191814D+04
  296.1248  0.935444D+00  0.932680D+00  0.753981D+03
  296.4438  0.848226D+00  0.848698D+00 -0.128798D+03
  296.7623  0.649709D+00  0.650554D+00 -0.230492D+03
  297.0805  0.648389D+00  0.652089D+00 -0.100949D+04
  297.3984  0.766673D+00  0.772330D+00 -0.154320D+04
  297.7160  0.961906D+00  0.967518D+00 -0.153065D+04
  298.0333  0.883673D+00  0.884323D+00 -0.177455D+03
  298.3502  0.618027D+00  0.624102D+00 -0.165718D+04
  298.6667  0.599438D+00  0.598101D+00  0.364742D+03
  298.9829  0.814297D+00  0.791220D+00  0.629539D+04
  299.2988  0.848872D+00  0.829047D+00  0.540826D+04
  299.6143  0.779248D+00  0.805966D+00 -0.728817D+04
   21 294.205 301.500 297.852  8.893D-03  0.000D+00  1.033D+00  5.835D+03 10300  1.349D-02
  294.2052  0.784879D+00  0.786657D+00 -0.485058D+03
  294.5259  0.824609D+00  0.828293D+00 -0.100491D+04
  294.8463  0.757614D+00  0.745301D+00  0.335885D+04
  296.1248  0.935444D+00  0.931579D+00  0.105438D+04
  296.4438  0.848226D+00  0.852456D+00 -0.115405D+04
  296.7623  0.649709D+00  0.650916D+00 -0.329328D+03
  297.0805  0.648389D+00  0.655448D+00 -0.192571D+04
  297.3984  0.766673D+00  0.776086D+00 -0.256773D+04
  297.7160  0.961906D+00  0.978482D+00 -0.452163D+04
  298.0333  0.883673D+00  0.892313D+00 -0.235704D+04
  298.3502  0.618027D+00  0.621048D+00 -0.824048D+03
  298.6667  0.599438D+00  0.588820D+00  0.289648D+04
  298.9829  0.814297D+00  0.777114D+00  0.101433D+05
  299.2988  0.848872D+00  0.800620D+00  0.131629D+05
  299.6143  0.779248D+00  0.759551D+00  0.537326D+04
  299.9295  0.723650D+00  0.744441D+00 -0.567156D+04
  300.2443  0.555955D+00  0.587184D+00 -0.851904D+04
  300.5587  0.655276D+00  0.688991D+00 -0.910435D+04
  300.8728  0.689112D+00  0.720793D+00 -0.864223D+04
  301.1864  0.779944D+00  0.783227D+00 -0.895430D+03
  301.4997  0.827914D+00  0.793845D+00  0.929356D+04
   21 297.081 303.371 300.226 -1.967D-03  0.000D+00  9.956D-01  5.865D+03 10300  1.282D-02
  297.0805  0.648389D+00  0.628869D+00  0.532476D+04
  297.3984  0.766673D+00  0.768618D+00 -0.530516D+03
  297.7160  0.961906D+00  0.987556D+00 -0.699692D+04
  298.0333  0.883673D+00  0.894464D+00 -0.294381D+04
  298.3502  0.618027D+00  0.620731D+00 -0.737563D+03
  298.6667  0.599438D+00  0.598673D+00  0.208580D+03
  298.9829  0.814297D+00  0.791815D+00  0.613300D+04
  299.2988  0.848872D+00  0.799875D+00  0.133659D+05
  299.6143  0.779248D+00  0.758420D+00  0.568177D+04
  299.9295  0.723650D+00  0.734118D+00 -0.285555D+04
  300.2443  0.555955D+00  0.578243D+00 -0.607982D+04
  300.5587  0.655276D+00  0.687660D+00 -0.874487D+04
  300.8728  0.689112D+00  0.720401D+00 -0.853519D+04
  301.1864  0.779944D+00  0.797980D+00 -0.491984D+04
  301.4997  0.827914D+00  0.823844D+00  0.111000D+04
  301.8126  0.680586D+00  0.665463D+00  0.412531D+04
  302.1250  0.556872D+00  0.542360D+00  0.395863D+04
  302.4371  0.748243D+00  0.726395D+00  0.595994D+04
  302.7487  0.926107D+00  0.908799D+00  0.467596D+04
  303.0599  0.103183D+01  0.104002D+01 -0.114932D+04
  303.3707  0.108938D+01  0.115311D+01 -0.869363D+04
   21 298.983 305.226 302.104  4.537D-03  0.000D+00  9.766D-01  3.951D+03 10300  1.063D-02
  298.9829  0.814297D+00  0.837415D+00 -0.630628D+04
  299.2988  0.848872D+00  0.822201D+00  0.727576D+04
  299.6143  0.779248D+00  0.757039D+00  0.605844D+04
  299.9295  0.723650D+00  0.726918D+00 -0.891362D+03
  300.2443  0.555955D+00  0.562000D+00 -0.164898D+04
  300.5587  0.655276D+00  0.672953D+00 -0.477342D+04
  300.8728  0.689112D+00  0.706356D+00 -0.470402D+04
  301.1864  0.779944D+00  0.791749D+00 -0.322011D+04
  301.4997  0.827914D+00  0.831073D+00 -0.861791D+03
  301.8126  0.680586D+00  0.677263D+00  0.906610D+03
  302.1250  0.556872D+00  0.538286D+00  0.507011D+04
  302.4371  0.748243D+00  0.732657D+00  0.425169D+04
  302.7487  0.926107D+00  0.905464D+00  0.557704D+04
  303.0599  0.103183D+01  0.101738D+01  0.202451D+04
  303.3707  0.108938D+01  0.109620D+01 -0.930820D+03
  303.6810  0.101462D+01  0.103532D+01 -0.306678D+04
  303.9909  0.889600D+00  0.907907D+00 -0.499389D+04
  304.3003  0.948659D+00  0.958135D+00 -0.226105D+04
  304.6092  0.101686D+01  0.102886D+01 -0.168299D+04
  304.9177  0.985938D+00  0.972954D+00  0.213095D+04
  305.2257  0.111689D+01  0.109214D+01  0.337671D+04
   21 300.873 307.063 303.968 -8.150D-03  0.000D+00  1.029D+00  1.161D+03 10300  3.139D-03
  300.8728  0.689112D+00  0.682802D+00  0.172142D+04
  301.1864  0.779944D+00  0.787486D+00 -0.205741D+04
  301.4997  0.827914D+00  0.833045D+00 -0.139981D+04
  301.8126  0.680586D+00  0.676343D+00  0.115746D+04
  302.1250  0.556872D+00  0.549526D+00  0.200383D+04
  302.4371  0.748243D+00  0.751223D+00 -0.812932D+03
  302.7487  0.926107D+00  0.921052D+00  0.136574D+04
  303.0599  0.103183D+01  0.102263D+01  0.128855D+04
  303.3707  0.108938D+01  0.109581D+01 -0.877837D+03
  303.6810  0.101462D+01  0.101863D+01 -0.593486D+03
  303.9909  0.889600D+00  0.895999D+00 -0.174558D+04
  304.3003  0.948659D+00  0.950452D+00 -0.427818D+03
  304.6092  0.101686D+01  0.101731D+01 -0.631593D+02
  304.9177  0.985938D+00  0.975016D+00  0.179255D+04
  305.2257  0.111689D+01  0.111140D+01  0.749016D+03
  305.5332  0.995818D+00  0.100063D+01 -0.763138D+03
  305.8401  0.778888D+00  0.777449D+00  0.392523D+03
  306.1466  0.884510D+00  0.884952D+00 -0.118508D+03
  306.4526  0.948080D+00  0.944058D+00  0.548490D+03
  306.7580  0.872223D+00  0.877049D+00 -0.658731D+03
  307.0629  0.101143D+01  0.101171D+01 -0.383059D+02
   21 312.905 316.051 314.478  1.340D-03  0.000D+00  1.008D+00  8.451D+02 10000  3.705D-03
  312.9046  0.112742D+01  0.113136D+01 -0.331164D+03
  313.0627  0.113684D+01  0.113445D+01  0.192413D+03
  313.2207  0.111395D+01  0.110804D+01  0.492625D+03
  313.3786  0.107863D+01  0.108168D+01 -0.276717D+03
  313.5364  0.109603D+01  0.109693D+01 -0.763694D+02
  313.6942  0.117636D+01  0.117749D+01 -0.875878D+02
  313.8519  0.128713D+01  0.128780D+01 -0.514708D+02
  314.0095  0.134729D+01  0.134262D+01  0.360067D+03
  314.1671  0.130334D+01  0.129029D+01  0.100695D+04
  314.3245  0.106679D+01  0.109001D+01 -0.186135D+04
  314.4819  0.870085D+00  0.858532D+00  0.111420D+04
  314.6392  0.843684D+00  0.868295D+00 -0.231772D+04
  314.7964  0.105447D+01  0.103975D+01  0.128626D+04
  314.9535  0.118521D+01  0.118580D+01 -0.454201D+02
  315.1106  0.124390D+01  0.123800D+01  0.455268D+03
  315.2675  0.123172D+01  0.123343D+01 -0.132148D+03
  315.4245  0.120715D+01  0.120963D+01 -0.191251D+03
  315.5813  0.113460D+01  0.112775D+01  0.459409D+03
  315.7381  0.953498D+00  0.959310D+00 -0.560580D+03
  315.8947  0.796495D+00  0.788298D+00  0.790617D+03
  316.0513  0.740406D+00  0.745321D+00 -0.473978D+03
   21 313.852 316.989 315.421 -1.320D-03  0.000D+00  1.006D+00  9.571D+02 10000  3.846D-03
  313.8519  0.128713D+01  0.129034D+01 -0.247249D+03
  314.0095  0.134729D+01  0.134421D+01  0.237325D+03
  314.1671  0.130334D+01  0.128968D+01  0.105411D+04
  314.3245  0.106679D+01  0.108636D+01 -0.156811D+04
  314.4819  0.870085D+00  0.856648D+00  0.129589D+04
  314.6392  0.843684D+00  0.870328D+00 -0.250916D+04
  314.7964  0.105447D+01  0.104177D+01  0.110996D+04
  314.9535  0.118521D+01  0.118587D+01 -0.512508D+02
  315.1106  0.124390D+01  0.123635D+01  0.582452D+03
  315.2675  0.123172D+01  0.123181D+01 -0.735017D+01
  315.4245  0.120715D+01  0.120847D+01 -0.101706D+03
  315.5813  0.113460D+01  0.112692D+01  0.515022D+03
  315.7381  0.953498D+00  0.959273D+00 -0.557000D+03
  315.8947  0.796495D+00  0.791393D+00  0.492093D+03
  316.0513  0.740406D+00  0.753769D+00 -0.128878D+04
  316.2079  0.851482D+00  0.841936D+00  0.920705D+03
  316.3643  0.980747D+00  0.983666D+00 -0.274144D+03
  316.5207  0.107893D+01  0.107427D+01  0.361853D+03
  316.6770  0.112342D+01  0.111750D+01  0.457443D+03
  316.8332  0.114802D+01  0.116534D+01 -0.133662D+04
  316.9893  0.126068D+01  0.125187D+01  0.679556D+03
   21 314.796 317.925 316.360 -3.171D-03  0.000D+00  1.006D+00  6.935D+02 10000  4.963D-03
  314.7964  0.105447D+01  0.105050D+01  0.346897D+03
  314.9535  0.118521D+01  0.119231D+01 -0.547850D+03
  315.1106  0.124390D+01  0.124028D+01  0.279126D+03
  315.2675  0.123172D+01  0.123422D+01 -0.193088D+03
  315.4245  0.120715D+01  0.120948D+01 -0.179515D+03
  315.5813  0.113460D+01  0.112625D+01  0.559653D+03
  315.7381  0.953498D+00  0.957292D+00 -0.365961D+03
  315.8947  0.796495D+00  0.789996D+00  0.626803D+03
  316.0513  0.740406D+00  0.753906D+00 -0.130199D+04
  316.2079  0.851482D+00  0.842954D+00  0.822554D+03
  316.3643  0.980747D+00  0.984227D+00 -0.326861D+03
  316.5207  0.107893D+01  0.107316D+01  0.448073D+03
  316.6770  0.112342D+01  0.111519D+01  0.635057D+03
  316.8332  0.114802D+01  0.116170D+01 -0.105581D+04
  316.9893  0.126068D+01  0.124686D+01  0.106627D+04
  317.1454  0.138601D+01  0.139829D+01 -0.947560D+03
  317.3014  0.148952D+01  0.148586D+01  0.277844D+03
  317.4573  0.145935D+01  0.146364D+01 -0.331033D+03
  317.6131  0.144612D+01  0.143506D+01  0.853073D+03
  317.7689  0.134559D+01  0.135971D+01 -0.108961D+04
  317.9246  0.114612D+01  0.113836D+01  0.598390D+03
   21 315.738 318.857 317.298  2.092D-03  0.000D+00  1.011D+00  7.411D+02 10000  4.737D-03
  315.7381  0.953498D+00  0.954003D+00 -0.486649D+02
  315.8947  0.796495D+00  0.790397D+00  0.588161D+03
  316.0513  0.740406D+00  0.752805D+00 -0.119583D+04
  316.2079  0.851482D+00  0.841201D+00  0.991598D+03
  316.3643  0.980747D+00  0.984879D+00 -0.388067D+03
  316.5207  0.107893D+01  0.107772D+01  0.934565D+02
  316.6770  0.112342D+01  0.112027D+01  0.243275D+03
  316.8332  0.114802D+01  0.116570D+01 -0.136431D+04
  316.9893  0.126068D+01  0.124709D+01  0.104872D+04
  317.1454  0.138601D+01  0.139581D+01 -0.756278D+03
  317.3014  0.148952D+01  0.148456D+01  0.376153D+03
  317.4573  0.145935D+01  0.146124D+01 -0.146161D+03
  317.6131  0.144612D+01  0.142894D+01  0.132575D+04
  317.7689  0.134559D+01  0.135507D+01 -0.731171D+03
  317.9246  0.114612D+01  0.113704D+01  0.700639D+03
  318.0802  0.927498D+00  0.936353D+00 -0.840499D+03
  318.2357  0.889802D+00  0.894138D+00 -0.417739D+03
  318.3912  0.964812D+00  0.961726D+00  0.252715D+03
  318.5466  0.107123D+01  0.106745D+01  0.291393D+03
  318.7019  0.116188D+01  0.117299D+01 -0.857576D+03
  318.8571  0.129176D+01  0.128455D+01  0.556793D+03
   21 316.677 319.787 318.232 -1.570D-03  0.000D+00  1.010D+00  8.292D+02 10300  3.947D-03
  316.6770  0.112342D+01  0.111511D+01  0.641726D+03
  316.8332  0.114802D+01  0.116244D+01 -0.111243D+04
  316.9893  0.126068D+01  0.124723D+01  0.103821D+04
  317.1454  0.138601D+01  0.139836D+01 -0.952309D+03
  317.3014  0.148952D+01  0.148616D+01  0.255120D+03
  317.4573  0.145935D+01  0.146309D+01 -0.288954D+03
  317.6131  0.144612D+01  0.143230D+01  0.106608D+04
  317.7689  0.134559D+01  0.135580D+01 -0.788148D+03
  317.9246  0.114612D+01  0.113481D+01  0.872613D+03
  318.0802  0.927498D+00  0.936050D+00 -0.811704D+03
  318.2357  0.889802D+00  0.896078D+00 -0.604685D+03
  318.3912  0.964812D+00  0.963422D+00  0.113876D+03
  318.5466  0.107123D+01  0.106637D+01  0.374860D+03
  318.7019  0.116188D+01  0.116720D+01 -0.411130D+03
  318.8571  0.129176D+01  0.127223D+01  0.150739D+04
  319.0123  0.131937D+01  0.132168D+01 -0.178291D+03
  319.1674  0.118453D+01  0.118225D+01  0.175977D+03
  319.3224  0.100969D+01  0.100977D+01 -0.626983D+01
  319.4773  0.100424D+01  0.102370D+01 -0.150785D+04
  319.6322  0.111787D+01  0.112935D+01 -0.886094D+03
  319.7870  0.126003D+01  0.124473D+01  0.118095D+04
   21 317.613 320.714 319.164 -1.493D-03  0.000D+00  1.008D+00  9.261D+02 10300  4.740D-03
  317.6131  0.144612D+01  0.143638D+01  0.751834D+03
  317.7689  0.134559D+01  0.135747D+01 -0.916837D+03
  317.9246  0.114612D+01  0.113612D+01  0.771270D+03
  318.0802  0.927498D+00  0.937181D+00 -0.919099D+03
  318.2357  0.889802D+00  0.896528D+00 -0.648106D+03
  318.3912  0.964812D+00  0.963493D+00  0.108049D+03
  318.5466  0.107123D+01  0.106634D+01  0.376930D+03
  318.7019  0.116188D+01  0.116719D+01 -0.410121D+03
  318.8571  0.129176D+01  0.127220D+01  0.150937D+04
  319.0123  0.131937D+01  0.132195D+01 -0.199465D+03
  319.1674  0.118453D+01  0.118185D+01  0.207136D+03
  319.3224  0.100969D+01  0.100779D+01  0.147338D+03
  319.4773  0.100424D+01  0.102117D+01 -0.131195D+04
  319.6322  0.111787D+01  0.112543D+01 -0.583574D+03
  319.7870  0.126003D+01  0.123815D+01  0.168819D+04
  319.9417  0.132140D+01  0.133937D+01 -0.138635D+04
  320.0963  0.137705D+01  0.135504D+01  0.169795D+04
  320.2509  0.136036D+01  0.137787D+01 -0.135102D+04
  320.4054  0.145065D+01  0.144842D+01  0.171500D+03
  320.5598  0.149825D+01  0.150457D+01 -0.451250D+03
  320.7142  0.149876D+01  0.149155D+01  0.514082D+03
   21 318.547 321.639 320.093  5.518D-04  0.000D+00  1.006D+00  8.632D+02 10300  4.375D-03
  318.5466  0.107123D+01  0.107188D+01 -0.501141D+02
  318.7019  0.116188D+01  0.117088D+01 -0.694966D+03
  318.8571  0.129176D+01  0.127415D+01  0.135917D+04
  319.0123  0.131937D+01  0.132429D+01 -0.379949D+03
  319.1674  0.118453D+01  0.118517D+01 -0.494173D+02
  319.3224  0.100969D+01  0.100862D+01  0.829602D+02
  319.4773  0.100424D+01  0.101945D+01 -0.117861D+04
  319.6322  0.111787D+01  0.112343D+01 -0.429546D+03
  319.7870  0.126003D+01  0.123594D+01  0.185868D+04
  319.9417  0.132140D+01  0.133828D+01 -0.130190D+04
  320.0963  0.137705D+01  0.135495D+01  0.170479D+04
  320.2509  0.136036D+01  0.137734D+01 -0.131031D+04
  320.4054  0.145065D+01  0.144782D+01  0.218028D+03
  320.5598  0.149825D+01  0.150459D+01 -0.452394D+03
  320.7142  0.149876D+01  0.149239D+01  0.454517D+03
  320.8685  0.137794D+01  0.138035D+01 -0.186088D+03
  321.0227  0.119863D+01  0.119472D+01  0.301889D+03
  321.1768  0.103970D+01  0.104023D+01 -0.408278D+02
  321.3309  0.964924D+00  0.972557D+00 -0.596639D+03
  321.4848  0.100642D+01  0.995185D+00  0.866868D+03
  321.6387  0.108420D+01  0.108867D+01 -0.345215D+03
   21 319.477 322.561 321.019  1.725D-04  0.000D+00  1.001D+00  8.864D+02 10000  5.675D-03
  319.4773  0.100424D+01  0.101518D+01 -0.847565D+03
  319.6322  0.111787D+01  0.112113D+01 -0.251406D+03
  319.7870  0.126003D+01  0.123491D+01  0.193818D+04
  319.9417  0.132140D+01  0.133809D+01 -0.128709D+04
  320.0963  0.137705D+01  0.135488D+01  0.171062D+04
  320.2509  0.136036D+01  0.137749D+01 -0.132235D+04
  320.4054  0.145065D+01  0.144792D+01  0.210034D+03
  320.5598  0.149825D+01  0.150441D+01 -0.440045D+03
  320.7142  0.149876D+01  0.149204D+01  0.478959D+03
  320.8685  0.137794D+01  0.138020D+01 -0.174304D+03
  321.0227  0.119863D+01  0.119542D+01  0.247560D+03
  321.1768  0.103970D+01  0.104228D+01 -0.198617D+03
  321.3309  0.964924D+00  0.976476D+00 -0.903043D+03
  321.4848  0.100642D+01  0.100203D+01  0.338898D+03
  321.6387  0.108420D+01  0.110011D+01 -0.122822D+04
  321.7926  0.123728D+01  0.122251D+01  0.113899D+04
  321.9464  0.133875D+01  0.134059D+01 -0.141807D+03
  322.1001  0.136837D+01  0.136363D+01  0.365981D+03
  322.2537  0.127883D+01  0.127496D+01  0.299004D+03
  322.4072  0.121371D+01  0.120733D+01  0.492263D+03
  322.5607  0.114867D+01  0.116033D+01 -0.899857D+03
   21 320.405 323.480 321.943  5.203D-04  0.000D+00  9.936D-01  6.107D+02 10300  3.391D-03
  320.4054  0.145065D+01  0.144805D+01  0.200226D+03
  320.5598  0.149825D+01  0.150427D+01 -0.429600D+03
  320.7142  0.149876D+01  0.149186D+01  0.491787D+03
  320.8685  0.137794D+01  0.138020D+01 -0.174371D+03
  321.0227  0.119863D+01  0.119557D+01  0.236495D+03
  321.1768  0.103970D+01  0.104236D+01 -0.205169D+03
  321.3309  0.964924D+00  0.976432D+00 -0.899618D+03
  321.4848  0.100642D+01  0.100184D+01  0.353582D+03
  321.6387  0.108420D+01  0.109984D+01 -0.120738D+04
  321.7926  0.123728D+01  0.122220D+01  0.116312D+04
  321.9464  0.133875D+01  0.134028D+01 -0.117982D+03
  322.1001  0.136837D+01  0.136342D+01  0.381863D+03
  322.2537  0.127883D+01  0.127445D+01  0.338250D+03
  322.4072  0.121371D+01  0.120620D+01  0.579658D+03
  322.5607  0.114867D+01  0.115874D+01 -0.777007D+03
  322.7141  0.106581D+01  0.105944D+01  0.491469D+03
  322.8674  0.956431D+00  0.972205D+00 -0.121710D+04
  323.0207  0.971455D+00  0.969942D+00  0.116771D+03
  323.1739  0.107109D+01  0.107122D+01 -0.103262D+02
  323.3270  0.113346D+01  0.113908D+01 -0.432892D+03
  323.4801  0.110775D+01  0.110005D+01  0.594557D+03
   21 321.331 324.397 322.864 -2.721D-03  0.000D+00  9.924D-01  6.117D+02 10300  4.759D-03
  321.3309  0.964924D+00  0.968479D+00 -0.277876D+03
  321.4848  0.100642D+01  0.998443D+00  0.615540D+03
  321.6387  0.108420D+01  0.109950D+01 -0.118114D+04
  321.7926  0.123728D+01  0.122411D+01  0.101614D+04
  321.9464  0.133875D+01  0.134311D+01 -0.336171D+03
  322.1001  0.136837D+01  0.136470D+01  0.283455D+03
  322.2537  0.127883D+01  0.127514D+01  0.284721D+03
  322.4072  0.121371D+01  0.120828D+01  0.419280D+03
  322.5607  0.114867D+01  0.115967D+01 -0.849016D+03
  322.7141  0.106581D+01  0.105898D+01  0.527419D+03
  322.8674  0.956431D+00  0.971930D+00 -0.119585D+04
  323.0207  0.971455D+00  0.971123D+00  0.256466D+02
  323.1739  0.107109D+01  0.107223D+01 -0.877629D+02
  323.3270  0.113346D+01  0.113602D+01 -0.196842D+03
  323.4801  0.110775D+01  0.109419D+01  0.104686D+04
  323.6331  0.106481D+01  0.107187D+01 -0.544736D+03
  323.7859  0.112443D+01  0.112319D+01  0.953979D+02
  323.9388  0.120033D+01  0.120000D+01  0.247135D+02
  324.0916  0.128906D+01  0.128087D+01  0.629210D+03
  324.2443  0.132496D+01  0.133178D+01 -0.495700D+03
  324.3969  0.134152D+01  0.134251D+01 -0.687907D+02
   21 322.254 325.311 323.782 -2.702D-03  0.000D+00  9.945D-01  5.653D+02 10340  5.543D-03
  322.2537  0.127883D+01  0.127830D+01  0.408095D+02
  322.4072  0.121371D+01  0.120831D+01  0.416299D+03
  322.5607  0.114867D+01  0.115791D+01 -0.713428D+03
  322.7141  0.106581D+01  0.105667D+01  0.705743D+03
  322.8674  0.956431D+00  0.969736D+00 -0.102654D+04
  323.0207  0.971455D+00  0.969270D+00  0.168568D+03
  323.1739  0.107109D+01  0.107086D+01  0.176470D+02
  323.3270  0.113346D+01  0.113553D+01 -0.159453D+03
  323.4801  0.110775D+01  0.109462D+01  0.101312D+04
  323.6331  0.106481D+01  0.107299D+01 -0.630958D+03
  323.7859  0.112443D+01  0.112475D+01 -0.250531D+02
  323.9388  0.120033D+01  0.120152D+01 -0.923203D+02
  324.0916  0.128906D+01  0.128153D+01  0.578169D+03
  324.2443  0.132496D+01  0.133045D+01 -0.399090D+03
  324.3969  0.134152D+01  0.133787D+01  0.253500D+03
  324.5494  0.137024D+01  0.136626D+01  0.267977D+03
  324.7019  0.134617D+01  0.135897D+01 -0.882526D+03
  324.8543  0.128693D+01  0.127634D+01  0.796648D+03
  325.0067  0.122666D+01  0.123848D+01 -0.911898D+03
  325.1590  0.127539D+01  0.127172D+01  0.279591D+03
  325.3112  0.133202D+01  0.132926D+01  0.188456D+03
   21 323.174 326.223 324.698 -3.982D-04  0.000D+00  9.958D-01  5.640D+02 10000  5.543D-03
  323.1739  0.107109D+01  0.106919D+01  0.146913D+03
  323.3270  0.113346D+01  0.113755D+01 -0.314985D+03
  323.4801  0.110775D+01  0.109833D+01  0.727503D+03
  323.6331  0.106481D+01  0.107562D+01 -0.834127D+03
  323.7859  0.112443D+01  0.112617D+01 -0.134318D+03
  323.9388  0.120033D+01  0.120200D+01 -0.129384D+03
  324.0916  0.128906D+01  0.128085D+01  0.630567D+03
  324.2443  0.132496D+01  0.132927D+01 -0.313645D+03
  324.3969  0.134152D+01  0.133570D+01  0.404871D+03
  324.5494  0.137024D+01  0.136311D+01  0.479080D+03
  324.7019  0.134617D+01  0.135729D+01 -0.766528D+03
  324.8543  0.128693D+01  0.127626D+01  0.802637D+03
  325.0067  0.122666D+01  0.123930D+01 -0.975300D+03
  325.1590  0.127539D+01  0.127559D+01 -0.153355D+02
  325.3112  0.133202D+01  0.133862D+01 -0.451269D+03
  325.4633  0.145216D+01  0.144049D+01  0.750315D+03
  325.6154  0.157697D+01  0.158574D+01 -0.563879D+03
  325.7673  0.169359D+01  0.168427D+01  0.599344D+03
  325.9193  0.174479D+01  0.173745D+01  0.471976D+03
  326.0711  0.175517D+01  0.176657D+01 -0.733295D+03
  326.2229  0.174449D+01  0.174222D+01  0.146207D+03
   21 324.092 327.132 325.612  2.287D-03  0.000D+00  1.002D+00  5.758D+02 10340  5.461D-03
  324.0916  0.128906D+01  0.128703D+01  0.155787D+03
  324.2443  0.132496D+01  0.133222D+01 -0.527794D+03
  324.3969  0.134152D+01  0.133596D+01  0.386300D+03
  324.5494  0.137024D+01  0.136145D+01  0.590960D+03
  324.7019  0.134617D+01  0.135666D+01 -0.723138D+03
  324.8543  0.128693D+01  0.127652D+01  0.783448D+03
  325.0067  0.122666D+01  0.123881D+01 -0.937906D+03
  325.1590  0.127539D+01  0.127530D+01  0.639997D+01
  325.3112  0.133202D+01  0.133899D+01 -0.476819D+03
  325.4633  0.145216D+01  0.144069D+01  0.737585D+03
  325.6154  0.157697D+01  0.158621D+01 -0.594284D+03
  325.7673  0.169359D+01  0.168513D+01  0.543892D+03
  325.9193  0.174479D+01  0.173608D+01  0.560268D+03
  326.0711  0.175517D+01  0.176147D+01 -0.405623D+03
  326.2229  0.174449D+01  0.173142D+01  0.840334D+03
  326.3746  0.164696D+01  0.166396D+01 -0.109317D+04
  326.5263  0.160497D+01  0.160120D+01  0.242073D+03
  326.6779  0.163389D+01  0.164026D+01 -0.409546D+03
  326.8294  0.172213D+01  0.172314D+01 -0.651879D+02
  326.9808  0.171811D+01  0.171285D+01  0.338133D+03
  327.1322  0.163007D+01  0.163018D+01 -0.755908D+01
   21 325.007 328.039 326.523  1.857D-03  0.000D+00  1.008D+00  4.824D+02 10340  5.399D-03
  325.0067  0.122666D+01  0.122917D+01 -0.194055D+03
  325.1590  0.127539D+01  0.127071D+01  0.356445D+03
  325.3112  0.133202D+01  0.133794D+01 -0.405055D+03
  325.4633  0.145216D+01  0.144214D+01  0.644385D+03
  325.6154  0.157697D+01  0.158928D+01 -0.791590D+03
  325.7673  0.169359D+01  0.168837D+01  0.335667D+03
  325.9193  0.174479D+01  0.173868D+01  0.393243D+03
  326.0711  0.175517D+01  0.176285D+01 -0.493912D+03
  326.2229  0.174449D+01  0.173121D+01  0.853905D+03
  326.3746  0.164696D+01  0.166245D+01 -0.995729D+03
  326.5263  0.160497D+01  0.159924D+01  0.368090D+03
  326.6779  0.163389D+01  0.163848D+01 -0.295139D+03
  326.8294  0.172213D+01  0.172168D+01  0.287854D+02
  326.9808  0.171811D+01  0.171344D+01  0.300150D+03
  327.1322  0.163007D+01  0.163515D+01 -0.326622D+03
  327.2835  0.160812D+01  0.160788D+01  0.157403D+02
  327.4347  0.165299D+01  0.165346D+01 -0.304293D+02
  327.5859  0.167566D+01  0.167230D+01  0.215919D+03
  327.7370  0.164308D+01  0.163474D+01  0.535938D+03
  327.8880  0.158370D+01  0.159477D+01 -0.711966D+03
  328.0390  0.158346D+01  0.158110D+01  0.151575D+03
   21 325.919 328.943 327.431  7.685D-04  0.000D+00  1.003D+00  4.871D+02 10300  4.977D-03
  325.9193  0.174479D+01  0.174126D+01  0.227357D+03
  326.0711  0.175517D+01  0.176383D+01 -0.556918D+03
  326.2229  0.174449D+01  0.173072D+01  0.885560D+03
  326.3746  0.164696D+01  0.166115D+01 -0.912277D+03
  326.5263  0.160497D+01  0.159826D+01  0.431596D+03
  326.6779  0.163389D+01  0.163818D+01 -0.275964D+03
  326.8294  0.172213D+01  0.172074D+01  0.895455D+02
  326.9808  0.171811D+01  0.171202D+01  0.391504D+03
  327.1322  0.163007D+01  0.163447D+01 -0.283004D+03
  327.2835  0.160812D+01  0.160828D+01 -0.104385D+02
  327.4347  0.165299D+01  0.165396D+01 -0.620349D+02
  327.5859  0.167566D+01  0.167251D+01  0.202287D+03
  327.7370  0.164308D+01  0.163492D+01  0.524725D+03
  327.8880  0.158370D+01  0.159495D+01 -0.723441D+03
  328.0390  0.158346D+01  0.158107D+01  0.153968D+03
  328.1898  0.156991D+01  0.158307D+01 -0.845854D+03
  328.3407  0.159742D+01  0.158276D+01  0.942328D+03
  328.4915  0.156317D+01  0.156394D+01 -0.497577D+02
  328.6422  0.147988D+01  0.148215D+01 -0.146117D+03
  328.7928  0.143186D+01  0.143079D+01  0.685735D+02
  328.9433  0.155187D+01  0.155238D+01 -0.325960D+02
   21 326.829 329.845 328.337  1.523D-03  0.000D+00  1.004D+00  4.921D+02 10000  5.029D-03
  326.8294  0.172213D+01  0.172685D+01 -0.303347D+03
  326.9808  0.171811D+01  0.171449D+01  0.232692D+03
  327.1322  0.163007D+01  0.163417D+01 -0.263963D+03
  327.2835  0.160812D+01  0.160592D+01  0.141816D+03
  327.4347  0.165299D+01  0.165066D+01  0.149841D+03
  327.5859  0.167566D+01  0.166952D+01  0.394220D+03
  327.7370  0.164308D+01  0.163280D+01  0.661035D+03
  327.8880  0.158370D+01  0.159382D+01 -0.651026D+03
  328.0390  0.158346D+01  0.158112D+01  0.150455D+03
  328.1898  0.156991D+01  0.158451D+01 -0.938504D+03
  328.3407  0.159742D+01  0.158559D+01  0.760712D+03
  328.4915  0.156317D+01  0.156810D+01 -0.317047D+03
  328.6422  0.147988D+01  0.148711D+01 -0.465130D+03
  328.7928  0.143186D+01  0.143521D+01 -0.215753D+03
  328.9433  0.155187D+01  0.155601D+01 -0.265738D+03
  329.0938  0.173671D+01  0.174033D+01 -0.232661D+03
  329.2443  0.185736D+01  0.183713D+01  0.117964D+04
  329.3946  0.189230D+01  0.189006D+01  0.126231D+03
  329.5448  0.192040D+01  0.191939D+01  0.558554D+02
  329.6951  0.192584D+01  0.192063D+01  0.288008D+03
  329.8452  0.192332D+01  0.193400D+01 -0.588949D+03
   21 327.737 330.745 329.241 -4.425D-03  0.000D+00  1.012D+00  7.152D+02 10300  6.318D-03
  327.7370  0.164308D+01  0.163466D+01  0.541053D+03
  327.8880  0.158370D+01  0.159414D+01 -0.671505D+03
  328.0390  0.158346D+01  0.158066D+01  0.180240D+03
  328.1898  0.156991D+01  0.158295D+01 -0.838160D+03
  328.3407  0.159742D+01  0.158300D+01  0.927022D+03
  328.4915  0.156317D+01  0.156345D+01 -0.184125D+02
  328.6422  0.147988D+01  0.148018D+01 -0.192094D+02
  328.7928  0.143186D+01  0.143322D+01 -0.876016D+02
  328.9433  0.155187D+01  0.156082D+01 -0.574912D+03
  329.0938  0.173671D+01  0.174385D+01 -0.458494D+03
  329.2443  0.185736D+01  0.183778D+01  0.114163D+04
  329.3946  0.189230D+01  0.189093D+01  0.769667D+02
  329.5448  0.192040D+01  0.191962D+01  0.428196D+02
  329.6951  0.192584D+01  0.192151D+01  0.239429D+03
  329.8452  0.192332D+01  0.193697D+01 -0.752445D+03
  329.9954  0.200652D+01  0.199113D+01  0.848197D+03
  330.1453  0.198474D+01  0.200482D+01 -0.110660D+04
  330.2953  0.189802D+01  0.187624D+01  0.120681D+04
  330.4452  0.171852D+01  0.172546D+01 -0.441832D+03
  330.5950  0.157589D+01  0.159431D+01 -0.118423D+04
  330.7448  0.154542D+01  0.153049D+01  0.960388D+03
   21 328.642 331.642 330.142  1.370D-03  0.000D+00  1.013D+00  6.644D+02 10000  4.822D-03
  328.6422  0.147988D+01  0.147797D+01  0.122751D+03
  328.7928  0.143186D+01  0.143119D+01  0.426052D+02
  328.9433  0.155187D+01  0.155647D+01 -0.295565D+03
  329.0938  0.173671D+01  0.174397D+01 -0.466124D+03
  329.2443  0.185736D+01  0.184195D+01  0.898686D+03
  329.3946  0.189230D+01  0.189504D+01 -0.153864D+03
  329.5448  0.192040D+01  0.192348D+01 -0.171198D+03
  329.6951  0.192584D+01  0.192328D+01  0.141775D+03
  329.8452  0.192332D+01  0.193497D+01 -0.642248D+03
  329.9954  0.200652D+01  0.198540D+01  0.116353D+04
  330.1453  0.198474D+01  0.200167D+01 -0.933073D+03
  330.2953  0.189802D+01  0.187659D+01  0.118732D+04
  330.4452  0.171852D+01  0.172532D+01 -0.432768D+03
  330.5950  0.157589D+01  0.159574D+01 -0.127651D+04
  330.7448  0.154542D+01  0.152982D+01  0.100323D+04
  330.8944  0.160978D+01  0.162197D+01 -0.784134D+03
  331.0440  0.174401D+01  0.173474D+01  0.583854D+03
  331.1935  0.175487D+01  0.174809D+01  0.421067D+03
  331.3430  0.167760D+01  0.168033D+01 -0.175055D+03
  331.4925  0.160754D+01  0.161038D+01 -0.182721D+03
  331.6418  0.163823D+01  0.163806D+01  0.109903D+02
   21 329.545 332.537 331.041  8.101D-04  0.000D+00  1.004D+00  7.049D+02 10340  5.103D-03
  329.5448  0.192040D+01  0.192629D+01 -0.326856D+03
  329.6951  0.192584D+01  0.192320D+01  0.146235D+03
  329.8452  0.192332D+01  0.193322D+01 -0.546070D+03
  329.9954  0.200652D+01  0.198286D+01  0.130375D+04
  330.1453  0.198474D+01  0.199858D+01 -0.762811D+03
  330.2953  0.189802D+01  0.187377D+01  0.134393D+04
  330.4452  0.171852D+01  0.172362D+01 -0.324547D+03
  330.5950  0.157589D+01  0.159515D+01 -0.123846D+04
  330.7448  0.154542D+01  0.153076D+01  0.943071D+03
  330.8944  0.160978D+01  0.162441D+01 -0.940630D+03
  331.0440  0.174401D+01  0.173788D+01  0.386096D+03
  331.1935  0.175487D+01  0.175131D+01  0.221007D+03
  331.3430  0.167760D+01  0.168314D+01 -0.355870D+03
  331.4925  0.160754D+01  0.161254D+01 -0.321661D+03
  331.6418  0.163823D+01  0.163915D+01 -0.594253D+02
  331.7911  0.173365D+01  0.173435D+01 -0.432360D+02
  331.9403  0.178582D+01  0.177665D+01  0.534132D+03
  332.0895  0.174221D+01  0.172832D+01  0.828828D+03
  332.2386  0.160500D+01  0.161760D+01 -0.810525D+03
  332.3876  0.155519D+01  0.154707D+01  0.519846D+03
  332.5366  0.162836D+01  0.163485D+01 -0.417273D+03
   21 330.445 333.429 331.937  3.728D-04  0.000D+00  1.005D+00  5.178D+02 10000  3.842D-03
  330.4452  0.171852D+01  0.171645D+01  0.131822D+03
  330.5950  0.157589D+01  0.158919D+01 -0.855320D+03
  330.7448  0.154542D+01  0.152629D+01  0.123002D+04
  330.8944  0.160978D+01  0.162121D+01 -0.734715D+03
  331.0440  0.174401D+01  0.173548D+01  0.537361D+03
  331.1935  0.175487D+01  0.174989D+01  0.308989D+03
  331.3430  0.167760D+01  0.168285D+01 -0.336956D+03
  331.4925  0.160754D+01  0.161347D+01 -0.381503D+03
  331.6418  0.163823D+01  0.164120D+01 -0.190819D+03
  331.7911  0.173365D+01  0.173694D+01 -0.202643D+03
  331.9403  0.178582D+01  0.177913D+01  0.389616D+03
  332.0895  0.174221D+01  0.173012D+01  0.721288D+03
  332.2386  0.160500D+01  0.161831D+01 -0.855992D+03
  332.3876  0.155519D+01  0.154666D+01  0.546100D+03
  332.5366  0.162836D+01  0.163262D+01 -0.273442D+03
  332.6854  0.172853D+01  0.173214D+01 -0.214362D+03
  332.8343  0.169704D+01  0.168965D+01  0.449542D+03
  332.9830  0.161407D+01  0.161522D+01 -0.741187D+02
  333.1317  0.163873D+01  0.164220D+01 -0.221561D+03
  333.2804  0.171296D+01  0.171025D+01  0.157808D+03
  333.4289  0.167726D+01  0.167797D+01 -0.426244D+02
   21 331.343 334.319 332.831  2.169D-03  0.000D+00  1.006D+00  3.974D+02 10000  3.024D-03
  331.3430  0.167760D+01  0.167521D+01  0.153993D+03
  331.4925  0.160754D+01  0.160968D+01 -0.137563D+03
  331.6418  0.163823D+01  0.163897D+01 -0.479334D+02
  331.7911  0.173365D+01  0.173668D+01 -0.186758D+03
  331.9403  0.178582D+01  0.178116D+01  0.271096D+03
  332.0895  0.174221D+01  0.173349D+01  0.520299D+03
  332.2386  0.160500D+01  0.162172D+01 -0.107553D+04
  332.3876  0.155519D+01  0.154793D+01  0.464759D+03
  332.5366  0.162836D+01  0.163149D+01 -0.201446D+03
  332.6854  0.172853D+01  0.173131D+01 -0.165334D+03
  332.8343  0.169704D+01  0.168934D+01  0.468406D+03
  332.9830  0.161407D+01  0.161358D+01  0.312218D+02
  333.1317  0.163873D+01  0.163888D+01 -0.935650D+01
  333.2804  0.171296D+01  0.170743D+01  0.321989D+03
  333.4289  0.167726D+01  0.167768D+01 -0.250560D+02
  333.5775  0.152603D+01  0.153230D+01 -0.403156D+03
  333.7259  0.144786D+01  0.144002D+01  0.503632D+03
  333.8743  0.151043D+01  0.152152D+01 -0.712878D+03
  334.0226  0.163040D+01  0.162665D+01  0.226419D+03
  334.1708  0.165018D+01  0.165451D+01 -0.249639D+03
  334.3190  0.169530D+01  0.168993D+01  0.299230D+03
   19 332.239 334.911 333.575 -8.474D-04  0.000D+00  1.006D+00  4.657D+02 10300  3.610D-03
  332.2386  0.160500D+01  0.161327D+01 -0.532108D+03
  332.3876  0.155519D+01  0.154357D+01  0.743306D+03
  332.5366  0.162836D+01  0.163183D+01 -0.223240D+03
  332.6854  0.172853D+01  0.173083D+01 -0.136884D+03
  332.8343  0.169704D+01  0.168765D+01  0.570924D+03
  332.9830  0.161407D+01  0.161463D+01 -0.365333D+02
  333.1317  0.163873D+01  0.164253D+01 -0.242869D+03
  333.2804  0.171296D+01  0.170917D+01  0.220238D+03
  333.4289  0.167726D+01  0.167645D+01  0.488058D+02
  333.5775  0.152603D+01  0.153170D+01 -0.364475D+03
  333.7259  0.144786D+01  0.144370D+01  0.267147D+03
  333.8743  0.151043D+01  0.152487D+01 -0.928397D+03
  334.0226  0.163040D+01  0.162632D+01  0.246340D+03
  334.1708  0.165018D+01  0.165281D+01 -0.152041D+03
  334.3190  0.169530D+01  0.168818D+01  0.396796D+03
  334.4671  0.177549D+01  0.178142D+01 -0.326994D+03
  334.6151  0.185677D+01  0.184054D+01  0.894399D+03
  334.7631  0.178593D+01  0.178150D+01  0.244515D+03
  334.9111  0.160734D+01  0.161988D+01 -0.710597D+03
   13 333.132 334.911 334.021  5.485D-03  0.000D+00  1.007D+00  4.021D+02 10300  5.954D-03
  333.1317  0.163873D+01  0.164342D+01 -0.299642D+03
  333.2804  0.171296D+01  0.170528D+01  0.447194D+03
  333.4289  0.167726D+01  0.167522D+01  0.122685D+03
  333.5775  0.152603D+01  0.153232D+01 -0.404473D+03
  333.7259  0.144786D+01  0.143900D+01  0.569327D+03
  333.8743  0.151043D+01  0.151807D+01 -0.491502D+03
  334.0226  0.163040D+01  0.162596D+01  0.267682D+03
  334.1708  0.165018D+01  0.165726D+01 -0.408377D+03
  334.3190  0.169530D+01  0.169186D+01  0.191940D+03
  334.4671  0.177549D+01  0.178447D+01 -0.494833D+03
  334.6151  0.185677D+01  0.184454D+01  0.673813D+03
  334.7631  0.178593D+01  0.178395D+01  0.109336D+03
  334.9111  0.160734D+01  0.161238D+01 -0.285547D+03
