 solar_wavcal_vary
           0
 F F
nwav fwave lwave avgwav  shift    squeeze      sin       rms   exval
   21 263.757 270.879 267.318 -7.684D-02  0.000D+00  1.029D+00  1.755D+03 10300  2.017D-02
  263.7568  0.242285D+00  0.344649D+00 -0.472722D+04
  264.1210  0.407868D+00  0.403874D+00  0.108635D+04
  264.4843  0.389505D+00  0.382939D+00  0.178625D+04
  264.8466  0.311050D+00  0.323266D+00 -0.369251D+04
  265.2080  0.360610D+00  0.351491D+00  0.248053D+04
  265.5685  0.399729D+00  0.400393D+00 -0.180658D+03
  265.9282  0.380777D+00  0.387571D+00 -0.184823D+04
  266.2870  0.350063D+00  0.353457D+00 -0.984296D+03
  266.6449  0.352496D+00  0.345583D+00  0.197367D+04
  267.0020  0.352577D+00  0.354279D+00 -0.485794D+03
  267.3582  0.371848D+00  0.374539D+00 -0.732146D+03
  267.7137  0.367210D+00  0.365795D+00  0.384868D+03
  268.0684  0.350170D+00  0.345974D+00  0.121698D+04
  268.4223  0.358402D+00  0.353280D+00  0.139345D+04
  268.7755  0.346188D+00  0.343726D+00  0.728340D+03
  269.1278  0.334657D+00  0.335859D+00 -0.393570D+03
  269.4795  0.331992D+00  0.334723D+00 -0.916443D+03
  269.8304  0.350779D+00  0.356498D+00 -0.165100D+04
  270.1807  0.396221D+00  0.398196D+00 -0.537285D+03
  270.5302  0.399092D+00  0.396663D+00  0.660743D+03
  270.8790  0.375118D+00  0.372468D+00  0.720901D+03
   21 265.928 272.959 269.443 -1.605D-02  0.000D+00  1.022D+00  1.023D+03 10300  1.067D-02
  265.9282  0.380777D+00  0.385038D+00 -0.115929D+04
  266.2870  0.350063D+00  0.353247D+00 -0.923163D+03
  266.6449  0.352496D+00  0.342230D+00  0.293086D+04
  267.0020  0.352577D+00  0.350849D+00  0.493123D+03
  267.3582  0.371848D+00  0.370858D+00  0.269139D+03
  267.7137  0.367210D+00  0.371921D+00 -0.128159D+04
  268.0684  0.350170D+00  0.347504D+00  0.773243D+03
  268.4223  0.358402D+00  0.354291D+00  0.111833D+04
  268.7755  0.346188D+00  0.348625D+00 -0.721218D+03
  269.1278  0.334657D+00  0.337459D+00 -0.917449D+03
  269.4795  0.331992D+00  0.336940D+00 -0.166067D+04
  269.8304  0.350779D+00  0.350373D+00  0.117288D+03
  270.1807  0.396221D+00  0.394364D+00  0.505095D+03
  270.5302  0.399092D+00  0.400824D+00 -0.471015D+03
  270.8790  0.375118D+00  0.375438D+00 -0.870457D+02
  271.2273  0.365756D+00  0.362016D+00  0.101721D+04
  271.5748  0.325460D+00  0.322490D+00  0.100968D+04
  271.9217  0.258786D+00  0.257888D+00  0.329377D+03
  272.2679  0.246704D+00  0.246129D+00  0.223766D+03
  272.6136  0.288393D+00  0.290135D+00 -0.667552D+03
  272.9586  0.343643D+00  0.344751D+00 -0.332865D+03
   21 268.068 275.017 271.543 -2.263D-03  0.000D+00  1.015D+00  7.378D+02 10000  5.310D-03
  268.0684  0.350170D+00  0.349874D+00  0.858289D+02
  268.4223  0.358402D+00  0.354764D+00  0.989783D+03
  268.7755  0.346188D+00  0.349038D+00 -0.843265D+03
  269.1278  0.334657D+00  0.336551D+00 -0.620209D+03
  269.4795  0.331992D+00  0.335836D+00 -0.129030D+04
  269.8304  0.350779D+00  0.347366D+00  0.985445D+03
  270.1807  0.396221D+00  0.391424D+00  0.130496D+04
  270.5302  0.399092D+00  0.400127D+00 -0.281484D+03
  270.8790  0.375118D+00  0.375404D+00 -0.777570D+02
  271.2273  0.365756D+00  0.362482D+00  0.890566D+03
  271.5748  0.325460D+00  0.325111D+00  0.118516D+03
  271.9217  0.258786D+00  0.260685D+00 -0.696563D+03
  272.2679  0.246704D+00  0.246118D+00  0.228073D+03
  272.6136  0.288393D+00  0.289648D+00 -0.480765D+03
  272.9586  0.343643D+00  0.345856D+00 -0.664697D+03
  273.3031  0.331060D+00  0.333096D+00 -0.687718D+03
  273.6470  0.263360D+00  0.262656D+00  0.273499D+03
  273.9903  0.212535D+00  0.209649D+00  0.128192D+04
  274.3330  0.187463D+00  0.186074D+00  0.629655D+03
  274.6752  0.182380D+00  0.183334D+00 -0.432623D+03
  275.0168  0.200142D+00  0.200948D+00 -0.365504D+03
   21 270.181 277.056 273.618  2.297D-03  0.000D+00  1.015D+00  5.494D+02 10300  3.742D-03
  270.1807  0.396221D+00  0.393596D+00  0.714098D+03
  270.5302  0.399092D+00  0.402028D+00 -0.798767D+03
  270.8790  0.375118D+00  0.376514D+00 -0.379689D+03
  271.2273  0.365756D+00  0.362936D+00  0.766926D+03
  271.5748  0.325460D+00  0.325670D+00 -0.716177D+02
  271.9217  0.258786D+00  0.261008D+00 -0.815100D+03
  272.2679  0.246704D+00  0.245240D+00  0.568951D+03
  272.6136  0.288393D+00  0.288188D+00  0.782936D+02
  272.9586  0.343643D+00  0.344448D+00 -0.241755D+03
  273.3031  0.331060D+00  0.333023D+00 -0.662893D+03
  273.6470  0.263360D+00  0.262967D+00  0.152785D+03
  273.9903  0.212535D+00  0.209773D+00  0.122706D+04
  274.3330  0.187463D+00  0.185981D+00  0.671963D+03
  274.6752  0.182380D+00  0.183192D+00 -0.368171D+03
  275.0168  0.200142D+00  0.200473D+00 -0.150052D+03
  275.3580  0.240346D+00  0.239672D+00  0.261891D+03
  275.6985  0.268643D+00  0.269512D+00 -0.337657D+03
  276.0386  0.330815D+00  0.332411D+00 -0.541807D+03
  276.3782  0.356231D+00  0.356769D+00 -0.149056D+03
  276.7173  0.364124D+00  0.364613D+00 -0.132882D+03
  277.0559  0.363516D+00  0.361484D+00  0.552879D+03
   21 272.268 279.078 275.673  8.979D-03  0.000D+00  1.005D+00  6.496D+02 10340  4.736D-03
  272.2679  0.246704D+00  0.245490D+00  0.471842D+03
  272.6136  0.288393D+00  0.288021D+00  0.142414D+03
  272.9586  0.343643D+00  0.344453D+00 -0.243423D+03
  273.3031  0.331060D+00  0.334606D+00 -0.119795D+04
  273.6470  0.263360D+00  0.264530D+00 -0.454755D+03
  273.9903  0.212535D+00  0.210448D+00  0.927048D+03
  274.3330  0.187463D+00  0.185893D+00  0.711641D+03
  274.6752  0.182380D+00  0.182663D+00 -0.127964D+03
  275.0168  0.200142D+00  0.199183D+00  0.434899D+03
  275.3580  0.240346D+00  0.238367D+00  0.768859D+03
  275.6985  0.268643D+00  0.268073D+00  0.221609D+03
  276.0386  0.330815D+00  0.331468D+00 -0.221818D+03
  276.3782  0.356231D+00  0.357810D+00 -0.437582D+03
  276.7173  0.364124D+00  0.367927D+00 -0.103461D+04
  277.0559  0.363516D+00  0.367140D+00 -0.985818D+03
  277.3941  0.370864D+00  0.370448D+00  0.113116D+03
  277.7318  0.326318D+00  0.322177D+00  0.137595D+04
  278.0690  0.264563D+00  0.263099D+00  0.501057D+03
  278.4058  0.243783D+00  0.244992D+00 -0.449498D+03
  278.7421  0.223171D+00  0.223057D+00  0.444144D+02
  279.0780  0.170199D+00  0.170749D+00 -0.249455D+03
   21 274.333 281.085 277.709  2.230D-02  0.000D+00  9.964D-01  8.207D+02 10300  1.124D-02
  274.3330  0.187463D+00  0.187110D+00  0.159834D+03
  274.6752  0.182380D+00  0.183640D+00 -0.571056D+03
  275.0168  0.200142D+00  0.199154D+00  0.447781D+03
  275.3580  0.240346D+00  0.239002D+00  0.522103D+03
  275.6985  0.268643D+00  0.267636D+00  0.391289D+03
  276.0386  0.330815D+00  0.331502D+00 -0.233203D+03
  276.3782  0.356231D+00  0.358477D+00 -0.622380D+03
  276.7173  0.364124D+00  0.368744D+00 -0.125672D+04
  277.0559  0.363516D+00  0.366470D+00 -0.803535D+03
  277.3941  0.370864D+00  0.370076D+00  0.214495D+03
  277.7318  0.326318D+00  0.322841D+00  0.115527D+04
  278.0690  0.264563D+00  0.261721D+00  0.972294D+03
  278.4058  0.243783D+00  0.242198D+00  0.589854D+03
  278.7421  0.223171D+00  0.221233D+00  0.753354D+03
  279.0780  0.170199D+00  0.169577D+00  0.282170D+03
  279.4135  0.121592D+00  0.124398D+00 -0.139753D+04
  279.7486  0.103697D+00  0.107374D+00 -0.200028D+04
  280.0833  0.104382D+00  0.105682D+00 -0.707302D+03
  280.4175  0.120106D+00  0.120109D+00 -0.997146D+00
  280.7514  0.167633D+00  0.165657D+00  0.597365D+03
  281.0849  0.231685D+00  0.229614D+00  0.605686D+03
   21 276.378 283.078 279.728  7.816D-03  0.000D+00  1.013D+00  9.664D+02 10300  1.009D-02
  276.3782  0.356231D+00  0.356019D+00  0.585862D+02
  276.7173  0.364124D+00  0.366592D+00 -0.671406D+03
  277.0559  0.363516D+00  0.365924D+00 -0.654831D+03
  277.3941  0.370864D+00  0.370158D+00  0.191998D+03
  277.7318  0.326318D+00  0.321509D+00  0.159777D+04
  278.0690  0.264563D+00  0.262096D+00  0.843832D+03
  278.4058  0.243783D+00  0.244444D+00 -0.245628D+03
  278.7421  0.223171D+00  0.222375D+00  0.309322D+03
  279.0780  0.170199D+00  0.169368D+00  0.376834D+03
  279.4135  0.121592D+00  0.124654D+00 -0.152540D+04
  279.7486  0.103697D+00  0.108165D+00 -0.243040D+04
  280.0833  0.104382D+00  0.106581D+00 -0.119661D+04
  280.4175  0.120106D+00  0.121445D+00 -0.452017D+03
  280.7514  0.167633D+00  0.167139D+00  0.149413D+03
  281.0849  0.231685D+00  0.228404D+00  0.959549D+03
  281.4181  0.297059D+00  0.293108D+00  0.107471D+04
  281.7508  0.360025D+00  0.359579D+00  0.121211D+03
  282.0831  0.406090D+00  0.407982D+00 -0.514720D+03
  282.4151  0.436092D+00  0.434435D+00  0.450797D+03
  282.7468  0.456531D+00  0.452299D+00  0.115122D+04
  283.0781  0.482565D+00  0.486839D+00 -0.116268D+04
   21 278.406 285.059 281.732 -6.144D-03  0.000D+00  1.011D+00  1.010D+03 10300  1.022D-02
  278.4058  0.243783D+00  0.244881D+00 -0.408247D+03
  278.7421  0.223171D+00  0.221182D+00  0.772953D+03
  279.0780  0.170199D+00  0.167026D+00  0.143856D+04
  279.4135  0.121592D+00  0.123205D+00 -0.803687D+03
  279.7486  0.103697D+00  0.107532D+00 -0.208613D+04
  280.0833  0.104382D+00  0.106305D+00 -0.104626D+04
  280.4175  0.120106D+00  0.121871D+00 -0.595658D+03
  280.7514  0.167633D+00  0.168504D+00 -0.263353D+03
  281.0849  0.231685D+00  0.229217D+00  0.721723D+03
  281.4181  0.297059D+00  0.293726D+00  0.906583D+03
  281.7508  0.360025D+00  0.359214D+00  0.220618D+03
  282.0831  0.406090D+00  0.406589D+00 -0.135772D+03
  282.4151  0.436092D+00  0.432285D+00  0.103563D+04
  282.7468  0.456531D+00  0.451152D+00  0.146331D+04
  283.0781  0.482565D+00  0.486832D+00 -0.116084D+04
  283.4091  0.477576D+00  0.485591D+00 -0.218024D+04
  283.7397  0.466987D+00  0.466847D+00  0.380809D+02
  284.0699  0.459201D+00  0.455584D+00  0.984123D+03
  284.3999  0.404974D+00  0.403997D+00  0.265874D+03
  284.7296  0.307642D+00  0.309089D+00 -0.393568D+03
  285.0588  0.190426D+00  0.189207D+00  0.374087D+03
   21 280.418 287.028 283.723  1.944D-03  0.000D+00  1.009D+00  7.778D+02 10300  4.041D-03
  280.4175  0.120106D+00  0.122394D+00 -0.772075D+03
  280.7514  0.167633D+00  0.168697D+00 -0.321520D+03
  281.0849  0.231685D+00  0.229878D+00  0.528449D+03
  281.4181  0.297059D+00  0.294457D+00  0.707907D+03
  281.7508  0.360025D+00  0.360379D+00 -0.965419D+02
  282.0831  0.406090D+00  0.408011D+00 -0.522823D+03
  282.4151  0.436092D+00  0.433725D+00  0.643955D+03
  282.7468  0.456531D+00  0.451570D+00  0.134970D+04
  283.0781  0.482565D+00  0.486506D+00 -0.107214D+04
  283.4091  0.477576D+00  0.485699D+00 -0.220966D+04
  283.7397  0.466987D+00  0.465655D+00  0.362416D+03
  284.0699  0.459201D+00  0.454271D+00  0.134115D+04
  284.3999  0.404974D+00  0.403236D+00  0.472690D+03
  284.7296  0.307642D+00  0.309638D+00 -0.543019D+03
  285.0588  0.190426D+00  0.189895D+00  0.162773D+03
  285.3878  0.159284D+00  0.159335D+00 -0.173841D+02
  285.7165  0.264388D+00  0.265048D+00 -0.198225D+03
  286.0448  0.409708D+00  0.410371D+00 -0.180088D+03
  286.3729  0.498814D+00  0.497810D+00  0.272934D+03
  286.7006  0.516493D+00  0.516056D+00  0.118990D+03
  287.0280  0.539808D+00  0.540520D+00 -0.193756D+03
   21 282.415 288.986 285.701  3.532D-03  0.000D+00  1.003D+00  7.294D+02 10300  2.873D-03
  282.4151  0.436092D+00  0.435414D+00  0.184296D+03
  282.7468  0.456531D+00  0.451762D+00  0.129730D+04
  283.0781  0.482565D+00  0.486669D+00 -0.111629D+04
  283.4091  0.477576D+00  0.485410D+00 -0.213102D+04
  283.7397  0.466987D+00  0.464620D+00  0.643813D+03
  284.0699  0.459201D+00  0.453987D+00  0.141851D+04
  284.3999  0.404974D+00  0.403215D+00  0.478401D+03
  284.7296  0.307642D+00  0.310234D+00 -0.705030D+03
  285.0588  0.190426D+00  0.189423D+00  0.307724D+03
  285.3878  0.159284D+00  0.157794D+00  0.506279D+03
  285.7165  0.264388D+00  0.264173D+00  0.642487D+02
  286.0448  0.409708D+00  0.410784D+00 -0.292703D+03
  286.3729  0.498814D+00  0.498885D+00 -0.195561D+02
  286.7006  0.516493D+00  0.516502D+00 -0.233551D+01
  287.0280  0.539808D+00  0.540364D+00 -0.151188D+03
  287.3552  0.570074D+00  0.570555D+00 -0.130941D+03
  287.6820  0.513422D+00  0.513029D+00  0.106921D+03
  288.0085  0.404123D+00  0.403722D+00  0.109010D+03
  288.3348  0.400231D+00  0.400592D+00 -0.982110D+02
  288.6607  0.543756D+00  0.543659D+00  0.258147D+02
  288.9864  0.608121D+00  0.607975D+00  0.397682D+02
   21 284.400 290.934 287.667  5.147D-03  0.000D+00  1.007D+00  4.971D+02 10300  1.920D-03
  284.3999  0.404974D+00  0.402414D+00  0.696382D+03
  284.7296  0.307642D+00  0.310213D+00 -0.699300D+03
  285.0588  0.190426D+00  0.191074D+00 -0.198868D+03
  285.3878  0.159284D+00  0.159346D+00 -0.211029D+02
  285.7165  0.264388D+00  0.264313D+00  0.224393D+02
  286.0448  0.409708D+00  0.410463D+00 -0.205188D+03
  286.3729  0.498814D+00  0.499070D+00 -0.697276D+02
  286.7006  0.516493D+00  0.517297D+00 -0.218735D+03
  287.0280  0.539808D+00  0.540655D+00 -0.230381D+03
  287.3552  0.570074D+00  0.570552D+00 -0.130142D+03
  287.6820  0.513422D+00  0.513143D+00  0.756741D+02
  288.0085  0.404123D+00  0.403121D+00  0.272501D+03
  288.3348  0.400231D+00  0.397788D+00  0.664400D+03
  288.6607  0.543756D+00  0.542120D+00  0.435623D+03
  288.9864  0.608121D+00  0.605146D+00  0.809363D+03
  289.3118  0.642856D+00  0.641620D+00  0.336155D+03
  289.6369  0.740475D+00  0.742121D+00 -0.447788D+03
  289.9617  0.859925D+00  0.862856D+00 -0.797252D+03
  290.2862  0.936782D+00  0.937251D+00 -0.127625D+03
  290.6104  0.938415D+00  0.941697D+00 -0.816026D+03
  290.9344  0.898421D+00  0.894721D+00  0.100669D+04
   21 286.373 292.872 289.622  6.123D-03  0.000D+00  1.007D+00  7.938D+02 10300  3.784D-03
  286.3729  0.498814D+00  0.500026D+00 -0.329759D+03
  286.7006  0.516493D+00  0.516395D+00  0.267820D+02
  287.0280  0.539808D+00  0.539265D+00  0.147831D+03
  287.3552  0.570074D+00  0.571558D+00 -0.403642D+03
  287.6820  0.513422D+00  0.513736D+00 -0.853962D+02
  288.0085  0.404123D+00  0.401888D+00  0.608027D+03
  288.3348  0.400231D+00  0.395469D+00  0.129544D+04
  288.6607  0.543756D+00  0.542606D+00  0.306008D+03
  288.9864  0.608121D+00  0.605377D+00  0.746450D+03
  289.3118  0.642856D+00  0.641876D+00  0.266547D+03
  289.6369  0.740475D+00  0.742771D+00 -0.624746D+03
  289.9617  0.859925D+00  0.863909D+00 -0.108393D+04
  290.2862  0.936782D+00  0.938817D+00 -0.553552D+03
  290.6104  0.938415D+00  0.943695D+00 -0.131262D+04
  290.9344  0.898421D+00  0.898522D+00 -0.273451D+02
  291.2580  0.901544D+00  0.896625D+00  0.133824D+04
  291.5814  0.882863D+00  0.875701D+00  0.194832D+04
  291.9045  0.847752D+00  0.847530D+00  0.603912D+02
  292.2273  0.825957D+00  0.828643D+00 -0.730805D+03
  292.5498  0.751538D+00  0.753961D+00 -0.659138D+03
  292.8720  0.750166D+00  0.749839D+00  0.887835D+02
   21 288.335 294.799 291.567  9.572D-03  0.000D+00  1.003D+00  1.083D+03 10300  5.473D-03
  288.3348  0.400231D+00  0.392926D+00  0.198709D+04
  288.6607  0.543756D+00  0.550154D+00 -0.170406D+04
  288.9864  0.608121D+00  0.608599D+00 -0.129977D+03
  289.3118  0.642856D+00  0.640060D+00  0.760488D+03
  289.6369  0.740475D+00  0.740831D+00 -0.969451D+02
  289.9617  0.859925D+00  0.862889D+00 -0.806294D+03
  290.2862  0.936782D+00  0.937909D+00 -0.306571D+03
  290.6104  0.938415D+00  0.943600D+00 -0.128911D+04
  290.9344  0.898421D+00  0.894344D+00  0.110923D+04
  291.2580  0.901544D+00  0.895966D+00  0.151760D+04
  291.5814  0.882863D+00  0.875770D+00  0.192951D+04
  291.9045  0.847752D+00  0.847397D+00  0.964199D+02
  292.2273  0.825957D+00  0.834292D+00 -0.226757D+04
  292.5498  0.751538D+00  0.756152D+00 -0.125505D+04
  292.8720  0.750166D+00  0.749611D+00  0.150888D+03
  293.1939  0.872083D+00  0.872731D+00 -0.176124D+03
  293.5156  0.874897D+00  0.874004D+00  0.242867D+03
  293.8370  0.750835D+00  0.747866D+00  0.807658D+03
  294.1580  0.764455D+00  0.764910D+00 -0.123701D+03
  294.4788  0.818887D+00  0.819065D+00 -0.485682D+02
  294.7992  0.756602D+00  0.756736D+00 -0.365329D+02
   21 290.286 296.716 293.501  6.320D-03  0.000D+00  1.003D+00  1.106D+03 10300  5.031D-03
  290.2862  0.936782D+00  0.938655D+00 -0.509411D+03
  290.6104  0.938415D+00  0.943758D+00 -0.132831D+04
  290.9344  0.898421D+00  0.894560D+00  0.105055D+04
  291.2580  0.901544D+00  0.896582D+00  0.134996D+04
  291.5814  0.882863D+00  0.875601D+00  0.197557D+04
  291.9045  0.847752D+00  0.847508D+00  0.663136D+02
  292.2273  0.825957D+00  0.833750D+00 -0.211994D+04
  292.5498  0.751538D+00  0.755239D+00 -0.100682D+04
  292.8720  0.750166D+00  0.750228D+00 -0.170814D+02
  293.1939  0.872083D+00  0.873678D+00 -0.433820D+03
  293.5156  0.874897D+00  0.872983D+00  0.520721D+03
  293.8370  0.750835D+00  0.747585D+00  0.884007D+03
  294.1580  0.764455D+00  0.766722D+00 -0.616672D+03
  294.4788  0.818887D+00  0.821097D+00 -0.601330D+03
  294.7992  0.756602D+00  0.758937D+00 -0.635416D+03
  295.1194  0.778973D+00  0.781752D+00 -0.756047D+03
  295.4393  0.858998D+00  0.852718D+00  0.170819D+04
  295.7588  0.871374D+00  0.870505D+00  0.236555D+03
  296.0781  0.919331D+00  0.917949D+00  0.376029D+03
  296.3970  0.865085D+00  0.861075D+00  0.109093D+04
  296.7156  0.660132D+00  0.667532D+00 -0.201294D+04
   21 292.227 298.620 295.424  9.242D-03  0.000D+00  1.001D+00  1.104D+03 10300  2.803D-03
  292.2273  0.825957D+00  0.827626D+00 -0.454147D+03
  292.5498  0.751538D+00  0.749407D+00  0.579752D+03
  292.8720  0.750166D+00  0.743175D+00  0.190176D+04
  293.1939  0.872083D+00  0.876878D+00 -0.130439D+04
  293.5156  0.874897D+00  0.879754D+00 -0.132138D+04
  293.8370  0.750835D+00  0.744039D+00  0.184858D+04
  294.1580  0.764455D+00  0.766504D+00 -0.557514D+03
  294.4788  0.818887D+00  0.826108D+00 -0.196447D+04
  294.7992  0.756602D+00  0.756480D+00  0.331514D+02
  295.1194  0.778973D+00  0.778623D+00  0.950197D+02
  295.4393  0.858998D+00  0.852922D+00  0.165275D+04
  295.7588  0.871374D+00  0.866423D+00  0.134700D+04
  296.0781  0.919331D+00  0.917825D+00  0.409764D+03
  296.3970  0.865085D+00  0.866917D+00 -0.498247D+03
  296.7156  0.660132D+00  0.662391D+00 -0.614342D+03
  297.0339  0.631817D+00  0.635544D+00 -0.101395D+04
  297.3518  0.733230D+00  0.736885D+00 -0.994273D+03
  297.6695  0.934312D+00  0.934760D+00 -0.121655D+03
  297.9868  0.914213D+00  0.909792D+00  0.120274D+04
  298.3037  0.644556D+00  0.648410D+00 -0.104845D+04
  298.6204  0.579241D+00  0.576739D+00  0.680670D+03
   21 294.158 300.513 297.335  3.544D-03  0.000D+00  1.025D+00  4.766D+03 10300  1.086D-02
  294.1580  0.764455D+00  0.780575D+00 -0.438540D+04
  294.4788  0.818887D+00  0.826555D+00 -0.208614D+04
  294.7992  0.756602D+00  0.747853D+00  0.237999D+04
  295.1194  0.778973D+00  0.769963D+00  0.245085D+04
  295.4393  0.858998D+00  0.841421D+00  0.478145D+04
  295.7588  0.871374D+00  0.856523D+00  0.404010D+04
  296.0781  0.919331D+00  0.913346D+00  0.162807D+04
  296.3970  0.865085D+00  0.866851D+00 -0.480303D+03
  296.7156  0.660132D+00  0.660045D+00  0.237762D+02
  297.0339  0.631817D+00  0.643675D+00 -0.322571D+04
  297.3518  0.733230D+00  0.750980D+00 -0.482859D+04
  297.6695  0.934312D+00  0.963156D+00 -0.784644D+04
  297.9868  0.914213D+00  0.931464D+00 -0.469271D+04
  298.3037  0.644556D+00  0.651875D+00 -0.199101D+04
  298.6204  0.579241D+00  0.578851D+00  0.106065D+03
  298.9367  0.782028D+00  0.760614D+00  0.582530D+04
  299.2526  0.863060D+00  0.818516D+00  0.121175D+05
  299.5681  0.779142D+00  0.753865D+00  0.687620D+04
  299.8833  0.750200D+00  0.760721D+00 -0.286213D+04
  300.1982  0.564683D+00  0.583879D+00 -0.522202D+04
  300.5126  0.639607D+00  0.653824D+00 -0.386752D+04
   21 296.078 302.391 299.235  5.523D-03  0.000D+00  1.017D+00  6.867D+03 10000  1.432D-02
  296.0781  0.919331D+00  0.895035D+00  0.660933D+04
  296.3970  0.865085D+00  0.866003D+00 -0.249855D+03
  296.7156  0.660132D+00  0.663454D+00 -0.903510D+03
  297.0339  0.631817D+00  0.649011D+00 -0.467742D+04
  297.3518  0.733230D+00  0.755822D+00 -0.614580D+04
  297.6695  0.934312D+00  0.966296D+00 -0.870061D+04
  297.9868  0.914213D+00  0.931182D+00 -0.461621D+04
  298.3037  0.644556D+00  0.647796D+00 -0.881351D+03
  298.6204  0.579241D+00  0.569923D+00  0.253489D+04
  298.9367  0.782028D+00  0.743866D+00  0.103814D+05
  299.2526  0.863060D+00  0.800216D+00  0.170958D+05
  299.5681  0.779142D+00  0.738094D+00  0.111664D+05
  299.8833  0.750200D+00  0.748997D+00  0.327388D+03
  300.1982  0.564683D+00  0.584324D+00 -0.534295D+04
  300.5126  0.639607D+00  0.664738D+00 -0.683659D+04
  300.8267  0.688940D+00  0.722841D+00 -0.922225D+04
  301.1404  0.763725D+00  0.789224D+00 -0.693667D+04
  301.4537  0.835237D+00  0.841132D+00 -0.160369D+04
  301.7666  0.714933D+00  0.712969D+00  0.534054D+03
  302.0790  0.551985D+00  0.546968D+00  0.136487D+04
  302.3911  0.717538D+00  0.693176D+00  0.662737D+04
   21 297.987 304.254 301.120 -1.452D-02  0.000D+00  9.798D-01  6.880D+03 10300  1.652D-02
  297.9868  0.914213D+00  0.943039D+00 -0.784168D+04
  298.3037  0.644556D+00  0.643502D+00  0.286691D+03
  298.6204  0.579241D+00  0.581059D+00 -0.494732D+03
  298.9367  0.782028D+00  0.765503D+00  0.449535D+04
  299.2526  0.863060D+00  0.802573D+00  0.164546D+05
  299.5681  0.779142D+00  0.744467D+00  0.943270D+04
  299.8833  0.750200D+00  0.749410D+00  0.214822D+03
  300.1982  0.564683D+00  0.580539D+00 -0.431335D+04
  300.5126  0.639607D+00  0.680510D+00 -0.111270D+05
  300.8267  0.688940D+00  0.728726D+00 -0.108234D+05
  301.1404  0.763725D+00  0.802808D+00 -0.106321D+05
  301.4537  0.835237D+00  0.847262D+00 -0.327121D+04
  301.7666  0.714933D+00  0.703028D+00  0.323849D+04
  302.0790  0.551985D+00  0.543064D+00  0.242684D+04
  302.3911  0.717538D+00  0.704900D+00  0.343791D+04
  302.7027  0.903473D+00  0.874364D+00  0.791866D+04
  303.0139  0.102779D+01  0.989051D+00  0.582224D+04
  303.3247  0.108338D+01  0.106134D+01  0.299707D+04
  303.6350  0.104605D+01  0.102863D+01  0.241562D+04
  303.9448  0.899029D+00  0.904707D+00 -0.154472D+04
  304.2542  0.936705D+00  0.957052D+00 -0.518062D+04
   21 299.883 306.100 302.992 -5.785D-03  0.000D+00  1.008D+00  3.159D+03 10300  8.166D-03
  299.8833  0.750200D+00  0.726982D+00  0.631620D+04
  300.1982  0.564683D+00  0.565715D+00 -0.280738D+03
  300.5126  0.639607D+00  0.654365D+00 -0.401459D+04
  300.8267  0.688940D+00  0.709288D+00 -0.553533D+04
  301.1404  0.763725D+00  0.783189D+00 -0.529482D+04
  301.4537  0.835237D+00  0.836428D+00 -0.324062D+03
  301.7666  0.714933D+00  0.705832D+00  0.247579D+04
  302.0790  0.551985D+00  0.545777D+00  0.168887D+04
  302.3911  0.717538D+00  0.706048D+00  0.312550D+04
  302.7027  0.903473D+00  0.883102D+00  0.554151D+04
  303.0139  0.102779D+01  0.100523D+01  0.339019D+04
  303.3247  0.108338D+01  0.107771D+01  0.770633D+03
  303.6350  0.104605D+01  0.104733D+01 -0.177127D+03
  303.9448  0.899029D+00  0.908959D+00 -0.270148D+04
  304.2542  0.936705D+00  0.945382D+00 -0.220916D+04
  304.5631  0.102140D+01  0.103723D+01 -0.222357D+04
  304.8716  0.983420D+00  0.984674D+00 -0.189470D+03
  305.1795  0.110686D+01  0.111576D+01 -0.121110D+04
  305.4869  0.103317D+01  0.105174D+01 -0.244347D+04
  305.7938  0.798828D+00  0.800055D+00 -0.333948D+03
  306.1002  0.854263D+00  0.843563D+00  0.291071D+04
   21 301.767 307.927 304.847 -9.780D-03  0.000D+00  1.031D+00  8.286D+02 10340  2.310D-03
  301.7666  0.714933D+00  0.715336D+00 -0.109751D+03
  302.0790  0.551985D+00  0.550709D+00  0.347248D+03
  302.3911  0.717538D+00  0.723041D+00 -0.149714D+04
  302.7027  0.903473D+00  0.899256D+00  0.114704D+04
  303.0139  0.102779D+01  0.101804D+01  0.146499D+04
  303.3247  0.108338D+01  0.108615D+01 -0.376626D+03
  303.6350  0.104605D+01  0.104665D+01 -0.823939D+02
  303.9448  0.899029D+00  0.903256D+00 -0.115015D+04
  304.2542  0.936705D+00  0.937657D+00 -0.242267D+03
  304.5631  0.102140D+01  0.102441D+01 -0.423199D+03
  304.8716  0.983420D+00  0.971521D+00  0.179728D+04
  305.1795  0.110686D+01  0.110230D+01  0.620435D+03
  305.4869  0.103317D+01  0.103874D+01 -0.733243D+03
  305.7938  0.798828D+00  0.798921D+00 -0.253585D+02
  306.1002  0.854263D+00  0.855857D+00 -0.433789D+03
  306.4061  0.961517D+00  0.956334D+00  0.704901D+03
  306.7114  0.868059D+00  0.873589D+00 -0.765768D+03
  307.0161  0.987732D+00  0.985213D+00  0.342549D+03
  307.3203  0.104915D+01  0.104225D+01  0.938372D+03
  307.6240  0.101051D+01  0.101542D+01 -0.667557D+03
  307.9270  0.103899D+01  0.103940D+01 -0.553356D+02
   21 312.073 315.228 313.650  7.817D-04  0.000D+00  1.008D+00  7.351D+02 10000  3.498D-03
  312.0731  0.957324D+00  0.957833D+00 -0.489001D+02
  312.2316  0.995126D+00  0.991918D+00  0.308580D+03
  312.3900  0.108210D+01  0.108434D+01 -0.212010D+03
  312.5483  0.110756D+01  0.111416D+01 -0.573911D+03
  312.7065  0.110334D+01  0.109546D+01  0.690927D+03
  312.8647  0.111547D+01  0.112165D+01 -0.521092D+03
  313.0228  0.114268D+01  0.113736D+01  0.422563D+03
  313.1808  0.112422D+01  0.111793D+01  0.518199D+03
  313.3388  0.108376D+01  0.108942D+01 -0.507351D+03
  313.4966  0.109279D+01  0.109064D+01  0.187191D+03
  313.6544  0.114669D+01  0.115609D+01 -0.740594D+03
  313.8121  0.127104D+01  0.126538D+01  0.434834D+03
  313.9697  0.133478D+01  0.134095D+01 -0.474754D+03
  314.1273  0.133927D+01  0.131707D+01  0.170822D+04
  314.2848  0.113323D+01  0.115448D+01 -0.169109D+04
  314.4421  0.909595D+00  0.900244D+00  0.899361D+03
  314.5995  0.829235D+00  0.840594D+00 -0.109246D+04
  314.7567  0.995097D+00  0.995009D+00  0.853240D+01
  314.9138  0.116926D+01  0.115909D+01  0.782727D+03
  315.0709  0.123581D+01  0.123764D+01 -0.140187D+03
  315.2279  0.124177D+01  0.124318D+01 -0.108483D+03
   21 313.023 316.168 314.596 -4.378D-04  0.000D+00  1.009D+00  7.852D+02 10300  3.126D-03
  313.0228  0.114268D+01  0.114183D+01  0.674951D+02
  313.1808  0.112422D+01  0.111982D+01  0.362712D+03
  313.3388  0.108376D+01  0.108973D+01 -0.535035D+03
  313.4966  0.109279D+01  0.109035D+01  0.212729D+03
  313.6544  0.114669D+01  0.115596D+01 -0.730292D+03
  313.8121  0.127104D+01  0.126562D+01  0.416476D+03
  313.9697  0.133478D+01  0.134111D+01 -0.487037D+03
  314.1273  0.133927D+01  0.131692D+01  0.171974D+04
  314.2848  0.113323D+01  0.115341D+01 -0.160612D+04
  314.4421  0.909595D+00  0.898447D+00  0.107222D+04
  314.5995  0.829235D+00  0.841075D+00 -0.113877D+04
  314.7567  0.995097D+00  0.996639D+00 -0.148092D+03
  314.9138  0.116926D+01  0.115952D+01  0.749729D+03
  315.0709  0.123581D+01  0.123548D+01  0.254207D+02
  315.2279  0.124177D+01  0.123815D+01  0.278457D+03
  315.3848  0.121616D+01  0.122221D+01 -0.465376D+03
  315.5416  0.116746D+01  0.116036D+01  0.546403D+03
  315.6984  0.100221D+01  0.101168D+01 -0.892561D+03
  315.8551  0.833866D+00  0.826057D+00  0.751083D+03
  316.0117  0.739452D+00  0.748410D+00 -0.861611D+03
  316.1683  0.813214D+00  0.807792D+00  0.521486D+03
   21 313.970 317.106 315.538 -9.524D-04  0.000D+00  1.009D+00  8.364D+02 10000  3.333D-03
  313.9697  0.133478D+01  0.134270D+01 -0.609364D+03
  314.1273  0.133927D+01  0.131797D+01  0.163853D+04
  314.2848  0.113323D+01  0.115349D+01 -0.161227D+04
  314.4421  0.909595D+00  0.898213D+00  0.109468D+04
  314.5995  0.829235D+00  0.841455D+00 -0.117528D+04
  314.7567  0.995097D+00  0.996953D+00 -0.178238D+03
  314.9138  0.116926D+01  0.115923D+01  0.771456D+03
  315.0709  0.123581D+01  0.123461D+01  0.928929D+02
  315.2279  0.124177D+01  0.123715D+01  0.355357D+03
  315.3848  0.121616D+01  0.122139D+01 -0.401879D+03
  315.5416  0.116746D+01  0.115986D+01  0.584274D+03
  315.6984  0.100221D+01  0.101171D+01 -0.895610D+03
  315.8551  0.833866D+00  0.827016D+00  0.658902D+03
  316.0117  0.739452D+00  0.750863D+00 -0.109752D+04
  316.1683  0.813214D+00  0.812461D+00  0.724084D+02
  316.3247  0.953205D+00  0.950623D+00  0.248396D+03
  316.4811  0.105823D+01  0.105981D+01 -0.128179D+03
  316.6374  0.111885D+01  0.110643D+01  0.955946D+03
  316.7936  0.113738D+01  0.114956D+01 -0.937606D+03
  316.9497  0.122764D+01  0.121673D+01  0.839952D+03
  317.1058  0.135128D+01  0.135662D+01 -0.411230D+03
   21 314.914 318.041 316.477 -1.308D-03  0.000D+00  1.008D+00  6.040D+02 10300  3.908D-03
  314.9138  0.116926D+01  0.116679D+01  0.190259D+03
  315.0709  0.123581D+01  0.123927D+01 -0.266088D+03
  315.2279  0.124177D+01  0.123931D+01  0.188947D+03
  315.3848  0.121616D+01  0.122162D+01 -0.420271D+03
  315.5416  0.116746D+01  0.115870D+01  0.673725D+03
  315.6984  0.100221D+01  0.100981D+01 -0.716706D+03
  315.8551  0.833866D+00  0.825195D+00  0.833956D+03
  316.0117  0.739452D+00  0.749486D+00 -0.965149D+03
  316.1683  0.813214D+00  0.811413D+00  0.173211D+03
  316.3247  0.953205D+00  0.949837D+00  0.323995D+03
  316.4811  0.105823D+01  0.105931D+01 -0.875863D+02
  316.6374  0.111885D+01  0.110650D+01  0.949914D+03
  316.7936  0.113738D+01  0.115042D+01 -0.100366D+04
  316.9497  0.122764D+01  0.121853D+01  0.701106D+03
  317.1058  0.135128D+01  0.135954D+01 -0.635666D+03
  317.2618  0.147702D+01  0.147733D+01 -0.240439D+02
  317.4177  0.146896D+01  0.147516D+01 -0.477403D+03
  317.5736  0.145381D+01  0.144067D+01  0.101124D+04
  317.7294  0.138402D+01  0.139191D+01 -0.607636D+03
  317.8851  0.120741D+01  0.120236D+01  0.388416D+03
  318.0407  0.973478D+00  0.975324D+00 -0.169782D+03
   21 315.855 318.973 317.414  1.074D-03  0.000D+00  1.011D+00  6.261D+02 10000  3.341D-03
  315.8551  0.833866D+00  0.827734D+00  0.589830D+03
  316.0117  0.739452D+00  0.750800D+00 -0.109145D+04
  316.1683  0.813214D+00  0.811806D+00  0.135404D+03
  316.3247  0.953205D+00  0.950468D+00  0.263317D+03
  316.4811  0.105823D+01  0.106134D+01 -0.252655D+03
  316.6374  0.111885D+01  0.110871D+01  0.779947D+03
  316.7936  0.113738D+01  0.115189D+01 -0.111676D+04
  316.9497  0.122764D+01  0.121834D+01  0.715510D+03
  317.1058  0.135128D+01  0.135744D+01 -0.474177D+03
  317.2618  0.147702D+01  0.147552D+01  0.115213D+03
  317.4177  0.146896D+01  0.147363D+01 -0.359710D+03
  317.5736  0.145381D+01  0.143801D+01  0.121577D+04
  317.7294  0.138402D+01  0.139004D+01 -0.463377D+03
  317.8851  0.120741D+01  0.120305D+01  0.335542D+03
  318.0407  0.973478D+00  0.975641D+00 -0.198937D+03
  318.1963  0.883219D+00  0.893737D+00 -0.101158D+04
  318.3517  0.943843D+00  0.941392D+00  0.234137D+03
  318.5071  0.104608D+01  0.104174D+01  0.337987D+03
  318.6624  0.114014D+01  0.114615D+01 -0.462661D+03
  318.8177  0.126095D+01  0.125193D+01  0.694420D+03
  318.9728  0.133192D+01  0.133544D+01 -0.270793D+03
   21 316.794 319.902 318.348 -1.679D-03  0.000D+00  1.013D+00  7.361D+02 10300  3.502D-03
  316.7936  0.113738D+01  0.114521D+01 -0.602761D+03
  316.9497  0.122764D+01  0.121498D+01  0.973956D+03
  317.1058  0.135128D+01  0.135718D+01 -0.454035D+03
  317.2618  0.147702D+01  0.147560D+01  0.109214D+03
  317.4177  0.146896D+01  0.147392D+01 -0.382158D+03
  317.5736  0.145381D+01  0.143992D+01  0.106840D+04
  317.7294  0.138402D+01  0.139126D+01 -0.556998D+03
  317.8851  0.120741D+01  0.120160D+01  0.447023D+03
  318.0407  0.973478D+00  0.974982D+00 -0.138316D+03
  318.1963  0.883219D+00  0.895384D+00 -0.117001D+04
  318.3517  0.943843D+00  0.943894D+00 -0.490613D+01
  318.5071  0.104608D+01  0.104348D+01  0.201861D+03
  318.6624  0.114014D+01  0.114599D+01 -0.449726D+03
  318.8177  0.126095D+01  0.124933D+01  0.894369D+03
  318.9728  0.133192D+01  0.132788D+01  0.310939D+03
  319.1279  0.123335D+01  0.123561D+01 -0.173713D+03
  319.2830  0.104631D+01  0.104020D+01  0.470088D+03
  319.4379  0.993043D+00  0.100402D+01 -0.868052D+03
  319.5928  0.108582D+01  0.109987D+01 -0.108096D+04
  319.7476  0.123146D+01  0.120897D+01  0.173027D+04
  319.9023  0.131374D+01  0.132151D+01 -0.597986D+03
   21 317.729 320.829 319.279 -2.803D-05  0.000D+00  1.012D+00  7.351D+02 10300  3.785D-03
  317.7294  0.138402D+01  0.138626D+01 -0.172243D+03
  317.8851  0.120741D+01  0.119979D+01  0.586408D+03
  318.0407  0.973478D+00  0.973932D+00 -0.417172D+02
  318.1963  0.883219D+00  0.893469D+00 -0.985853D+03
  318.3517  0.943843D+00  0.941621D+00  0.212289D+03
  318.5071  0.104608D+01  0.104159D+01  0.349455D+03
  318.6624  0.114014D+01  0.114488D+01 -0.364799D+03
  318.8177  0.126095D+01  0.124891D+01  0.926229D+03
  318.9728  0.133192D+01  0.132922D+01  0.207364D+03
  319.1279  0.123335D+01  0.123958D+01 -0.479447D+03
  319.2830  0.104631D+01  0.104360D+01  0.208845D+03
  319.4379  0.993043D+00  0.100530D+01 -0.969439D+03
  319.5928  0.108582D+01  0.110083D+01 -0.115533D+04
  319.7476  0.123146D+01  0.120968D+01  0.167591D+04
  319.9023  0.131374D+01  0.132213D+01 -0.645658D+03
  320.0569  0.137236D+01  0.135808D+01  0.109882D+04
  320.2115  0.136036D+01  0.136854D+01 -0.629333D+03
  320.3660  0.143058D+01  0.142980D+01  0.601881D+02
  320.5204  0.148608D+01  0.149533D+01 -0.685414D+03
  320.6748  0.151620D+01  0.150324D+01  0.916628D+03
  320.8291  0.141415D+01  0.141841D+01 -0.327671D+03
   21 318.662 321.753 320.208 -5.619D-05  0.000D+00  1.007D+00  7.451D+02 10300  3.863D-03
  318.6624  0.114014D+01  0.114602D+01 -0.452523D+03
  318.8177  0.126095D+01  0.124975D+01  0.862189D+03
  318.9728  0.133192D+01  0.132977D+01  0.165113D+03
  319.1279  0.123335D+01  0.123982D+01 -0.498147D+03
  319.2830  0.104631D+01  0.104358D+01  0.210681D+03
  319.4379  0.993043D+00  0.100523D+01 -0.963325D+03
  319.5928  0.108582D+01  0.110075D+01 -0.114901D+04
  319.7476  0.123146D+01  0.120953D+01  0.168690D+04
  319.9023  0.131374D+01  0.132200D+01 -0.635136D+03
  320.0569  0.137236D+01  0.135788D+01  0.111414D+04
  320.2115  0.136036D+01  0.136831D+01 -0.611909D+03
  320.3660  0.143058D+01  0.142955D+01  0.790947D+02
  320.5204  0.148608D+01  0.149499D+01 -0.660361D+03
  320.6748  0.151620D+01  0.150275D+01  0.951333D+03
  320.8291  0.141415D+01  0.141774D+01 -0.276258D+03
  320.9833  0.125206D+01  0.124403D+01  0.617794D+03
  321.1375  0.107179D+01  0.107522D+01 -0.264273D+03
  321.2915  0.977591D+00  0.986104D+00 -0.666062D+03
  321.4455  0.988746D+00  0.988453D+00  0.226999D+02
  321.5994  0.106272D+01  0.107181D+01 -0.699774D+03
  321.7533  0.119862D+01  0.118972D+01  0.685242D+03
   21 319.593 322.675 321.134  1.398D-03  0.000D+00  1.001D+00  8.454D+02 10300  5.635D-03
  319.5928  0.108582D+01  0.110135D+01 -0.119543D+04
  319.7476  0.123146D+01  0.121014D+01  0.164028D+04
  319.9023  0.131374D+01  0.132300D+01 -0.712378D+03
  320.0569  0.137236D+01  0.135940D+01  0.996522D+03
  320.2115  0.136036D+01  0.136913D+01 -0.675273D+03
  320.3660  0.143058D+01  0.142969D+01  0.682275D+02
  320.5204  0.148608D+01  0.149507D+01 -0.665853D+03
  320.6748  0.151620D+01  0.150321D+01  0.918928D+03
  320.8291  0.141415D+01  0.141895D+01 -0.369485D+03
  320.9833  0.125206D+01  0.124572D+01  0.487966D+03
  321.1375  0.107179D+01  0.107652D+01 -0.363842D+03
  321.2915  0.977591D+00  0.986762D+00 -0.717577D+03
  321.4455  0.988746D+00  0.988655D+00  0.703273D+01
  321.5994  0.106272D+01  0.107214D+01 -0.725030D+03
  321.7533  0.119862D+01  0.119108D+01  0.580761D+03
  321.9070  0.131782D+01  0.131593D+01  0.144202D+03
  322.0608  0.138197D+01  0.137275D+01  0.701647D+03
  322.2144  0.129880D+01  0.130552D+01 -0.517482D+03
  322.3680  0.123868D+01  0.122279D+01  0.122240D+04
  322.5214  0.115747D+01  0.118049D+01 -0.177100D+04
  322.6748  0.110109D+01  0.109333D+01  0.585452D+03
   21 320.520 323.594 322.057  8.699D-04  0.000D+00  9.951D-01  7.473D+02 10300  4.294D-03
  320.5204  0.148608D+01  0.149323D+01 -0.530195D+03
  320.6748  0.151620D+01  0.150201D+01  0.100395D+04
  320.8291  0.141415D+01  0.141816D+01 -0.308845D+03
  320.9833  0.125206D+01  0.124530D+01  0.520375D+03
  321.1375  0.107179D+01  0.107658D+01 -0.368434D+03
  321.2915  0.977591D+00  0.987267D+00 -0.757134D+03
  321.4455  0.988746D+00  0.989531D+00 -0.609381D+02
  321.5994  0.106272D+01  0.107321D+01 -0.807352D+03
  321.7533  0.119862D+01  0.119205D+01  0.505831D+03
  321.9070  0.131782D+01  0.131648D+01  0.102407D+03
  322.0608  0.138197D+01  0.137228D+01  0.737533D+03
  322.2144  0.129880D+01  0.130397D+01 -0.397570D+03
  322.3680  0.123868D+01  0.122056D+01  0.139419D+04
  322.5214  0.115747D+01  0.117730D+01 -0.152557D+04
  322.6748  0.110109D+01  0.108904D+01  0.909396D+03
  322.8282  0.974223D+00  0.991227D+00 -0.130838D+04
  322.9815  0.959411D+00  0.960845D+00 -0.110334D+03
  323.1346  0.104568D+01  0.104092D+01  0.365974D+03
  323.2878  0.112830D+01  0.113151D+01 -0.246519D+03
  323.4409  0.112261D+01  0.111273D+01  0.760308D+03
  323.5938  0.106863D+01  0.107383D+01 -0.380762D+03
   21 321.446 324.510 322.978 -2.255D-03  0.000D+00  9.937D-01  7.530D+02 10300  6.883D-03
  321.4455  0.988746D+00  0.987218D+00  0.118541D+03
  321.5994  0.106272D+01  0.107332D+01 -0.815609D+03
  321.7533  0.119862D+01  0.119358D+01  0.388371D+03
  321.9070  0.131782D+01  0.131869D+01 -0.665209D+02
  322.0608  0.138197D+01  0.137294D+01  0.687488D+03
  322.2144  0.129880D+01  0.130337D+01 -0.351761D+03
  322.3680  0.123868D+01  0.122132D+01  0.133584D+04
  322.5214  0.115747D+01  0.117791D+01 -0.157292D+04
  322.6748  0.110109D+01  0.108853D+01  0.947817D+03
  322.8282  0.974223D+00  0.991143D+00 -0.130185D+04
  322.9815  0.959411D+00  0.962573D+00 -0.243310D+03
  323.1346  0.104568D+01  0.104408D+01  0.123071D+03
  323.2878  0.112830D+01  0.113255D+01 -0.326701D+03
  323.4409  0.112261D+01  0.111132D+01  0.868984D+03
  323.5938  0.106863D+01  0.107279D+01 -0.305013D+03
  323.7468  0.110992D+01  0.110785D+01  0.159408D+03
  323.8996  0.117540D+01  0.118214D+01 -0.518730D+03
  324.0524  0.127959D+01  0.126255D+01  0.131054D+04
  324.2050  0.131666D+01  0.132632D+01 -0.741965D+03
  324.3577  0.134230D+01  0.134047D+01  0.132572D+03
  324.5103  0.136398D+01  0.136577D+01 -0.125131D+03
   21 322.368 325.424 323.896 -5.320D-03  0.000D+00  9.957D-01  7.517D+02 10000  7.429D-03
  322.3680  0.123868D+01  0.122473D+01  0.107364D+04
  322.5214  0.115747D+01  0.117814D+01 -0.159015D+04
  322.6748  0.110109D+01  0.108631D+01  0.111541D+04
  322.8282  0.974223D+00  0.988948D+00 -0.113301D+04
  322.9815  0.959411D+00  0.962154D+00 -0.211058D+03
  323.1346  0.104568D+01  0.104504D+01  0.491966D+02
  323.2878  0.112830D+01  0.113190D+01 -0.277091D+03
  323.4409  0.112261D+01  0.110929D+01  0.102503D+04
  323.5938  0.106863D+01  0.107215D+01 -0.258188D+03
  323.7468  0.110992D+01  0.110876D+01  0.888990D+02
  323.8996  0.117540D+01  0.118324D+01 -0.603393D+03
  324.0524  0.127959D+01  0.126320D+01  0.126101D+04
  324.2050  0.131666D+01  0.132490D+01 -0.633008D+03
  324.3577  0.134230D+01  0.133650D+01  0.421010D+03
  324.5103  0.136398D+01  0.135951D+01  0.311856D+03
  324.6628  0.135998D+01  0.137232D+01 -0.848631D+03
  324.8152  0.130655D+01  0.129990D+01  0.501864D+03
  324.9675  0.123728D+01  0.124279D+01 -0.423423D+03
  325.1198  0.125957D+01  0.126599D+01 -0.493377D+03
  325.2720  0.131960D+01  0.132144D+01 -0.134130D+03
  325.4242  0.141510D+01  0.140578D+01  0.604984D+03
   21 323.288 326.336 324.812 -1.115D-03  0.000D+00  9.981D-01  5.956D+02 10000  5.950D-03
  323.2878  0.112830D+01  0.113307D+01 -0.366530D+03
  323.4409  0.112261D+01  0.111386D+01  0.673402D+03
  323.5938  0.106863D+01  0.107535D+01 -0.491948D+03
  323.7468  0.110992D+01  0.110990D+01  0.139180D+01
  323.8996  0.117540D+01  0.118356D+01 -0.627399D+03
  324.0524  0.127959D+01  0.126260D+01  0.130731D+04
  324.2050  0.131666D+01  0.132457D+01 -0.607792D+03
  324.3577  0.134230D+01  0.133576D+01  0.474460D+03
  324.5103  0.136398D+01  0.135709D+01  0.480845D+03
  324.6628  0.135998D+01  0.137140D+01 -0.785549D+03
  324.8152  0.130655D+01  0.130085D+01  0.429847D+03
  324.9675  0.123728D+01  0.124260D+01 -0.409410D+03
  325.1198  0.125957D+01  0.126601D+01 -0.495019D+03
  325.2720  0.131960D+01  0.132409D+01 -0.327579D+03
  325.4242  0.141510D+01  0.141214D+01  0.192216D+03
  325.5762  0.155083D+01  0.155286D+01 -0.130113D+03
  325.7282  0.166523D+01  0.166844D+01 -0.205467D+03
  325.8802  0.174255D+01  0.172557D+01  0.108876D+04
  326.0320  0.175796D+01  0.176195D+01 -0.255414D+03
  326.1838  0.175803D+01  0.174772D+01  0.660514D+03
  326.3355  0.168000D+01  0.169193D+01 -0.765240D+03
   21 324.205 327.244 325.725  3.123D-03  0.000D+00  1.005D+00  5.071D+02 10000  4.832D-03
  324.2050  0.131666D+01  0.132349D+01 -0.524181D+03
  324.3577  0.134230D+01  0.133371D+01  0.623774D+03
  324.5103  0.136398D+01  0.135353D+01  0.729396D+03
  324.6628  0.135998D+01  0.136983D+01 -0.677484D+03
  324.8152  0.130655D+01  0.130161D+01  0.372814D+03
  324.9675  0.123728D+01  0.124223D+01 -0.380943D+03
  325.1198  0.125957D+01  0.126498D+01 -0.415404D+03
  325.2720  0.131960D+01  0.132364D+01 -0.294940D+03
  325.4242  0.141510D+01  0.141146D+01  0.236347D+03
  325.5762  0.155083D+01  0.155204D+01 -0.778079D+02
  325.7282  0.166523D+01  0.166976D+01 -0.290217D+03
  325.8802  0.174255D+01  0.172702D+01  0.995430D+03
  326.0320  0.175796D+01  0.176220D+01 -0.271466D+03
  326.1838  0.175803D+01  0.174605D+01  0.767642D+03
  326.3355  0.168000D+01  0.168631D+01 -0.404700D+03
  326.4872  0.160766D+01  0.161437D+01 -0.429994D+03
  326.6387  0.162553D+01  0.162279D+01  0.175306D+03
  326.7903  0.170112D+01  0.170974D+01 -0.553060D+03
  326.9417  0.173872D+01  0.173047D+01  0.529081D+03
  327.0931  0.165075D+01  0.165917D+01 -0.540001D+03
  327.2444  0.161176D+01  0.160582D+01  0.380577D+03
   21 325.120 328.151 326.635  4.181D-03  0.000D+00  1.010D+00  4.274D+02 10300  5.102D-03
  325.1198  0.125957D+01  0.126007D+01 -0.384777D+02
  325.2720  0.131960D+01  0.132150D+01 -0.138960D+03
  325.4242  0.141510D+01  0.141109D+01  0.260203D+03
  325.5762  0.155083D+01  0.155286D+01 -0.130539D+03
  325.7282  0.166523D+01  0.167180D+01 -0.420724D+03
  325.8802  0.174255D+01  0.172929D+01  0.850256D+03
  326.0320  0.175796D+01  0.176411D+01 -0.394111D+03
  326.1838  0.175803D+01  0.174743D+01  0.679595D+03
  326.3355  0.168000D+01  0.168689D+01 -0.441969D+03
  326.4872  0.160766D+01  0.161395D+01 -0.402855D+03
  326.6387  0.162553D+01  0.162098D+01  0.291612D+03
  326.7903  0.170112D+01  0.170778D+01 -0.427086D+03
  326.9417  0.173872D+01  0.172993D+01  0.563607D+03
  327.0931  0.165075D+01  0.166048D+01 -0.624070D+03
  327.2444  0.161176D+01  0.160906D+01  0.173343D+03
  327.3956  0.163376D+01  0.164218D+01 -0.539869D+03
  327.5468  0.168484D+01  0.167584D+01  0.577240D+03
  327.6979  0.165460D+01  0.164867D+01  0.380227D+03
  327.8489  0.160087D+01  0.160249D+01 -0.103872D+03
  327.9999  0.158086D+01  0.157957D+01  0.830161D+02
  328.1508  0.157383D+01  0.157777D+01 -0.252766D+03
   21 326.032 329.055 327.543  2.701D-03  0.000D+00  1.004D+00  4.134D+02 10300  4.482D-03
  326.0320  0.175796D+01  0.176343D+01 -0.350661D+03
  326.1838  0.175803D+01  0.174608D+01  0.766217D+03
  326.3355  0.168000D+01  0.168513D+01 -0.329247D+03
  326.4872  0.160766D+01  0.161237D+01 -0.301465D+03
  326.6387  0.162553D+01  0.162051D+01  0.321924D+03
  326.7903  0.170112D+01  0.170727D+01 -0.394229D+03
  326.9417  0.173872D+01  0.172840D+01  0.661945D+03
  327.0931  0.165075D+01  0.165878D+01 -0.514962D+03
  327.2444  0.161176D+01  0.160853D+01  0.207433D+03
  327.3956  0.163376D+01  0.164260D+01 -0.566637D+03
  327.5468  0.168484D+01  0.167638D+01  0.542340D+03
  327.6979  0.165460D+01  0.164960D+01  0.319985D+03
  327.8489  0.160087D+01  0.160457D+01 -0.237454D+03
  327.9999  0.158086D+01  0.158315D+01 -0.146760D+03
  328.1508  0.157383D+01  0.158300D+01 -0.587728D+03
  328.3016  0.159056D+01  0.158377D+01  0.435091D+03
  328.4524  0.158102D+01  0.157477D+01  0.400447D+03
  328.6031  0.150397D+01  0.151005D+01 -0.389627D+03
  328.7537  0.143298D+01  0.143106D+01  0.123019D+03
  328.9043  0.150685D+01  0.150547D+01  0.888976D+02
  329.0547  0.169445D+01  0.169587D+01 -0.911324D+02
   21 326.942 329.956 328.449 -5.168D-06  0.000D+00  1.004D+00  5.035D+02 10300  5.155D-03
  326.9417  0.173872D+01  0.173427D+01  0.285525D+03
  327.0931  0.165075D+01  0.165991D+01 -0.587692D+03
  327.2444  0.161176D+01  0.160861D+01  0.201991D+03
  327.3956  0.163376D+01  0.164225D+01 -0.544549D+03
  327.5468  0.168484D+01  0.167449D+01  0.663752D+03
  327.6979  0.165460D+01  0.164691D+01  0.492805D+03
  327.8489  0.160087D+01  0.160268D+01 -0.116281D+03
  327.9999  0.158086D+01  0.158263D+01 -0.112907D+03
  328.1508  0.157383D+01  0.158367D+01 -0.630724D+03
  328.3016  0.159056D+01  0.158536D+01  0.332882D+03
  328.4524  0.158102D+01  0.157669D+01  0.277305D+03
  328.6031  0.150397D+01  0.151108D+01 -0.455778D+03
  328.7537  0.143298D+01  0.143332D+01 -0.217255D+02
  328.9043  0.150685D+01  0.151061D+01 -0.241052D+03
  329.0547  0.169445D+01  0.169992D+01 -0.350564D+03
  329.2052  0.183311D+01  0.182092D+01  0.706876D+03
  329.3555  0.189095D+01  0.187948D+01  0.638042D+03
  329.5058  0.191032D+01  0.191895D+01 -0.476829D+03
  329.6560  0.193455D+01  0.192588D+01  0.476386D+03
  329.8062  0.191500D+01  0.193550D+01 -0.112227D+04
  329.9563  0.199052D+01  0.198133D+01  0.504883D+03
   21 327.849 330.855 329.352 -1.531D-03  0.000D+00  1.014D+00  6.467D+02 10300  5.188D-03
  327.8489  0.160087D+01  0.159964D+01  0.789930D+02
  327.9999  0.158086D+01  0.158007D+01  0.508140D+02
  328.1508  0.157383D+01  0.158161D+01 -0.498899D+03
  328.3016  0.159056D+01  0.158378D+01  0.434278D+03
  328.4524  0.158102D+01  0.157550D+01  0.353605D+03
  328.6031  0.150397D+01  0.150972D+01 -0.368753D+03
  328.7537  0.143298D+01  0.143289D+01  0.575640D+01
  328.9043  0.150685D+01  0.151255D+01 -0.365144D+03
  329.0547  0.169445D+01  0.170251D+01 -0.516636D+03
  329.2052  0.183311D+01  0.182241D+01  0.620377D+03
  329.3555  0.189095D+01  0.188026D+01  0.594242D+03
  329.5058  0.191032D+01  0.191852D+01 -0.452745D+03
  329.6560  0.193455D+01  0.192382D+01  0.589882D+03
  329.8062  0.191500D+01  0.193166D+01 -0.911946D+03
  329.9563  0.199052D+01  0.197502D+01  0.851940D+03
  330.1063  0.200184D+01  0.201510D+01 -0.728636D+03
  330.2563  0.192887D+01  0.192151D+01  0.404581D+03
  330.4061  0.177505D+01  0.176374D+01  0.577244D+03
  330.5560  0.160469D+01  0.162923D+01 -0.157396D+04
  330.7057  0.155010D+01  0.153233D+01  0.113959D+04
  330.8554  0.158200D+01  0.158433D+01 -0.149314D+03
   21 328.754 331.752 330.253  2.108D-03  0.000D+00  1.013D+00  6.471D+02 10000  5.254D-03
  328.7537  0.143298D+01  0.143059D+01  0.152841D+03
  328.9043  0.150685D+01  0.150927D+01 -0.155011D+03
  329.0547  0.169445D+01  0.170177D+01 -0.469372D+03
  329.2052  0.183311D+01  0.182511D+01  0.463908D+03
  329.3555  0.189095D+01  0.188326D+01  0.427734D+03
  329.5058  0.191032D+01  0.192114D+01 -0.597212D+03
  329.6560  0.193455D+01  0.192518D+01  0.514766D+03
  329.8062  0.191500D+01  0.193060D+01 -0.854032D+03
  329.9563  0.199052D+01  0.197113D+01  0.106539D+04
  330.1063  0.200184D+01  0.201153D+01 -0.532237D+03
  330.2563  0.192887D+01  0.192128D+01  0.417301D+03
  330.4061  0.177505D+01  0.176441D+01  0.542980D+03
  330.5560  0.160469D+01  0.163188D+01 -0.174380D+04
  330.7057  0.155010D+01  0.153622D+01  0.890009D+03
  330.8554  0.158200D+01  0.159008D+01 -0.517882D+03
  331.0050  0.171573D+01  0.171490D+01  0.488870D+02
  331.1546  0.176943D+01  0.175654D+01  0.731575D+03
  331.3040  0.170647D+01  0.170527D+01  0.715776D+02
  331.4535  0.162003D+01  0.162551D+01 -0.347303D+03
  331.6028  0.162640D+01  0.162199D+01  0.280194D+03
  331.7521  0.170814D+01  0.171175D+01 -0.215366D+03
   21 329.656 332.646 331.151  1.465D-03  0.000D+00  1.005D+00  6.668D+02 10300  5.066D-03
  329.6560  0.193455D+01  0.193330D+01  0.683501D+02
  329.8062  0.191500D+01  0.193346D+01 -0.101091D+04
  329.9563  0.199052D+01  0.197054D+01  0.109802D+04
  330.1063  0.200184D+01  0.200840D+01 -0.360296D+03
  330.2563  0.192887D+01  0.191681D+01  0.662695D+03
  330.4061  0.177505D+01  0.176044D+01  0.745910D+03
  330.5560  0.160469D+01  0.162898D+01 -0.155766D+04
  330.7057  0.155010D+01  0.153500D+01  0.968072D+03
  330.8554  0.158200D+01  0.159090D+01 -0.570385D+03
  331.0050  0.171573D+01  0.171716D+01 -0.840670D+02
  331.1546  0.176943D+01  0.175976D+01  0.548958D+03
  331.3040  0.170647D+01  0.170901D+01 -0.151223D+03
  331.4535  0.162003D+01  0.162943D+01 -0.595682D+03
  331.6028  0.162640D+01  0.162584D+01  0.350536D+02
  331.7521  0.170814D+01  0.171434D+01 -0.370373D+03
  331.9013  0.178541D+01  0.177871D+01  0.377434D+03
  332.0505  0.176566D+01  0.175252D+01  0.726809D+03
  332.1996  0.164393D+01  0.165218D+01 -0.502683D+03
  332.3486  0.155769D+01  0.155368D+01  0.256814D+03
  332.4976  0.160527D+01  0.159823D+01  0.444183D+03
  332.6465  0.170872D+01  0.171766D+01 -0.529565D+03
   21 330.556 333.538 332.047 -3.299D-04  0.000D+00  1.008D+00  5.568D+02 10300  4.145D-03
  330.5560  0.160469D+01  0.161890D+01 -0.911322D+03
  330.7057  0.155010D+01  0.152852D+01  0.138355D+04
  330.8554  0.158200D+01  0.158781D+01 -0.372121D+03
  331.0050  0.171573D+01  0.171501D+01  0.425701D+02
  331.1546  0.176943D+01  0.175768D+01  0.666849D+03
  331.3040  0.170647D+01  0.170733D+01 -0.513883D+02
  331.4535  0.162003D+01  0.162899D+01 -0.567574D+03
  331.6028  0.162640D+01  0.162750D+01 -0.702375D+02
  331.7521  0.170814D+01  0.171715D+01 -0.537683D+03
  331.9013  0.178541D+01  0.178108D+01  0.243841D+03
  332.0505  0.176566D+01  0.175406D+01  0.641718D+03
  332.1996  0.164393D+01  0.165307D+01 -0.556834D+03
  332.3486  0.155769D+01  0.155537D+01  0.148451D+03
  332.4976  0.160527D+01  0.160186D+01  0.214826D+03
  332.6465  0.170872D+01  0.172065D+01 -0.706427D+03
  332.7953  0.172518D+01  0.171265D+01  0.729319D+03
  332.9440  0.162560D+01  0.162921D+01 -0.227607D+03
  333.0928  0.163134D+01  0.162652D+01  0.303156D+03
  333.2414  0.169124D+01  0.169723D+01 -0.355443D+03
  333.3900  0.170725D+01  0.169822D+01  0.529599D+03
  333.5385  0.156554D+01  0.157118D+01 -0.362072D+03
   21 331.453 334.428 332.941  1.504D-03  0.000D+00  1.008D+00  4.022D+02 10000  3.174D-03
  331.4535  0.162003D+01  0.162187D+01 -0.116173D+03
  331.6028  0.162640D+01  0.162248D+01  0.249009D+03
  331.7521  0.170814D+01  0.171402D+01 -0.351076D+03
  331.9013  0.178541D+01  0.178066D+01  0.267751D+03
  332.0505  0.176566D+01  0.175577D+01  0.546711D+03
  332.1996  0.164393D+01  0.165579D+01 -0.723081D+03
  332.3486  0.155769D+01  0.155704D+01  0.414602D+02
  332.4976  0.160527D+01  0.160124D+01  0.254374D+03
  332.6465  0.170872D+01  0.172021D+01 -0.680016D+03
  332.7953  0.172518D+01  0.171352D+01  0.678681D+03
  332.9440  0.162560D+01  0.162957D+01 -0.250608D+03
  333.0928  0.163134D+01  0.162537D+01  0.376052D+03
  333.2414  0.169124D+01  0.169629D+01 -0.299996D+03
  333.3900  0.170725D+01  0.169968D+01  0.444159D+03
  333.5385  0.156554D+01  0.157522D+01 -0.621133D+03
  333.6869  0.145644D+01  0.144901D+01  0.476179D+03
  333.8353  0.148503D+01  0.148991D+01 -0.312981D+03
  333.9836  0.160305D+01  0.160544D+01 -0.150490D+03
  334.1318  0.165322D+01  0.164933D+01  0.230106D+03
  334.2800  0.167429D+01  0.167176D+01  0.145734D+03
  334.4281  0.175261D+01  0.175491D+01 -0.126795D+03
   18 332.349 334.872 333.610  9.923D-04  0.000D+00  1.006D+00  4.894D+02 10300  4.314D-03
  332.3486  0.155769D+01  0.155940D+01 -0.109530D+03
  332.4976  0.160527D+01  0.160250D+01  0.175001D+03
  332.6465  0.170872D+01  0.171974D+01 -0.652108D+03
  332.7953  0.172518D+01  0.171184D+01  0.776303D+03
  332.9440  0.162560D+01  0.162859D+01 -0.188928D+03
  333.0928  0.163134D+01  0.162514D+01  0.390093D+03
  333.2414  0.169124D+01  0.169528D+01 -0.239992D+03
  333.3900  0.170725D+01  0.169821D+01  0.529968D+03
  333.5385  0.156554D+01  0.157543D+01 -0.634603D+03
  333.6869  0.145644D+01  0.145216D+01  0.274136D+03
  333.8353  0.148503D+01  0.149296D+01 -0.508855D+03
  333.9836  0.160305D+01  0.160709D+01 -0.254134D+03
  334.1318  0.165322D+01  0.165132D+01  0.112644D+03
  334.2800  0.167429D+01  0.167422D+01  0.374348D+01
  334.4281  0.175261D+01  0.175553D+01 -0.160886D+03
  334.5762  0.184256D+01  0.183418D+01  0.460316D+03
  334.7242  0.182657D+01  0.181005D+01  0.908225D+03
  334.8721  0.164779D+01  0.166389D+01 -0.915294D+03
   12 333.241 334.872 334.057  6.619D-03  0.000D+00  1.008D+00  4.365D+02 10000  6.931D-03
  333.2414  0.169124D+01  0.169577D+01 -0.268690D+03
  333.3900  0.170725D+01  0.169682D+01  0.611572D+03
  333.5385  0.156554D+01  0.157501D+01 -0.607217D+03
  333.6869  0.145644D+01  0.144778D+01  0.555492D+03
  333.8353  0.148503D+01  0.148503D+01  0.849782D-01
  333.9836  0.160305D+01  0.160420D+01 -0.721461D+02
  334.1318  0.165322D+01  0.165457D+01 -0.792987D+02
  334.2800  0.167429D+01  0.167846D+01 -0.240349D+03
  334.4281  0.175261D+01  0.175910D+01 -0.357180D+03
  334.5762  0.184256D+01  0.183831D+01  0.233247D+03
  334.7242  0.182657D+01  0.181219D+01  0.790396D+03
  334.8721  0.164779D+01  0.165720D+01 -0.535245D+03
