 solar_wavcal_vary
           0
 F F
nwav fwave lwave avgwav  shift    squeeze      sin       rms   exval
   21 263.796 270.966 267.381 -6.494D-02  0.000D+00  1.009D+00  2.092D+03 10300  3.234D-02
  263.7963  0.444625D+00  0.531531D+00 -0.295657D+04
  264.1653  0.559430D+00  0.567631D+00 -0.226525D+04
  264.5329  0.509121D+00  0.504180D+00  0.136473D+04
  264.8994  0.445208D+00  0.432671D+00  0.346307D+04
  265.2646  0.448714D+00  0.433363D+00  0.424050D+04
  265.6287  0.434955D+00  0.444605D+00 -0.266529D+04
  265.9916  0.398580D+00  0.413961D+00 -0.424845D+04
  266.3534  0.369848D+00  0.373501D+00 -0.100881D+04
  266.7141  0.358417D+00  0.355739D+00  0.739728D+03
  267.0738  0.354532D+00  0.357083D+00 -0.704546D+03
  267.4324  0.363638D+00  0.361890D+00  0.482669D+03
  267.7899  0.347737D+00  0.350021D+00 -0.671667D+03
  268.1465  0.344542D+00  0.338566D+00  0.180641D+04
  268.5021  0.345838D+00  0.337546D+00  0.248596D+04
  268.8567  0.332415D+00  0.331319D+00  0.360767D+03
  269.2105  0.329412D+00  0.328196D+00  0.419934D+03
  269.5633  0.327258D+00  0.335112D+00 -0.278545D+04
  269.9153  0.360093D+00  0.361965D+00 -0.517185D+03
  270.2664  0.390795D+00  0.389134D+00  0.441630D+03
  270.6166  0.386168D+00  0.386512D+00 -0.948802D+02
  270.9660  0.370562D+00  0.368565D+00  0.551793D+03
   21 265.992 273.047 269.519  2.902D-03  0.000D+00  9.956D-01  1.362D+03 10300  1.768D-02
  265.9916  0.398580D+00  0.401598D+00 -0.833524D+03
  266.3534  0.369848D+00  0.368428D+00  0.392259D+03
  266.7141  0.358417D+00  0.351934D+00  0.179053D+04
  267.0738  0.354532D+00  0.354599D+00 -0.184436D+02
  267.4324  0.363638D+00  0.363356D+00  0.779517D+02
  267.7899  0.347737D+00  0.356094D+00 -0.245676D+04
  268.1465  0.344542D+00  0.342672D+00  0.565267D+03
  268.5021  0.345838D+00  0.340938D+00  0.146890D+04
  268.8567  0.332415D+00  0.334930D+00 -0.827385D+03
  269.2105  0.329412D+00  0.329358D+00  0.183736D+02
  269.5633  0.327258D+00  0.332700D+00 -0.192998D+04
  269.9153  0.360093D+00  0.354859D+00  0.144571D+04
  270.2664  0.390795D+00  0.384760D+00  0.160490D+04
  270.6166  0.386168D+00  0.388194D+00 -0.559442D+03
  270.9660  0.370562D+00  0.372800D+00 -0.618102D+03
  271.3147  0.358788D+00  0.351060D+00  0.213472D+04
  271.6626  0.312202D+00  0.309013D+00  0.116238D+04
  272.0098  0.258731D+00  0.265027D+00 -0.250866D+04
  272.3561  0.263471D+00  0.264733D+00 -0.498007D+03
  272.7018  0.300622D+00  0.303873D+00 -0.120980D+04
  273.0468  0.337904D+00  0.332633D+00  0.164641D+04
   21 268.146 275.103 271.625  1.200D-02  0.000D+00  1.014D+00  1.426D+03 10300  1.270D-02
  268.1465  0.344542D+00  0.342872D+00  0.504695D+03
  268.5021  0.345838D+00  0.342227D+00  0.108257D+04
  268.8567  0.332415D+00  0.336647D+00 -0.139236D+04
  269.2105  0.329412D+00  0.330693D+00 -0.442553D+03
  269.5633  0.327258D+00  0.333226D+00 -0.211656D+04
  269.9153  0.360093D+00  0.354495D+00  0.154625D+04
  270.2664  0.390795D+00  0.384792D+00  0.159636D+04
  270.6166  0.386168D+00  0.388165D+00 -0.551582D+03
  270.9660  0.370562D+00  0.372035D+00 -0.406692D+03
  271.3147  0.358788D+00  0.350733D+00  0.222513D+04
  271.6626  0.312202D+00  0.309015D+00  0.116149D+04
  272.0098  0.258731D+00  0.263796D+00 -0.201788D+04
  272.3561  0.263471D+00  0.262642D+00  0.327011D+03
  272.7018  0.300622D+00  0.302926D+00 -0.857286D+03
  273.0468  0.337904D+00  0.335278D+00  0.820348D+03
  273.3911  0.305329D+00  0.311374D+00 -0.223278D+04
  273.7348  0.251841D+00  0.252798D+00 -0.383763D+03
  274.0779  0.212225D+00  0.206752D+00  0.235939D+04
  274.4203  0.189793D+00  0.186023D+00  0.172967D+04
  274.7621  0.181777D+00  0.185925D+00 -0.190936D+04
  275.1033  0.207278D+00  0.206714D+00  0.241447D+03
   21 270.266 277.139 273.703  2.245D-02  0.000D+00  1.005D+00  1.379D+03 10300  1.140D-02
  270.2664  0.390795D+00  0.385268D+00  0.146968D+04
  270.6166  0.386168D+00  0.390430D+00 -0.117706D+04
  270.9660  0.370562D+00  0.374646D+00 -0.112808D+04
  271.3147  0.358788D+00  0.353361D+00  0.149911D+04
  271.6626  0.312202D+00  0.311648D+00  0.201713D+03
  272.0098  0.258731D+00  0.265046D+00 -0.251613D+04
  272.3561  0.263471D+00  0.261612D+00  0.733598D+03
  272.7018  0.300622D+00  0.300423D+00  0.741958D+02
  273.0468  0.337904D+00  0.333008D+00  0.152949D+04
  273.3911  0.305329D+00  0.310475D+00 -0.190079D+04
  273.7348  0.251841D+00  0.252278D+00 -0.175331D+03
  274.0779  0.212225D+00  0.205927D+00  0.271521D+04
  274.4203  0.189793D+00  0.184863D+00  0.226190D+04
  274.7621  0.181777D+00  0.184689D+00 -0.134054D+04
  275.1033  0.207278D+00  0.205774D+00  0.644444D+03
  275.4439  0.234079D+00  0.237284D+00 -0.127469D+04
  275.7840  0.274483D+00  0.277149D+00 -0.985775D+03
  276.1235  0.322017D+00  0.321602D+00  0.139324D+03
  276.4626  0.343902D+00  0.345598D+00 -0.502503D+03
  276.8011  0.349854D+00  0.352305D+00 -0.699297D+03
  277.1391  0.357596D+00  0.352602D+00  0.137957D+04
   21 272.356 279.157 275.757  2.665D-02  0.000D+00  9.753D-01  1.516D+03 10300  1.317D-02
  272.3561  0.263471D+00  0.260187D+00  0.129586D+04
  272.7018  0.300622D+00  0.301758D+00 -0.422822D+03
  273.0468  0.337904D+00  0.338631D+00 -0.227258D+03
  273.3911  0.305329D+00  0.314559D+00 -0.340887D+04
  273.7348  0.251841D+00  0.252382D+00 -0.217086D+03
  274.0779  0.212225D+00  0.204778D+00  0.321059D+04
  274.4203  0.189793D+00  0.183655D+00  0.281622D+04
  274.7621  0.181777D+00  0.182878D+00 -0.506622D+03
  275.1033  0.207278D+00  0.204276D+00  0.128630D+04
  275.4439  0.234079D+00  0.235991D+00 -0.760473D+03
  275.7840  0.274483D+00  0.275465D+00 -0.362971D+03
  276.1235  0.322017D+00  0.323135D+00 -0.375925D+03
  276.4626  0.343902D+00  0.347931D+00 -0.119385D+04
  276.8011  0.349854D+00  0.355535D+00 -0.162027D+04
  277.1391  0.357596D+00  0.358504D+00 -0.250782D+03
  277.4766  0.356877D+00  0.349358D+00  0.207686D+04
  277.8136  0.305128D+00  0.304648D+00  0.156354D+03
  278.1502  0.260722D+00  0.260777D+00 -0.144019D+02
  278.4864  0.246383D+00  0.241298D+00  0.133683D+04
  278.8221  0.215157D+00  0.213947D+00  0.327429D+03
  279.1573  0.161475D+00  0.167776D+00 -0.183475D+04
   21 274.420 281.161 277.791  3.385D-02  0.000D+00  9.873D-01  9.930D+02 10000  1.833D-02
  274.4203  0.189793D+00  0.188350D+00  0.662093D+03
  274.7621  0.181777D+00  0.185222D+00 -0.158572D+04
  275.1033  0.207278D+00  0.204294D+00  0.127887D+04
  275.4439  0.234079D+00  0.234786D+00 -0.281186D+03
  275.7840  0.274483D+00  0.273686D+00  0.294784D+03
  276.1235  0.322017D+00  0.320257D+00  0.591484D+03
  276.4626  0.343902D+00  0.346435D+00 -0.750482D+03
  276.8011  0.349854D+00  0.355278D+00 -0.154719D+04
  277.1391  0.357596D+00  0.358881D+00 -0.354958D+03
  277.4766  0.356877D+00  0.350972D+00  0.163094D+04
  277.8136  0.305128D+00  0.306101D+00 -0.317713D+03
  278.1502  0.260722D+00  0.259942D+00  0.202994D+03
  278.4864  0.246383D+00  0.240111D+00  0.164905D+04
  278.8221  0.215157D+00  0.212217D+00  0.795998D+03
  279.1573  0.161475D+00  0.162838D+00 -0.396829D+03
  279.4922  0.121178D+00  0.123846D+00 -0.817742D+03
  279.8267  0.105709D+00  0.108982D+00 -0.105859D+04
  280.1608  0.105600D+00  0.109454D+00 -0.126242D+04
  280.4944  0.124232D+00  0.128676D+00 -0.143985D+04
  280.8278  0.177213D+00  0.176140D+00  0.324413D+03
  281.1607  0.237399D+00  0.234636D+00  0.802467D+03
   21 276.463 283.151 279.807  3.622D-02  0.000D+00  1.014D+00  7.563D+02 10300  1.016D-02
  276.4626  0.343902D+00  0.342320D+00  0.468959D+03
  276.8011  0.349854D+00  0.353007D+00 -0.899325D+03
  277.1391  0.357596D+00  0.358568D+00 -0.268409D+03
  277.4766  0.356877D+00  0.354113D+00  0.763551D+03
  277.8136  0.305128D+00  0.306999D+00 -0.610654D+03
  278.1502  0.260722D+00  0.259321D+00  0.364678D+03
  278.4864  0.246383D+00  0.240561D+00  0.153061D+04
  278.8221  0.215157D+00  0.212540D+00  0.708446D+03
  279.1573  0.161475D+00  0.162605D+00 -0.329067D+03
  279.4922  0.121178D+00  0.123635D+00 -0.752948D+03
  279.8267  0.105709D+00  0.108703D+00 -0.968373D+03
  280.1608  0.105600D+00  0.109408D+00 -0.124714D+04
  280.4944  0.124232D+00  0.129349D+00 -0.165788D+04
  280.8278  0.177213D+00  0.176771D+00  0.133571D+03
  281.1607  0.237399D+00  0.237009D+00  0.113235D+03
  281.4933  0.304301D+00  0.301730D+00  0.698796D+03
  281.8256  0.363081D+00  0.363448D+00 -0.101482D+03
  282.1574  0.408387D+00  0.407729D+00  0.181804D+03
  282.4891  0.432772D+00  0.432056D+00  0.197774D+03
  282.8203  0.454781D+00  0.453296D+00  0.410334D+03
  283.1512  0.477819D+00  0.479769D+00 -0.538446D+03
   21 278.486 285.130 281.808  1.435D-02  0.000D+00  1.000D+00  9.803D+02 10300  1.264D-02
  278.4864  0.246383D+00  0.246900D+00 -0.135835D+03
  278.8221  0.215157D+00  0.214555D+00  0.162843D+03
  279.1573  0.161475D+00  0.159439D+00  0.592881D+03
  279.4922  0.121178D+00  0.120509D+00  0.204974D+03
  279.8267  0.105709D+00  0.106999D+00 -0.417223D+03
  280.1608  0.105600D+00  0.107922D+00 -0.760390D+03
  280.4944  0.124232D+00  0.128237D+00 -0.129747D+04
  280.8278  0.177213D+00  0.177667D+00 -0.137435D+03
  281.1607  0.237399D+00  0.237396D+00  0.823661D+00
  281.4933  0.304301D+00  0.302106D+00  0.596534D+03
  281.8256  0.363081D+00  0.363437D+00 -0.985199D+02
  282.1574  0.408387D+00  0.406689D+00  0.468977D+03
  282.4891  0.432772D+00  0.429417D+00  0.926631D+03
  282.8203  0.454781D+00  0.451299D+00  0.961931D+03
  283.1512  0.477819D+00  0.481269D+00 -0.953003D+03
  283.4818  0.462318D+00  0.473795D+00 -0.317000D+04
  283.8121  0.461456D+00  0.457957D+00  0.966596D+03
  284.1422  0.442861D+00  0.438806D+00  0.112002D+04
  284.4718  0.383379D+00  0.380770D+00  0.720462D+03
  284.8012  0.281564D+00  0.280859D+00  0.204075D+03
  285.1303  0.171878D+00  0.175247D+00 -0.110114D+04
   21 280.494 287.099 283.797  9.727D-03  0.000D+00  9.926D-01  1.027D+03 10300  5.653D-03
  280.4944  0.124232D+00  0.126242D+00 -0.651136D+03
  280.8278  0.177213D+00  0.176427D+00  0.237694D+03
  281.1607  0.237399D+00  0.236847D+00  0.160454D+03
  281.4933  0.304301D+00  0.302449D+00  0.503492D+03
  281.8256  0.363081D+00  0.364326D+00 -0.344022D+03
  282.1574  0.408387D+00  0.407784D+00  0.166600D+03
  282.4891  0.432772D+00  0.430406D+00  0.653322D+03
  282.8203  0.454781D+00  0.452352D+00  0.671131D+03
  283.1512  0.477819D+00  0.481753D+00 -0.108653D+04
  283.4818  0.462318D+00  0.473325D+00 -0.304021D+04
  283.8121  0.461456D+00  0.457388D+00  0.112350D+04
  284.1422  0.442861D+00  0.437765D+00  0.140773D+04
  284.4718  0.383379D+00  0.379466D+00  0.108065D+04
  284.8012  0.281564D+00  0.279524D+00  0.590175D+03
  285.1303  0.171878D+00  0.174998D+00 -0.101989D+04
  285.4592  0.172174D+00  0.173399D+00 -0.400341D+03
  285.7877  0.288189D+00  0.287683D+00  0.144709D+03
  286.1160  0.420234D+00  0.419578D+00  0.181175D+03
  286.4439  0.490356D+00  0.490442D+00 -0.237034D+02
  286.7716  0.500682D+00  0.506600D+00 -0.163459D+04
  287.0991  0.541587D+00  0.537546D+00  0.111608D+04
   21 282.489 289.058 285.773  8.575D-03  0.000D+00  9.824D-01  1.263D+03 10300  5.155D-03
  282.4891  0.432772D+00  0.432163D+00  0.168092D+03
  282.8203  0.454781D+00  0.451791D+00  0.826068D+03
  283.1512  0.477819D+00  0.482233D+00 -0.121905D+04
  283.4818  0.462318D+00  0.471451D+00 -0.252259D+04
  283.8121  0.461456D+00  0.455458D+00  0.165672D+04
  284.1422  0.442861D+00  0.437484D+00  0.148526D+04
  284.4718  0.383379D+00  0.379680D+00  0.102151D+04
  284.8012  0.281564D+00  0.279461D+00  0.608273D+03
  285.1303  0.171878D+00  0.171173D+00  0.230529D+03
  285.4592  0.172174D+00  0.169918D+00  0.737376D+03
  285.7877  0.288189D+00  0.288810D+00 -0.177751D+03
  286.1160  0.420234D+00  0.424192D+00 -0.109341D+04
  286.4439  0.490356D+00  0.494946D+00 -0.126777D+04
  286.7716  0.500682D+00  0.507575D+00 -0.190385D+04
  287.0991  0.541587D+00  0.539171D+00  0.667147D+03
  287.4262  0.554898D+00  0.552485D+00  0.666609D+03
  287.7531  0.486365D+00  0.482830D+00  0.976461D+03
  288.0797  0.379529D+00  0.383617D+00 -0.112911D+04
  288.4060  0.428889D+00  0.421498D+00  0.204139D+04
  288.7320  0.557913D+00  0.553594D+00  0.119315D+04
  289.0578  0.597973D+00  0.604029D+00 -0.167258D+04
   21 284.472 291.006 287.739  9.447D-03  0.000D+00  9.873D-01  1.068D+03 10300  4.272D-03
  284.4718  0.383379D+00  0.381089D+00  0.632507D+03
  284.8012  0.281564D+00  0.280497D+00  0.308607D+03
  285.1303  0.171878D+00  0.172637D+00 -0.247950D+03
  285.4592  0.172174D+00  0.170816D+00  0.443941D+03
  285.7877  0.288189D+00  0.288740D+00 -0.157827D+03
  286.1160  0.420234D+00  0.423756D+00 -0.972964D+03
  286.4439  0.490356D+00  0.494602D+00 -0.117292D+04
  286.7716  0.500682D+00  0.507202D+00 -0.180099D+04
  287.0991  0.541587D+00  0.538435D+00  0.870490D+03
  287.4262  0.554898D+00  0.551932D+00  0.819330D+03
  287.7531  0.486365D+00  0.482278D+00  0.112896D+04
  288.0797  0.379529D+00  0.381675D+00 -0.592665D+03
  288.4060  0.428889D+00  0.418774D+00  0.279390D+04
  288.7320  0.557913D+00  0.552309D+00  0.154793D+04
  289.0578  0.597973D+00  0.600869D+00 -0.799759D+03
  289.3833  0.648226D+00  0.649155D+00 -0.256715D+03
  289.7085  0.755604D+00  0.757923D+00 -0.640367D+03
  290.0334  0.865847D+00  0.870117D+00 -0.117943D+04
  290.3581  0.929239D+00  0.930234D+00 -0.220120D+03
  290.6824  0.917179D+00  0.919393D+00 -0.536491D+03
  291.0065  0.884250D+00  0.879831D+00  0.122035D+04
   21 286.444 292.944 289.694  6.718D-03  0.000D+00  9.935D-01  1.244D+03 10300  6.167D-03
  286.4439  0.490356D+00  0.493175D+00 -0.778705D+03
  286.7716  0.500682D+00  0.505236D+00 -0.125791D+04
  287.0991  0.541587D+00  0.538080D+00  0.968532D+03
  287.4262  0.554898D+00  0.552152D+00  0.758566D+03
  287.7531  0.486365D+00  0.481870D+00  0.124158D+04
  288.0797  0.379529D+00  0.380651D+00 -0.309909D+03
  288.4060  0.428889D+00  0.419988D+00  0.245862D+04
  288.7320  0.557913D+00  0.553904D+00  0.110737D+04
  289.0578  0.597973D+00  0.601864D+00 -0.107478D+04
  289.3833  0.648226D+00  0.650845D+00 -0.723461D+03
  289.7085  0.755604D+00  0.759990D+00 -0.121131D+04
  290.0334  0.865847D+00  0.871887D+00 -0.166852D+04
  290.3581  0.929239D+00  0.931648D+00 -0.533260D+03
  290.6824  0.917179D+00  0.920887D+00 -0.898468D+03
  291.0065  0.884250D+00  0.883095D+00  0.318788D+03
  291.3303  0.894541D+00  0.883133D+00  0.315094D+04
  291.6537  0.857691D+00  0.854386D+00  0.913120D+03
  291.9769  0.834386D+00  0.833749D+00  0.175834D+03
  292.2997  0.798784D+00  0.801466D+00 -0.740779D+03
  292.6222  0.728340D+00  0.732577D+00 -0.117043D+04
  292.9444  0.761052D+00  0.760386D+00  0.183978D+03
   21 288.406 294.870 291.638  6.212D-03  0.000D+00  9.888D-01  1.247D+03 10300  7.226D-03
  288.4060  0.428889D+00  0.422044D+00  0.189061D+04
  288.7320  0.557913D+00  0.556920D+00  0.274403D+03
  289.0578  0.597973D+00  0.602495D+00 -0.124883D+04
  289.3833  0.648226D+00  0.649939D+00 -0.473148D+03
  289.7085  0.755604D+00  0.758645D+00 -0.839918D+03
  290.0334  0.865847D+00  0.869990D+00 -0.114433D+04
  290.3581  0.929239D+00  0.929304D+00 -0.143542D+02
  290.6824  0.917179D+00  0.918314D+00 -0.274929D+03
  291.0065  0.884250D+00  0.880414D+00  0.105952D+04
  291.3303  0.894541D+00  0.882193D+00  0.341063D+04
  291.6537  0.857691D+00  0.854017D+00  0.101486D+04
  291.9769  0.834386D+00  0.835086D+00 -0.193465D+03
  292.2997  0.798784D+00  0.804699D+00 -0.163381D+04
  292.6222  0.728340D+00  0.735981D+00 -0.211066D+04
  292.9444  0.761052D+00  0.766313D+00 -0.145304D+04
  293.2663  0.869788D+00  0.869369D+00  0.115954D+03
  293.5878  0.828579D+00  0.827100D+00  0.408285D+03
  293.9090  0.735449D+00  0.733768D+00  0.464337D+03
  294.2298  0.772247D+00  0.769077D+00  0.875601D+03
  294.5503  0.796535D+00  0.794561D+00  0.545076D+03
  294.8704  0.736946D+00  0.739769D+00 -0.779755D+03
   21 290.358 296.783 293.570  5.705D-03  0.000D+00  9.856D-01  1.060D+03 10300  5.608D-03
  290.3581  0.929239D+00  0.932511D+00 -0.724288D+03
  290.6824  0.917179D+00  0.921131D+00 -0.957436D+03
  291.0065  0.884250D+00  0.882749D+00  0.414558D+03
  291.3303  0.894541D+00  0.884015D+00  0.290751D+04
  291.6537  0.857691D+00  0.855141D+00  0.704499D+03
  291.9769  0.834386D+00  0.835636D+00 -0.345159D+03
  292.2997  0.798784D+00  0.804586D+00 -0.160278D+04
  292.6222  0.728340D+00  0.735466D+00 -0.196839D+04
  292.9444  0.761052D+00  0.765657D+00 -0.127180D+04
  293.2663  0.869788D+00  0.868308D+00  0.408966D+03
  293.5878  0.828579D+00  0.825825D+00  0.760506D+03
  293.9090  0.735449D+00  0.732987D+00  0.680085D+03
  294.2298  0.772247D+00  0.768924D+00  0.917830D+03
  294.5503  0.796535D+00  0.795121D+00  0.390523D+03
  294.8704  0.736946D+00  0.741461D+00 -0.124723D+04
  295.1901  0.792713D+00  0.789741D+00  0.699718D+03
  295.5095  0.840402D+00  0.839939D+00  0.127855D+03
  295.8284  0.867191D+00  0.868468D+00 -0.352772D+03
  296.1469  0.899793D+00  0.901564D+00 -0.430887D+03
  296.4650  0.808259D+00  0.806521D+00  0.479835D+03
  296.7827  0.648854D+00  0.649477D+00 -0.171916D+03
   21 292.300 298.679 295.489  1.116D-02  0.000D+00  9.841D-01  1.288D+03 10300  3.873D-03
  292.2997  0.798784D+00  0.793369D+00  0.149559D+04
  292.6222  0.728340D+00  0.732095D+00 -0.103735D+04
  292.9444  0.761052D+00  0.763811D+00 -0.762002D+03
  293.2663  0.869788D+00  0.867650D+00  0.590604D+03
  293.5878  0.828579D+00  0.830722D+00 -0.592099D+03
  293.9090  0.735449D+00  0.738692D+00 -0.895609D+03
  294.2298  0.772247D+00  0.771247D+00  0.276178D+03
  294.5503  0.796535D+00  0.797227D+00 -0.191342D+03
  294.8704  0.736946D+00  0.744505D+00 -0.208818D+04
  295.1901  0.792713D+00  0.787708D+00  0.117828D+04
  295.5095  0.840402D+00  0.837208D+00  0.882213D+03
  295.8284  0.867191D+00  0.863886D+00  0.912811D+03
  296.1469  0.899793D+00  0.894816D+00  0.121079D+04
  296.4650  0.808259D+00  0.802932D+00  0.147123D+04
  296.7827  0.648854D+00  0.648285D+00  0.157248D+03
  297.0999  0.648337D+00  0.647079D+00  0.347510D+03
  297.4167  0.762483D+00  0.770417D+00 -0.219148D+04
  297.7330  0.914491D+00  0.923202D+00 -0.197389D+04
  298.0489  0.839104D+00  0.844713D+00 -0.154925D+04
  298.3642  0.636181D+00  0.633879D+00  0.635991D+03
  298.6790  0.627481D+00  0.618118D+00  0.258604D+04
   21 294.230 300.557 297.393  5.154D-03  0.000D+00  1.014D+00  4.097D+03 10300  1.222D-02
  294.2298  0.772247D+00  0.785631D+00 -0.369690D+04
  294.5503  0.796535D+00  0.799411D+00 -0.794625D+03
  294.8704  0.736946D+00  0.735372D+00  0.434697D+03
  295.1901  0.792713D+00  0.779575D+00  0.309285D+04
  295.5095  0.840402D+00  0.827158D+00  0.365826D+04
  295.8284  0.867191D+00  0.856406D+00  0.297896D+04
  296.1469  0.899793D+00  0.892044D+00  0.188513D+04
  296.4650  0.808259D+00  0.802201D+00  0.167325D+04
  296.7827  0.648854D+00  0.652782D+00 -0.108474D+04
  297.0999  0.648337D+00  0.658751D+00 -0.287658D+04
  297.4167  0.762483D+00  0.789082D+00 -0.734703D+04
  297.7330  0.914491D+00  0.940446D+00 -0.588169D+04
  298.0489  0.839104D+00  0.853641D+00 -0.401536D+04
  298.3642  0.636181D+00  0.642105D+00 -0.163641D+04
  298.6790  0.627481D+00  0.623413D+00  0.112368D+04
  298.9933  0.784926D+00  0.760684D+00  0.669622D+04
  299.3071  0.824970D+00  0.789999D+00  0.965959D+04
  299.6204  0.774861D+00  0.762643D+00  0.337506D+04
  299.9330  0.703728D+00  0.710205D+00 -0.178887D+04
  300.2451  0.599377D+00  0.616840D+00 -0.482365D+04
  300.5566  0.644614D+00  0.653325D+00 -0.240612D+04
   21 296.147 302.412 299.279  7.160D-03  0.000D+00  1.007D+00  6.971D+03 10000  1.901D-02
  296.1469  0.899793D+00  0.867427D+00  0.787423D+04
  296.4650  0.808259D+00  0.798850D+00  0.259889D+04
  296.7827  0.648854D+00  0.663900D+00 -0.415590D+04
  297.0999  0.648337D+00  0.669775D+00 -0.592171D+04
  297.4167  0.762483D+00  0.799063D+00 -0.101042D+05
  297.7330  0.914491D+00  0.943847D+00 -0.665235D+04
  298.0489  0.839104D+00  0.854373D+00 -0.421755D+04
  298.3642  0.636181D+00  0.639741D+00 -0.983419D+03
  298.6790  0.627481D+00  0.613593D+00  0.383603D+04
  298.9933  0.784926D+00  0.743459D+00  0.114541D+05
  299.3071  0.824970D+00  0.769975D+00  0.151908D+05
  299.6204  0.774861D+00  0.742900D+00  0.882829D+04
  299.9330  0.703728D+00  0.697498D+00  0.172090D+04
  300.2451  0.599377D+00  0.608657D+00 -0.256350D+04
  300.5566  0.644614D+00  0.662356D+00 -0.490079D+04
  300.8675  0.694482D+00  0.722876D+00 -0.784283D+04
  301.1777  0.760403D+00  0.785947D+00 -0.705587D+04
  301.4873  0.780592D+00  0.805475D+00 -0.687320D+04
  301.7962  0.681761D+00  0.687773D+00 -0.166082D+04
  302.1045  0.615030D+00  0.592253D+00  0.629144D+04
  302.4120  0.732888D+00  0.708541D+00  0.672518D+04
   21 298.049 304.241 301.145 -2.970D-02  0.000D+00  9.647D-01  6.236D+03 10300  2.152D-02
  298.0489  0.839104D+00  0.854224D+00 -0.417643D+04
  298.3642  0.636181D+00  0.648827D+00 -0.349317D+04
  298.6790  0.627481D+00  0.643657D+00 -0.446817D+04
  298.9933  0.784926D+00  0.761491D+00  0.647328D+04
  299.3071  0.824970D+00  0.774392D+00  0.139707D+05
  299.6204  0.774861D+00  0.749073D+00  0.712316D+04
  299.9330  0.703728D+00  0.689773D+00  0.385481D+04
  300.2451  0.599377D+00  0.619864D+00 -0.565891D+04
  300.5566  0.644614D+00  0.675785D+00 -0.861019D+04
  300.8675  0.694482D+00  0.734179D+00 -0.109649D+05
  301.1777  0.760403D+00  0.793875D+00 -0.924573D+04
  301.4873  0.780592D+00  0.792059D+00 -0.316760D+04
  301.7962  0.681761D+00  0.666670D+00  0.416828D+04
  302.1045  0.615030D+00  0.595839D+00  0.530117D+04
  302.4120  0.732888D+00  0.712883D+00  0.552604D+04
  302.7188  0.892079D+00  0.869377D+00  0.493871D+04
  303.0249  0.100118D+01  0.978138D+00  0.395786D+04
  303.3302  0.104097D+01  0.103778D+01  0.509979D+03
  303.6347  0.100255D+01  0.100599D+01 -0.559346D+03
  303.9384  0.934505D+00  0.938503D+00 -0.725085D+03
  304.2414  0.946739D+00  0.976507D+00 -0.502476D+04
   21 299.933 306.040 302.987 -1.887D-02  0.000D+00  1.002D+00  3.089D+03 10300  1.299D-02
  299.9330  0.703728D+00  0.684694D+00  0.525759D+04
  300.2451  0.599377D+00  0.599380D+00 -0.924187D+00
  300.5566  0.644614D+00  0.655332D+00 -0.296056D+04
  300.8675  0.694482D+00  0.712692D+00 -0.502986D+04
  301.1777  0.760403D+00  0.776385D+00 -0.441474D+04
  301.4873  0.780592D+00  0.785817D+00 -0.144329D+04
  301.7962  0.681761D+00  0.668833D+00  0.357100D+04
  302.1045  0.615030D+00  0.597892D+00  0.473390D+04
  302.4120  0.732888D+00  0.716647D+00  0.448620D+04
  302.7188  0.892079D+00  0.880138D+00  0.259756D+04
  303.0249  0.100118D+01  0.994836D+00  0.108959D+04
  303.3302  0.104097D+01  0.105380D+01 -0.205114D+04
  303.6347  0.100255D+01  0.101834D+01 -0.256635D+04
  303.9384  0.934505D+00  0.940851D+00 -0.115088D+04
  304.2414  0.946739D+00  0.952552D+00 -0.981241D+03
  304.5434  0.994586D+00  0.994586D+00 -0.602809D-03
  304.8446  0.101229D+01  0.100514D+01  0.100687D+04
  305.1449  0.103224D+01  0.104073D+01 -0.116134D+04
  305.4443  0.956644D+00  0.983964D+00 -0.377322D+04
  305.7427  0.821888D+00  0.828489D+00 -0.106163D+04
  306.0402  0.812567D+00  0.781448D+00  0.480767D+04
   21 301.796 307.804 304.800 -2.765D-02  0.000D+00  1.006D+00  2.040D+03 10300  1.024D-02
  301.7962  0.681761D+00  0.675632D+00  0.169286D+04
  302.1045  0.615030D+00  0.614944D+00  0.238496D+02
  302.4120  0.732888D+00  0.736278D+00 -0.936133D+03
  302.7188  0.892079D+00  0.898021D+00 -0.129264D+04
  303.0249  0.100118D+01  0.100637D+01 -0.890853D+03
  303.3302  0.104097D+01  0.105583D+01 -0.237456D+04
  303.6347  0.100255D+01  0.100863D+01 -0.988489D+03
  303.9384  0.934505D+00  0.923732D+00  0.195357D+04
  304.2414  0.946739D+00  0.933769D+00  0.218928D+04
  304.5434  0.994586D+00  0.973251D+00  0.326385D+04
  304.8446  0.101229D+01  0.982866D+00  0.414291D+04
  305.1449  0.103224D+01  0.102879D+01  0.471143D+03
  305.4443  0.956644D+00  0.982120D+00 -0.351842D+04
  305.7427  0.821888D+00  0.839924D+00 -0.290069D+04
  306.0402  0.812567D+00  0.824298D+00 -0.181228D+04
  306.3367  0.869763D+00  0.883361D+00 -0.187806D+04
  306.6322  0.875431D+00  0.878996D+00 -0.492296D+03
  306.9267  0.931231D+00  0.922484D+00  0.112357D+04
  307.2201  0.100699D+01  0.988653D+00  0.253284D+04
  307.5124  0.100901D+01  0.100238D+01  0.915865D+03
  307.8036  0.100308D+01  0.101214D+01 -0.125184D+04
   21 312.044 315.184 313.614  1.243D-02  0.000D+00  9.955D-01  3.513D+02 10300  1.975D-03
  312.0439  0.967536D+00  0.964242D+00  0.292789D+03
  312.2016  0.976147D+00  0.973596D+00  0.223473D+03
  312.3592  0.103773D+01  0.104368D+01 -0.504601D+03
  312.5168  0.108274D+01  0.109132D+01 -0.702280D+03
  312.6743  0.108833D+01  0.108451D+01  0.310951D+03
  312.8317  0.109542D+01  0.109498D+01  0.358782D+02
  312.9890  0.111551D+01  0.111453D+01  0.795972D+02
  313.1463  0.111206D+01  0.110632D+01  0.464668D+03
  313.3035  0.108432D+01  0.108224D+01  0.169372D+03
  313.4606  0.107596D+01  0.107565D+01  0.249240D+02
  313.6176  0.111909D+01  0.112117D+01 -0.166354D+03
  313.7746  0.121470D+01  0.121588D+01 -0.919437D+02
  313.9315  0.130205D+01  0.130323D+01 -0.922270D+02
  314.0884  0.131669D+01  0.131204D+01  0.363124D+03
  314.2451  0.119120D+01  0.119969D+01 -0.679667D+03
  314.4018  0.979876D+00  0.981380D+00 -0.130992D+03
  314.5584  0.859040D+00  0.851347D+00  0.718796D+03
  314.7150  0.929004D+00  0.933375D+00 -0.384143D+03
  314.8714  0.109570D+01  0.109328D+01  0.194300D+03
  315.0278  0.119950D+01  0.119996D+01 -0.358722D+02
  315.1842  0.122714D+01  0.122719D+01 -0.364203D+01
   21 312.989 316.121 314.555  9.775D-03  0.000D+00  1.000D+00  3.014D+02 10340  1.444D-03
  312.9890  0.111551D+01  0.111674D+01 -0.990477D+02
  313.1463  0.111206D+01  0.110765D+01  0.356804D+03
  313.3035  0.108432D+01  0.108329D+01  0.836065D+02
  313.4606  0.107596D+01  0.107743D+01 -0.120542D+03
  313.6176  0.111909D+01  0.112397D+01 -0.391029D+03
  313.7746  0.121470D+01  0.121832D+01 -0.282256D+03
  313.9315  0.130205D+01  0.130324D+01 -0.924802D+02
  314.0884  0.131669D+01  0.130891D+01  0.607024D+03
  314.2451  0.119120D+01  0.119358D+01 -0.190053D+03
  314.4018  0.979876D+00  0.979213D+00  0.577385D+02
  314.5584  0.859040D+00  0.855690D+00  0.312989D+03
  314.7150  0.929004D+00  0.936279D+00 -0.639317D+03
  314.8714  0.109570D+01  0.109232D+01  0.271421D+03
  315.0278  0.119950D+01  0.119644D+01  0.238841D+03
  315.1842  0.122714D+01  0.122352D+01  0.281061D+03
  315.3404  0.121168D+01  0.121226D+01 -0.455337D+02
  315.4966  0.116457D+01  0.116585D+01 -0.100899D+03
  315.6527  0.104494D+01  0.105094D+01 -0.491677D+03
  315.8087  0.880826D+00  0.882942D+00 -0.192905D+03
  315.9647  0.767350D+00  0.766316D+00  0.101046D+03
  316.1206  0.777025D+00  0.774093D+00  0.285773D+03
   21 313.932 317.054 315.493  8.145D-03  0.000D+00  9.962D-01  3.032D+02 10300  1.419D-03
  313.9315  0.130205D+01  0.130538D+01 -0.259809D+03
  314.0884  0.131669D+01  0.131064D+01  0.471901D+03
  314.2451  0.119120D+01  0.119389D+01 -0.214757D+03
  314.4018  0.979876D+00  0.978589D+00  0.112128D+03
  314.5584  0.859040D+00  0.856446D+00  0.242398D+03
  314.7150  0.929004D+00  0.938447D+00 -0.829879D+03
  314.8714  0.109570D+01  0.109407D+01  0.130443D+03
  315.0278  0.119950D+01  0.119682D+01  0.209465D+03
  315.1842  0.122714D+01  0.122280D+01  0.336768D+03
  315.3404  0.121168D+01  0.121115D+01  0.412776D+02
  315.4966  0.116457D+01  0.116449D+01  0.605393D+01
  315.6527  0.104494D+01  0.104946D+01 -0.370199D+03
  315.8087  0.880826D+00  0.882366D+00 -0.140429D+03
  315.9647  0.767350D+00  0.768163D+00 -0.793988D+02
  316.1206  0.777025D+00  0.779123D+00 -0.204520D+03
  316.2764  0.890013D+00  0.885487D+00  0.404041D+03
  316.4322  0.100435D+01  0.100473D+01 -0.318205D+02
  316.5878  0.108034D+01  0.107484D+01  0.438390D+03
  316.7434  0.111756D+01  0.112057D+01 -0.235432D+03
  316.8990  0.117860D+01  0.118103D+01 -0.189988D+03
  317.0544  0.129308D+01  0.129218D+01  0.688156D+02
   21 314.871 317.986 316.429  6.440D-03  0.000D+00  9.958D-01  2.687D+02 10340  2.236D-03
  314.8714  0.109570D+01  0.109943D+01 -0.299798D+03
  315.0278  0.119950D+01  0.119922D+01  0.217587D+02
  315.1842  0.122714D+01  0.122288D+01  0.330253D+03
  315.3404  0.121168D+01  0.121014D+01  0.119774D+03
  315.4966  0.116457D+01  0.116276D+01  0.142008D+03
  315.6527  0.104494D+01  0.104715D+01 -0.181272D+03
  315.8087  0.880826D+00  0.880484D+00  0.311228D+02
  315.9647  0.767350D+00  0.767968D+00 -0.603452D+02
  316.1206  0.777025D+00  0.780664D+00 -0.354755D+03
  316.2764  0.890013D+00  0.888000D+00  0.179752D+03
  316.4322  0.100435D+01  0.100704D+01 -0.222638D+03
  316.5878  0.108034D+01  0.107638D+01  0.315588D+03
  316.7434  0.111756D+01  0.112116D+01 -0.281590D+03
  316.8990  0.117860D+01  0.118017D+01 -0.122456D+03
  317.0544  0.129308D+01  0.128871D+01  0.335568D+03
  317.2098  0.140936D+01  0.141362D+01 -0.309974D+03
  317.3651  0.145684D+01  0.145817D+01 -0.945781D+02
  317.5204  0.144303D+01  0.143420D+01  0.632505D+03
  317.6756  0.139111D+01  0.138995D+01  0.864622D+02
  317.8307  0.125542D+01  0.126149D+01 -0.462204D+03
  317.9857  0.105276D+01  0.105196D+01  0.653798D+02
   21 315.809 318.914 317.362  6.002D-03  0.000D+00  9.989D-01  2.909D+02 10340  1.945D-03
  315.8087  0.880826D+00  0.877941D+00  0.262910D+03
  315.9647  0.767350D+00  0.767138D+00  0.207136D+02
  316.1206  0.777025D+00  0.780907D+00 -0.378419D+03
  316.2764  0.890013D+00  0.888849D+00  0.103909D+03
  316.4322  0.100435D+01  0.100800D+01 -0.302129D+03
  316.5878  0.108034D+01  0.107713D+01  0.255963D+03
  316.7434  0.111756D+01  0.112158D+01 -0.314991D+03
  316.8990  0.117860D+01  0.118023D+01 -0.127033D+03
  317.0544  0.129308D+01  0.128836D+01  0.362668D+03
  317.2098  0.140936D+01  0.141259D+01 -0.235203D+03
  317.3651  0.145684D+01  0.145654D+01  0.218597D+02
  317.5204  0.144303D+01  0.143256D+01  0.750050D+03
  317.6756  0.139111D+01  0.138877D+01  0.173978D+03
  317.8307  0.125542D+01  0.126104D+01 -0.428406D+03
  317.9857  0.105276D+01  0.105271D+01  0.388483D+01
  318.1407  0.910888D+00  0.915516D+00 -0.399842D+03
  318.2956  0.909669D+00  0.912429D+00 -0.239640D+03
  318.4504  0.992676D+00  0.990416D+00  0.185346D+03
  318.6052  0.108974D+01  0.109182D+01 -0.163029D+03
  318.7599  0.119658D+01  0.119407D+01  0.196594D+03
  318.9145  0.128375D+01  0.128329D+01  0.356899D+02
   21 316.743 319.841 318.292  2.023D-03  0.000D+00  1.001D+00  3.585D+02 10300  1.930D-03
  316.7434  0.111756D+01  0.111675D+01  0.635994D+02
  316.8990  0.117860D+01  0.117887D+01 -0.208221D+02
  317.0544  0.129308D+01  0.129060D+01  0.190865D+03
  317.2098  0.140936D+01  0.141580D+01 -0.468550D+03
  317.3651  0.145684D+01  0.145877D+01 -0.137296D+03
  317.5204  0.144303D+01  0.143487D+01  0.584450D+03
  317.6756  0.139111D+01  0.139029D+01  0.613057D+02
  317.8307  0.125542D+01  0.125906D+01 -0.277246D+03
  317.9857  0.105276D+01  0.104954D+01  0.262149D+03
  318.1407  0.910888D+00  0.914800D+00 -0.337992D+03
  318.2956  0.909669D+00  0.913720D+00 -0.351727D+03
  318.4504  0.992676D+00  0.991657D+00  0.835135D+02
  318.6052  0.108974D+01  0.109147D+01 -0.135700D+03
  318.7599  0.119658D+01  0.119150D+01  0.397376D+03
  318.9145  0.128375D+01  0.127693D+01  0.522809D+03
  319.0690  0.125388D+01  0.125824D+01 -0.329829D+03
  319.2235  0.110909D+01  0.110722D+01  0.148861D+03
  319.3779  0.100469D+01  0.100450D+01  0.153335D+02
  319.5322  0.103557D+01  0.104800D+01 -0.982644D+03
  319.6865  0.115484D+01  0.115083D+01  0.313145D+03
  319.8406  0.126388D+01  0.126122D+01  0.199761D+03
   21 317.676 320.764 319.220  1.386D-03  0.000D+00  9.983D-01  3.337D+02 10300  1.968D-03
  317.6756  0.139111D+01  0.139094D+01  0.130049D+02
  317.8307  0.125542D+01  0.125777D+01 -0.179119D+03
  317.9857  0.105276D+01  0.104776D+01  0.407930D+03
  318.1407  0.910888D+00  0.913494D+00 -0.225164D+03
  318.2956  0.909669D+00  0.912910D+00 -0.281417D+03
  318.4504  0.992676D+00  0.991214D+00  0.119876D+03
  318.6052  0.108974D+01  0.109143D+01 -0.132340D+03
  318.7599  0.119658D+01  0.119200D+01  0.358383D+03
  318.9145  0.128375D+01  0.127785D+01  0.452069D+03
  319.0690  0.125388D+01  0.125899D+01 -0.386762D+03
  319.2235  0.110909D+01  0.110775D+01  0.106519D+03
  319.3779  0.100469D+01  0.100541D+01 -0.571846D+02
  319.5322  0.103557D+01  0.104900D+01 -0.106118D+04
  319.6865  0.115484D+01  0.115101D+01  0.299186D+03
  319.8406  0.126388D+01  0.125965D+01  0.317418D+03
  319.9948  0.132780D+01  0.132887D+01 -0.773222D+02
  320.1488  0.135216D+01  0.134755D+01  0.333086D+03
  320.3027  0.138549D+01  0.138679D+01 -0.929570D+02
  320.4567  0.144874D+01  0.145006D+01 -0.910416D+02
  320.6105  0.148369D+01  0.148182D+01  0.127446D+03
  320.7643  0.143572D+01  0.143742D+01 -0.117862D+03
   21 318.605 321.685 320.145 -4.951D-05  0.000D+00  9.955D-01  3.182D+02 10300  1.819D-03
  318.6052  0.108974D+01  0.109303D+01 -0.257591D+03
  318.7599  0.119658D+01  0.119346D+01  0.243994D+03
  318.9145  0.128375D+01  0.127871D+01  0.386525D+03
  319.0690  0.125388D+01  0.125820D+01 -0.327008D+03
  319.2235  0.110909D+01  0.110618D+01  0.231044D+03
  319.3779  0.100469D+01  0.100500D+01 -0.242393D+02
  319.5322  0.103557D+01  0.104949D+01 -0.110034D+04
  319.6865  0.115484D+01  0.115154D+01  0.257826D+03
  319.8406  0.126388D+01  0.125996D+01  0.294691D+03
  319.9948  0.132780D+01  0.132846D+01 -0.478947D+02
  320.1488  0.135216D+01  0.134697D+01  0.375086D+03
  320.3027  0.138549D+01  0.138659D+01 -0.789753D+02
  320.4567  0.144874D+01  0.144991D+01 -0.808438D+02
  320.6105  0.148369D+01  0.148128D+01  0.164056D+03
  320.7643  0.143572D+01  0.143629D+01 -0.397891D+02
  320.9180  0.130095D+01  0.130185D+01 -0.666335D+02
  321.0716  0.113288D+01  0.113147D+01  0.106873D+03
  321.2252  0.100590D+01  0.100909D+01 -0.252856D+03
  321.3786  0.971133D+00  0.971586D+00 -0.362454D+02
  321.5320  0.101607D+01  0.101771D+01 -0.128854D+03
  321.6854  0.112055D+01  0.111785D+01  0.210549D+03
   21 319.532 322.604 321.068 -1.303D-03  0.000D+00  9.884D-01  3.226D+02 10340  2.359D-03
  319.5322  0.103557D+01  0.104451D+01 -0.706146D+03
  319.6865  0.115484D+01  0.114884D+01  0.468760D+03
  319.8406  0.126388D+01  0.125898D+01  0.367774D+03
  319.9948  0.132780D+01  0.132839D+01 -0.426712D+02
  320.1488  0.135216D+01  0.134772D+01  0.320692D+03
  320.3027  0.138549D+01  0.138819D+01 -0.193107D+03
  320.4567  0.144874D+01  0.145168D+01 -0.202792D+03
  320.6105  0.148369D+01  0.148251D+01  0.803780D+02
  320.7643  0.143572D+01  0.143655D+01 -0.574530D+02
  320.9180  0.130095D+01  0.130125D+01 -0.225773D+02
  321.0716  0.113288D+01  0.113087D+01  0.152757D+03
  321.2252  0.100590D+01  0.100924D+01 -0.265216D+03
  321.3786  0.971133D+00  0.972924D+00 -0.143436D+03
  321.5320  0.101607D+01  0.102063D+01 -0.358353D+03
  321.6854  0.112055D+01  0.112282D+01 -0.177378D+03
  321.8387  0.124679D+01  0.124147D+01  0.396743D+03
  321.9919  0.132823D+01  0.132743D+01  0.569001D+02
  322.1450  0.131367D+01  0.131414D+01 -0.333197D+02
  322.2981  0.124539D+01  0.123576D+01  0.707137D+03
  322.4510  0.117718D+01  0.117833D+01 -0.874411D+02
  322.6040  0.110861D+01  0.111431D+01 -0.441826D+03
   21 320.457 323.520 321.988 -1.079D-03  0.000D+00  9.796D-01  2.660D+02 10300  1.669D-03
  320.4567  0.144874D+01  0.145101D+01 -0.156464D+03
  320.6105  0.148369D+01  0.148126D+01  0.165487D+03
  320.7643  0.143572D+01  0.143521D+01  0.355556D+02
  320.9180  0.130095D+01  0.130015D+01  0.587498D+02
  321.0716  0.113288D+01  0.113006D+01  0.214445D+03
  321.2252  0.100590D+01  0.100868D+01 -0.220653D+03
  321.3786  0.971133D+00  0.972584D+00 -0.116189D+03
  321.5320  0.101607D+01  0.102055D+01 -0.351611D+03
  321.6854  0.112055D+01  0.112306D+01 -0.195859D+03
  321.8387  0.124679D+01  0.124203D+01  0.355300D+03
  321.9919  0.132823D+01  0.132820D+01  0.219167D+01
  322.1450  0.131367D+01  0.131490D+01 -0.875398D+02
  322.2981  0.124539D+01  0.123618D+01  0.676265D+03
  322.4510  0.117718D+01  0.117790D+01 -0.547368D+02
  322.6040  0.110861D+01  0.111283D+01 -0.327069D+03
  322.7569  0.101815D+01  0.102032D+01 -0.171130D+03
  322.9097  0.955385D+00  0.960506D+00 -0.403905D+03
  323.0624  0.995603D+00  0.989275D+00  0.494399D+03
  323.2150  0.107689D+01  0.107668D+01  0.164874D+02
  323.3676  0.110821D+01  0.110989D+01 -0.131584D+03
  323.5201  0.108103D+01  0.108030D+01  0.571360D+02
   21 321.379 324.434 322.906 -4.329D-03  0.000D+00  9.799D-01  2.677D+02 10300  2.563D-03
  321.3786  0.971133D+00  0.968919D+00  0.177372D+03
  321.5320  0.101607D+01  0.101944D+01 -0.265006D+03
  321.6854  0.112055D+01  0.112355D+01 -0.234456D+03
  321.8387  0.124679D+01  0.124342D+01  0.251737D+03
  321.9919  0.132823D+01  0.132897D+01 -0.523699D+02
  322.1450  0.131367D+01  0.131428D+01 -0.433726D+02
  322.2981  0.124539D+01  0.123602D+01  0.687771D+03
  322.4510  0.117718D+01  0.117853D+01 -0.102817D+03
  322.6040  0.110861D+01  0.111275D+01 -0.320480D+03
  322.7569  0.101815D+01  0.102006D+01 -0.151021D+03
  322.9097  0.955385D+00  0.961392D+00 -0.473752D+03
  323.0624  0.995603D+00  0.991625D+00  0.310813D+03
  323.2150  0.107689D+01  0.107814D+01 -0.974723D+02
  323.3676  0.110821D+01  0.110829D+01 -0.626503D+01
  323.5201  0.108103D+01  0.107687D+01  0.324623D+03
  323.6725  0.107731D+01  0.107768D+01 -0.288453D+02
  323.8249  0.113192D+01  0.113310D+01 -0.901167D+02
  323.9772  0.121146D+01  0.120825D+01  0.236093D+03
  324.1295  0.127870D+01  0.127864D+01  0.425496D+01
  324.2816  0.130997D+01  0.131531D+01 -0.372885D+03
  324.4337  0.133465D+01  0.133208D+01  0.176757D+03
   21 322.298 325.345 323.821 -1.003D-02  0.000D+00  9.820D-01  2.700D+02 10300  3.197D-03
  322.2981  0.124539D+01  0.123988D+01  0.404693D+03
  322.4510  0.117718D+01  0.118057D+01 -0.257606D+03
  322.6040  0.110861D+01  0.111151D+01 -0.224273D+03
  322.7569  0.101815D+01  0.101745D+01  0.547311D+02
  322.9097  0.955385D+00  0.960549D+00 -0.407226D+03
  323.0624  0.995603D+00  0.993739D+00  0.145608D+03
  323.2150  0.107689D+01  0.107973D+01 -0.221311D+03
  323.3676  0.110821D+01  0.110634D+01  0.145679D+03
  323.5201  0.108103D+01  0.107445D+01  0.514020D+03
  323.6725  0.107731D+01  0.107751D+01 -0.160292D+02
  323.8249  0.113192D+01  0.113418D+01 -0.172382D+03
  323.9772  0.121146D+01  0.120929D+01  0.159892D+03
  324.1295  0.127870D+01  0.127847D+01  0.167476D+02
  324.2816  0.130997D+01  0.131301D+01 -0.212198D+03
  324.4337  0.133465D+01  0.132891D+01  0.395320D+03
  324.5858  0.134456D+01  0.134708D+01 -0.172555D+03
  324.7377  0.131450D+01  0.131666D+01 -0.148818D+03
  324.8896  0.125530D+01  0.125252D+01  0.197686D+03
  325.0415  0.123235D+01  0.123850D+01 -0.437928D+03
  325.1932  0.127576D+01  0.127852D+01 -0.193283D+03
  325.3449  0.135369D+01  0.134802D+01  0.385585D+03
   21 323.215 326.254 324.734 -7.399D-03  0.000D+00  9.846D-01  2.318D+02 10300  2.687D-03
  323.2150  0.107689D+01  0.107877D+01 -0.146418D+03
  323.3676  0.110821D+01  0.110807D+01  0.101820D+02
  323.5201  0.108103D+01  0.107683D+01  0.327749D+03
  323.6725  0.107731D+01  0.107888D+01 -0.123180D+03
  323.8249  0.113192D+01  0.113474D+01 -0.215297D+03
  323.9772  0.121146D+01  0.120929D+01  0.159499D+03
  324.1295  0.127870D+01  0.127816D+01  0.385065D+02
  324.2816  0.130997D+01  0.131258D+01 -0.182415D+03
  324.4337  0.133465D+01  0.132774D+01  0.475753D+03
  324.5858  0.134456D+01  0.134580D+01 -0.850129D+02
  324.7377  0.131450D+01  0.131653D+01 -0.139732D+03
  324.8896  0.125530D+01  0.125275D+01  0.181227D+03
  325.0415  0.123235D+01  0.123871D+01 -0.453099D+03
  325.1932  0.127576D+01  0.128009D+01 -0.303423D+03
  325.3449  0.135369D+01  0.135223D+01  0.993298D+02
  325.4965  0.146917D+01  0.146522D+01  0.260738D+03
  325.6480  0.158951D+01  0.159293D+01 -0.222652D+03
  325.7996  0.168090D+01  0.167608D+01  0.302411D+03
  325.9509  0.172560D+01  0.172250D+01  0.190594D+03
  326.1023  0.173355D+01  0.173387D+01 -0.192969D+02
  326.2536  0.169585D+01  0.169901D+01 -0.196049D+03
   21 324.129 327.160 325.645 -4.251D-03  0.000D+00  9.914D-01  2.375D+02 10340  2.614D-03
  324.1295  0.127870D+01  0.127976D+01 -0.745678D+02
  324.2816  0.130997D+01  0.131279D+01 -0.196993D+03
  324.4337  0.133465D+01  0.132660D+01  0.554197D+03
  324.5858  0.134456D+01  0.134441D+01  0.102278D+02
  324.7377  0.131450D+01  0.131662D+01 -0.146477D+03
  324.8896  0.125530D+01  0.125321D+01  0.148262D+03
  325.0415  0.123235D+01  0.123851D+01 -0.438979D+03
  325.1932  0.127576D+01  0.127998D+01 -0.295565D+03
  325.3449  0.135369D+01  0.135231D+01  0.943811D+02
  325.4965  0.146917D+01  0.146517D+01  0.264202D+03
  325.6480  0.158951D+01  0.159364D+01 -0.268918D+03
  325.7996  0.168090D+01  0.167727D+01  0.228179D+03
  325.9509  0.172560D+01  0.172251D+01  0.189826D+03
  326.1023  0.173355D+01  0.173175D+01  0.111059D+03
  326.2536  0.169585D+01  0.169328D+01  0.159286D+03
  326.4048  0.162214D+01  0.162760D+01 -0.347009D+03
  326.5559  0.159525D+01  0.159320D+01  0.126413D+03
  326.7070  0.164062D+01  0.164258D+01 -0.122153D+03
  326.8580  0.169380D+01  0.169756D+01 -0.230148D+03
  327.0089  0.167112D+01  0.167067D+01  0.278505D+02
  327.1598  0.160787D+01  0.160526D+01  0.164776D+03
   21 325.041 328.064 326.553 -3.471D-03  0.000D+00  9.953D-01  1.805D+02 10340  2.426D-03
  325.0415  0.123235D+01  0.123257D+01 -0.150234D+02
  325.1932  0.127576D+01  0.127729D+01 -0.107047D+03
  325.3449  0.135369D+01  0.135181D+01  0.127964D+03
  325.4965  0.146917D+01  0.146605D+01  0.206305D+03
  325.6480  0.158951D+01  0.159557D+01 -0.394284D+03
  325.7996  0.168090D+01  0.167939D+01  0.948879D+02
  325.9509  0.172560D+01  0.172408D+01  0.930988D+02
  326.1023  0.173355D+01  0.173249D+01  0.650870D+02
  326.2536  0.169585D+01  0.169305D+01  0.173656D+03
  326.4048  0.162214D+01  0.162649D+01 -0.276796D+03
  326.5559  0.159525D+01  0.159142D+01  0.236223D+03
  326.7070  0.164062D+01  0.164047D+01  0.889858D+01
  326.8580  0.169380D+01  0.169642D+01 -0.160091D+03
  327.0089  0.167112D+01  0.167244D+01 -0.812401D+02
  327.1598  0.160787D+01  0.161118D+01 -0.209228D+03
  327.3106  0.160266D+01  0.160315D+01 -0.303074D+02
  327.4614  0.163849D+01  0.163900D+01 -0.312744D+02
  327.6120  0.164916D+01  0.164434D+01  0.296746D+03
  327.7626  0.161386D+01  0.160998D+01  0.243101D+03
  327.9131  0.157827D+01  0.157836D+01 -0.544067D+01
  328.0636  0.156538D+01  0.156886D+01 -0.220368D+03
   21 325.951 328.965 327.458 -4.200D-03  0.000D+00  9.924D-01  1.762D+02 10340  2.277D-03
  325.9509  0.172560D+01  0.172777D+01 -0.133575D+03
  326.1023  0.173355D+01  0.173367D+01 -0.729197D+01
  326.2536  0.169585D+01  0.169238D+01  0.215087D+03
  326.4048  0.162214D+01  0.162496D+01 -0.179045D+03
  326.5559  0.159525D+01  0.159012D+01  0.316079D+03
  326.7070  0.164062D+01  0.163941D+01  0.748571D+02
  326.8580  0.169380D+01  0.169510D+01 -0.793451D+02
  327.0089  0.167112D+01  0.167151D+01 -0.243795D+02
  327.1598  0.160787D+01  0.161146D+01 -0.226457D+03
  327.3106  0.160266D+01  0.160433D+01 -0.103319D+03
  327.4614  0.163849D+01  0.164037D+01 -0.115334D+03
  327.6120  0.164916D+01  0.164575D+01  0.210008D+03
  327.7626  0.161386D+01  0.161131D+01  0.159795D+03
  327.9131  0.157827D+01  0.157922D+01 -0.597329D+02
  328.0636  0.156538D+01  0.156873D+01 -0.212262D+03
  328.2140  0.156791D+01  0.156923D+01 -0.722672D+02
  328.3643  0.157204D+01  0.156502D+01  0.441203D+03
  328.5146  0.152947D+01  0.153128D+01 -0.115280D+03
  328.6648  0.145696D+01  0.145872D+01 -0.114440D+03
  328.8149  0.144918D+01  0.144729D+01  0.122716D+03
  328.9650  0.156986D+01  0.157129D+01 -0.904390D+02
   21 326.858 329.864 328.361 -3.615D-03  0.000D+00  9.939D-01  2.147D+02 10300  2.659D-03
  326.8580  0.169380D+01  0.169405D+01 -0.152972D+02
  327.0089  0.167112D+01  0.167048D+01  0.393581D+02
  327.1598  0.160787D+01  0.161027D+01 -0.151725D+03
  327.3106  0.160266D+01  0.160288D+01 -0.135234D+02
  327.4614  0.163849D+01  0.163901D+01 -0.318469D+02
  327.6120  0.164916D+01  0.164482D+01  0.267254D+03
  327.7626  0.161386D+01  0.161080D+01  0.191942D+03
  327.9131  0.157827D+01  0.157902D+01 -0.475370D+02
  328.0636  0.156538D+01  0.156889D+01 -0.222214D+03
  328.2140  0.156791D+01  0.156983D+01 -0.105214D+03
  328.3643  0.157204D+01  0.156614D+01  0.371322D+03
  328.5146  0.152947D+01  0.153300D+01 -0.224296D+03
  328.6648  0.145696D+01  0.146079D+01 -0.249223D+03
  328.8149  0.144918D+01  0.144922D+01 -0.247468D+01
  328.9650  0.156986D+01  0.157331D+01 -0.218432D+03
  329.1150  0.172552D+01  0.172810D+01 -0.154973D+03
  329.2649  0.182860D+01  0.181777D+01  0.630178D+03
  329.4147  0.186961D+01  0.186718D+01  0.140782D+03
  329.5645  0.188916D+01  0.189058D+01 -0.819549D+02
  329.7142  0.189436D+01  0.189713D+01 -0.159211D+03
  329.8639  0.191938D+01  0.191960D+01 -0.128914D+02
   21 327.763 330.760 329.262 -7.144D-03  0.000D+00  9.983D-01  2.830D+02 10300  2.826D-03
  327.7626  0.161386D+01  0.161186D+01  0.125744D+03
  327.9131  0.157827D+01  0.157927D+01 -0.628572D+02
  328.0636  0.156538D+01  0.156873D+01 -0.212085D+03
  328.2140  0.156791D+01  0.156921D+01 -0.712966D+02
  328.3643  0.157204D+01  0.156498D+01  0.443673D+03
  328.5146  0.152947D+01  0.153074D+01 -0.807432D+02
  328.6648  0.145696D+01  0.145812D+01 -0.758899D+02
  328.8149  0.144918D+01  0.144941D+01 -0.149717D+02
  328.9650  0.156986D+01  0.157639D+01 -0.413303D+03
  329.1150  0.172552D+01  0.173038D+01 -0.291378D+03
  329.2649  0.182860D+01  0.181843D+01  0.591712D+03
  329.4147  0.186961D+01  0.186701D+01  0.150667D+03
  329.5645  0.188916D+01  0.188930D+01 -0.789695D+01
  329.7142  0.189436D+01  0.189513D+01 -0.439436D+02
  329.8639  0.191938D+01  0.191717D+01  0.126786D+03
  330.0135  0.196211D+01  0.196011D+01  0.113289D+03
  330.1630  0.193738D+01  0.194542D+01 -0.457355D+03
  330.3125  0.183416D+01  0.182694D+01  0.418153D+03
  330.4619  0.168101D+01  0.168657D+01 -0.334127D+03
  330.6112  0.156550D+01  0.157071D+01 -0.324601D+03
  330.7604  0.154494D+01  0.153889D+01  0.377814D+03
   21 328.665 331.655 330.160 -3.669D-03  0.000D+00  9.985D-01  2.608D+02 10300  2.303D-03
  328.6648  0.145696D+01  0.145575D+01  0.782208D+02
  328.8149  0.144918D+01  0.144718D+01  0.129970D+03
  328.9650  0.156986D+01  0.157416D+01 -0.272016D+03
  329.1150  0.172552D+01  0.173074D+01 -0.312904D+03
  329.2649  0.182860D+01  0.182075D+01  0.456548D+03
  329.4147  0.186961D+01  0.186963D+01 -0.923374D+00
  329.5645  0.188916D+01  0.189163D+01 -0.142354D+03
  329.7142  0.189436D+01  0.189617D+01 -0.103732D+03
  329.8639  0.191938D+01  0.191605D+01  0.190748D+03
  330.0135  0.196211D+01  0.195755D+01  0.258427D+03
  330.1630  0.193738D+01  0.194410D+01 -0.382215D+03
  330.3125  0.183416D+01  0.182688D+01  0.421789D+03
  330.4619  0.168101D+01  0.168652D+01 -0.330832D+03
  330.6112  0.156550D+01  0.157070D+01 -0.323833D+03
  330.7604  0.154494D+01  0.153773D+01  0.450605D+03
  330.9097  0.161822D+01  0.162216D+01 -0.240476D+03
  331.0588  0.171301D+01  0.171126D+01  0.102919D+03
  331.2078  0.171900D+01  0.171617D+01  0.166326D+03
  331.3568  0.165167D+01  0.165535D+01 -0.220198D+03
  331.5057  0.160808D+01  0.160698D+01  0.665484D+02
  331.6546  0.164100D+01  0.164092D+01  0.448177D+01
   21 329.565 332.546 331.055 -2.633D-03  0.000D+00  9.938D-01  2.931D+02 10340  2.629D-03
  329.5645  0.188916D+01  0.189386D+01 -0.270753D+03
  329.7142  0.189436D+01  0.189609D+01 -0.991472D+02
  329.8639  0.191938D+01  0.191428D+01  0.292031D+03
  330.0135  0.196211D+01  0.195500D+01  0.403189D+03
  330.1630  0.193738D+01  0.194213D+01 -0.270306D+03
  330.3125  0.183416D+01  0.182589D+01  0.479365D+03
  330.4619  0.168101D+01  0.168620D+01 -0.311813D+03
  330.6112  0.156550D+01  0.157094D+01 -0.338820D+03
  330.7604  0.154494D+01  0.153794D+01  0.437059D+03
  330.9097  0.161822D+01  0.162272D+01 -0.274496D+03
  331.0588  0.171301D+01  0.171308D+01 -0.384225D+01
  331.2078  0.171900D+01  0.171913D+01 -0.742763D+01
  331.3568  0.165167D+01  0.165861D+01 -0.415340D+03
  331.5057  0.160808D+01  0.160947D+01 -0.844605D+02
  331.6546  0.164100D+01  0.164202D+01 -0.609231D+02
  331.8034  0.171950D+01  0.171974D+01 -0.135961D+02
  331.9521  0.175746D+01  0.174896D+01  0.490244D+03
  332.1008  0.170322D+01  0.169748D+01  0.332881D+03
  332.2494  0.159855D+01  0.160070D+01 -0.128521D+03
  332.3979  0.156053D+01  0.155809D+01  0.147551D+03
  332.5464  0.162551D+01  0.163132D+01 -0.344147D+03
   21 330.462 333.436 331.949 -2.590D-03  0.000D+00  9.963D-01  2.302D+02 10340  2.218D-03
  330.4619  0.168101D+01  0.168274D+01 -0.104100D+03
  330.6112  0.156550D+01  0.156790D+01 -0.149377D+03
  330.7604  0.154494D+01  0.153537D+01  0.597642D+03
  330.9097  0.161822D+01  0.162063D+01 -0.147328D+03
  331.0588  0.171301D+01  0.171167D+01  0.790734D+02
  331.2078  0.171900D+01  0.171856D+01  0.261081D+02
  331.3568  0.165167D+01  0.165882D+01 -0.428139D+03
  331.5057  0.160808D+01  0.161028D+01 -0.133805D+03
  331.6546  0.164100D+01  0.164324D+01 -0.133954D+03
  331.8034  0.171950D+01  0.172117D+01 -0.975420D+02
  331.9521  0.175746D+01  0.175026D+01  0.415232D+03
  332.1008  0.170322D+01  0.169817D+01  0.292984D+03
  332.2494  0.159855D+01  0.160032D+01 -0.105984D+03
  332.3979  0.156053D+01  0.155616D+01  0.264473D+03
  332.5464  0.162551D+01  0.162706D+01 -0.919654D+02
  332.6948  0.169035D+01  0.169489D+01 -0.263199D+03
  332.8431  0.166160D+01  0.166125D+01  0.206105D+02
  332.9914  0.160984D+01  0.160966D+01  0.108855D+02
  333.1396  0.162754D+01  0.163049D+01 -0.172508D+03
  333.2877  0.167066D+01  0.167062D+01  0.185237D+01
  333.4358  0.162882D+01  0.162651D+01  0.134088D+03
   21 331.357 334.323 332.840  6.015D-06  0.000D+00  9.947D-01  1.479D+02 10300  1.543D-03
  331.3568  0.165167D+01  0.165147D+01  0.116272D+02
  331.5057  0.160808D+01  0.160712D+01  0.578888D+02
  331.6546  0.164100D+01  0.164195D+01 -0.568857D+02
  331.8034  0.171950D+01  0.172209D+01 -0.150944D+03
  331.9521  0.175746D+01  0.175355D+01  0.225758D+03
  332.1008  0.170322D+01  0.170266D+01  0.322271D+02
  332.2494  0.159855D+01  0.160414D+01 -0.333807D+03
  332.3979  0.156053D+01  0.155700D+01  0.213557D+03
  332.5464  0.162551D+01  0.162528D+01  0.135425D+02
  332.6948  0.169035D+01  0.169329D+01 -0.170322D+03
  332.8431  0.166160D+01  0.166019D+01  0.821572D+02
  332.9914  0.160984D+01  0.160748D+01  0.139027D+03
  333.1396  0.162754D+01  0.162739D+01  0.883779D+01
  333.2877  0.167066D+01  0.166948D+01  0.680255D+02
  333.4358  0.162882D+01  0.162980D+01 -0.572193D+02
  333.5838  0.150963D+01  0.151129D+01 -0.994059D+02
  333.7317  0.144848D+01  0.144642D+01  0.125918D+03
  333.8796  0.150409D+01  0.150728D+01 -0.190524D+03
  334.0274  0.159136D+01  0.159351D+01 -0.124638D+03
  334.1751  0.163867D+01  0.163390D+01  0.273657D+03
  334.3228  0.167919D+01  0.168047D+01 -0.728736D+02
   20 332.249 335.060 333.655 -3.252D-03  0.000D+00  9.906D-01  1.774D+02 10300  1.669D-03
  332.2494  0.159855D+01  0.160156D+01 -0.180273D+03
  332.3979  0.156053D+01  0.155650D+01  0.244154D+03
  332.5464  0.162551D+01  0.162631D+01 -0.473181D+02
  332.6948  0.169035D+01  0.169271D+01 -0.136777D+03
  332.8431  0.166160D+01  0.165832D+01  0.191527D+03
  332.9914  0.160984D+01  0.160710D+01  0.161128D+03
  333.1396  0.162754D+01  0.162919D+01 -0.962693D+02
  333.2877  0.167066D+01  0.167123D+01 -0.332592D+02
  333.4358  0.162882D+01  0.162955D+01 -0.424255D+02
  333.5838  0.150963D+01  0.151011D+01 -0.291445D+02
  333.7317  0.144848D+01  0.144744D+01  0.638684D+02
  333.8796  0.150409D+01  0.151006D+01 -0.356608D+03
  334.0274  0.159136D+01  0.159455D+01 -0.185142D+03
  334.1751  0.163867D+01  0.163224D+01  0.369073D+03
  334.3228  0.167919D+01  0.167690D+01  0.130281D+03
  334.4704  0.175480D+01  0.175641D+01 -0.904946D+02
  334.6180  0.180577D+01  0.180100D+01  0.265003D+03
  334.7654  0.173938D+01  0.174246D+01 -0.171888D+03
  334.9129  0.161283D+01  0.161478D+01 -0.111435D+03
  335.0602  0.157998D+01  0.157932D+01  0.386000D+02
   14 333.140 335.060 334.100 -2.891D-03  0.000D+00  9.915D-01  1.722D+02 10340  2.064D-03
  333.1396  0.162754D+01  0.162819D+01 -0.379587D+02
  333.2877  0.167066D+01  0.166981D+01  0.487140D+02
  333.4358  0.162882D+01  0.162833D+01  0.282164D+02
  333.5838  0.150963D+01  0.150930D+01  0.197880D+02
  333.7317  0.144848D+01  0.144671D+01  0.107960D+03
  333.8796  0.150409D+01  0.150940D+01 -0.317333D+03
  334.0274  0.159136D+01  0.159437D+01 -0.174706D+03
  334.1751  0.163867D+01  0.163262D+01  0.347312D+03
  334.3228  0.167919D+01  0.167757D+01  0.925351D+02
  334.4704  0.175480D+01  0.175721D+01 -0.135032D+03
  334.6180  0.180577D+01  0.180188D+01  0.216194D+03
  334.7654  0.173938D+01  0.174319D+01 -0.212199D+03
  334.9129  0.161283D+01  0.161483D+01 -0.114682D+03
  335.0602  0.157998D+01  0.157787D+01  0.122391D+03
