 solar_wavcal_vary
           0
 F F
nwav fwave lwave avgwav  shift    squeeze      sin       rms   exval
   21 263.675 270.867 267.271 -1.206D-01  0.000D+00  1.018D+00  1.639D+03 10300  1.941D-02
  263.6755  0.431872D+00  0.476649D+00 -0.123163D+04
  264.0454  0.533269D+00  0.539165D+00 -0.161999D+04
  264.4141  0.497570D+00  0.492729D+00  0.133013D+04
  264.7816  0.405960D+00  0.405504D+00  0.125364D+03
  265.1479  0.424671D+00  0.408782D+00  0.436564D+04
  265.5131  0.437917D+00  0.440772D+00 -0.784524D+03
  265.8771  0.406187D+00  0.416439D+00 -0.281680D+04
  266.2399  0.368599D+00  0.372050D+00 -0.948082D+03
  266.6017  0.357483D+00  0.353628D+00  0.105910D+04
  266.9625  0.349985D+00  0.355800D+00 -0.169173D+04
  267.3221  0.364896D+00  0.367862D+00 -0.814830D+03
  267.6808  0.355035D+00  0.356552D+00 -0.417457D+03
  268.0385  0.344429D+00  0.339497D+00  0.149445D+04
  268.3952  0.350769D+00  0.342443D+00  0.241977D+04
  268.7509  0.338353D+00  0.334608D+00  0.117662D+04
  269.1057  0.330817D+00  0.329112D+00  0.585228D+03
  269.4596  0.327012D+00  0.330995D+00 -0.142149D+04
  269.8127  0.349461D+00  0.356587D+00 -0.209989D+04
  270.1648  0.390999D+00  0.392424D+00 -0.391686D+03
  270.5161  0.393191D+00  0.390571D+00  0.720048D+03
  270.8666  0.372455D+00  0.370624D+00  0.503080D+03
   21 265.877 272.953 269.415 -2.761D-02  0.000D+00  1.002D+00  1.241D+03 10300  1.386D-02
  265.8771  0.406187D+00  0.407933D+00 -0.479838D+03
  266.2399  0.368599D+00  0.370318D+00 -0.472174D+03
  266.6017  0.357483D+00  0.348990D+00  0.233354D+04
  266.9625  0.349985D+00  0.350947D+00 -0.279699D+03
  267.3221  0.364896D+00  0.364348D+00  0.150556D+03
  267.6808  0.355035D+00  0.363853D+00 -0.242649D+04
  268.0385  0.344429D+00  0.343165D+00  0.382981D+03
  268.3952  0.350769D+00  0.344231D+00  0.190026D+04
  268.7509  0.338353D+00  0.339906D+00 -0.488156D+03
  269.1057  0.330817D+00  0.331015D+00 -0.681129D+02
  269.4596  0.327012D+00  0.331146D+00 -0.147553D+04
  269.8127  0.349461D+00  0.347303D+00  0.636046D+03
  270.1648  0.390999D+00  0.386436D+00  0.125360D+04
  270.5161  0.393191D+00  0.395507D+00 -0.636267D+03
  270.8666  0.372455D+00  0.376272D+00 -0.104858D+04
  271.2163  0.364432D+00  0.359917D+00  0.124034D+04
  271.5652  0.324664D+00  0.320786D+00  0.137798D+04
  271.9133  0.260282D+00  0.263047D+00 -0.109407D+04
  272.2607  0.252464D+00  0.251506D+00  0.383664D+03
  272.6074  0.286568D+00  0.291885D+00 -0.203302D+04
  272.9533  0.340606D+00  0.336167D+00  0.136264D+04
   21 268.038 275.015 271.527 -7.738D-03  0.000D+00  1.012D+00  1.218D+03 10300  9.393D-03
  268.0385  0.344429D+00  0.344664D+00 -0.711396D+02
  268.3952  0.350769D+00  0.345916D+00  0.141057D+04
  268.7509  0.338353D+00  0.342292D+00 -0.123788D+04
  269.1057  0.330817D+00  0.332048D+00 -0.422830D+03
  269.4596  0.327012D+00  0.331531D+00 -0.161300D+04
  269.8127  0.349461D+00  0.344642D+00  0.142014D+04
  270.1648  0.390999D+00  0.384343D+00  0.182868D+04
  270.5161  0.393191D+00  0.395142D+00 -0.535855D+03
  270.8666  0.372455D+00  0.375056D+00 -0.714720D+03
  271.2163  0.364432D+00  0.359543D+00  0.134315D+04
  271.5652  0.324664D+00  0.322889D+00  0.630575D+03
  271.9133  0.260282D+00  0.264119D+00 -0.151842D+04
  272.2607  0.252464D+00  0.249473D+00  0.119841D+04
  272.6074  0.286568D+00  0.290435D+00 -0.147863D+04
  272.9533  0.340606D+00  0.340515D+00  0.278539D+02
  273.2986  0.323610D+00  0.328376D+00 -0.168365D+04
  273.6432  0.263523D+00  0.262777D+00  0.290980D+03
  273.9871  0.215378D+00  0.210205D+00  0.217589D+04
  274.3304  0.188781D+00  0.185745D+00  0.139055D+04
  274.6730  0.181136D+00  0.182265D+00 -0.517086D+03
  275.0151  0.198321D+00  0.200193D+00 -0.835284D+03
   21 270.165 277.055 273.610  6.792D-04  0.000D+00  1.009D+00  1.239D+03 10300  9.052D-03
  270.1648  0.390999D+00  0.386270D+00  0.129928D+04
  270.5161  0.393191D+00  0.397410D+00 -0.115909D+04
  270.8666  0.372455D+00  0.376657D+00 -0.115456D+04
  271.2163  0.364432D+00  0.360396D+00  0.110891D+04
  271.5652  0.324664D+00  0.323962D+00  0.249481D+03
  271.9133  0.260282D+00  0.264719D+00 -0.175561D+04
  272.2607  0.252464D+00  0.248108D+00  0.174565D+04
  272.6074  0.286568D+00  0.287839D+00 -0.486074D+03
  272.9533  0.340606D+00  0.338059D+00  0.781677D+03
  273.2986  0.323610D+00  0.328016D+00 -0.155642D+04
  273.6432  0.263523D+00  0.263221D+00  0.117779D+03
  273.9871  0.215378D+00  0.210503D+00  0.205068D+04
  274.3304  0.188781D+00  0.185821D+00  0.135570D+04
  274.6730  0.181136D+00  0.182466D+00 -0.608972D+03
  275.0151  0.198321D+00  0.200418D+00 -0.935840D+03
  275.3565  0.237802D+00  0.235413D+00  0.953034D+03
  275.6974  0.262717D+00  0.269530D+00 -0.262748D+04
  276.0377  0.328475D+00  0.324761D+00  0.125879D+04
  276.3775  0.349524D+00  0.351451D+00 -0.556754D+03
  276.7167  0.360103D+00  0.358863D+00  0.340622D+03
  277.0554  0.358679D+00  0.357708D+00  0.266932D+03
   21 272.261 279.077 275.669  7.573D-03  0.000D+00  9.921D-01  1.239D+03 10300  9.342D-03
  272.2607  0.252464D+00  0.247774D+00  0.187952D+04
  272.6074  0.286568D+00  0.288313D+00 -0.667287D+03
  272.9533  0.340606D+00  0.342081D+00 -0.452941D+03
  273.2986  0.323610D+00  0.332615D+00 -0.318090D+04
  273.6432  0.263523D+00  0.263978D+00 -0.177696D+03
  273.9871  0.215378D+00  0.209864D+00  0.231958D+04
  274.3304  0.188781D+00  0.184711D+00  0.186377D+04
  274.6730  0.181136D+00  0.180961D+00  0.801432D+02
  275.0151  0.198321D+00  0.197666D+00  0.292192D+03
  275.3565  0.237802D+00  0.234651D+00  0.125732D+04
  275.6974  0.262717D+00  0.265806D+00 -0.119148D+04
  276.0377  0.328475D+00  0.325784D+00  0.911917D+03
  276.3775  0.349524D+00  0.352985D+00 -0.999822D+03
  276.7167  0.360103D+00  0.362937D+00 -0.778794D+03
  277.0554  0.358679D+00  0.363379D+00 -0.129122D+04
  277.3936  0.367941D+00  0.365537D+00  0.660469D+03
  277.7313  0.321919D+00  0.319385D+00  0.824082D+03
  278.0685  0.261681D+00  0.262946D+00 -0.449943D+03
  278.4052  0.245287D+00  0.244530D+00  0.278577D+03
  278.7415  0.223865D+00  0.222765D+00  0.431514D+03
  279.0773  0.170242D+00  0.171969D+00 -0.537083D+03
   21 274.330 281.083 277.707  1.841D-02  0.000D+00  9.918D-01  8.139D+02 10300  1.186D-02
  274.3304  0.188781D+00  0.188145D+00  0.291431D+03
  274.6730  0.181136D+00  0.182932D+00 -0.822585D+03
  275.0151  0.198321D+00  0.198370D+00 -0.217139D+02
  275.3565  0.237802D+00  0.234352D+00  0.137637D+04
  275.6974  0.262717D+00  0.265351D+00 -0.101583D+04
  276.0377  0.328475D+00  0.324404D+00  0.137946D+04
  276.3775  0.349524D+00  0.352587D+00 -0.885054D+03
  276.7167  0.360103D+00  0.362958D+00 -0.784661D+03
  277.0554  0.358679D+00  0.362607D+00 -0.107909D+04
  277.3936  0.367941D+00  0.366150D+00  0.491891D+03
  277.7313  0.321919D+00  0.320589D+00  0.432549D+03
  278.0685  0.261681D+00  0.261377D+00  0.107845D+03
  278.4052  0.245287D+00  0.242797D+00  0.916041D+03
  278.7415  0.223865D+00  0.222333D+00  0.601106D+03
  279.0773  0.170242D+00  0.170252D+00 -0.315768D+01
  279.4127  0.122862D+00  0.124849D+00 -0.651220D+03
  279.7477  0.104254D+00  0.108115D+00 -0.135351D+04
  280.0822  0.104074D+00  0.106285D+00 -0.776645D+03
  280.4164  0.117406D+00  0.120072D+00 -0.934386D+03
  280.7501  0.166274D+00  0.165513D+00  0.244240D+03
  281.0835  0.229909D+00  0.228055D+00  0.569798D+03
   21 276.377 283.076 279.727  9.212D-03  0.000D+00  1.014D+00  6.647D+02 10300  7.574D-03
  276.3775  0.349524D+00  0.348669D+00  0.247068D+03
  276.7167  0.360103D+00  0.360849D+00 -0.205123D+03
  277.0554  0.358679D+00  0.361575D+00 -0.795701D+03
  277.3936  0.367941D+00  0.367256D+00  0.188124D+03
  277.7313  0.321919D+00  0.320182D+00  0.564877D+03
  278.0685  0.261681D+00  0.261539D+00  0.504108D+02
  278.4052  0.245287D+00  0.244271D+00  0.373642D+03
  278.7415  0.223865D+00  0.222773D+00  0.428477D+03
  279.0773  0.170242D+00  0.169893D+00  0.108574D+03
  279.4127  0.122862D+00  0.125063D+00 -0.721219D+03
  279.7477  0.104254D+00  0.108444D+00 -0.146857D+04
  280.0822  0.104074D+00  0.106746D+00 -0.938813D+03
  280.4164  0.117406D+00  0.121272D+00 -0.135487D+04
  280.7501  0.166274D+00  0.166579D+00 -0.981958D+02
  281.0835  0.229909D+00  0.227421D+00  0.764577D+03
  281.4164  0.294827D+00  0.291292D+00  0.100019D+04
  281.7490  0.357355D+00  0.356802D+00  0.151779D+03
  282.0813  0.401865D+00  0.404216D+00 -0.645897D+03
  282.4132  0.429687D+00  0.429601D+00  0.236658D+02
  282.7448  0.447604D+00  0.445664D+00  0.533066D+03
  283.0759  0.477187D+00  0.478526D+00 -0.368089D+03
   21 278.405 285.056 281.731 -9.545D-03  0.000D+00  1.001D+00  9.761D+02 10300  1.047D-02
  278.4052  0.245287D+00  0.245717D+00 -0.158291D+03
  278.7415  0.223865D+00  0.222907D+00  0.375992D+03
  279.0773  0.170242D+00  0.167391D+00  0.886674D+03
  279.4127  0.122862D+00  0.123256D+00 -0.129076D+03
  279.7477  0.104254D+00  0.107970D+00 -0.130267D+04
  280.0822  0.104074D+00  0.106620D+00 -0.894522D+03
  280.4164  0.117406D+00  0.121606D+00 -0.147188D+04
  280.7501  0.166274D+00  0.168568D+00 -0.737240D+03
  281.0835  0.229909D+00  0.228718D+00  0.366183D+03
  281.4164  0.294827D+00  0.291972D+00  0.807622D+03
  281.7490  0.357355D+00  0.356213D+00  0.313508D+03
  282.0813  0.401865D+00  0.401991D+00 -0.345711D+02
  282.4132  0.429687D+00  0.426036D+00  0.100318D+04
  282.7448  0.447604D+00  0.442671D+00  0.135518D+04
  283.0759  0.477187D+00  0.479148D+00 -0.538864D+03
  283.4068  0.466615D+00  0.477049D+00 -0.286682D+04
  283.7374  0.458001D+00  0.458168D+00 -0.459823D+02
  284.0676  0.453498D+00  0.449632D+00  0.106231D+04
  284.3976  0.401681D+00  0.399826D+00  0.509664D+03
  284.7272  0.308476D+00  0.307860D+00  0.176405D+03
  285.0565  0.185795D+00  0.187063D+00 -0.417205D+03
   21 280.416 287.026 283.721 -1.295D-03  0.000D+00  9.941D-01  9.834D+02 10000  4.899D-03
  280.4164  0.117406D+00  0.121712D+00 -0.150912D+04
  280.7501  0.166274D+00  0.167858D+00 -0.509158D+03
  281.0835  0.229909D+00  0.228091D+00  0.558588D+03
  281.4164  0.294827D+00  0.291137D+00  0.104394D+04
  281.7490  0.357355D+00  0.355917D+00  0.394914D+03
  282.0813  0.401865D+00  0.402381D+00 -0.141824D+03
  282.4132  0.429687D+00  0.427167D+00  0.692446D+03
  282.7448  0.447604D+00  0.443495D+00  0.112899D+04
  283.0759  0.477187D+00  0.479894D+00 -0.743978D+03
  283.4068  0.466615D+00  0.478706D+00 -0.332203D+04
  283.7374  0.458001D+00  0.458300D+00 -0.820708D+02
  284.0676  0.453498D+00  0.449088D+00  0.121174D+04
  284.3976  0.401681D+00  0.398724D+00  0.812290D+03
  284.7272  0.308476D+00  0.306933D+00  0.441800D+03
  285.0565  0.185795D+00  0.185802D+00 -0.213310D+01
  285.3855  0.154481D+00  0.154982D+00 -0.175769D+03
  285.7142  0.261936D+00  0.262517D+00 -0.178300D+03
  286.0426  0.409354D+00  0.408830D+00  0.144022D+03
  286.3708  0.497480D+00  0.495546D+00  0.531520D+03
  286.6986  0.510065D+00  0.511298D+00 -0.338658D+03
  287.0262  0.534279D+00  0.534992D+00 -0.195960D+03
   21 282.413 288.986 285.699 -1.181D-03  0.000D+00  9.937D-01  9.108D+02 10340  3.423D-03
  282.4132  0.429687D+00  0.427837D+00  0.508381D+03
  282.7448  0.447604D+00  0.442853D+00  0.130536D+04
  283.0759  0.477187D+00  0.480006D+00 -0.774812D+03
  283.4068  0.466615D+00  0.478191D+00 -0.318072D+04
  283.7374  0.458001D+00  0.456929D+00  0.294609D+03
  284.0676  0.453498D+00  0.448865D+00  0.127301D+04
  284.3976  0.401681D+00  0.398431D+00  0.892743D+03
  284.7272  0.308476D+00  0.307124D+00  0.387221D+03
  285.0565  0.185795D+00  0.184199D+00  0.525504D+03
  285.3855  0.154481D+00  0.152630D+00  0.648940D+03
  285.7142  0.261936D+00  0.261897D+00  0.118722D+02
  286.0426  0.409354D+00  0.409979D+00 -0.171576D+03
  286.3708  0.497480D+00  0.497129D+00  0.966039D+02
  286.6986  0.510065D+00  0.511884D+00 -0.499615D+03
  287.0262  0.534279D+00  0.535560D+00 -0.351760D+03
  287.3535  0.568644D+00  0.568282D+00  0.993560D+02
  287.6805  0.509671D+00  0.509155D+00  0.141720D+03
  288.0072  0.394151D+00  0.395712D+00 -0.429038D+03
  288.3337  0.390953D+00  0.391940D+00 -0.271215D+03
  288.6599  0.544708D+00  0.541825D+00  0.792127D+03
  288.9858  0.598661D+00  0.599568D+00 -0.249213D+03
   21 284.398 290.936 287.667  1.160D-03  0.000D+00  9.961D-01  5.334D+02 10340  1.958D-03
  284.3976  0.401681D+00  0.399930D+00  0.481015D+03
  284.7272  0.308476D+00  0.309003D+00 -0.150627D+03
  285.0565  0.185795D+00  0.186630D+00 -0.274473D+03
  285.3855  0.154481D+00  0.154062D+00  0.146674D+03
  285.7142  0.261936D+00  0.262254D+00 -0.977171D+02
  286.0426  0.409354D+00  0.410420D+00 -0.292719D+03
  286.3708  0.497480D+00  0.498000D+00 -0.142660D+03
  286.6986  0.510065D+00  0.512561D+00 -0.685581D+03
  287.0262  0.534279D+00  0.535040D+00 -0.209143D+03
  287.3535  0.568644D+00  0.567972D+00  0.184426D+03
  287.6805  0.509671D+00  0.508795D+00  0.240829D+03
  288.0072  0.394151D+00  0.394228D+00 -0.210856D+02
  288.3337  0.390953D+00  0.387475D+00  0.955492D+03
  288.6599  0.544708D+00  0.540350D+00  0.119730D+04
  288.9858  0.598661D+00  0.597367D+00  0.355345D+03
  289.3114  0.631918D+00  0.630831D+00  0.298654D+03
  289.6368  0.730462D+00  0.732572D+00 -0.579748D+03
  289.9619  0.849103D+00  0.853333D+00 -0.116227D+04
  290.2867  0.926047D+00  0.926763D+00 -0.194915D+03
  290.6112  0.930668D+00  0.931244D+00 -0.158189D+03
  290.9355  0.885423D+00  0.882629D+00  0.767796D+03
   21 286.371 292.875 289.623  3.319D-03  0.000D+00  9.945D-01  1.216D+03 10300  5.519D-03
  286.3708  0.497480D+00  0.500103D+00 -0.720443D+03
  286.6986  0.510065D+00  0.512256D+00 -0.601870D+03
  287.0262  0.534279D+00  0.533033D+00  0.342306D+03
  287.3535  0.568644D+00  0.567210D+00  0.393811D+03
  287.6805  0.509671D+00  0.507990D+00  0.461930D+03
  288.0072  0.394151D+00  0.393084D+00  0.293068D+03
  288.3337  0.390953D+00  0.384964D+00  0.164549D+04
  288.6599  0.544708D+00  0.539115D+00  0.153671D+04
  288.9858  0.598661D+00  0.597300D+00  0.373901D+03
  289.3114  0.631918D+00  0.631551D+00  0.100658D+03
  289.6368  0.730462D+00  0.733938D+00 -0.955047D+03
  289.9619  0.849103D+00  0.855863D+00 -0.185744D+04
  290.2867  0.926047D+00  0.930598D+00 -0.124002D+04
  290.6112  0.930668D+00  0.935737D+00 -0.139107D+04
  290.9355  0.885423D+00  0.888008D+00 -0.710119D+03
  291.2595  0.900025D+00  0.890153D+00  0.271253D+04
  291.5832  0.877413D+00  0.868002D+00  0.258588D+04
  291.9066  0.841636D+00  0.839826D+00  0.497353D+03
  292.2297  0.821260D+00  0.823257D+00 -0.548582D+03
  292.5526  0.739329D+00  0.743489D+00 -0.114306D+04
  292.8751  0.737220D+00  0.738594D+00 -0.377362D+03
   21 288.334 294.804 291.569  7.930D-03  0.000D+00  9.935D-01  1.309D+03 10000  6.448D-03
  288.3337  0.390953D+00  0.384792D+00  0.169287D+04
  288.6599  0.544708D+00  0.544419D+00  0.792622D+02
  288.9858  0.598661D+00  0.600715D+00 -0.564457D+03
  289.3114  0.631918D+00  0.631401D+00  0.141849D+03
  289.6368  0.730462D+00  0.732510D+00 -0.562688D+03
  289.9619  0.849103D+00  0.854291D+00 -0.142546D+04
  290.2867  0.926047D+00  0.928774D+00 -0.743118D+03
  290.6112  0.930668D+00  0.934536D+00 -0.106159D+04
  290.9355  0.885423D+00  0.884407D+00  0.279174D+03
  291.2595  0.900025D+00  0.888063D+00  0.328691D+04
  291.5832  0.877413D+00  0.867178D+00  0.281217D+04
  291.9066  0.841636D+00  0.839269D+00  0.650406D+03
  292.2297  0.821260D+00  0.827285D+00 -0.165533D+04
  292.5526  0.739329D+00  0.747357D+00 -0.220561D+04
  292.8751  0.737220D+00  0.741820D+00 -0.126367D+04
  293.1974  0.867157D+00  0.867869D+00 -0.195736D+03
  293.5193  0.866444D+00  0.865343D+00  0.302614D+03
  293.8409  0.736953D+00  0.736613D+00  0.932565D+02
  294.1622  0.758383D+00  0.757659D+00  0.198929D+03
  294.4833  0.812840D+00  0.811500D+00  0.368210D+03
  294.8039  0.744516D+00  0.744532D+00 -0.332009D+01
   21 290.287 296.721 293.504  5.741D-03  0.000D+00  9.927D-01  1.197D+03 10300  5.387D-03
  290.2867  0.926047D+00  0.928370D+00 -0.632888D+03
  290.6112  0.930668D+00  0.934928D+00 -0.116901D+04
  290.9355  0.885423D+00  0.885557D+00 -0.366269D+02
  291.2595  0.900025D+00  0.889876D+00  0.278873D+04
  291.5832  0.877413D+00  0.868501D+00  0.244873D+04
  291.9066  0.841636D+00  0.840640D+00  0.273536D+03
  292.2297  0.821260D+00  0.827900D+00 -0.182435D+04
  292.5526  0.739329D+00  0.747294D+00 -0.218836D+04
  292.8751  0.737220D+00  0.742436D+00 -0.143315D+04
  293.1974  0.867157D+00  0.868304D+00 -0.315248D+03
  293.5193  0.866444D+00  0.864071D+00  0.652254D+03
  293.8409  0.736953D+00  0.735795D+00  0.318176D+03
  294.1622  0.758383D+00  0.758220D+00  0.446955D+02
  294.4833  0.812840D+00  0.812337D+00  0.138197D+03
  294.8039  0.744516D+00  0.745965D+00 -0.305554D+03
  295.1243  0.771971D+00  0.772182D+00 -0.578137D+02
  295.4443  0.846609D+00  0.841543D+00  0.139201D+04
  295.7639  0.858400D+00  0.858023D+00  0.103635D+03
  296.0832  0.904853D+00  0.906710D+00 -0.510098D+03
  296.4022  0.851115D+00  0.848879D+00  0.614357D+03
  296.7208  0.650722D+00  0.654341D+00 -0.994401D+03
   21 292.230 298.624 295.427  1.090D-02  0.000D+00  9.876D-01  7.533D+02   300  1.972D-03
  292.2297  0.821260D+00  0.817258D+00  0.109952D+04
  292.5526  0.739329D+00  0.742207D+00 -0.790660D+03
  292.8751  0.737220D+00  0.737927D+00 -0.194060D+03
  293.1974  0.867157D+00  0.867313D+00 -0.429536D+02
  293.5193  0.866444D+00  0.868426D+00 -0.544520D+03
  293.8409  0.736953D+00  0.738033D+00 -0.296863D+03
  294.1622  0.758383D+00  0.759021D+00 -0.175450D+03
  294.4833  0.812840D+00  0.814943D+00 -0.577828D+03
  294.8039  0.744516D+00  0.747571D+00 -0.644009D+03
  295.1243  0.771971D+00  0.770116D+00  0.509897D+03
  295.4443  0.846609D+00  0.840572D+00  0.165884D+04
  295.7639  0.858400D+00  0.854985D+00  0.938400D+03
  296.0832  0.904853D+00  0.903834D+00  0.280045D+03
  296.4022  0.851115D+00  0.849894D+00  0.335419D+03
  296.7208  0.650722D+00  0.653775D+00 -0.839031D+03
  297.0389  0.627136D+00  0.628091D+00 -0.262376D+03
  297.3568  0.725355D+00  0.730220D+00 -0.133687D+04
  297.6742  0.919528D+00  0.922300D+00 -0.761512D+03
  297.9912  0.896383D+00  0.895793D+00  0.162272D+03
  298.3078  0.644015D+00  0.644072D+00 -0.156932D+02
  298.6240  0.581903D+00  0.577259D+00  0.127615D+04
   21 294.162 300.511 297.337  6.069D-03  0.000D+00  1.012D+00  4.540D+03 10300  1.117D-02
  294.1622  0.758383D+00  0.774025D+00 -0.429785D+04
  294.4833  0.812840D+00  0.817552D+00 -0.129445D+04
  294.8039  0.744516D+00  0.738918D+00  0.118032D+04
  295.1243  0.771971D+00  0.761106D+00  0.298546D+04
  295.4443  0.846609D+00  0.829293D+00  0.475786D+04
  295.7639  0.858400D+00  0.845397D+00  0.357279D+04
  296.0832  0.904853D+00  0.899283D+00  0.153038D+04
  296.4022  0.851115D+00  0.849057D+00  0.565488D+03
  296.7208  0.650722D+00  0.655034D+00 -0.118478D+04
  297.0389  0.627136D+00  0.637217D+00 -0.277010D+04
  297.3568  0.725355D+00  0.746094D+00 -0.569838D+04
  297.6742  0.919528D+00  0.945060D+00 -0.701516D+04
  297.9912  0.896383D+00  0.911355D+00 -0.411356D+04
  298.3078  0.644015D+00  0.651196D+00 -0.197316D+04
  298.6240  0.581903D+00  0.582684D+00 -0.214645D+03
  298.9397  0.769898D+00  0.748914D+00  0.576546D+04
  299.2549  0.848923D+00  0.805650D+00  0.118898D+05
  299.5698  0.775494D+00  0.754453D+00  0.578129D+04
  299.8841  0.735945D+00  0.743861D+00 -0.217495D+04
  300.1980  0.577287D+00  0.595860D+00 -0.510313D+04
  300.5114  0.631422D+00  0.644951D+00 -0.371741D+04
   21 296.083 302.380 299.232  7.440D-03  0.000D+00  1.007D+00  6.931D+03 10000  1.554D-02
  296.0832  0.904853D+00  0.880512D+00  0.668794D+04
  296.4022  0.851115D+00  0.845624D+00  0.150867D+04
  296.7208  0.650722D+00  0.662979D+00 -0.336777D+04
  297.0389  0.627136D+00  0.644847D+00 -0.486644D+04
  297.3568  0.725355D+00  0.753868D+00 -0.783422D+04
  297.6742  0.919528D+00  0.948078D+00 -0.784424D+04
  297.9912  0.896383D+00  0.910218D+00 -0.380121D+04
  298.3078  0.644015D+00  0.647458D+00 -0.946203D+03
  298.6240  0.581903D+00  0.573856D+00  0.221114D+04
  298.9397  0.769898D+00  0.732488D+00  0.102788D+05
  299.2549  0.848923D+00  0.786834D+00  0.170597D+05
  299.5698  0.775494D+00  0.736362D+00  0.107518D+05
  299.8841  0.735945D+00  0.732394D+00  0.975673D+03
  300.1980  0.577287D+00  0.590999D+00 -0.376751D+04
  300.5114  0.631422D+00  0.654642D+00 -0.638002D+04
  300.8242  0.686483D+00  0.717668D+00 -0.856832D+04
  301.1365  0.755757D+00  0.780279D+00 -0.673770D+04
  301.4484  0.811993D+00  0.828897D+00 -0.464437D+04
  301.7596  0.705613D+00  0.710890D+00 -0.144976D+04
  302.0703  0.576526D+00  0.557918D+00  0.511277D+04
  302.3804  0.704932D+00  0.679997D+00  0.685132D+04
   21 297.991 304.228 301.110 -1.662D-02  0.000D+00  9.683D-01  6.481D+03 10300  1.790D-02
  297.9912  0.896383D+00  0.915503D+00 -0.525341D+04
  298.3078  0.644015D+00  0.650259D+00 -0.171574D+04
  298.6240  0.581903D+00  0.595205D+00 -0.365493D+04
  298.9397  0.769898D+00  0.753896D+00  0.439659D+04
  299.2549  0.848923D+00  0.789851D+00  0.162305D+05
  299.5698  0.775494D+00  0.747713D+00  0.763301D+04
  299.8841  0.735945D+00  0.726997D+00  0.245859D+04
  300.1980  0.577287D+00  0.596476D+00 -0.527248D+04
  300.5114  0.631422D+00  0.667427D+00 -0.989290D+04
  300.8242  0.686483D+00  0.724661D+00 -0.104898D+05
  301.1365  0.755757D+00  0.790331D+00 -0.949965D+04
  301.4484  0.811993D+00  0.825334D+00 -0.366539D+04
  301.7596  0.705613D+00  0.693964D+00  0.320085D+04
  302.0703  0.576526D+00  0.559575D+00  0.465742D+04
  302.3804  0.704932D+00  0.687725D+00  0.472789D+04
  302.6900  0.882613D+00  0.857933D+00  0.643453D+04
  302.9989  0.100588D+01  0.974595D+00  0.497867D+04
  303.3071  0.105449D+01  0.104660D+01  0.120354D+04
  303.6148  0.102522D+01  0.102737D+01 -0.336163D+03
  303.9218  0.915536D+00  0.922987D+00 -0.149732D+04
  304.2281  0.933559D+00  0.963143D+00 -0.524768D+04
   21 299.884 306.051 302.967 -9.118D-03  0.000D+00  1.002D+00  2.961D+03 10300  9.707D-03
  299.8841  0.735945D+00  0.717639D+00  0.502954D+04
  300.1980  0.577287D+00  0.576229D+00  0.290562D+03
  300.5114  0.631422D+00  0.645401D+00 -0.384101D+04
  300.8242  0.686483D+00  0.703241D+00 -0.460453D+04
  301.1365  0.755757D+00  0.770979D+00 -0.418232D+04
  301.4484  0.811993D+00  0.815903D+00 -0.107431D+04
  301.7596  0.705613D+00  0.695539D+00  0.276812D+04
  302.0703  0.576526D+00  0.561261D+00  0.419439D+04
  302.3804  0.704932D+00  0.691583D+00  0.366777D+04
  302.6900  0.882613D+00  0.869621D+00  0.338735D+04
  302.9989  0.100588D+01  0.992406D+00  0.214378D+04
  303.3071  0.105449D+01  0.106400D+01 -0.144774D+04
  303.6148  0.102522D+01  0.104086D+01 -0.244322D+04
  303.9218  0.915536D+00  0.925659D+00 -0.203408D+04
  304.2281  0.933559D+00  0.943008D+00 -0.167616D+04
  304.5337  0.100401D+01  0.101299D+01 -0.139283D+04
  304.8386  0.101012D+01  0.997564D+00  0.190992D+04
  305.1428  0.107190D+01  0.107144D+01  0.642975D+02
  305.4462  0.101132D+01  0.103374D+01 -0.333178D+04
  305.7489  0.823649D+00  0.828413D+00 -0.926212D+03
  306.0508  0.822437D+00  0.798112D+00  0.410033D+04
   21 301.760 307.844 304.802 -1.704D-02  0.000D+00  1.020D+00  1.536D+03 10300  5.926D-03
  301.7596  0.705613D+00  0.700887D+00  0.129869D+04
  302.0703  0.576526D+00  0.576915D+00 -0.106897D+03
  302.3804  0.704932D+00  0.708847D+00 -0.107564D+04
  302.6900  0.882613D+00  0.885304D+00 -0.701542D+03
  302.9989  0.100588D+01  0.100209D+01  0.603047D+03
  303.3071  0.105449D+01  0.106644D+01 -0.182087D+04
  303.6148  0.102522D+01  0.103190D+01 -0.104354D+04
  303.9218  0.915536D+00  0.913462D+00  0.416636D+03
  304.2281  0.933559D+00  0.929767D+00  0.672581D+03
  304.5337  0.100401D+01  0.995622D+00  0.130108D+04
  304.8386  0.101012D+01  0.979466D+00  0.466207D+04
  305.1428  0.107190D+01  0.106106D+01  0.152707D+04
  305.4462  0.101132D+01  0.102798D+01 -0.247542D+04
  305.7489  0.823649D+00  0.832077D+00 -0.163828D+04
  306.0508  0.822437D+00  0.827721D+00 -0.890718D+03
  306.3518  0.911982D+00  0.924218D+00 -0.171142D+04
  306.6521  0.876539D+00  0.881158D+00 -0.634537D+03
  306.9514  0.943075D+00  0.940127D+00  0.405072D+03
  307.2500  0.102450D+01  0.101637D+01  0.111635D+04
  307.5477  0.101037D+01  0.100550D+01  0.668669D+03
  307.8444  0.100854D+01  0.101435D+01 -0.477248D+03
   21 312.050 315.198 313.624  6.548D-03  0.000D+00  9.988D-01  4.272D+02 10300  2.294D-03
  312.0504  0.962854D+00  0.961828D+00  0.995799D+02
  312.2084  0.981066D+00  0.978583D+00  0.238998D+03
  312.3665  0.105376D+01  0.105684D+01 -0.272898D+03
  312.5244  0.109230D+01  0.110088D+01 -0.720354D+03
  312.6823  0.109570D+01  0.108829D+01  0.617489D+03
  312.8401  0.109914D+01  0.110313D+01 -0.331242D+03
  312.9978  0.112548D+01  0.112248D+01  0.245966D+03
  313.1555  0.111438D+01  0.111026D+01  0.338143D+03
  313.3130  0.108468D+01  0.108396D+01  0.599304D+02
  313.4705  0.107987D+01  0.107891D+01  0.787861D+02
  313.6279  0.112782D+01  0.113050D+01 -0.218134D+03
  313.7853  0.123213D+01  0.123067D+01  0.115088D+03
  313.9425  0.130989D+01  0.131568D+01 -0.450274D+03
  314.0997  0.132139D+01  0.131414D+01  0.552626D+03
  314.2568  0.117356D+01  0.118593D+01 -0.877170D+03
  314.4139  0.954895D+00  0.952780D+00  0.190840D+03
  314.5708  0.847221D+00  0.841692D+00  0.537061D+03
  314.7277  0.945594D+00  0.951956D+00 -0.571438D+03
  314.8845  0.112554D+01  0.111726D+01  0.657068D+03
  315.0412  0.121269D+01  0.121616D+01 -0.271739D+03
  315.1979  0.123547D+01  0.123569D+01 -0.170879D+02
   21 312.998 316.136 314.567  4.549D-03  0.000D+00  1.003D+00  3.735D+02 10300  1.707D-03
  312.9978  0.112548D+01  0.112643D+01 -0.772271D+02
  313.1555  0.111438D+01  0.111196D+01  0.198411D+03
  313.3130  0.108468D+01  0.108447D+01  0.172568D+02
  313.4705  0.107987D+01  0.107950D+01  0.304105D+02
  313.6279  0.112782D+01  0.113170D+01 -0.316276D+03
  313.7853  0.123213D+01  0.123153D+01  0.470304D+02
  313.9425  0.130989D+01  0.131476D+01 -0.378862D+03
  314.0997  0.132139D+01  0.131117D+01  0.779138D+03
  314.2568  0.117356D+01  0.118094D+01 -0.523711D+03
  314.4139  0.954895D+00  0.952489D+00  0.217074D+03
  314.5708  0.847221D+00  0.846675D+00  0.530370D+02
  314.7277  0.945594D+00  0.954468D+00 -0.797028D+03
  314.8845  0.112554D+01  0.111619D+01  0.741740D+03
  315.0412  0.121269D+01  0.121251D+01  0.140843D+02
  315.1979  0.123547D+01  0.123122D+01  0.330185D+03
  315.3544  0.121487D+01  0.121800D+01 -0.242562D+03
  315.5109  0.116786D+01  0.116706D+01  0.628514D+02
  315.6674  0.103602D+01  0.104121D+01 -0.438820D+03
  315.8237  0.867510D+00  0.865895D+00  0.154366D+03
  315.9800  0.758044D+00  0.760380D+00 -0.226931D+03
  316.1362  0.789530D+00  0.786607D+00  0.283954D+03
   21 313.943 317.072 315.507  3.721D-03  0.000D+00  1.003D+00  4.302D+02 10340  1.926D-03
  313.9425  0.130989D+01  0.131429D+01 -0.342336D+03
  314.0997  0.132139D+01  0.131137D+01  0.764144D+03
  314.2568  0.117356D+01  0.118094D+01 -0.523558D+03
  314.4139  0.954895D+00  0.952302D+00  0.233980D+03
  314.5708  0.847221D+00  0.847408D+00 -0.181839D+02
  314.7277  0.945594D+00  0.955871D+00 -0.923072D+03
  314.8845  0.112554D+01  0.111720D+01  0.661801D+03
  315.0412  0.121269D+01  0.121262D+01  0.527168D+01
  315.1979  0.123547D+01  0.123067D+01  0.373271D+03
  315.3544  0.121487D+01  0.121721D+01 -0.181867D+03
  315.5109  0.116786D+01  0.116621D+01  0.130043D+03
  315.6674  0.103602D+01  0.104051D+01 -0.380261D+03
  315.8237  0.867510D+00  0.866078D+00  0.136847D+03
  315.9800  0.758044D+00  0.762341D+00 -0.417381D+03
  316.1362  0.789530D+00  0.790988D+00 -0.141594D+03
  316.2924  0.914426D+00  0.909354D+00  0.471029D+03
  316.4484  0.102463D+01  0.102722D+01 -0.213844D+03
  316.6044  0.109771D+01  0.108893D+01  0.705445D+03
  316.7603  0.112639D+01  0.113247D+01 -0.482696D+03
  316.9161  0.119300D+01  0.119457D+01 -0.121415D+03
  317.0718  0.131500D+01  0.131392D+01  0.840963D+02
   21 314.884 318.005 316.445  2.355D-03  0.000D+00  1.002D+00  3.281D+02 10340  2.501D-03
  314.8845  0.112554D+01  0.112404D+01  0.118889D+03
  315.0412  0.121269D+01  0.121660D+01 -0.305814D+03
  315.1979  0.123547D+01  0.123223D+01  0.251935D+03
  315.3544  0.121487D+01  0.121727D+01 -0.185969D+03
  315.5109  0.116786D+01  0.116498D+01  0.227636D+03
  315.6674  0.103602D+01  0.103827D+01 -0.190120D+03
  315.8237  0.867510D+00  0.863971D+00  0.338316D+03
  315.9800  0.758044D+00  0.761535D+00 -0.339093D+03
  316.1362  0.789530D+00  0.791387D+00 -0.180339D+03
  316.2924  0.914426D+00  0.910302D+00  0.382978D+03
  316.4484  0.102463D+01  0.102792D+01 -0.270879D+03
  316.6044  0.109771D+01  0.108937D+01  0.670445D+03
  316.7603  0.112639D+01  0.113284D+01 -0.512432D+03
  316.9161  0.119300D+01  0.119487D+01 -0.144983D+03
  317.0718  0.131500D+01  0.131376D+01  0.966066D+02
  317.2275  0.143349D+01  0.143890D+01 -0.408663D+03
  317.3831  0.146904D+01  0.146851D+01  0.387344D+02
  317.5387  0.144797D+01  0.143889D+01  0.677221D+03
  317.6941  0.139346D+01  0.139403D+01 -0.432469D+02
  317.8495  0.124296D+01  0.124724D+01 -0.332970D+03
  318.0048  0.102903D+01  0.102833D+01  0.570197D+02
   21 315.824 318.935 317.379  3.708D-03  0.000D+00  1.005D+00  3.690D+02 10340  2.265D-03
  315.8237  0.867510D+00  0.864416D+00  0.295764D+03
  315.9800  0.758044D+00  0.761923D+00 -0.376744D+03
  316.1362  0.789530D+00  0.791360D+00 -0.177727D+03
  316.2924  0.914426D+00  0.910377D+00  0.376017D+03
  316.4484  0.102463D+01  0.102874D+01 -0.339072D+03
  316.6044  0.109771D+01  0.109063D+01  0.569151D+03
  316.7603  0.112639D+01  0.113386D+01 -0.593267D+03
  316.9161  0.119300D+01  0.119515D+01 -0.166848D+03
  317.0718  0.131500D+01  0.131296D+01  0.158350D+03
  317.2275  0.143349D+01  0.143781D+01 -0.326356D+03
  317.3831  0.146904D+01  0.146742D+01  0.118781D+03
  317.5387  0.144797D+01  0.143710D+01  0.810299D+03
  317.6941  0.139346D+01  0.139202D+01  0.110262D+03
  317.8495  0.124296D+01  0.124613D+01 -0.246650D+03
  318.0048  0.102903D+01  0.102725D+01  0.145360D+03
  318.1600  0.897727D+00  0.906247D+00 -0.778659D+03
  318.3152  0.920698D+00  0.921975D+00 -0.111955D+03
  318.4703  0.101182D+01  0.100899D+01  0.231181D+03
  318.6253  0.111014D+01  0.111191D+01 -0.140199D+03
  318.7802  0.121718D+01  0.121432D+01  0.221920D+03
  318.9351  0.130088D+01  0.130105D+01 -0.133181D+02
   21 316.760 319.863 318.312  7.354D-04  0.000D+00  1.006D+00  4.350D+02 10300  2.241D-03
  316.7603  0.112639D+01  0.112622D+01  0.133454D+02
  316.9161  0.119300D+01  0.119185D+01  0.895662D+02
  317.0718  0.131500D+01  0.131367D+01  0.103099D+03
  317.2275  0.143349D+01  0.143995D+01 -0.488028D+03
  317.3831  0.146904D+01  0.146948D+01 -0.317872D+02
  317.5387  0.144797D+01  0.143981D+01  0.608046D+03
  317.6941  0.139346D+01  0.139400D+01 -0.410885D+02
  317.8495  0.124296D+01  0.124497D+01 -0.156199D+03
  318.0048  0.102903D+01  0.102527D+01  0.307099D+03
  318.1600  0.897727D+00  0.906118D+00 -0.766914D+03
  318.3152  0.920698D+00  0.922938D+00 -0.196432D+03
  318.4703  0.101182D+01  0.100943D+01  0.195333D+03
  318.6253  0.111014D+01  0.111076D+01 -0.495268D+02
  318.7802  0.121718D+01  0.121135D+01  0.453251D+03
  318.9351  0.130088D+01  0.129501D+01  0.455968D+03
  319.0899  0.124857D+01  0.125441D+01 -0.452480D+03
  319.2446  0.109039D+01  0.108500D+01  0.426472D+03
  319.3993  0.997692D+00  0.100098D+01 -0.266755D+03
  319.5538  0.105242D+01  0.106634D+01 -0.110829D+04
  319.7083  0.118307D+01  0.117438D+01  0.675045D+03
  319.8628  0.128855D+01  0.128762D+01  0.628361D+02
   21 317.694 320.788 319.241  3.316D-04  0.000D+00  1.003D+00  4.313D+02 10300  2.428D-03
  317.6941  0.139346D+01  0.139392D+01 -0.350245D+02
  317.8495  0.124296D+01  0.124320D+01 -0.188120D+02
  318.0048  0.102903D+01  0.102316D+01  0.480302D+03
  318.1600  0.897727D+00  0.904530D+00 -0.621736D+03
  318.3152  0.920698D+00  0.921921D+00 -0.107228D+03
  318.4703  0.101182D+01  0.100896D+01  0.233710D+03
  318.6253  0.111014D+01  0.111095D+01 -0.643359D+02
  318.7802  0.121718D+01  0.121234D+01  0.376394D+03
  318.9351  0.130088D+01  0.129661D+01  0.331538D+03
  319.0899  0.124857D+01  0.125593D+01 -0.570352D+03
  319.2446  0.109039D+01  0.108624D+01  0.328580D+03
  319.3993  0.997692D+00  0.100212D+01 -0.359246D+03
  319.5538  0.105242D+01  0.106673D+01 -0.113961D+04
  319.7083  0.118307D+01  0.117290D+01  0.790014D+03
  319.8628  0.128855D+01  0.128285D+01  0.385175D+03
  320.0172  0.134337D+01  0.134229D+01  0.838351D+02
  320.1714  0.135961D+01  0.135609D+01  0.267327D+03
  320.3257  0.139663D+01  0.140240D+01 -0.419490D+03
  320.4798  0.146445D+01  0.146730D+01 -0.197617D+03
  320.6339  0.149364D+01  0.149080D+01  0.195107D+03
  320.7878  0.143144D+01  0.143166D+01 -0.163757D+02
   21 318.625 321.710 320.168 -4.781D-05  0.000D+00  1.001D+00  4.048D+02 10300  2.242D-03
  318.6253  0.111014D+01  0.111215D+01 -0.159010D+03
  318.7802  0.121718D+01  0.121329D+01  0.302148D+03
  318.9351  0.130088D+01  0.129713D+01  0.291109D+03
  319.0899  0.124857D+01  0.125571D+01 -0.553319D+03
  319.2446  0.109039D+01  0.108573D+01  0.368437D+03
  319.3993  0.997692D+00  0.100188D+01 -0.340398D+03
  319.5538  0.105242D+01  0.106656D+01 -0.112597D+04
  319.7083  0.118307D+01  0.117263D+01  0.810988D+03
  319.8628  0.128855D+01  0.128246D+01  0.411452D+03
  320.0172  0.134337D+01  0.134175D+01  0.125217D+03
  320.1714  0.135961D+01  0.135571D+01  0.295587D+03
  320.3257  0.139663D+01  0.140238D+01 -0.417866D+03
  320.4798  0.146445D+01  0.146764D+01 -0.221285D+03
  320.6339  0.149364D+01  0.149153D+01  0.145140D+03
  320.7878  0.143144D+01  0.143279D+01 -0.978467D+02
  320.9418  0.128689D+01  0.128382D+01  0.220517D+03
  321.0956  0.111332D+01  0.111163D+01  0.132567D+03
  321.2494  0.996288D+00  0.999824D+00 -0.286410D+03
  321.4031  0.976021D+00  0.976294D+00 -0.213464D+02
  321.5567  0.103347D+01  0.103579D+01 -0.185073D+03
  321.7103  0.114582D+01  0.114301D+01  0.218710D+03
   21 319.554 322.630 321.092  7.534D-04  0.000D+00  9.932D-01  4.259D+02 10340  3.017D-03
  319.5538  0.105242D+01  0.106477D+01 -0.983658D+03
  319.7083  0.118307D+01  0.117182D+01  0.874123D+03
  319.8628  0.128855D+01  0.128245D+01  0.411634D+03
  320.0172  0.134337D+01  0.134255D+01  0.632767D+02
  320.1714  0.135961D+01  0.135660D+01  0.228734D+03
  320.3257  0.139663D+01  0.140288D+01 -0.454484D+03
  320.4798  0.146445D+01  0.146790D+01 -0.239499D+03
  320.6339  0.149364D+01  0.149175D+01  0.129631D+03
  320.7878  0.143144D+01  0.143319D+01 -0.126967D+03
  320.9418  0.128689D+01  0.128445D+01  0.175059D+03
  321.0956  0.111332D+01  0.111224D+01  0.844869D+02
  321.2494  0.996288D+00  0.100036D+01 -0.329779D+03
  321.4031  0.976021D+00  0.977025D+00 -0.785810D+02
  321.5567  0.103347D+01  0.103735D+01 -0.308514D+03
  321.7103  0.114582D+01  0.114644D+01 -0.490118D+02
  321.8638  0.127410D+01  0.126757D+01  0.508045D+03
  322.0172  0.134538D+01  0.134575D+01 -0.292149D+02
  322.1706  0.131269D+01  0.131383D+01 -0.875080D+02
  322.3239  0.123948D+01  0.122977D+01  0.754064D+03
  322.4771  0.116915D+01  0.117796D+01 -0.684528D+03
  322.6302  0.110750D+01  0.110746D+01  0.304929D+01
   21 320.480 323.548 322.014  2.885D-04  0.000D+00  9.850D-01  3.218D+02 10300  1.940D-03
  320.4798  0.146445D+01  0.146669D+01 -0.155334D+03
  320.6339  0.149364D+01  0.149068D+01  0.203117D+03
  320.7878  0.143144D+01  0.143223D+01 -0.575338D+02
  320.9418  0.128689D+01  0.128362D+01  0.234958D+03
  321.0956  0.111332D+01  0.111171D+01  0.126271D+03
  321.2494  0.996288D+00  0.100026D+01 -0.321381D+03
  321.4031  0.976021D+00  0.977341D+00 -0.103332D+03
  321.5567  0.103347D+01  0.103803D+01 -0.362760D+03
  321.7103  0.114582D+01  0.114731D+01 -0.116442D+03
  321.8638  0.127410D+01  0.126841D+01  0.442187D+03
  322.0172  0.134538D+01  0.134614D+01 -0.586797D+02
  322.1706  0.131269D+01  0.131357D+01 -0.678246D+02
  322.3239  0.123948D+01  0.122923D+01  0.796094D+03
  322.4771  0.116915D+01  0.117683D+01 -0.596479D+03
  322.6302  0.110750D+01  0.110555D+01  0.150787D+03
  322.7833  0.100381D+01  0.100927D+01 -0.432433D+03
  322.9362  0.954820D+00  0.958202D+00 -0.270194D+03
  323.0892  0.101141D+01  0.100499D+01  0.505111D+03
  323.2420  0.109716D+01  0.109868D+01 -0.118517D+03
  323.3948  0.111805D+01  0.111607D+01  0.154527D+03
  323.5475  0.107845D+01  0.107954D+01 -0.847819D+02
   21 321.403 324.462 322.933 -2.615D-03  0.000D+00  9.850D-01  3.403D+02 10000  3.170D-03
  321.4031  0.976021D+00  0.974604D+00  0.110999D+03
  321.5567  0.103347D+01  0.103731D+01 -0.305599D+03
  321.7103  0.114582D+01  0.114778D+01 -0.153023D+03
  321.8638  0.127410D+01  0.126956D+01  0.352775D+03
  322.0172  0.134538D+01  0.134647D+01 -0.844377D+02
  322.1706  0.131269D+01  0.131279D+01 -0.780393D+01
  322.3239  0.123948D+01  0.122941D+01  0.782178D+03
  322.4771  0.116915D+01  0.117765D+01 -0.660473D+03
  322.6302  0.110750D+01  0.110563D+01  0.144939D+03
  322.7833  0.100381D+01  0.100944D+01 -0.445690D+03
  322.9362  0.954820D+00  0.959580D+00 -0.380276D+03
  323.0892  0.101141D+01  0.100754D+01  0.304746D+03
  323.2420  0.109716D+01  0.109963D+01 -0.192477D+03
  323.3948  0.111805D+01  0.111369D+01  0.339495D+03
  323.5475  0.107845D+01  0.107536D+01  0.239999D+03
  323.7001  0.108518D+01  0.108691D+01 -0.134376D+03
  323.8527  0.114716D+01  0.115089D+01 -0.289902D+03
  324.0052  0.123511D+01  0.122826D+01  0.530341D+03
  324.1576  0.129455D+01  0.129748D+01 -0.218236D+03
  324.3100  0.132380D+01  0.132577D+01 -0.141195D+03
  324.4623  0.134295D+01  0.134199D+01  0.669062D+02
   21 322.324 325.375 323.849 -5.898D-03  0.000D+00  9.878D-01  3.810D+02 10300  4.153D-03
  322.3239  0.123948D+01  0.123155D+01  0.616025D+03
  322.4771  0.116915D+01  0.117845D+01 -0.722193D+03
  322.6302  0.110750D+01  0.110446D+01  0.235605D+03
  322.7833  0.100381D+01  0.100806D+01 -0.336384D+03
  322.9362  0.954820D+00  0.959642D+00 -0.385171D+03
  323.0892  0.101141D+01  0.100922D+01  0.172083D+03
  323.2420  0.109716D+01  0.110040D+01 -0.252007D+03
  323.3948  0.111805D+01  0.111231D+01  0.446491D+03
  323.5475  0.107845D+01  0.107408D+01  0.339307D+03
  323.7001  0.108518D+01  0.108697D+01 -0.139036D+03
  323.8527  0.114716D+01  0.115134D+01 -0.325156D+03
  324.0052  0.123511D+01  0.122835D+01  0.522800D+03
  324.1576  0.129455D+01  0.129636D+01 -0.134934D+03
  324.3100  0.132380D+01  0.132282D+01  0.706000D+02
  324.4623  0.134295D+01  0.133810D+01  0.338317D+03
  324.6145  0.135190D+01  0.135747D+01 -0.387041D+03
  324.7667  0.131260D+01  0.131344D+01 -0.596516D+02
  324.9187  0.124837D+01  0.124558D+01  0.210538D+03
  325.0707  0.123490D+01  0.124402D+01 -0.700402D+03
  325.2227  0.129061D+01  0.129127D+01 -0.470876D+02
  325.3745  0.137128D+01  0.136479D+01  0.443206D+03
   21 323.242 326.284 324.763 -2.881D-03  0.000D+00  9.887D-01  3.750D+02 10300  4.024D-03
  323.2420  0.109716D+01  0.110007D+01 -0.226634D+03
  323.3948  0.111805D+01  0.111493D+01  0.242687D+03
  323.5475  0.107845D+01  0.107682D+01  0.126737D+03
  323.7001  0.108518D+01  0.108826D+01 -0.239364D+03
  323.8527  0.114716D+01  0.115172D+01 -0.354521D+03
  324.0052  0.123511D+01  0.122803D+01  0.547837D+03
  324.1576  0.129455D+01  0.129575D+01 -0.889595D+02
  324.3100  0.132380D+01  0.132211D+01  0.121057D+03
  324.4623  0.134295D+01  0.133639D+01  0.457615D+03
  324.6145  0.135190D+01  0.135599D+01 -0.283756D+03
  324.7667  0.131260D+01  0.131361D+01 -0.721107D+02
  324.9187  0.124837D+01  0.124593D+01  0.184120D+03
  325.0707  0.123490D+01  0.124451D+01 -0.738454D+03
  325.2227  0.129061D+01  0.129382D+01 -0.230554D+03
  325.3745  0.137128D+01  0.137076D+01  0.355771D+02
  325.5264  0.149938D+01  0.149441D+01  0.327378D+03
  325.6781  0.161494D+01  0.162396D+01 -0.584463D+03
  325.8297  0.171044D+01  0.169845D+01  0.776482D+03
  325.9813  0.174643D+01  0.174337D+01  0.197819D+03
  326.1328  0.175320D+01  0.174957D+01  0.233422D+03
  326.2843  0.170125D+01  0.170895D+01 -0.497801D+03
   21 324.158 327.192 325.675  2.879D-03  0.000D+00  9.982D-01  4.124D+02 10300  4.186D-03
  324.1576  0.129455D+01  0.129730D+01 -0.204494D+03
  324.3100  0.132380D+01  0.132213D+01  0.120165D+03
  324.4623  0.134295D+01  0.133411D+01  0.616883D+03
  324.6145  0.135190D+01  0.135411D+01 -0.153433D+03
  324.7667  0.131260D+01  0.131491D+01 -0.164197D+03
  324.9187  0.124837D+01  0.124700D+01  0.103208D+03
  325.0707  0.123490D+01  0.124404D+01 -0.701949D+03
  325.2227  0.129061D+01  0.129357D+01 -0.212714D+03
  325.3745  0.137128D+01  0.137049D+01  0.539972D+02
  325.5264  0.149938D+01  0.149350D+01  0.387181D+03
  325.6781  0.161494D+01  0.162477D+01 -0.636727D+03
  325.8297  0.171044D+01  0.169996D+01  0.678573D+03
  325.9813  0.174643D+01  0.174275D+01  0.238151D+03
  326.1328  0.175320D+01  0.174577D+01  0.477551D+03
  326.2843  0.170125D+01  0.169938D+01  0.120807D+03
  326.4357  0.161776D+01  0.162845D+01 -0.692372D+03
  326.5870  0.160688D+01  0.160194D+01  0.320054D+03
  326.7382  0.165902D+01  0.166708D+01 -0.521916D+03
  326.8894  0.171298D+01  0.171509D+01 -0.134653D+03
  327.0405  0.166452D+01  0.166874D+01 -0.273515D+03
  327.1916  0.160577D+01  0.159774D+01  0.519543D+03
   21 325.071 328.096 326.584  4.261D-03  0.000D+00  1.002D+00  3.474D+02 10340  4.304D-03
  325.0707  0.123490D+01  0.123542D+01 -0.397747D+02
  325.2227  0.129061D+01  0.129014D+01  0.337429D+02
  325.3745  0.137128D+01  0.137049D+01  0.540456D+02
  325.5264  0.149938D+01  0.149559D+01  0.249540D+03
  325.6781  0.161494D+01  0.162852D+01 -0.879499D+03
  325.8297  0.171044D+01  0.170383D+01  0.427963D+03
  325.9813  0.174643D+01  0.174554D+01  0.573433D+02
  326.1328  0.175320D+01  0.174711D+01  0.391619D+03
  326.2843  0.170125D+01  0.169901D+01  0.144802D+03
  326.4357  0.161776D+01  0.162653D+01 -0.567946D+03
  326.5870  0.160688D+01  0.159852D+01  0.541381D+03
  326.7382  0.165902D+01  0.166305D+01 -0.260858D+03
  326.8894  0.171298D+01  0.171315D+01 -0.108083D+02
  327.0405  0.166452D+01  0.167164D+01 -0.460981D+03
  327.1916  0.160577D+01  0.160687D+01 -0.713791D+02
  327.3425  0.160890D+01  0.161114D+01 -0.144788D+03
  327.4935  0.165384D+01  0.165058D+01  0.211376D+03
  327.6443  0.165377D+01  0.164678D+01  0.453180D+03
  327.7950  0.161122D+01  0.160725D+01  0.257281D+03
  327.9457  0.157468D+01  0.157888D+01 -0.272218D+03
  328.0964  0.157226D+01  0.157441D+01 -0.139201D+03
   21 325.981 328.999 327.490  1.170D-03  0.000D+00  9.956D-01  3.005D+02 10340  3.528D-03
  325.9813  0.174643D+01  0.175187D+01 -0.351304D+03
  326.1328  0.175320D+01  0.174866D+01  0.291839D+03
  326.2843  0.170125D+01  0.169722D+01  0.260031D+03
  326.4357  0.161776D+01  0.162344D+01 -0.367817D+03
  326.5870  0.160688D+01  0.159706D+01  0.635599D+03
  326.7382  0.165902D+01  0.166257D+01 -0.229726D+03
  326.8894  0.171298D+01  0.171129D+01  0.107548D+03
  327.0405  0.166452D+01  0.166948D+01 -0.320919D+03
  327.1916  0.160577D+01  0.160697D+01 -0.782149D+02
  327.3425  0.160890D+01  0.161348D+01 -0.296860D+03
  327.4935  0.165384D+01  0.165301D+01  0.542233D+02
  327.6443  0.165377D+01  0.164846D+01  0.343826D+03
  327.7950  0.161122D+01  0.160855D+01  0.173170D+03
  327.9457  0.157468D+01  0.157960D+01 -0.318876D+03
  328.0964  0.157226D+01  0.157360D+01 -0.865253D+02
  328.2469  0.157331D+01  0.157558D+01 -0.146995D+03
  328.3975  0.158091D+01  0.157085D+01  0.651512D+03
  328.5479  0.152576D+01  0.152957D+01 -0.247001D+03
  328.6982  0.145022D+01  0.145196D+01 -0.112748D+03
  328.8485  0.146692D+01  0.146452D+01  0.156558D+03
  328.9987  0.161520D+01  0.161713D+01 -0.119548D+03
   21 326.889 329.899 328.394 -1.871D-03  0.000D+00  9.989D-01  2.880D+02 10000  3.318D-03
  326.8894  0.171298D+01  0.171154D+01  0.918174D+02
  327.0405  0.166452D+01  0.166723D+01 -0.175514D+03
  327.1916  0.160577D+01  0.160505D+01  0.463161D+02
  327.3425  0.160890D+01  0.161296D+01 -0.262753D+03
  327.4935  0.165384D+01  0.165239D+01  0.943478D+02
  327.6443  0.165377D+01  0.164722D+01  0.424459D+03
  327.7950  0.161122D+01  0.160773D+01  0.225680D+03
  327.9457  0.157468D+01  0.157991D+01 -0.338735D+03
  328.0964  0.157226D+01  0.157485D+01 -0.167741D+03
  328.2469  0.157331D+01  0.157729D+01 -0.258125D+03
  328.3975  0.158091D+01  0.157249D+01  0.545290D+03
  328.5479  0.152576D+01  0.153001D+01 -0.275047D+03
  328.6982  0.145022D+01  0.145220D+01 -0.128717D+03
  328.8485  0.146692D+01  0.146709D+01 -0.105920D+02
  328.9987  0.161520D+01  0.161999D+01 -0.296386D+03
  329.1489  0.177160D+01  0.176827D+01  0.194973D+03
  329.2990  0.185484D+01  0.184325D+01  0.663080D+03
  329.4490  0.188230D+01  0.188738D+01 -0.290112D+03
  329.5989  0.190368D+01  0.190326D+01  0.242346D+02
  329.7488  0.190114D+01  0.190705D+01 -0.335746D+03
  329.8987  0.193703D+01  0.193400D+01  0.170782D+03
   21 327.795 330.796 329.296 -5.029D-03  0.000D+00  1.004D+00  3.786D+02 10300  3.448D-03
  327.7950  0.161122D+01  0.160636D+01  0.314922D+03
  327.9457  0.157468D+01  0.157931D+01 -0.299842D+03
  328.0964  0.157226D+01  0.157474D+01 -0.160163D+03
  328.2469  0.157331D+01  0.157718D+01 -0.250749D+03
  328.3975  0.158091D+01  0.157202D+01  0.575611D+03
  328.5479  0.152576D+01  0.152825D+01 -0.161192D+03
  328.6982  0.145022D+01  0.145008D+01  0.906431D+01
  328.8485  0.146692D+01  0.146785D+01 -0.604165D+02
  328.9987  0.161520D+01  0.162266D+01 -0.461781D+03
  329.1489  0.177160D+01  0.176926D+01  0.137253D+03
  329.2990  0.185484D+01  0.184283D+01  0.687142D+03
  329.4490  0.188230D+01  0.188642D+01 -0.235187D+03
  329.5989  0.190368D+01  0.190184D+01  0.104726D+03
  329.7488  0.190114D+01  0.190622D+01 -0.288673D+03
  329.8987  0.193703D+01  0.193451D+01  0.142045D+03
  330.0484  0.198002D+01  0.197975D+01  0.149434D+02
  330.1981  0.193664D+01  0.194112D+01 -0.252644D+03
  330.3477  0.181587D+01  0.180275D+01  0.752400D+03
  330.4973  0.165002D+01  0.166468D+01 -0.889706D+03
  330.6467  0.155530D+01  0.155508D+01  0.139050D+02
  330.7961  0.155635D+01  0.155207D+01  0.273892D+03
   21 328.698 331.691 330.195 -1.857D-03  0.000D+00  1.003D+00  3.539D+02 10000  3.022D-03
  328.6982  0.145022D+01  0.144954D+01  0.440164D+02
  328.8485  0.146692D+01  0.146605D+01  0.566855D+02
  328.9987  0.161520D+01  0.162099D+01 -0.358327D+03
  329.1489  0.177160D+01  0.177006D+01  0.899099D+02
  329.2990  0.185484D+01  0.184483D+01  0.572705D+03
  329.4490  0.188230D+01  0.188845D+01 -0.351145D+03
  329.5989  0.190368D+01  0.190356D+01  0.727420D+01
  329.7488  0.190114D+01  0.190663D+01 -0.311689D+03
  329.8987  0.193703D+01  0.193294D+01  0.230330D+03
  330.0484  0.198002D+01  0.197738D+01  0.147357D+03
  330.1981  0.193664D+01  0.194056D+01 -0.220911D+03
  330.3477  0.181587D+01  0.180293D+01  0.741771D+03
  330.4973  0.165002D+01  0.166473D+01 -0.892470D+03
  330.6467  0.155530D+01  0.155484D+01  0.290849D+02
  330.7961  0.155635D+01  0.155017D+01  0.394733D+03
  330.9455  0.164994D+01  0.165711D+01 -0.429156D+03
  331.0948  0.173918D+01  0.173375D+01  0.313910D+03
  331.2440  0.171758D+01  0.171662D+01  0.560391D+02
  331.3931  0.164252D+01  0.164505D+01 -0.151249D+03
  331.5422  0.160947D+01  0.160846D+01  0.609593D+02
  331.6912  0.166385D+01  0.166431D+01 -0.271042D+02
   21 329.599 332.584 331.091 -6.789D-04  0.000D+00  9.984D-01  3.887D+02 10300  3.284D-03
  329.5989  0.190368D+01  0.190611D+01 -0.137952D+03
  329.7488  0.190114D+01  0.190669D+01 -0.315061D+03
  329.8987  0.193703D+01  0.193113D+01  0.332219D+03
  330.0484  0.198002D+01  0.197483D+01  0.289900D+03
  330.1981  0.193664D+01  0.193883D+01 -0.123354D+03
  330.3477  0.181587D+01  0.180202D+01  0.794036D+03
  330.4973  0.165002D+01  0.166439D+01 -0.871912D+03
  330.6467  0.155530D+01  0.155493D+01  0.235929D+02
  330.7961  0.155635D+01  0.154998D+01  0.406949D+03
  330.9455  0.164994D+01  0.165750D+01 -0.453003D+03
  331.0948  0.173918D+01  0.173575D+01  0.198106D+03
  331.2440  0.171758D+01  0.171993D+01 -0.136047D+03
  331.3931  0.164252D+01  0.164868D+01 -0.368516D+03
  331.5422  0.160947D+01  0.161130D+01 -0.110150D+03
  331.6912  0.166385D+01  0.166603D+01 -0.127857D+03
  331.8402  0.174616D+01  0.174490D+01  0.727434D+02
  331.9891  0.176570D+01  0.175538D+01  0.591530D+03
  332.1379  0.168716D+01  0.168484D+01  0.134684D+03
  332.2866  0.157921D+01  0.158290D+01 -0.225469D+03
  332.4354  0.157352D+01  0.156600D+01  0.459612D+03
  332.5840  0.165529D+01  0.166339D+01 -0.474488D+03
   21 330.497 333.474 331.986 -1.711D-03  0.000D+00  1.001D+00  3.090D+02 10340  2.721D-03
  330.4973  0.165002D+01  0.165788D+01 -0.477295D+03
  330.6467  0.155530D+01  0.154988D+01  0.346388D+03
  330.7961  0.155635D+01  0.154685D+01  0.606917D+03
  330.9455  0.164994D+01  0.165551D+01 -0.333574D+03
  331.0948  0.173918D+01  0.173413D+01  0.291624D+03
  331.2440  0.171758D+01  0.171880D+01 -0.709335D+02
  331.3931  0.164252D+01  0.164845D+01 -0.354417D+03
  331.5422  0.160947D+01  0.161242D+01 -0.177411D+03
  331.6912  0.166385D+01  0.166828D+01 -0.259960D+03
  331.8402  0.174616D+01  0.174731D+01 -0.659768D+02
  331.9891  0.176570D+01  0.175721D+01  0.486606D+03
  332.1379  0.168716D+01  0.168577D+01  0.808050D+02
  332.2866  0.157921D+01  0.158312D+01 -0.238862D+03
  332.4354  0.157352D+01  0.156595D+01  0.462854D+03
  332.5840  0.165529D+01  0.166182D+01 -0.382454D+03
  332.7325  0.171325D+01  0.170962D+01  0.175661D+03
  332.8810  0.165342D+01  0.165192D+01  0.862548D+02
  333.0294  0.161156D+01  0.161111D+01  0.270034D+02
  333.1778  0.164634D+01  0.165252D+01 -0.363523D+03
  333.3261  0.168757D+01  0.168475D+01  0.163189D+03
  333.4743  0.161163D+01  0.161126D+01  0.221414D+02
   21 331.393 334.362 332.878  2.007D-03  0.000D+00  9.994D-01  2.446D+02 10300  2.313D-03
  331.3931  0.164252D+01  0.164103D+01  0.887675D+02
  331.5422  0.160947D+01  0.160838D+01  0.657302D+02
  331.6912  0.166385D+01  0.166582D+01 -0.115710D+03
  331.8402  0.174616D+01  0.174797D+01 -0.103887D+03
  331.9891  0.176570D+01  0.176115D+01  0.261092D+03
  332.1379  0.168716D+01  0.169134D+01 -0.242824D+03
  332.2866  0.157921D+01  0.158745D+01 -0.503769D+03
  332.4354  0.157352D+01  0.156580D+01  0.471700D+03
  332.5840  0.165529D+01  0.165921D+01 -0.229644D+03
  332.7325  0.171325D+01  0.170860D+01  0.225109D+03
  332.8810  0.165342D+01  0.165134D+01  0.119285D+03
  333.0294  0.161156D+01  0.160813D+01  0.205852D+03
  333.1778  0.164634D+01  0.164819D+01 -0.108664D+03
  333.3261  0.168757D+01  0.168329D+01  0.248007D+03
  333.4743  0.161163D+01  0.161495D+01 -0.200567D+03
  333.6225  0.148609D+01  0.148512D+01  0.624236D+02
  333.7705  0.145193D+01  0.145033D+01  0.104011D+03
  333.9186  0.152962D+01  0.153843D+01 -0.545729D+03
  334.0665  0.161622D+01  0.161581D+01  0.240406D+02
  334.2144  0.164656D+01  0.164585D+01  0.413335D+02
  334.3623  0.170555D+01  0.170261D+01  0.168578D+03
   19 332.287 334.953 333.620 -7.777D-04  0.000D+00  9.947D-01  3.072D+02 10340  2.978D-03
  332.2866  0.157921D+01  0.158466D+01 -0.333243D+03
  332.4354  0.157352D+01  0.156585D+01  0.468587D+03
  332.5840  0.165529D+01  0.166064D+01 -0.313370D+03
  332.7325  0.171325D+01  0.170841D+01  0.234174D+03
  332.8810  0.165342D+01  0.165042D+01  0.172440D+03
  333.0294  0.161156D+01  0.160897D+01  0.155292D+03
  333.1778  0.164634D+01  0.165067D+01 -0.255145D+03
  333.3261  0.168757D+01  0.168492D+01  0.153298D+03
  333.4743  0.161163D+01  0.161443D+01 -0.169051D+03
  333.6225  0.148609D+01  0.148434D+01  0.112252D+03
  333.7705  0.145193D+01  0.145194D+01 -0.570101D+00
  333.9186  0.152962D+01  0.154082D+01 -0.693587D+03
  334.0665  0.161622D+01  0.161610D+01  0.744723D+01
  334.2144  0.164656D+01  0.164426D+01  0.133389D+03
  334.3623  0.170555D+01  0.169995D+01  0.321053D+03
  334.5100  0.178509D+01  0.178579D+01 -0.394491D+02
  334.6577  0.182299D+01  0.181263D+01  0.582215D+03
  334.8054  0.171806D+01  0.172532D+01 -0.413676D+03
  334.9529  0.159214D+01  0.159406D+01 -0.111816D+03
   13 333.178 334.953 334.065  3.498D-03  0.000D+00  9.955D-01  2.748D+02 10300  4.303D-03
  333.1778  0.164634D+01  0.164919D+01 -0.167615D+03
  333.3261  0.168757D+01  0.168235D+01  0.302684D+03
  333.4743  0.161163D+01  0.161413D+01 -0.151030D+03
  333.6225  0.148609D+01  0.148433D+01  0.112679D+03
  333.7705  0.145193D+01  0.144879D+01  0.203421D+03
  333.9186  0.152962D+01  0.153733D+01 -0.477471D+03
  334.0665  0.161622D+01  0.161616D+01  0.387483D+01
  334.2144  0.164656D+01  0.164643D+01  0.741314D+01
  334.3623  0.170555D+01  0.170166D+01  0.223381D+03
  334.5100  0.178509D+01  0.178758D+01 -0.140774D+03
  334.6577  0.182299D+01  0.181534D+01  0.430031D+03
  334.8054  0.171806D+01  0.172722D+01 -0.521986D+03
  334.9529  0.159214D+01  0.158915D+01  0.173346D+03
