 solar_wavcal_vary
           0
 F F
nwav fwave lwave avgwav  shift    squeeze      sin       rms   exval
   21 263.971 271.160 267.566  9.395D-03  0.000D+00  1.045D+00  3.646D+03   300  4.690D-02
  263.9715  0.492641D+00  0.520901D+00 -0.767843D+04
  264.3419  0.549187D+00  0.536364D+00  0.360297D+04
  264.7111  0.473286D+00  0.470359D+00  0.822308D+03
  265.0788  0.461038D+00  0.425875D+00  0.988019D+04
  265.4454  0.461209D+00  0.444669D+00  0.464752D+04
  265.8107  0.430311D+00  0.448975D+00 -0.524428D+04
  266.1747  0.394397D+00  0.413234D+00 -0.529281D+04
  266.5376  0.377182D+00  0.379401D+00 -0.623750D+03
  266.8993  0.367057D+00  0.369230D+00 -0.610584D+03
  267.2599  0.374833D+00  0.374198D+00  0.178442D+03
  267.6194  0.366241D+00  0.374415D+00 -0.229681D+04
  267.9778  0.354422D+00  0.358199D+00 -0.106141D+04
  268.3352  0.357458D+00  0.350349D+00  0.199775D+04
  268.6915  0.348514D+00  0.347542D+00  0.273098D+03
  269.0469  0.340521D+00  0.340584D+00 -0.188607D+02
  269.4013  0.339532D+00  0.340267D+00 -0.219252D+03
  269.7548  0.360083D+00  0.354655D+00  0.152518D+04
  270.1073  0.401112D+00  0.388965D+00  0.341328D+04
  270.4589  0.413293D+00  0.411576D+00  0.482551D+03
  270.8097  0.397760D+00  0.405989D+00 -0.231215D+04
  271.1596  0.388186D+00  0.391623D+00 -0.965714D+03
   21 266.175 273.243 269.709 -1.744D-02  0.000D+00  1.043D+00  1.482D+03   300  1.810D-02
  266.1747  0.394397D+00  0.399283D+00 -0.137267D+04
  266.5376  0.377182D+00  0.370249D+00  0.194789D+04
  266.8993  0.367057D+00  0.364165D+00  0.812643D+03
  267.2599  0.374833D+00  0.371908D+00  0.821869D+03
  267.6194  0.366241D+00  0.373038D+00 -0.190985D+04
  267.9778  0.354422D+00  0.358311D+00 -0.109275D+04
  268.3352  0.357458D+00  0.352878D+00  0.128709D+04
  268.6915  0.348514D+00  0.350561D+00 -0.574998D+03
  269.0469  0.340521D+00  0.344012D+00 -0.103276D+04
  269.4013  0.339532D+00  0.344229D+00 -0.140036D+04
  269.7548  0.360083D+00  0.359514D+00  0.159798D+03
  270.1073  0.401112D+00  0.392865D+00  0.231726D+04
  270.4589  0.413293D+00  0.410504D+00  0.783583D+03
  270.8097  0.397760D+00  0.400000D+00 -0.629358D+03
  271.1596  0.388186D+00  0.381113D+00  0.198735D+04
  271.5087  0.352412D+00  0.346008D+00  0.179942D+04
  271.8570  0.287665D+00  0.294706D+00 -0.247313D+04
  272.2045  0.268284D+00  0.273315D+00 -0.180801D+04
  272.5513  0.296340D+00  0.301745D+00 -0.189857D+04
  272.8973  0.344292D+00  0.340975D+00  0.949189D+03
  273.2426  0.338319D+00  0.333851D+00  0.133600D+04
   21 268.335 275.300 271.818 -1.118D-02  0.000D+00  1.068D+00  1.279D+03 10300  1.199D-02
  268.3352  0.357458D+00  0.349506D+00  0.223438D+04
  268.6915  0.348514D+00  0.351285D+00 -0.778612D+03
  269.0469  0.340521D+00  0.346023D+00 -0.162784D+04
  269.4013  0.339532D+00  0.346682D+00 -0.213150D+04
  269.7548  0.360083D+00  0.361041D+00 -0.269065D+03
  270.1073  0.401112D+00  0.395618D+00  0.154383D+04
  270.4589  0.413293D+00  0.413125D+00  0.472676D+02
  270.8097  0.397760D+00  0.399958D+00 -0.617732D+03
  271.1596  0.388186D+00  0.380372D+00  0.219542D+04
  271.5087  0.352412D+00  0.345225D+00  0.201927D+04
  271.8570  0.287665D+00  0.291408D+00 -0.131463D+04
  272.2045  0.268284D+00  0.268301D+00 -0.594700D+01
  272.5513  0.296340D+00  0.298607D+00 -0.796474D+03
  272.8973  0.344292D+00  0.343111D+00  0.338044D+03
  273.2426  0.338319D+00  0.341117D+00 -0.836659D+03
  273.5872  0.281721D+00  0.285064D+00 -0.117419D+04
  273.9311  0.230499D+00  0.228566D+00  0.775960D+03
  274.2744  0.201088D+00  0.197909D+00  0.127626D+04
  274.6170  0.189846D+00  0.190847D+00 -0.410101D+03
  274.9590  0.202153D+00  0.205503D+00 -0.134464D+04
  275.3004  0.239425D+00  0.236647D+00  0.104046D+04
   21 270.459 277.337 273.898 -1.744D-03  0.000D+00  1.041D+00  1.311D+03 10300  1.140D-02
  270.4589  0.413293D+00  0.412290D+00  0.281904D+03
  270.8097  0.397760D+00  0.401400D+00 -0.102269D+04
  271.1596  0.388186D+00  0.382744D+00  0.152912D+04
  271.5087  0.352412D+00  0.348358D+00  0.113899D+04
  271.8570  0.287665D+00  0.294041D+00 -0.223932D+04
  272.2045  0.268284D+00  0.268895D+00 -0.219523D+03
  272.5513  0.296340D+00  0.297451D+00 -0.390261D+03
  272.8973  0.344292D+00  0.341448D+00  0.813711D+03
  273.2426  0.338319D+00  0.340341D+00 -0.604638D+03
  273.5872  0.281721D+00  0.284688D+00 -0.104214D+04
  273.9311  0.230499D+00  0.227684D+00  0.112991D+04
  274.2744  0.201088D+00  0.196428D+00  0.187077D+04
  274.6170  0.189846D+00  0.188987D+00  0.352384D+03
  274.9590  0.202153D+00  0.203344D+00 -0.477899D+03
  275.3004  0.239425D+00  0.235116D+00  0.161408D+04
  275.6413  0.265752D+00  0.273103D+00 -0.258407D+04
  275.9815  0.329637D+00  0.323949D+00  0.171978D+04
  276.3212  0.358871D+00  0.361056D+00 -0.614022D+03
  276.6604  0.374849D+00  0.377269D+00 -0.679916D+03
  276.9990  0.378727D+00  0.384474D+00 -0.161467D+04
  277.3372  0.391261D+00  0.384894D+00  0.178892D+04
   21 272.551 279.356 275.954  1.190D-02  0.000D+00  1.035D+00  1.406D+03 10300  1.200D-02
  272.5513  0.296340D+00  0.293433D+00  0.102104D+04
  272.8973  0.344292D+00  0.344274D+00  0.512786D+01
  273.2426  0.338319D+00  0.347523D+00 -0.275231D+04
  273.5872  0.281721D+00  0.285427D+00 -0.130170D+04
  273.9311  0.230499D+00  0.225661D+00  0.194215D+04
  274.2744  0.201088D+00  0.194551D+00  0.262451D+04
  274.6170  0.189846D+00  0.187495D+00  0.963999D+03
  274.9590  0.202153D+00  0.200951D+00  0.482523D+03
  275.3004  0.239425D+00  0.236719D+00  0.101341D+04
  275.6413  0.265752D+00  0.271207D+00 -0.191773D+04
  275.9815  0.329637D+00  0.328237D+00  0.423450D+03
  276.3212  0.358871D+00  0.365631D+00 -0.189956D+04
  276.6604  0.374849D+00  0.379752D+00 -0.137775D+04
  276.9990  0.378727D+00  0.382055D+00 -0.934914D+03
  277.3372  0.391261D+00  0.383852D+00  0.208187D+04
  277.6748  0.349805D+00  0.346349D+00  0.971048D+03
  278.0120  0.286012D+00  0.286623D+00 -0.147907D+03
  278.3487  0.260571D+00  0.257830D+00  0.693389D+03
  278.6849  0.237917D+00  0.235595D+00  0.594015D+03
  279.0208  0.185053D+00  0.187331D+00 -0.597919D+03
  279.3561  0.134096D+00  0.138546D+00 -0.126782D+04
   21 274.617 281.360 277.989  1.777D-02  0.000D+00  1.044D+00  1.119D+03   300  1.732D-02
  274.6170  0.189846D+00  0.188565D+00  0.525379D+03
  274.9590  0.202153D+00  0.202253D+00 -0.398747D+02
  275.3004  0.239425D+00  0.235948D+00  0.130221D+04
  275.6413  0.265752D+00  0.272135D+00 -0.224399D+04
  275.9815  0.329637D+00  0.326312D+00  0.100553D+04
  276.3212  0.358871D+00  0.364286D+00 -0.152165D+04
  276.6604  0.374849D+00  0.378478D+00 -0.101972D+04
  276.9990  0.378727D+00  0.380671D+00 -0.546268D+03
  277.3372  0.391261D+00  0.382655D+00  0.241826D+04
  277.6748  0.349805D+00  0.346296D+00  0.986131D+03
  278.0120  0.286012D+00  0.285114D+00  0.217176D+03
  278.3487  0.260571D+00  0.257134D+00  0.869328D+03
  278.6849  0.237917D+00  0.237903D+00  0.356766D+01
  279.0208  0.185053D+00  0.189033D+00 -0.104461D+04
  279.3561  0.134096D+00  0.138303D+00 -0.119866D+04
  279.6911  0.111226D+00  0.115840D+00 -0.133377D+04
  280.0256  0.108058D+00  0.111792D+00 -0.109175D+04
  280.3598  0.119718D+00  0.123254D+00 -0.102312D+04
  280.6936  0.166087D+00  0.165146D+00  0.266790D+03
  281.0270  0.232828D+00  0.230980D+00  0.482502D+03
  281.3601  0.301394D+00  0.299866D+00  0.390063D+03
   21 276.660 283.351 280.006 -5.152D-03  0.000D+00  1.073D+00  1.035D+03 10300  1.343D-02
  276.6604  0.374849D+00  0.378787D+00 -0.110661D+04
  276.9990  0.378727D+00  0.380875D+00 -0.603548D+03
  277.3372  0.391261D+00  0.385932D+00  0.149745D+04
  277.6748  0.349805D+00  0.345561D+00  0.119265D+04
  278.0120  0.286012D+00  0.283919D+00  0.506309D+03
  278.3487  0.260571D+00  0.259210D+00  0.344201D+03
  278.6849  0.237917D+00  0.238349D+00 -0.110599D+03
  279.0208  0.185053D+00  0.187319D+00 -0.594640D+03
  279.3561  0.134096D+00  0.137988D+00 -0.110884D+04
  279.6911  0.111226D+00  0.116546D+00 -0.153785D+04
  280.0256  0.108058D+00  0.113088D+00 -0.147094D+04
  280.3598  0.119718D+00  0.126399D+00 -0.193322D+04
  280.6936  0.166087D+00  0.169456D+00 -0.955322D+03
  281.0270  0.232828D+00  0.232486D+00  0.892302D+02
  281.3601  0.301394D+00  0.299289D+00  0.537213D+03
  281.6928  0.369645D+00  0.368593D+00  0.295545D+03
  282.0251  0.420366D+00  0.421303D+00 -0.263305D+03
  282.3571  0.452581D+00  0.451517D+00  0.298919D+03
  282.6888  0.472816D+00  0.469645D+00  0.890922D+03
  283.0202  0.505674D+00  0.500926D+00  0.133403D+04
  283.3513  0.500163D+00  0.506306D+00 -0.172617D+04
   21 278.685 285.331 282.008 -1.614D-02  0.000D+00  1.061D+00  1.000D+03 10300  9.490D-03
  278.6849  0.237917D+00  0.236880D+00  0.265217D+03
  279.0208  0.185053D+00  0.183526D+00  0.400631D+03
  279.3561  0.134096D+00  0.134152D+00 -0.158561D+02
  279.6911  0.111226D+00  0.114277D+00 -0.882126D+03
  280.0256  0.108058D+00  0.111219D+00 -0.924379D+03
  280.3598  0.119718D+00  0.124367D+00 -0.134530D+04
  280.6936  0.166087D+00  0.168381D+00 -0.650274D+03
  281.0270  0.232828D+00  0.231665D+00  0.303501D+03
  281.3601  0.301394D+00  0.297907D+00  0.889972D+03
  281.6928  0.369645D+00  0.367792D+00  0.520605D+03
  282.0251  0.420366D+00  0.420402D+00 -0.101498D+02
  282.3571  0.452581D+00  0.450791D+00  0.503026D+03
  282.6888  0.472816D+00  0.469203D+00  0.101503D+04
  283.0202  0.505674D+00  0.505246D+00  0.120159D+03
  283.3513  0.500163D+00  0.511885D+00 -0.329367D+04
  283.6820  0.489257D+00  0.490271D+00 -0.285181D+03
  284.0124  0.485850D+00  0.480139D+00  0.160472D+04
  284.3426  0.433863D+00  0.432169D+00  0.476194D+03
  284.6724  0.341594D+00  0.340050D+00  0.425593D+03
  285.0019  0.213527D+00  0.214323D+00 -0.227500D+03
  285.3312  0.163890D+00  0.166146D+00 -0.703755D+03
   21 280.694 287.301 283.997 -6.101D-03  0.000D+00  1.052D+00  1.044D+03 10000  5.455D-03
  280.6936  0.166087D+00  0.167447D+00 -0.385569D+03
  281.0270  0.232828D+00  0.231473D+00  0.353718D+03
  281.3601  0.301394D+00  0.298261D+00  0.799481D+03
  281.6928  0.369645D+00  0.369045D+00  0.168407D+03
  282.0251  0.420366D+00  0.422402D+00 -0.572239D+03
  282.3571  0.452581D+00  0.453086D+00 -0.142032D+03
  282.6888  0.472816D+00  0.470448D+00  0.665296D+03
  283.0202  0.505674D+00  0.505164D+00  0.143157D+03
  283.3513  0.500163D+00  0.512073D+00 -0.334648D+04
  283.6820  0.489257D+00  0.488779D+00  0.134287D+03
  284.0124  0.485850D+00  0.477720D+00  0.228438D+04
  284.3426  0.433863D+00  0.430240D+00  0.101811D+04
  284.6724  0.341594D+00  0.339628D+00  0.541767D+03
  285.0019  0.213527D+00  0.214795D+00 -0.362487D+03
  285.3312  0.163890D+00  0.162887D+00  0.312996D+03
  285.6602  0.256554D+00  0.254441D+00  0.593739D+03
  285.9889  0.404818D+00  0.405292D+00 -0.132960D+03
  286.3173  0.505177D+00  0.507966D+00 -0.783530D+03
  286.6454  0.532018D+00  0.536196D+00 -0.117398D+04
  286.9733  0.557373D+00  0.557319D+00  0.153681D+02
  287.3009  0.598349D+00  0.595201D+00  0.884698D+03
   21 282.689 289.261 285.975 -6.019D-03  0.000D+00  1.046D+00  1.244D+03 10300  4.820D-03
  282.6888  0.472816D+00  0.471350D+00  0.411924D+03
  283.0202  0.505674D+00  0.505068D+00  0.170082D+03
  283.3513  0.500163D+00  0.511204D+00 -0.310224D+04
  283.6820  0.489257D+00  0.487214D+00  0.573983D+03
  284.0124  0.485850D+00  0.476953D+00  0.249976D+04
  284.3426  0.433863D+00  0.429986D+00  0.108950D+04
  284.6724  0.341594D+00  0.340090D+00  0.414411D+03
  285.0019  0.213527D+00  0.214680D+00 -0.329396D+03
  285.3312  0.163890D+00  0.162274D+00  0.504394D+03
  285.6602  0.256554D+00  0.255160D+00  0.391681D+03
  285.9889  0.404818D+00  0.407826D+00 -0.845058D+03
  286.3173  0.505177D+00  0.511137D+00 -0.167453D+04
  286.6454  0.532018D+00  0.538303D+00 -0.176605D+04
  286.9733  0.557373D+00  0.557687D+00 -0.881439D+02
  287.3009  0.598349D+00  0.594217D+00  0.116104D+04
  287.6282  0.549993D+00  0.547050D+00  0.826699D+03
  287.9552  0.435629D+00  0.437096D+00 -0.412195D+03
  288.2820  0.410657D+00  0.408532D+00  0.596927D+03
  288.6085  0.554495D+00  0.547502D+00  0.196474D+04
  288.9347  0.625358D+00  0.628426D+00 -0.862258D+03
  289.2607  0.663168D+00  0.665473D+00 -0.647637D+03
   21 284.672 291.210 287.941 -4.908D-03  0.000D+00  1.051D+00  9.931D+02 10300  3.847D-03
  284.6724  0.341594D+00  0.337971D+00  0.998150D+03
  285.0019  0.213527D+00  0.214470D+00 -0.269377D+03
  285.3312  0.163890D+00  0.162447D+00  0.450130D+03
  285.6602  0.256554D+00  0.254584D+00  0.553324D+03
  285.9889  0.404818D+00  0.406952D+00 -0.599404D+03
  286.3173  0.505177D+00  0.510578D+00 -0.151748D+04
  286.6454  0.532018D+00  0.538099D+00 -0.170862D+04
  286.9733  0.557373D+00  0.557258D+00  0.325190D+02
  287.3009  0.598349D+00  0.593543D+00  0.135034D+04
  287.6282  0.549993D+00  0.546553D+00  0.966330D+03
  287.9552  0.435629D+00  0.436573D+00 -0.265211D+03
  288.2820  0.410657D+00  0.406974D+00  0.103477D+04
  288.6085  0.554495D+00  0.546116D+00  0.235439D+04
  288.9347  0.625358D+00  0.627295D+00 -0.544226D+03
  289.2607  0.663168D+00  0.664189D+00 -0.286767D+03
  289.5863  0.757238D+00  0.760263D+00 -0.849985D+03
  289.9117  0.881879D+00  0.886634D+00 -0.757400D+03
  290.2368  0.968897D+00  0.971855D+00 -0.415842D+03
  290.5616  0.982839D+00  0.986376D+00 -0.496847D+03
  290.8861  0.940908D+00  0.943118D+00 -0.326369D+03
  291.2103  0.943840D+00  0.934407D+00  0.138158D+04
   21 286.645 293.149 289.897 -6.141D-03  0.000D+00  1.051D+00  9.553D+02 10300  4.876D-03
  286.6454  0.532018D+00  0.536768D+00 -0.133460D+04
  286.9733  0.557373D+00  0.556852D+00  0.146430D+03
  287.3009  0.598349D+00  0.594469D+00  0.109023D+04
  287.6282  0.549993D+00  0.547410D+00  0.725758D+03
  287.9552  0.435629D+00  0.436972D+00 -0.377253D+03
  288.2820  0.410657D+00  0.407892D+00  0.776817D+03
  288.6085  0.554495D+00  0.548076D+00  0.180358D+04
  288.9347  0.625358D+00  0.628750D+00 -0.953323D+03
  289.2607  0.663168D+00  0.665515D+00 -0.659410D+03
  289.5863  0.757238D+00  0.761496D+00 -0.119655D+04
  289.9117  0.881879D+00  0.887150D+00 -0.839539D+03
  290.2368  0.968897D+00  0.971323D+00 -0.341058D+03
  290.5616  0.982839D+00  0.984768D+00 -0.270953D+03
  290.8861  0.940908D+00  0.941397D+00 -0.722955D+02
  291.2103  0.943840D+00  0.932105D+00  0.171872D+04
  291.5342  0.927075D+00  0.916030D+00  0.166397D+04
  291.8578  0.887450D+00  0.884853D+00  0.407911D+03
  292.1811  0.868265D+00  0.867161D+00  0.182768D+03
  292.5041  0.795505D+00  0.797216D+00 -0.480768D+03
  292.8268  0.778459D+00  0.782231D+00 -0.105995D+04
  293.1490  0.894861D+00  0.889604D+00  0.834456D+03
   21 288.608 295.075 291.842 -4.213D-03  0.000D+00  1.046D+00  9.350D+02 10300  5.746D-03
  288.6085  0.554495D+00  0.549718D+00  0.134216D+04
  288.9347  0.625358D+00  0.629293D+00 -0.110589D+04
  289.2607  0.663168D+00  0.664352D+00 -0.332658D+03
  289.5863  0.757238D+00  0.758762D+00 -0.428211D+03
  289.9117  0.881879D+00  0.883576D+00 -0.270350D+03
  290.2368  0.968897D+00  0.967759D+00  0.159969D+03
  290.5616  0.982839D+00  0.982026D+00  0.114283D+03
  290.8861  0.940908D+00  0.939530D+00  0.203459D+03
  291.2103  0.943840D+00  0.931053D+00  0.187281D+04
  291.5342  0.927075D+00  0.916421D+00  0.160506D+04
  291.8578  0.887450D+00  0.886200D+00  0.196258D+03
  292.1811  0.868265D+00  0.869817D+00 -0.256946D+03
  292.5041  0.795505D+00  0.800633D+00 -0.144110D+04
  292.8268  0.778459D+00  0.785345D+00 -0.193504D+04
  293.1490  0.894861D+00  0.893454D+00  0.223365D+03
  293.4710  0.919088D+00  0.913103D+00  0.920416D+03
  293.7926  0.804420D+00  0.801028D+00  0.952996D+03
  294.1139  0.799505D+00  0.797452D+00  0.577057D+03
  294.4347  0.851639D+00  0.849877D+00  0.356910D+03
  294.7552  0.803676D+00  0.806464D+00 -0.783448D+03
  295.0753  0.811399D+00  0.811399D+00  0.586821D-01
   21 290.562 296.987 293.774 -1.739D-03  0.000D+00  1.048D+00  8.459D+02 10300  4.440D-03
  290.5616  0.982839D+00  0.986949D+00 -0.577317D+03
  290.8861  0.940908D+00  0.943463D+00 -0.377231D+03
  291.2103  0.943840D+00  0.933693D+00  0.148619D+04
  291.5342  0.927075D+00  0.918454D+00  0.129868D+04
  291.8578  0.887450D+00  0.887123D+00  0.513035D+02
  292.1811  0.868265D+00  0.870187D+00 -0.318100D+03
  292.5041  0.795505D+00  0.800636D+00 -0.144186D+04
  292.8268  0.778459D+00  0.783878D+00 -0.152286D+04
  293.1490  0.894861D+00  0.891136D+00  0.591211D+03
  293.4710  0.919088D+00  0.912089D+00  0.107648D+04
  293.7926  0.804420D+00  0.800393D+00  0.113164D+04
  294.1139  0.799505D+00  0.796102D+00  0.956391D+03
  294.4347  0.851639D+00  0.849587D+00  0.415748D+03
  294.7552  0.803676D+00  0.807821D+00 -0.116468D+04
  295.0753  0.811399D+00  0.813082D+00 -0.471696D+03
  295.3950  0.890359D+00  0.887473D+00  0.458376D+03
  295.7143  0.914604D+00  0.913559D+00  0.160327D+03
  296.0332  0.954114D+00  0.957982D+00 -0.556794D+03
  296.3516  0.913213D+00  0.915103D+00 -0.287373D+03
  296.6696  0.737464D+00  0.736681D+00  0.219930D+03
  296.9872  0.678075D+00  0.677552D+00  0.146962D+03
   21 292.504 298.882 295.693  6.850D-04  0.000D+00  1.048D+00  8.879D+02 10300  2.808D-03
  292.5041  0.795505D+00  0.793140D+00  0.664474D+03
  292.8268  0.778459D+00  0.782601D+00 -0.116396D+04
  293.1490  0.894861D+00  0.889198D+00  0.898823D+03
  293.4710  0.919088D+00  0.912900D+00  0.951693D+03
  293.7926  0.804420D+00  0.806599D+00 -0.612372D+03
  294.1139  0.799505D+00  0.799673D+00 -0.471870D+02
  294.4347  0.851639D+00  0.849642D+00  0.404685D+03
  294.7552  0.803676D+00  0.809619D+00 -0.167010D+04
  295.0753  0.811399D+00  0.812473D+00 -0.300985D+03
  295.3950  0.890359D+00  0.882412D+00  0.126219D+04
  295.7143  0.914604D+00  0.908441D+00  0.945196D+03
  296.0332  0.954114D+00  0.949410D+00  0.677338D+03
  296.3516  0.913213D+00  0.906186D+00  0.106881D+04
  296.6696  0.737464D+00  0.735254D+00  0.620930D+03
  296.9872  0.678075D+00  0.676511D+00  0.439596D+03
  297.3043  0.767313D+00  0.770872D+00 -0.100023D+04
  297.6208  0.939552D+00  0.947826D+00 -0.118212D+04
  297.9369  0.954993D+00  0.962423D+00 -0.104389D+04
  298.2524  0.743186D+00  0.745322D+00 -0.600167D+03
  298.5675  0.646552D+00  0.643075D+00  0.977036D+03
  298.8820  0.782855D+00  0.781374D+00  0.394855D+03
   21 294.435 300.756 297.596 -7.797D-03  0.000D+00  1.087D+00  3.008D+03 10300  9.751D-03
  294.4347  0.851639D+00  0.864602D+00 -0.262696D+04
  294.7552  0.803676D+00  0.806251D+00 -0.723511D+03
  295.0753  0.811399D+00  0.805567D+00  0.163476D+04
  295.3950  0.890359D+00  0.873548D+00  0.267008D+04
  295.7143  0.914604D+00  0.898376D+00  0.248873D+04
  296.0332  0.954114D+00  0.943609D+00  0.151247D+04
  296.3516  0.913213D+00  0.901876D+00  0.172446D+04
  296.6696  0.737464D+00  0.733748D+00  0.104421D+04
  296.9872  0.678075D+00  0.684123D+00 -0.169949D+04
  297.3043  0.767313D+00  0.786310D+00 -0.533781D+04
  297.6208  0.939552D+00  0.964721D+00 -0.359565D+04
  297.9369  0.954993D+00  0.967338D+00 -0.173449D+04
  298.2524  0.743186D+00  0.746764D+00 -0.100545D+04
  298.5675  0.646552D+00  0.646207D+00  0.970644D+02
  298.8820  0.782855D+00  0.765323D+00  0.467453D+04
  299.1959  0.888567D+00  0.846804D+00  0.632608D+04
  299.5092  0.841433D+00  0.817028D+00  0.388469D+04
  299.8220  0.782996D+00  0.782339D+00  0.146260D+03
  300.1341  0.662568D+00  0.676257D+00 -0.384641D+04
  300.4456  0.657189D+00  0.670804D+00 -0.382571D+04
  300.7565  0.726201D+00  0.717892D+00  0.233490D+04
   21 296.352 302.607 299.479  2.996D-03  0.000D+00  1.064D+00  4.997D+03 10300  1.558D-02
  296.3516  0.913213D+00  0.858761D+00  0.828227D+04
  296.6696  0.737464D+00  0.732845D+00  0.129792D+04
  296.9872  0.678075D+00  0.690021D+00 -0.335656D+04
  297.3043  0.767313D+00  0.792792D+00 -0.715928D+04
  297.6208  0.939552D+00  0.966713D+00 -0.388015D+04
  297.9369  0.954993D+00  0.974130D+00 -0.268867D+04
  298.2524  0.743186D+00  0.757067D+00 -0.390045D+04
  298.5675  0.646552D+00  0.643183D+00  0.946556D+03
  298.8820  0.782855D+00  0.746765D+00  0.962291D+04
  299.1959  0.888567D+00  0.826153D+00  0.945428D+04
  299.5092  0.841433D+00  0.795488D+00  0.731326D+04
  299.8220  0.782996D+00  0.766494D+00  0.367271D+04
  300.1341  0.662568D+00  0.667101D+00 -0.127385D+04
  300.4456  0.657189D+00  0.670904D+00 -0.385372D+04
  300.7565  0.726201D+00  0.745156D+00 -0.532604D+04
  301.0667  0.786725D+00  0.806247D+00 -0.325024D+04
  301.3762  0.837167D+00  0.859190D+00 -0.333828D+04
  301.6849  0.770890D+00  0.789011D+00 -0.306446D+04
  301.9930  0.666538D+00  0.656970D+00  0.268842D+04
  302.3003  0.731713D+00  0.712425D+00  0.452950D+04
  302.6068  0.908358D+00  0.913184D+00 -0.678028D+03
   21 298.252 304.429 301.340 -3.688D-02  0.000D+00  1.027D+00  5.089D+03 10300  2.079D-02
  298.2524  0.743186D+00  0.759468D+00 -0.457486D+04
  298.5675  0.646552D+00  0.664269D+00 -0.497809D+04
  298.8820  0.782855D+00  0.763425D+00  0.518080D+04
  299.1959  0.888567D+00  0.818094D+00  0.106750D+05
  299.5092  0.841433D+00  0.789524D+00  0.826265D+04
  299.8220  0.782996D+00  0.750136D+00  0.731314D+04
  300.1341  0.662568D+00  0.663336D+00 -0.215722D+03
  300.4456  0.657189D+00  0.684694D+00 -0.772840D+04
  300.7565  0.726201D+00  0.756944D+00 -0.863826D+04
  301.0667  0.786725D+00  0.821751D+00 -0.583156D+04
  301.3762  0.837167D+00  0.858301D+00 -0.320343D+04
  301.6849  0.770890D+00  0.768309D+00  0.436345D+03
  301.9930  0.666538D+00  0.651273D+00  0.428931D+04
  302.3003  0.731713D+00  0.717199D+00  0.340835D+04
  302.6068  0.908358D+00  0.888234D+00  0.282729D+04
  302.9125  0.104766D+01  0.102622D+01  0.301313D+04
  303.2175  0.111255D+01  0.110682D+01  0.804190D+03
  303.5215  0.110237D+01  0.110708D+01 -0.662037D+03
  303.8248  0.102715D+01  0.102369D+01  0.486344D+03
  304.1271  0.100951D+01  0.100998D+01 -0.653931D+02
  304.4285  0.105366D+01  0.107427D+01 -0.289533D+04
   21 300.134 306.217 303.175 -3.353D-02  0.000D+00  1.085D+00  2.602D+03 10300  1.411D-02
  300.1341  0.662568D+00  0.642178D+00  0.572923D+04
  300.4456  0.657189D+00  0.665717D+00 -0.239625D+04
  300.7565  0.726201D+00  0.740245D+00 -0.394603D+04
  301.0667  0.786725D+00  0.808173D+00 -0.357082D+04
  301.3762  0.837167D+00  0.849748D+00 -0.190701D+04
  301.6849  0.770890D+00  0.767008D+00  0.656412D+03
  301.9930  0.666538D+00  0.656477D+00  0.282708D+04
  302.3003  0.731713D+00  0.722681D+00  0.212088D+04
  302.6068  0.908358D+00  0.894902D+00  0.189045D+04
  302.9125  0.104766D+01  0.103586D+01  0.165899D+04
  303.2175  0.111255D+01  0.111646D+01 -0.549918D+03
  303.5215  0.110237D+01  0.111301D+01 -0.149521D+04
  303.8248  0.102715D+01  0.102804D+01 -0.125569D+03
  304.1271  0.100951D+01  0.100325D+01  0.879582D+03
  304.4285  0.105366D+01  0.104808D+01  0.783392D+03
  304.7290  0.107846D+01  0.106452D+01  0.195796D+04
  305.0285  0.108585D+01  0.109482D+01 -0.120544D+04
  305.3271  0.105435D+01  0.108550D+01 -0.437578D+04
  305.6246  0.918964D+00  0.939525D+00 -0.288863D+04
  305.9211  0.842633D+00  0.838143D+00  0.630842D+03
  306.2166  0.889073D+00  0.861226D+00  0.391231D+04
   21 301.993 307.965 304.979 -4.579D-02  0.000D+00  1.069D+00  2.153D+03 10300  1.447D-02
  301.9930  0.666538D+00  0.658761D+00  0.218519D+04
  302.3003  0.731713D+00  0.738001D+00 -0.147668D+04
  302.6068  0.908358D+00  0.915610D+00 -0.101880D+04
  302.9125  0.104766D+01  0.105461D+01 -0.975399D+03
  303.2175  0.111255D+01  0.112882D+01 -0.228586D+04
  303.5215  0.110237D+01  0.111417D+01 -0.165881D+04
  303.8248  0.102715D+01  0.101898D+01  0.114732D+04
  304.1271  0.100951D+01  0.992319D+00  0.241545D+04
  304.4285  0.105366D+01  0.103407D+01  0.275158D+04
  304.7290  0.107846D+01  0.104586D+01  0.457989D+04
  305.0285  0.108585D+01  0.107982D+01  0.811007D+03
  305.3271  0.105435D+01  0.107419D+01 -0.278666D+04
  305.6246  0.918964D+00  0.936436D+00 -0.245464D+04
  305.9211  0.842633D+00  0.858628D+00 -0.224717D+04
  306.2166  0.889073D+00  0.912097D+00 -0.323478D+04
  306.5109  0.924824D+00  0.925650D+00 -0.116013D+03
  306.8042  0.948793D+00  0.942786D+00  0.843900D+03
  307.0963  0.102922D+01  0.101504D+01  0.199244D+04
  307.3871  0.106613D+01  0.104884D+01  0.242880D+04
  307.6768  0.105735D+01  0.105910D+01 -0.245932D+03
  307.9653  0.105400D+01  0.107428D+01 -0.201638D+04
   21 312.828 315.960 314.394  1.316D-02  0.000D+00  9.791D-01  2.494D+02 10300  1.392D-03
  312.8282  0.107262D+01  0.107412D+01 -0.134474D+03
  312.9855  0.108948D+01  0.109118D+01 -0.143829D+03
  313.1426  0.108845D+01  0.108407D+01  0.378228D+03
  313.2998  0.106435D+01  0.106198D+01  0.211303D+03
  313.4568  0.105687D+01  0.105653D+01  0.301445D+02
  313.6138  0.109805D+01  0.109924D+01 -0.101051D+03
  313.7707  0.118258D+01  0.118728D+01 -0.380944D+03
  313.9276  0.126661D+01  0.126875D+01 -0.170245D+03
  314.0843  0.128296D+01  0.127718D+01  0.459970D+03
  314.2410  0.116753D+01  0.117086D+01 -0.273557D+03
  314.3976  0.972501D+00  0.972933D+00 -0.339807D+02
  314.5542  0.852292D+00  0.850267D+00  0.201098D+03
  314.7107  0.909632D+00  0.914128D+00 -0.428284D+03
  314.8671  0.106247D+01  0.106026D+01  0.195784D+03
  315.0234  0.116717D+01  0.116463D+01  0.204034D+03
  315.1797  0.119847D+01  0.119637D+01  0.167329D+03
  315.3359  0.118827D+01  0.118668D+01  0.126108D+03
  315.4921  0.114070D+01  0.114143D+01 -0.586195D+02
  315.6482  0.102799D+01  0.103265D+01 -0.415630D+03
  315.8042  0.873068D+00  0.873992D+00 -0.911146D+02
  315.9601  0.761173D+00  0.758419D+00  0.273631D+03
   21 313.771 316.894 315.332  1.033D-02  0.000D+00  9.777D-01  2.825D+02 10000  1.311D-03
  313.7707  0.118258D+01  0.118591D+01 -0.269840D+03
  313.9276  0.126661D+01  0.126823D+01 -0.129221D+03
  314.0843  0.128296D+01  0.127603D+01  0.551119D+03
  314.2410  0.116753D+01  0.116807D+01 -0.439405D+02
  314.3976  0.972501D+00  0.969776D+00  0.214752D+03
  314.5542  0.852292D+00  0.850098D+00  0.217939D+03
  314.7107  0.909632D+00  0.916657D+00 -0.669232D+03
  314.8671  0.106247D+01  0.106271D+01 -0.208304D+02
  315.0234  0.116717D+01  0.116563D+01  0.123780D+03
  315.1797  0.119847D+01  0.119641D+01  0.164030D+03
  315.3359  0.118827D+01  0.118668D+01  0.125873D+03
  315.4921  0.114070D+01  0.114145D+01 -0.601123D+02
  315.6482  0.102799D+01  0.103263D+01 -0.414048D+03
  315.8042  0.873068D+00  0.875062D+00 -0.196669D+03
  315.9601  0.761173D+00  0.762720D+00 -0.153642D+03
  316.1160  0.766428D+00  0.766665D+00 -0.235276D+02
  316.2717  0.868756D+00  0.864452D+00  0.427609D+03
  316.4275  0.981972D+00  0.979593D+00  0.214957D+03
  316.5831  0.105615D+01  0.105197D+01  0.343303D+03
  316.7387  0.109633D+01  0.109866D+01 -0.186908D+03
  316.8942  0.115510D+01  0.115821D+01 -0.247645D+03
   21 314.711 317.826 316.268  6.594D-03  0.000D+00  9.779D-01  2.893D+02 10300  2.411D-03
  314.7107  0.909632D+00  0.915100D+00 -0.520891D+03
  314.8671  0.106247D+01  0.106150D+01  0.863785D+02
  315.0234  0.116717D+01  0.116352D+01  0.293538D+03
  315.1797  0.119847D+01  0.119418D+01  0.341333D+03
  315.3359  0.118827D+01  0.118513D+01  0.249424D+03
  315.4921  0.114070D+01  0.113994D+01  0.620270D+02
  315.6482  0.102799D+01  0.103036D+01 -0.211621D+03
  315.8042  0.873068D+00  0.873016D+00  0.512055D+01
  315.9601  0.761173D+00  0.763145D+00 -0.195859D+03
  316.1160  0.766428D+00  0.770065D+00 -0.361307D+03
  316.2717  0.868756D+00  0.869354D+00 -0.593925D+02
  316.4275  0.981972D+00  0.983549D+00 -0.142445D+03
  316.5831  0.105615D+01  0.105380D+01  0.193213D+03
  316.7387  0.109633D+01  0.109860D+01 -0.181667D+03
  316.8942  0.115510D+01  0.115625D+01 -0.912595D+02
  317.0496  0.126087D+01  0.125902D+01  0.146970D+03
  317.2050  0.137497D+01  0.137744D+01 -0.196540D+03
  317.3603  0.142591D+01  0.142441D+01  0.119738D+03
  317.5155  0.141366D+01  0.140457D+01  0.721782D+03
  317.6707  0.136038D+01  0.136018D+01  0.160544D+02
  317.8258  0.123186D+01  0.123873D+01 -0.546243D+03
   21 315.648 318.755 317.202  6.147D-03  0.000D+00  9.785D-01  2.438D+02 10300  1.888D-03
  315.6482  0.102799D+01  0.102768D+01  0.269600D+02
  315.8042  0.873068D+00  0.870979D+00  0.206053D+03
  315.9601  0.761173D+00  0.761815D+00 -0.637234D+02
  316.1160  0.766428D+00  0.769313D+00 -0.286576D+03
  316.2717  0.868756D+00  0.868950D+00 -0.192481D+02
  316.4275  0.981972D+00  0.983258D+00 -0.116160D+03
  316.5831  0.105615D+01  0.105353D+01  0.214975D+03
  316.7387  0.109633D+01  0.109847D+01 -0.171022D+03
  316.8942  0.115510D+01  0.115633D+01 -0.981146D+02
  317.0496  0.126087D+01  0.125937D+01  0.119291D+03
  317.2050  0.137497D+01  0.137774D+01 -0.220088D+03
  317.3603  0.142591D+01  0.142444D+01  0.116889D+03
  317.5155  0.141366D+01  0.140452D+01  0.725436D+03
  317.6707  0.136038D+01  0.135982D+01  0.451636D+02
  317.8258  0.123186D+01  0.123790D+01 -0.480151D+03
  317.9808  0.104166D+01  0.104116D+01  0.431072D+02
  318.1358  0.902349D+00  0.905363D+00 -0.279184D+03
  318.2906  0.893856D+00  0.896200D+00 -0.217404D+03
  318.4455  0.970324D+00  0.968513D+00  0.153828D+03
  318.6002  0.106571D+01  0.106657D+01 -0.693421D+02
  318.7549  0.116846D+01  0.116629D+01  0.172110D+03
   21 316.583 319.682 318.132  3.129D-03  0.000D+00  9.805D-01  3.354D+02 10300  1.816D-03
  316.5831  0.105615D+01  0.105221D+01  0.323277D+03
  316.7387  0.109633D+01  0.109791D+01 -0.126389D+03
  316.8942  0.115510D+01  0.115719D+01 -0.166235D+03
  317.0496  0.126087D+01  0.126193D+01 -0.840479D+02
  317.2050  0.137497D+01  0.138030D+01 -0.423937D+03
  317.3603  0.142591D+01  0.142575D+01  0.127656D+02
  317.5155  0.141366D+01  0.140546D+01  0.650927D+03
  317.6707  0.136038D+01  0.135991D+01  0.375803D+02
  317.8258  0.123186D+01  0.123564D+01 -0.300277D+03
  317.9808  0.104166D+01  0.103831D+01  0.284458D+03
  318.1358  0.902349D+00  0.904373D+00 -0.187559D+03
  318.2906  0.893856D+00  0.896771D+00 -0.270310D+03
  318.4455  0.970324D+00  0.969186D+00  0.966773D+02
  318.6002  0.106571D+01  0.106621D+01 -0.402757D+02
  318.7549  0.116846D+01  0.116432D+01  0.329022D+03
  318.9095  0.124954D+01  0.124563D+01  0.310193D+03
  319.0641  0.122527D+01  0.123059D+01 -0.422841D+03
  319.2185  0.109492D+01  0.109381D+01  0.892371D+02
  319.3729  0.992305D+00  0.992462D+00 -0.126389D+02
  319.5272  0.101530D+01  0.102473D+01 -0.762941D+03
  319.6815  0.112805D+01  0.112073D+01  0.581456D+03
   21 317.516 320.606 319.061  1.510D-03  0.000D+00  9.786D-01  3.335D+02 10300  1.977D-03
  317.5155  0.141366D+01  0.141189D+01  0.139967D+03
  317.6707  0.136038D+01  0.136270D+01 -0.183919D+03
  317.8258  0.123186D+01  0.123499D+01 -0.248262D+03
  317.9808  0.104166D+01  0.103630D+01  0.454155D+03
  318.1358  0.902349D+00  0.902991D+00 -0.595490D+02
  318.2906  0.893856D+00  0.896147D+00 -0.212484D+03
  318.4455  0.970324D+00  0.968861D+00  0.124274D+03
  318.6002  0.106571D+01  0.106601D+01 -0.244158D+02
  318.7549  0.116846D+01  0.116444D+01  0.319316D+03
  318.9095  0.124954D+01  0.124592D+01  0.287845D+03
  319.0641  0.122527D+01  0.123024D+01 -0.394937D+03
  319.2185  0.109492D+01  0.109345D+01  0.117392D+03
  319.3729  0.992305D+00  0.993939D+00 -0.131831D+03
  319.5272  0.101530D+01  0.102817D+01 -0.104135D+04
  319.6815  0.112805D+01  0.112537D+01  0.213210D+03
  319.8357  0.123448D+01  0.122982D+01  0.370321D+03
  319.9898  0.130159D+01  0.129842D+01  0.252175D+03
  320.1439  0.132377D+01  0.132085D+01  0.231778D+03
  320.2979  0.135749D+01  0.135753D+01 -0.348863D+01
  320.4518  0.140997D+01  0.141570D+01 -0.421814D+03
  320.6056  0.144700D+01  0.144519D+01  0.125823D+03
   21 318.445 321.527 319.986  5.025D-04  0.000D+00  9.760D-01  3.147D+02 10300  1.872D-03
  318.4455  0.970324D+00  0.970117D+00  0.176399D+02
  318.6002  0.106571D+01  0.106739D+01 -0.135587D+03
  318.7549  0.116846D+01  0.116574D+01  0.215662D+03
  318.9095  0.124954D+01  0.124671D+01  0.224830D+03
  319.0641  0.122527D+01  0.122979D+01 -0.359404D+03
  319.2185  0.109492D+01  0.109228D+01  0.211637D+03
  319.3729  0.992305D+00  0.993289D+00 -0.794024D+02
  319.5272  0.101530D+01  0.102797D+01 -0.102541D+04
  319.6815  0.112805D+01  0.112506D+01  0.237133D+03
  319.8357  0.123448D+01  0.122926D+01  0.414260D+03
  319.9898  0.130159D+01  0.129750D+01  0.325227D+03
  320.1439  0.132377D+01  0.132009D+01  0.292408D+03
  320.2979  0.135749D+01  0.135753D+01 -0.333117D+01
  320.4518  0.140997D+01  0.141659D+01 -0.487510D+03
  320.6056  0.144700D+01  0.144705D+01 -0.340437D+01
  320.7593  0.140463D+01  0.140520D+01 -0.420317D+02
  320.9131  0.127842D+01  0.127863D+01 -0.157900D+02
  321.0668  0.111755D+01  0.111573D+01  0.144808D+03
  321.2203  0.992820D+00  0.995097D+00 -0.183867D+03
  321.3738  0.957045D+00  0.955405D+00  0.132665D+03
  321.5273  0.997165D+00  0.996854D+00  0.249113D+02
   21 319.373 322.446 320.910 -1.586D-03  0.000D+00  9.700D-01  3.538D+02 10300  2.270D-03
  319.3729  0.992305D+00  0.989668D+00  0.212691D+03
  319.5272  0.101530D+01  0.102684D+01 -0.933855D+03
  319.6815  0.112805D+01  0.112496D+01  0.245202D+03
  319.8357  0.123448D+01  0.122958D+01  0.388973D+03
  319.9898  0.130159D+01  0.129749D+01  0.325594D+03
  320.1439  0.132377D+01  0.132019D+01  0.284222D+03
  320.2979  0.135749D+01  0.135833D+01 -0.656639D+02
  320.4518  0.140997D+01  0.141758D+01 -0.560636D+03
  320.6056  0.144700D+01  0.144755D+01 -0.381159D+02
  320.7593  0.140463D+01  0.140485D+01 -0.163235D+02
  320.9131  0.127842D+01  0.127769D+01  0.555154D+02
  321.0668  0.111755D+01  0.111532D+01  0.177282D+03
  321.2203  0.992820D+00  0.996225D+00 -0.274913D+03
  321.3738  0.957045D+00  0.958602D+00 -0.125878D+03
  321.5273  0.997165D+00  0.100253D+01 -0.429188D+03
  321.6806  0.110222D+01  0.110080D+01  0.112825D+03
  321.8339  0.122291D+01  0.121612D+01  0.539132D+03
  321.9871  0.130089D+01  0.129976D+01  0.890995D+02
  322.1403  0.128910D+01  0.129158D+01 -0.189216D+03
  322.2933  0.122464D+01  0.121954D+01  0.405390D+03
  322.4464  0.115536D+01  0.116057D+01 -0.414413D+03
   21 320.298 323.363 321.830 -2.684D-03  0.000D+00  9.640D-01  2.798D+02 10300  1.749D-03
  320.2979  0.135749D+01  0.135535D+01  0.167423D+03
  320.4518  0.140997D+01  0.141533D+01 -0.394501D+03
  320.6056  0.144700D+01  0.144569D+01  0.908714D+02
  320.7593  0.140463D+01  0.140318D+01  0.106347D+03
  320.9131  0.127842D+01  0.127621D+01  0.169054D+03
  321.0668  0.111755D+01  0.111435D+01  0.254551D+03
  321.2203  0.992820D+00  0.996043D+00 -0.260191D+03
  321.3738  0.957045D+00  0.959213D+00 -0.175364D+03
  321.5273  0.997165D+00  0.100378D+01 -0.528868D+03
  321.6806  0.110222D+01  0.110232D+01 -0.767829D+01
  321.8339  0.122291D+01  0.121746D+01  0.432602D+03
  321.9871  0.130089D+01  0.130018D+01  0.559204D+02
  322.1403  0.128910D+01  0.129062D+01 -0.116070D+03
  322.2933  0.122464D+01  0.121768D+01  0.553412D+03
  322.4464  0.115536D+01  0.115786D+01 -0.199290D+03
  322.5994  0.108744D+01  0.109297D+01 -0.439628D+03
  322.7522  0.100288D+01  0.100423D+01 -0.108250D+03
  322.9051  0.944132D+00  0.945837D+00 -0.136179D+03
  323.0578  0.975913D+00  0.970443D+00  0.434714D+03
  323.2105  0.105042D+01  0.105027D+01  0.112497D+02
  323.3631  0.108181D+01  0.108288D+01 -0.846847D+02
   21 321.220 324.277 322.749 -5.787D-03  0.000D+00  9.610D-01  2.633D+02 10300  2.103D-03
  321.2203  0.992820D+00  0.991202D+00  0.130576D+03
  321.3738  0.957045D+00  0.956880D+00  0.133911D+02
  321.5273  0.997165D+00  0.100343D+01 -0.500866D+03
  321.6806  0.110222D+01  0.110313D+01 -0.721300D+02
  321.8339  0.122291D+01  0.121874D+01  0.331343D+03
  321.9871  0.130089D+01  0.130065D+01  0.186283D+02
  322.1403  0.128910D+01  0.128967D+01 -0.435316D+02
  322.2933  0.122464D+01  0.121684D+01  0.619888D+03
  322.4464  0.115536D+01  0.115775D+01 -0.190262D+03
  322.5994  0.108744D+01  0.109246D+01 -0.399067D+03
  322.7522  0.100288D+01  0.100370D+01 -0.658645D+02
  322.9051  0.944132D+00  0.946578D+00 -0.195324D+03
  323.0578  0.975913D+00  0.972981D+00  0.233021D+03
  323.2105  0.105042D+01  0.105284D+01 -0.192297D+03
  323.3631  0.108181D+01  0.108358D+01 -0.140498D+03
  323.5156  0.106051D+01  0.105689D+01  0.287660D+03
  323.6682  0.105681D+01  0.105728D+01 -0.377174D+02
  323.8205  0.110718D+01  0.110939D+01 -0.175685D+03
  323.9729  0.118740D+01  0.118234D+01  0.402453D+03
  324.1251  0.125172D+01  0.125066D+01  0.827251D+02
  324.2773  0.128549D+01  0.128850D+01 -0.231746D+03
   21 322.140 325.189 323.665 -5.962D-03  0.000D+00  9.633D-01  2.365D+02 10300  2.765D-03
  322.1403  0.128910D+01  0.129281D+01 -0.282856D+03
  322.2933  0.122464D+01  0.121745D+01  0.571343D+03
  322.4464  0.115536D+01  0.115698D+01 -0.129301D+03
  322.5994  0.108744D+01  0.109098D+01 -0.281219D+03
  322.7522  0.100288D+01  0.100204D+01  0.666749D+02
  322.9051  0.944132D+00  0.945159D+00 -0.820459D+02
  323.0578  0.975913D+00  0.971991D+00  0.311744D+03
  323.2105  0.105042D+01  0.105230D+01 -0.149831D+03
  323.3631  0.108181D+01  0.108353D+01 -0.136933D+03
  323.5156  0.106051D+01  0.105740D+01  0.246802D+03
  323.6682  0.105681D+01  0.105829D+01 -0.117841D+03
  323.8205  0.110718D+01  0.111067D+01 -0.277624D+03
  323.9729  0.118740D+01  0.118354D+01  0.307118D+03
  324.1251  0.125172D+01  0.125122D+01  0.390772D+02
  324.2773  0.128549D+01  0.128769D+01 -0.169912D+03
  324.4295  0.130810D+01  0.130429D+01  0.287818D+03
  324.5815  0.131562D+01  0.131957D+01 -0.292880D+03
  324.7335  0.129123D+01  0.129257D+01 -0.101519D+03
  324.8855  0.123590D+01  0.123272D+01  0.251788D+03
  325.0374  0.121410D+01  0.121421D+01 -0.896332D+01
  325.1891  0.124746D+01  0.124821D+01 -0.580574D+02
   21 323.058 326.098 324.578 -5.248D-03  0.000D+00  9.655D-01  2.465D+02 10000  2.866D-03
  323.0578  0.975913D+00  0.971061D+00  0.385579D+03
  323.2105  0.105042D+01  0.105284D+01 -0.193015D+03
  323.3631  0.108181D+01  0.108523D+01 -0.271580D+03
  323.5156  0.106051D+01  0.105935D+01  0.922950D+02
  323.6682  0.105681D+01  0.105971D+01 -0.230894D+03
  323.8205  0.110718D+01  0.111131D+01 -0.328378D+03
  323.9729  0.118740D+01  0.118331D+01  0.325446D+03
  324.1251  0.125172D+01  0.125010D+01  0.127595D+03
  324.2773  0.128549D+01  0.128592D+01 -0.334786D+02
  324.4295  0.130810D+01  0.130205D+01  0.456727D+03
  324.5815  0.131562D+01  0.131736D+01 -0.128640D+03
  324.7335  0.129123D+01  0.129139D+01 -0.122306D+02
  324.8855  0.123590D+01  0.123300D+01  0.229483D+03
  325.0374  0.121410D+01  0.121656D+01 -0.195484D+03
  325.1891  0.124746D+01  0.125414D+01 -0.519141D+03
  325.3409  0.132574D+01  0.132438D+01  0.972484D+02
  325.4925  0.143421D+01  0.143272D+01  0.996443D+02
  325.6441  0.155345D+01  0.155603D+01 -0.167576D+03
  325.7956  0.164350D+01  0.164087D+01  0.174119D+03
  325.9471  0.169147D+01  0.168846D+01  0.199240D+03
  326.0984  0.169960D+01  0.170177D+01 -0.143681D+03
   21 323.973 327.005 325.489 -1.171D-03  0.000D+00  9.709D-01  2.187D+02 10000  2.345D-03
  323.9729  0.118740D+01  0.118856D+01 -0.920952D+02
  324.1251  0.125172D+01  0.125228D+01 -0.448019D+02
  324.2773  0.128549D+01  0.128660D+01 -0.854700D+02
  324.4295  0.130810D+01  0.130133D+01  0.511329D+03
  324.5815  0.131562D+01  0.131633D+01 -0.526239D+02
  324.7335  0.129123D+01  0.129201D+01 -0.588523D+02
  324.8855  0.123590D+01  0.123401D+01  0.150224D+03
  325.0374  0.121410D+01  0.121664D+01 -0.201975D+03
  325.1891  0.124746D+01  0.125405D+01 -0.512188D+03
  325.3409  0.132574D+01  0.132424D+01  0.107145D+03
  325.4925  0.143421D+01  0.143223D+01  0.132938D+03
  325.6441  0.155345D+01  0.155611D+01 -0.172643D+03
  325.7956  0.164350D+01  0.164120D+01  0.152214D+03
  325.9471  0.169147D+01  0.168718D+01  0.284162D+03
  326.0984  0.169960D+01  0.169765D+01  0.129259D+03
  326.2498  0.166166D+01  0.166254D+01 -0.579446D+02
  326.4011  0.159487D+01  0.160047D+01 -0.370908D+03
  326.5522  0.156852D+01  0.156605D+01  0.163334D+03
  326.7033  0.160857D+01  0.160784D+01  0.482233D+02
  326.8544  0.165682D+01  0.165949D+01 -0.176477D+03
  327.0054  0.163926D+01  0.163756D+01  0.112475D+03
   21 324.885 327.910 326.398  1.692D-03  0.000D+00  9.763D-01  2.111D+02 10340  2.556D-03
  324.8855  0.123590D+01  0.123142D+01  0.355082D+03
  325.0374  0.121410D+01  0.121572D+01 -0.128621D+03
  325.1891  0.124746D+01  0.125420D+01 -0.524219D+03
  325.3409  0.132574D+01  0.132482D+01  0.655979D+02
  325.4925  0.143421D+01  0.143258D+01  0.109498D+03
  325.6441  0.155345D+01  0.155676D+01 -0.215068D+03
  325.7956  0.164350D+01  0.164200D+01  0.993403D+02
  325.9471  0.169147D+01  0.168740D+01  0.269600D+03
  326.0984  0.169960D+01  0.169746D+01  0.141519D+03
  326.2498  0.166166D+01  0.166207D+01 -0.271883D+02
  326.4011  0.159487D+01  0.159966D+01 -0.317145D+03
  326.5522  0.156852D+01  0.156436D+01  0.274984D+03
  326.7033  0.160857D+01  0.160552D+01  0.201976D+03
  326.8544  0.165682D+01  0.165931D+01 -0.164715D+03
  327.0054  0.163926D+01  0.164226D+01 -0.198797D+03
  327.1563  0.158351D+01  0.158591D+01 -0.157289D+03
  327.3071  0.157540D+01  0.157384D+01  0.102913D+03
  327.4579  0.160411D+01  0.160494D+01 -0.546769D+02
  327.6086  0.161460D+01  0.161200D+01  0.172142D+03
  327.7593  0.158049D+01  0.158068D+01 -0.127948D+02
  327.9099  0.154818D+01  0.154848D+01 -0.203535D+02
   21 325.796 328.812 327.304 -7.185D-03  0.000D+00  9.734D-01  1.534D+02 10300  2.264D-03
  325.7956  0.164350D+01  0.164612D+01 -0.173348D+03
  325.9471  0.169147D+01  0.168994D+01  0.101310D+03
  326.0984  0.169960D+01  0.169756D+01  0.135058D+03
  326.2498  0.166166D+01  0.165975D+01  0.127043D+03
  326.4011  0.159487D+01  0.159701D+01 -0.141996D+03
  326.5522  0.156852D+01  0.156570D+01  0.186123D+03
  326.7033  0.160857D+01  0.161016D+01 -0.105481D+03
  326.8544  0.165682D+01  0.166071D+01 -0.257165D+03
  327.0054  0.163926D+01  0.163931D+01 -0.353760D+01
  327.1563  0.158351D+01  0.158379D+01 -0.180327D+02
  327.3071  0.157540D+01  0.157524D+01  0.101202D+02
  327.4579  0.160411D+01  0.160633D+01 -0.147089D+03
  327.6086  0.161460D+01  0.161068D+01  0.259874D+03
  327.7593  0.158049D+01  0.157822D+01  0.150307D+03
  327.9099  0.154818D+01  0.154701D+01  0.775523D+02
  328.0603  0.153392D+01  0.153606D+01 -0.141762D+03
  328.2108  0.153559D+01  0.153617D+01 -0.382722D+02
  328.3612  0.153409D+01  0.153180D+01  0.151099D+03
  328.5115  0.149675D+01  0.149915D+01 -0.159023D+03
  328.6617  0.142988D+01  0.143340D+01 -0.233194D+03
  328.8119  0.143054D+01  0.142733D+01  0.212511D+03
   21 326.703 329.712 328.207 -7.309D-03  0.000D+00  9.730D-01  2.170D+02 10300  2.755D-03
  326.7033  0.160857D+01  0.160930D+01 -0.484969D+02
  326.8544  0.165682D+01  0.165920D+01 -0.157255D+03
  327.0054  0.163926D+01  0.163758D+01  0.111116D+03
  327.1563  0.158351D+01  0.158225D+01  0.829962D+02
  327.3071  0.157540D+01  0.157412D+01  0.846380D+02
  327.4579  0.160411D+01  0.160570D+01 -0.105514D+03
  327.6086  0.161460D+01  0.161061D+01  0.264397D+03
  327.7593  0.158049D+01  0.157873D+01  0.116596D+03
  327.9099  0.154818D+01  0.154803D+01  0.965567D+01
  328.0603  0.153392D+01  0.153746D+01 -0.234705D+03
  328.2108  0.153559D+01  0.153773D+01 -0.141941D+03
  328.3612  0.153409D+01  0.153323D+01  0.565897D+02
  328.5115  0.149675D+01  0.150005D+01 -0.218435D+03
  328.6617  0.142988D+01  0.143341D+01 -0.234319D+03
  328.8119  0.143054D+01  0.142616D+01  0.290193D+03
  328.9620  0.154052D+01  0.154471D+01 -0.277837D+03
  329.1121  0.169240D+01  0.169378D+01 -0.875171D+02
  329.2621  0.179418D+01  0.178418D+01  0.590288D+03
  329.4120  0.183814D+01  0.183456D+01  0.208275D+03
  329.5618  0.185954D+01  0.185965D+01 -0.639617D+01
  329.7115  0.186434D+01  0.186978D+01 -0.314269D+03
   21 327.609 330.609 329.109 -5.802D-03  0.000D+00  9.805D-01  1.899D+02 10300  2.360D-03
  327.6086  0.161460D+01  0.161499D+01 -0.259663D+02
  327.7593  0.158049D+01  0.158005D+01  0.288447D+02
  327.9099  0.154818D+01  0.154711D+01  0.706421D+02
  328.0603  0.153392D+01  0.153531D+01 -0.923232D+02
  328.2108  0.153559D+01  0.153532D+01  0.183103D+02
  328.3612  0.153409D+01  0.153136D+01  0.180787D+03
  328.5115  0.149675D+01  0.149943D+01 -0.177415D+03
  328.6617  0.142988D+01  0.143344D+01 -0.235888D+03
  328.8119  0.143054D+01  0.142576D+01  0.316484D+03
  328.9620  0.154052D+01  0.154463D+01 -0.272237D+03
  329.1121  0.169240D+01  0.169502D+01 -0.166203D+03
  329.2621  0.179418D+01  0.178625D+01  0.468421D+03
  329.4120  0.183814D+01  0.183636D+01  0.103229D+03
  329.5618  0.185954D+01  0.186017D+01 -0.364071D+02
  329.7115  0.186434D+01  0.186768D+01 -0.192604D+03
  329.8613  0.189122D+01  0.188882D+01  0.137313D+03
  330.0109  0.192564D+01  0.192656D+01 -0.522766D+02
  330.1605  0.190557D+01  0.190998D+01 -0.250473D+03
  330.3100  0.180063D+01  0.179665D+01  0.230289D+03
  330.4594  0.165495D+01  0.165658D+01 -0.101014D+03
  330.6088  0.154135D+01  0.154040D+01  0.627245D+02
   21 328.511 331.504 330.008 -5.693D-03  0.000D+00  9.831D-01  2.371D+02 10300  2.129D-03
  328.5115  0.149675D+01  0.149410D+01  0.175580D+03
  328.6617  0.142988D+01  0.143196D+01 -0.137857D+03
  328.8119  0.143054D+01  0.142645D+01  0.270898D+03
  328.9620  0.154052D+01  0.154688D+01 -0.421621D+03
  329.1121  0.169240D+01  0.169783D+01 -0.344562D+03
  329.2621  0.179418D+01  0.178850D+01  0.335314D+03
  329.4120  0.183814D+01  0.183739D+01  0.435673D+02
  329.5618  0.185954D+01  0.185965D+01 -0.648370D+01
  329.7115  0.186434D+01  0.186571D+01 -0.789192D+02
  329.8613  0.189122D+01  0.188574D+01  0.313206D+03
  330.0109  0.192564D+01  0.192298D+01  0.150746D+03
  330.1605  0.190557D+01  0.190723D+01 -0.943925D+02
  330.3100  0.180063D+01  0.179636D+01  0.246840D+03
  330.4594  0.165495D+01  0.165991D+01 -0.307587D+03
  330.6088  0.154135D+01  0.154857D+01 -0.477831D+03
  330.7581  0.152194D+01  0.151808D+01  0.255756D+03
  330.9073  0.159332D+01  0.159423D+01 -0.570608D+02
  331.0565  0.167800D+01  0.167683D+01  0.693366D+02
  331.2057  0.168555D+01  0.168241D+01  0.184555D+03
  331.3547  0.162422D+01  0.162642D+01 -0.134499D+03
  331.5037  0.158296D+01  0.158251D+01  0.284205D+02
   21 329.412 332.396 330.904 -7.575D-03  0.000D+00  9.768D-01  2.043D+02   300  2.108D-03
  329.4120  0.183814D+01  0.183969D+01 -0.901801D+02
  329.5618  0.185954D+01  0.186061D+01 -0.621910D+02
  329.7115  0.186434D+01  0.186597D+01 -0.939159D+02
  329.8613  0.189122D+01  0.188593D+01  0.302400D+03
  330.0109  0.192564D+01  0.192292D+01  0.153916D+03
  330.1605  0.190557D+01  0.190603D+01 -0.260581D+02
  330.3100  0.180063D+01  0.179450D+01  0.354369D+03
  330.4594  0.165495D+01  0.165842D+01 -0.215681D+03
  330.6088  0.154135D+01  0.154794D+01 -0.435590D+03
  330.7581  0.152194D+01  0.151915D+01  0.185058D+03
  330.9073  0.159332D+01  0.159645D+01 -0.196420D+03
  331.0565  0.167800D+01  0.167859D+01 -0.350794D+02
  331.2057  0.168555D+01  0.168314D+01  0.141675D+03
  331.3547  0.162422D+01  0.162657D+01 -0.143364D+03
  331.5037  0.158296D+01  0.158294D+01  0.167333D+01
  331.6526  0.161267D+01  0.161395D+01 -0.769185D+02
  331.8014  0.168435D+01  0.168468D+01 -0.188933D+02
  331.9502  0.171674D+01  0.171071D+01  0.350461D+03
  332.0989  0.166622D+01  0.166155D+01  0.273749D+03
  332.2476  0.157080D+01  0.157349D+01 -0.165252D+03
  332.3961  0.153686D+01  0.153971D+01 -0.178030D+03
   21 330.310 333.286 331.798 -5.696D-03  0.000D+00  9.765D-01  2.042D+02 10340  2.278D-03
  330.3100  0.180063D+01  0.179622D+01  0.255236D+03
  330.4594  0.165495D+01  0.165856D+01 -0.224285D+03
  330.6088  0.154135D+01  0.154697D+01 -0.371429D+03
  330.7581  0.152194D+01  0.151671D+01  0.346291D+03
  330.9073  0.159332D+01  0.159344D+01 -0.745772D+01
  331.0565  0.167800D+01  0.167691D+01  0.643606D+02
  331.2057  0.168555D+01  0.168341D+01  0.126224D+03
  331.3547  0.162422D+01  0.162805D+01 -0.233878D+03
  331.5037  0.158296D+01  0.158436D+01 -0.874148D+02
  331.6526  0.161267D+01  0.161480D+01 -0.127979D+03
  331.8014  0.168435D+01  0.168553D+01 -0.692081D+02
  331.9502  0.171674D+01  0.171168D+01  0.294253D+03
  332.0989  0.166622D+01  0.166171D+01  0.264046D+03
  332.2476  0.157080D+01  0.157123D+01 -0.265506D+02
  332.3961  0.153686D+01  0.153281D+01  0.252742D+03
  332.5447  0.159178D+01  0.159573D+01 -0.240928D+03
  332.6931  0.164986D+01  0.165547D+01 -0.326851D+03
  332.8415  0.162705D+01  0.162697D+01  0.469977D+01
  332.9898  0.158226D+01  0.158226D+01  0.100456D+00
  333.1381  0.159979D+01  0.159980D+01 -0.315858D+00
  333.2863  0.163397D+01  0.163204D+01  0.112579D+03
   21 331.206 334.174 332.690 -1.086D-03  0.000D+00  9.759D-01  1.901D+02 10000  2.146D-03
  331.2057  0.168555D+01  0.167985D+01  0.335555D+03
  331.3547  0.162422D+01  0.162862D+01 -0.268706D+03
  331.5037  0.158296D+01  0.158523D+01 -0.142073D+03
  331.6526  0.161267D+01  0.161436D+01 -0.101546D+03
  331.8014  0.168435D+01  0.168559D+01 -0.727792D+02
  331.9502  0.171674D+01  0.171377D+01  0.172366D+03
  332.0989  0.166622D+01  0.166527D+01  0.554815D+02
  332.2476  0.157080D+01  0.157400D+01 -0.196958D+03
  332.3961  0.153686D+01  0.153166D+01  0.324608D+03
  332.5447  0.159178D+01  0.159155D+01  0.140101D+02
  332.6931  0.164986D+01  0.165285D+01 -0.174126D+03
  332.8415  0.162705D+01  0.162656D+01  0.288851D+02
  332.9898  0.158226D+01  0.158119D+01  0.634907D+02
  333.1381  0.159979D+01  0.159807D+01  0.102647D+03
  333.2863  0.163397D+01  0.163360D+01  0.217805D+02
  333.4344  0.159543D+01  0.159523D+01  0.119562D+02
  333.5824  0.148476D+01  0.148708D+01 -0.146559D+03
  333.7304  0.143008D+01  0.142748D+01  0.172084D+03
  333.8783  0.147521D+01  0.147980D+01 -0.288128D+03
  334.0262  0.155448D+01  0.155874D+01 -0.255533D+03
  334.1740  0.160569D+01  0.159986D+01  0.339649D+03
   20 332.099 334.912 333.505 -3.115D-03  0.000D+00  9.720D-01  1.998D+02 10300  2.137D-03
  332.0989  0.166622D+01  0.166579D+01  0.252247D+02
  332.2476  0.157080D+01  0.157390D+01 -0.190965D+03
  332.3961  0.153686D+01  0.153241D+01  0.277884D+03
  332.5447  0.159178D+01  0.159291D+01 -0.688875D+02
  332.6931  0.164986D+01  0.165316D+01 -0.192110D+03
  332.8415  0.162705D+01  0.162562D+01  0.836118D+02
  332.9898  0.158226D+01  0.158044D+01  0.108101D+03
  333.1381  0.159979D+01  0.159834D+01  0.863946D+02
  333.2863  0.163397D+01  0.163405D+01 -0.474628D+01
  333.4344  0.159543D+01  0.159454D+01  0.528409D+02
  333.5824  0.148476D+01  0.148563D+01 -0.547283D+02
  333.7304  0.143008D+01  0.142738D+01  0.179013D+03
  333.8783  0.147521D+01  0.148173D+01 -0.409827D+03
  334.0262  0.155448D+01  0.156109D+01 -0.396225D+03
  334.1740  0.160569D+01  0.160195D+01  0.217729D+03
  334.3217  0.165034D+01  0.164743D+01  0.168010D+03
  334.4694  0.172287D+01  0.172136D+01  0.864180D+02
  334.6169  0.176767D+01  0.176187D+01  0.329250D+03
  334.7645  0.170270D+01  0.170685D+01 -0.237812D+03
  334.9120  0.158972D+01  0.159103D+01 -0.756961D+02
   14 332.990 334.912 333.951 -3.918D-04  0.000D+00  9.722D-01  1.921D+02 10000  3.534D-03
  332.9898  0.158226D+01  0.158451D+01 -0.133439D+03
  333.1381  0.159979D+01  0.159817D+01  0.964360D+02
  333.2863  0.163397D+01  0.163248D+01  0.869223D+02
  333.4344  0.159543D+01  0.159402D+01  0.833728D+02
  333.5824  0.148476D+01  0.148592D+01 -0.735339D+02
  333.7304  0.143008D+01  0.142644D+01  0.241097D+03
  333.8783  0.147521D+01  0.147982D+01 -0.289901D+03
  334.0262  0.155448D+01  0.156050D+01 -0.360922D+03
  334.1740  0.160569D+01  0.160290D+01  0.162552D+03
  334.3217  0.165034D+01  0.164845D+01  0.109182D+03
  334.4694  0.172287D+01  0.172210D+01  0.438225D+02
  334.6169  0.176767D+01  0.176290D+01  0.270420D+03
  334.7645  0.170270D+01  0.170772D+01 -0.287747D+03
  334.9120  0.158972D+01  0.158912D+01  0.343010D+02
