 solar_wavcal_vary
           0
 F F
nwav fwave lwave avgwav  shift    squeeze      sin       rms   exval
   21 263.727 270.861 267.294 -5.115D-03  0.000D+00  1.038D+00  4.190D+03 10300  4.283D-02
  263.7268  0.243344D+00  0.282763D+00 -0.116917D+05
  264.0919  0.402877D+00  0.366355D+00  0.993642D+04
  264.4560  0.393722D+00  0.379635D+00  0.383263D+04
  264.8191  0.313755D+00  0.325985D+00 -0.369694D+04
  265.1812  0.356914D+00  0.332964D+00  0.655511D+04
  265.5425  0.400356D+00  0.392808D+00  0.205345D+04
  265.9028  0.382934D+00  0.398538D+00 -0.424533D+04
  266.2623  0.350560D+00  0.365458D+00 -0.431406D+04
  266.6208  0.350687D+00  0.349314D+00  0.396936D+03
  266.9785  0.351136D+00  0.355018D+00 -0.111956D+04
  267.3354  0.368416D+00  0.371583D+00 -0.861832D+03
  267.6914  0.367381D+00  0.374530D+00 -0.194510D+04
  268.0466  0.348011D+00  0.346937D+00  0.315917D+03
  268.4010  0.356820D+00  0.349776D+00  0.192587D+04
  268.7546  0.346859D+00  0.344972D+00  0.542105D+03
  269.1075  0.334109D+00  0.332069D+00  0.680872D+03
  269.4595  0.332591D+00  0.331819D+00  0.266009D+03
  269.8109  0.347989D+00  0.342914D+00  0.149272D+04
  270.1615  0.394918D+00  0.388284D+00  0.180484D+04
  270.5114  0.400624D+00  0.403113D+00 -0.677012D+03
  270.8606  0.376304D+00  0.384187D+00 -0.214454D+04
   21 265.903 272.942 269.422 -1.380D-02  0.000D+00  1.021D+00  9.842D+02 10300  1.004D-02
  265.9028  0.382934D+00  0.386349D+00 -0.929222D+03
  266.2623  0.350560D+00  0.354648D+00 -0.118363D+04
  266.6208  0.350687D+00  0.340953D+00  0.281437D+04
  266.9785  0.351136D+00  0.348669D+00  0.711656D+03
  267.3354  0.368416D+00  0.367564D+00  0.231666D+03
  267.6914  0.367381D+00  0.371811D+00 -0.120517D+04
  268.0466  0.348011D+00  0.347063D+00  0.278758D+03
  268.4010  0.356820D+00  0.352488D+00  0.118444D+04
  268.7546  0.346859D+00  0.348755D+00 -0.544454D+03
  269.1075  0.334109D+00  0.337029D+00 -0.974518D+03
  269.4595  0.332591D+00  0.336868D+00 -0.147369D+04
  269.8109  0.347989D+00  0.348263D+00 -0.804598D+02
  270.1615  0.394918D+00  0.391869D+00  0.829680D+03
  270.5114  0.400624D+00  0.401544D+00 -0.250243D+03
  270.8606  0.376304D+00  0.376987D+00 -0.185744D+03
  271.2091  0.366211D+00  0.362876D+00  0.907379D+03
  271.5570  0.328426D+00  0.325423D+00  0.107236D+04
  271.9042  0.261211D+00  0.261031D+00  0.699708D+02
  272.2507  0.243992D+00  0.244364D+00 -0.147447D+03
  272.5966  0.284061D+00  0.285789D+00 -0.671573D+03
  272.9419  0.339363D+00  0.339508D+00 -0.444627D+02
   21 268.047 275.001 271.524  2.257D-03  0.000D+00  1.013D+00  7.669D+02 10300  5.537D-03
  268.0466  0.348011D+00  0.348268D+00 -0.757463D+02
  268.4010  0.356820D+00  0.352442D+00  0.119685D+04
  268.7546  0.346859D+00  0.349276D+00 -0.694249D+03
  269.1075  0.334109D+00  0.336484D+00 -0.792493D+03
  269.4595  0.332591D+00  0.336216D+00 -0.124917D+04
  269.8109  0.347989D+00  0.345433D+00  0.751912D+03
  270.1615  0.394918D+00  0.388995D+00  0.161152D+04
  270.5114  0.400624D+00  0.400907D+00 -0.769460D+02
  270.8606  0.376304D+00  0.376848D+00 -0.148004D+03
  271.2091  0.366211D+00  0.363010D+00  0.870715D+03
  271.5570  0.328426D+00  0.327947D+00  0.171055D+03
  271.9042  0.261211D+00  0.263882D+00 -0.103826D+04
  272.2507  0.243992D+00  0.244071D+00 -0.313714D+02
  272.5966  0.284061D+00  0.285118D+00 -0.410866D+03
  272.9419  0.339363D+00  0.341307D+00 -0.599183D+03
  273.2866  0.333351D+00  0.334401D+00 -0.350587D+03
  273.6307  0.266328D+00  0.265604D+00  0.281162D+03
  273.9742  0.213939D+00  0.211165D+00  0.123525D+04
  274.3171  0.187716D+00  0.186198D+00  0.688541D+03
  274.6595  0.181638D+00  0.182902D+00 -0.573074D+03
  275.0012  0.198280D+00  0.199065D+00 -0.355644D+03
   21 270.162 277.041 273.601  5.878D-03  0.000D+00  1.011D+00  5.106D+02 10300  3.505D-03
  270.1615  0.394918D+00  0.392712D+00  0.600114D+03
  270.5114  0.400624D+00  0.403318D+00 -0.733009D+03
  270.8606  0.376304D+00  0.377866D+00 -0.424826D+03
  271.2091  0.366211D+00  0.363004D+00  0.872347D+03
  271.5570  0.328426D+00  0.327836D+00  0.210619D+03
  271.9042  0.261211D+00  0.263727D+00 -0.978017D+03
  272.2507  0.243992D+00  0.243099D+00  0.354947D+03
  272.5966  0.284061D+00  0.283756D+00  0.118395D+03
  272.9419  0.339363D+00  0.340107D+00 -0.229331D+03
  273.2866  0.333351D+00  0.334465D+00 -0.371790D+03
  273.6307  0.266328D+00  0.266155D+00  0.670713D+02
  273.9742  0.213939D+00  0.211591D+00  0.104541D+04
  274.3171  0.187716D+00  0.186418D+00  0.588424D+03
  274.6595  0.181638D+00  0.182977D+00 -0.607363D+03
  275.0012  0.198280D+00  0.198712D+00 -0.195830D+03
  275.3425  0.238727D+00  0.238216D+00  0.198369D+03
  275.6833  0.267245D+00  0.267513D+00 -0.104265D+03
  276.0234  0.328977D+00  0.330366D+00 -0.472352D+03
  276.3631  0.357388D+00  0.357152D+00  0.644959D+02
  276.7023  0.365655D+00  0.366306D+00 -0.176912D+03
  277.0410  0.364431D+00  0.363038D+00  0.379052D+03
   21 272.251 279.064 275.657  1.212D-02  0.000D+00  1.008D+00  5.821D+02 10300  4.284D-03
  272.2507  0.243992D+00  0.243004D+00  0.392572D+03
  272.5966  0.284061D+00  0.283456D+00  0.235273D+03
  272.9419  0.339363D+00  0.340345D+00 -0.302626D+03
  273.2866  0.333351D+00  0.336216D+00 -0.956511D+03
  273.6307  0.266328D+00  0.267586D+00 -0.489110D+03
  273.9742  0.213939D+00  0.212201D+00  0.774069D+03
  274.3171  0.187716D+00  0.186337D+00  0.625165D+03
  274.6595  0.181638D+00  0.182500D+00 -0.391054D+03
  275.0012  0.198280D+00  0.197444D+00  0.379118D+03
  275.3425  0.238727D+00  0.237157D+00  0.610096D+03
  275.6833  0.267245D+00  0.265937D+00  0.508223D+03
  276.0234  0.328977D+00  0.329621D+00 -0.218878D+03
  276.3631  0.357388D+00  0.357935D+00 -0.148982D+03
  276.7023  0.365655D+00  0.369143D+00 -0.948850D+03
  277.0410  0.364431D+00  0.367736D+00 -0.899140D+03
  277.3793  0.372148D+00  0.371876D+00  0.740223D+02
  277.7170  0.329631D+00  0.325967D+00  0.120836D+04
  278.0544  0.265915D+00  0.264852D+00  0.362891D+03
  278.3912  0.243019D+00  0.244540D+00 -0.574558D+03
  278.7275  0.223129D+00  0.223504D+00 -0.145714D+03
  279.0635  0.172163D+00  0.171876D+00  0.127783D+03
   21 274.317 281.070 277.694  2.470D-02  0.000D+00  9.954D-01  7.785D+02 10300  1.100D-02
  274.3171  0.187716D+00  0.186690D+00  0.465181D+03
  274.6595  0.181638D+00  0.183199D+00 -0.707869D+03
  275.0012  0.198280D+00  0.197608D+00  0.304742D+03
  275.3425  0.238727D+00  0.238098D+00  0.244223D+03
  275.6833  0.267245D+00  0.266215D+00  0.400170D+03
  276.0234  0.328977D+00  0.330050D+00 -0.364761D+03
  276.3631  0.357388D+00  0.358903D+00 -0.413095D+03
  276.7023  0.365655D+00  0.369869D+00 -0.114638D+04
  277.0410  0.364431D+00  0.366798D+00 -0.644093D+03
  277.3793  0.372148D+00  0.370797D+00  0.367631D+03
  277.7170  0.329631D+00  0.325943D+00  0.121626D+04
  278.0544  0.265915D+00  0.263282D+00  0.898896D+03
  278.3912  0.243019D+00  0.241765D+00  0.473707D+03
  278.7275  0.223129D+00  0.222003D+00  0.437935D+03
  279.0635  0.172163D+00  0.171576D+00  0.260906D+03
  279.3990  0.122734D+00  0.125412D+00 -0.138903D+04
  279.7342  0.103781D+00  0.107375D+00 -0.195556D+04
  280.0688  0.104298D+00  0.105255D+00 -0.520255D+03
  280.4031  0.119293D+00  0.118898D+00  0.131827D+03
  280.7370  0.165467D+00  0.163311D+00  0.661690D+03
  281.0705  0.230133D+00  0.228349D+00  0.527382D+03
   21 276.363 283.064 279.713  4.562D-03  0.000D+00  1.013D+00  1.029D+03 10300  1.075D-02
  276.3631  0.357388D+00  0.358008D+00 -0.168906D+03
  276.7023  0.365655D+00  0.368225D+00 -0.699169D+03
  277.0410  0.364431D+00  0.366493D+00 -0.560992D+03
  277.3793  0.372148D+00  0.370672D+00  0.401683D+03
  277.7170  0.329631D+00  0.323656D+00  0.197050D+04
  278.0544  0.265915D+00  0.263247D+00  0.910736D+03
  278.3912  0.243019D+00  0.244380D+00 -0.513910D+03
  278.7275  0.223129D+00  0.223285D+00 -0.605401D+02
  279.0635  0.172163D+00  0.171131D+00  0.458678D+03
  279.3990  0.122734D+00  0.125702D+00 -0.153971D+04
  279.7342  0.103781D+00  0.108476D+00 -0.255453D+04
  280.0688  0.104298D+00  0.106556D+00 -0.122853D+04
  280.4031  0.119293D+00  0.120801D+00 -0.502340D+03
  280.7370  0.165467D+00  0.165498D+00 -0.952508D+01
  281.0705  0.230133D+00  0.226858D+00  0.968481D+03
  281.4036  0.295810D+00  0.291382D+00  0.120399D+04
  281.7363  0.359252D+00  0.358175D+00  0.293234D+03
  282.0687  0.405648D+00  0.407023D+00 -0.373996D+03
  282.4007  0.435523D+00  0.433794D+00  0.470303D+03
  282.7323  0.454450D+00  0.450613D+00  0.104407D+04
  283.0636  0.479152D+00  0.483631D+00 -0.121854D+04
   21 278.391 285.044 281.718 -9.711D-03  0.000D+00  1.011D+00  1.107D+03 10300  1.121D-02
  278.3912  0.243019D+00  0.243280D+00 -0.987179D+02
  278.7275  0.223129D+00  0.221606D+00  0.592206D+03
  279.0635  0.172163D+00  0.168875D+00  0.146053D+04
  279.3990  0.122734D+00  0.124504D+00 -0.918141D+03
  279.7342  0.103781D+00  0.108145D+00 -0.237473D+04
  280.0688  0.104298D+00  0.106583D+00 -0.124332D+04
  280.4031  0.119293D+00  0.121533D+00 -0.746067D+03
  280.7370  0.165467D+00  0.167136D+00 -0.512392D+03
  281.0705  0.230133D+00  0.227800D+00  0.689844D+03
  281.4036  0.295810D+00  0.291822D+00  0.108419D+04
  281.7363  0.359252D+00  0.357289D+00  0.534108D+03
  282.0687  0.405648D+00  0.404825D+00  0.223953D+03
  282.4007  0.435523D+00  0.430828D+00  0.127728D+04
  282.7323  0.454450D+00  0.449076D+00  0.146231D+04
  283.0636  0.479152D+00  0.484091D+00 -0.134368D+04
  283.3945  0.476080D+00  0.484748D+00 -0.235825D+04
  283.7251  0.464761D+00  0.465955D+00 -0.324845D+03
  284.0554  0.459012D+00  0.455847D+00  0.861027D+03
  284.3853  0.408263D+00  0.406601D+00  0.452206D+03
  284.7149  0.313551D+00  0.314183D+00 -0.172042D+03
  285.0442  0.196012D+00  0.194560D+00  0.438988D+03
   21 280.403 287.013 283.708  5.687D-04  0.000D+00  1.007D+00  8.853D+02 10300  4.648D-03
  280.4031  0.119293D+00  0.122957D+00 -0.122052D+04
  280.7370  0.165467D+00  0.167773D+00 -0.707688D+03
  281.0705  0.230133D+00  0.228612D+00  0.449634D+03
  281.4036  0.295810D+00  0.292360D+00  0.937850D+03
  281.7363  0.359252D+00  0.358090D+00  0.316211D+03
  282.0687  0.405648D+00  0.405947D+00 -0.813251D+02
  282.4007  0.435523D+00  0.432222D+00  0.898087D+03
  282.7323  0.454450D+00  0.449577D+00  0.132586D+04
  283.0636  0.479152D+00  0.484038D+00 -0.132924D+04
  283.3945  0.476080D+00  0.485569D+00 -0.258156D+04
  283.7251  0.464761D+00  0.465356D+00 -0.161865D+03
  284.0554  0.459012D+00  0.454889D+00  0.112161D+04
  284.3853  0.408263D+00  0.405846D+00  0.657596D+03
  284.7149  0.313551D+00  0.314394D+00 -0.229270D+03
  285.0442  0.196012D+00  0.194633D+00  0.416971D+03
  285.3731  0.159088D+00  0.158668D+00  0.139195D+03
  285.7017  0.259681D+00  0.259911D+00 -0.678379D+02
  286.0301  0.406011D+00  0.405838D+00  0.472356D+02
  286.3581  0.497875D+00  0.496457D+00  0.385791D+03
  286.6858  0.516922D+00  0.516627D+00  0.804694D+02
  287.0132  0.537255D+00  0.538726D+00 -0.400160D+03
   21 282.401 288.971 285.686  1.688D-03  0.000D+00  1.004D+00  8.215D+02 10300  3.281D-03
  282.4007  0.435523D+00  0.433067D+00  0.668054D+03
  282.7323  0.454450D+00  0.449445D+00  0.136169D+04
  283.0636  0.479152D+00  0.484049D+00 -0.133235D+04
  283.3945  0.476080D+00  0.485293D+00 -0.250645D+04
  283.7251  0.464761D+00  0.464380D+00  0.103698D+03
  284.0554  0.459012D+00  0.454473D+00  0.123488D+04
  284.3853  0.408263D+00  0.405531D+00  0.743424D+03
  284.7149  0.313551D+00  0.314544D+00 -0.270087D+03
  285.0442  0.196012D+00  0.193934D+00  0.628260D+03
  285.3731  0.159088D+00  0.157098D+00  0.660055D+03
  285.7017  0.259681D+00  0.258805D+00  0.259283D+03
  286.0301  0.406011D+00  0.405645D+00  0.997056D+02
  286.3581  0.497875D+00  0.496812D+00  0.289162D+03
  286.6858  0.516922D+00  0.516695D+00  0.618731D+02
  287.0132  0.537255D+00  0.538694D+00 -0.391400D+03
  287.3403  0.568424D+00  0.570265D+00 -0.501013D+03
  287.6671  0.516159D+00  0.515914D+00  0.664815D+02
  287.9936  0.407417D+00  0.407683D+00 -0.723760D+02
  288.3198  0.396023D+00  0.396662D+00 -0.173967D+03
  288.6458  0.535497D+00  0.536235D+00 -0.200546D+03
  288.9714  0.605540D+00  0.604010D+00  0.416299D+03
   21 284.385 290.919 287.652  3.140D-03  0.000D+00  1.006D+00  4.436D+02 10300  1.732D-03
  284.3853  0.408263D+00  0.406554D+00  0.465017D+03
  284.7149  0.313551D+00  0.315708D+00 -0.586604D+03
  285.0442  0.196012D+00  0.196142D+00 -0.391900D+02
  285.3731  0.159088D+00  0.159126D+00 -0.126648D+02
  285.7017  0.259681D+00  0.259558D+00  0.364810D+02
  286.0301  0.406011D+00  0.405899D+00  0.303926D+02
  286.3581  0.497875D+00  0.497308D+00  0.154425D+03
  286.6858  0.516922D+00  0.517482D+00 -0.152113D+03
  287.0132  0.537255D+00  0.538817D+00 -0.425041D+03
  287.3403  0.568424D+00  0.569890D+00 -0.398912D+03
  287.6671  0.516159D+00  0.515614D+00  0.148249D+03
  287.9936  0.407417D+00  0.406806D+00  0.166327D+03
  288.3198  0.396023D+00  0.393781D+00  0.609819D+03
  288.6458  0.535497D+00  0.535028D+00  0.127757D+03
  288.9714  0.605540D+00  0.602241D+00  0.897653D+03
  289.2967  0.639490D+00  0.637698D+00  0.487590D+03
  289.6218  0.734121D+00  0.735468D+00 -0.366549D+03
  289.9466  0.854040D+00  0.856868D+00 -0.769547D+03
  290.2711  0.933952D+00  0.934346D+00 -0.107183D+03
  290.5953  0.940966D+00  0.943087D+00 -0.577085D+03
  290.9193  0.901082D+00  0.898168D+00  0.792632D+03
   21 286.358 292.857 289.608  5.540D-03  0.000D+00  1.006D+00  8.029D+02 10300  3.851D-03
  286.3581  0.497875D+00  0.498775D+00 -0.244844D+03
  286.6858  0.516922D+00  0.516770D+00  0.415050D+02
  287.0132  0.537255D+00  0.536785D+00  0.127936D+03
  287.3403  0.568424D+00  0.570417D+00 -0.542111D+03
  287.6671  0.516159D+00  0.516118D+00  0.110817D+02
  287.9936  0.407417D+00  0.405796D+00  0.441044D+03
  288.3198  0.396023D+00  0.390696D+00  0.144924D+04
  288.6458  0.535497D+00  0.534904D+00  0.161428D+03
  288.9714  0.605540D+00  0.602585D+00  0.803880D+03
  289.2967  0.639490D+00  0.638091D+00  0.380720D+03
  289.6218  0.734121D+00  0.736208D+00 -0.567779D+03
  289.9466  0.854040D+00  0.858178D+00 -0.112584D+04
  290.2711  0.933952D+00  0.936204D+00 -0.612662D+03
  290.5953  0.940966D+00  0.945070D+00 -0.111668D+04
  290.9193  0.901082D+00  0.900981D+00  0.273914D+02
  291.2429  0.901380D+00  0.897034D+00  0.118258D+04
  291.5663  0.886191D+00  0.878667D+00  0.204700D+04
  291.8894  0.849108D+00  0.849000D+00  0.295224D+02
  292.2122  0.827663D+00  0.831046D+00 -0.920344D+03
  292.5347  0.755377D+00  0.757624D+00 -0.611444D+03
  292.8570  0.747375D+00  0.746732D+00  0.174993D+03
   21 288.320 294.784 291.552  9.314D-03  0.000D+00  1.003D+00  1.166D+03 10300  5.883D-03
  288.3198  0.396023D+00  0.387463D+00  0.232868D+04
  288.6458  0.535497D+00  0.542284D+00 -0.184631D+04
  288.9714  0.605540D+00  0.606416D+00 -0.238246D+03
  289.2967  0.639490D+00  0.636681D+00  0.764316D+03
  289.6218  0.734121D+00  0.734431D+00 -0.843867D+02
  289.9466  0.854040D+00  0.857382D+00 -0.909431D+03
  290.2711  0.933952D+00  0.935461D+00 -0.410511D+03
  290.5953  0.940966D+00  0.945022D+00 -0.110366D+04
  290.9193  0.901082D+00  0.896580D+00  0.122480D+04
  291.2429  0.901380D+00  0.895643D+00  0.156088D+04
  291.5663  0.886191D+00  0.878483D+00  0.209690D+04
  291.8894  0.849108D+00  0.848260D+00  0.230865D+03
  292.2122  0.827663D+00  0.836648D+00 -0.244464D+04
  292.5347  0.755377D+00  0.760469D+00 -0.138535D+04
  292.8570  0.747375D+00  0.747195D+00  0.490769D+02
  293.1789  0.867036D+00  0.867340D+00 -0.829514D+02
  293.5006  0.878464D+00  0.878213D+00  0.682776D+02
  293.8220  0.754716D+00  0.752106D+00  0.709899D+03
  294.1431  0.761711D+00  0.761361D+00  0.952021D+02
  294.4639  0.818102D+00  0.817611D+00  0.133424D+03
  294.7844  0.759102D+00  0.759827D+00 -0.197290D+03
   21 290.271 296.701 293.486  3.972D-03  0.000D+00  1.003D+00  1.137D+03 10300  5.226D-03
  290.2711  0.933952D+00  0.936445D+00 -0.678090D+03
  290.5953  0.940966D+00  0.945125D+00 -0.113164D+04
  290.9193  0.901082D+00  0.896768D+00  0.117367D+04
  291.2429  0.901380D+00  0.896643D+00  0.128898D+04
  291.5663  0.886191D+00  0.878297D+00  0.214766D+04
  291.8894  0.849108D+00  0.848557D+00  0.149965D+03
  292.2122  0.827663D+00  0.836006D+00 -0.226984D+04
  292.5347  0.755377D+00  0.759096D+00 -0.101184D+04
  292.8570  0.747375D+00  0.748227D+00 -0.231685D+03
  293.1789  0.867036D+00  0.869025D+00 -0.541152D+03
  293.5006  0.878464D+00  0.876538D+00  0.523763D+03
  293.8220  0.754716D+00  0.751167D+00  0.965358D+03
  294.1431  0.761711D+00  0.763629D+00 -0.521816D+03
  294.4639  0.818102D+00  0.819888D+00 -0.486029D+03
  294.7844  0.759102D+00  0.761828D+00 -0.741550D+03
  295.1046  0.774742D+00  0.777317D+00 -0.700482D+03
  295.4245  0.856915D+00  0.851202D+00  0.155426D+04
  295.7441  0.869974D+00  0.868752D+00  0.332341D+03
  296.0634  0.917802D+00  0.916255D+00  0.418850D+03
  296.3824  0.870830D+00  0.866615D+00  0.114691D+04
  296.7011  0.666725D+00  0.674472D+00 -0.210784D+04
   21 292.212 298.607 295.409  7.455D-03  0.000D+00  1.001D+00  1.071D+03 10300  2.751D-03
  292.2122  0.827663D+00  0.829636D+00 -0.536892D+03
  292.5347  0.755377D+00  0.753158D+00  0.603543D+03
  292.8570  0.747375D+00  0.740465D+00  0.188011D+04
  293.1789  0.867036D+00  0.871301D+00 -0.116041D+04
  293.5006  0.878464D+00  0.883601D+00 -0.139775D+04
  293.8220  0.754716D+00  0.747767D+00  0.189035D+04
  294.1431  0.761711D+00  0.762996D+00 -0.349645D+03
  294.4639  0.818102D+00  0.825031D+00 -0.188518D+04
  294.7844  0.759102D+00  0.760316D+00 -0.330295D+03
  295.1046  0.774742D+00  0.773728D+00  0.276044D+03
  295.4245  0.856915D+00  0.852106D+00  0.130823D+04
  295.7441  0.869974D+00  0.864766D+00  0.141687D+04
  296.0634  0.917802D+00  0.915972D+00  0.495602D+03
  296.3824  0.870830D+00  0.872663D+00 -0.498503D+03
  296.7011  0.666725D+00  0.669047D+00 -0.631651D+03
  297.0195  0.629659D+00  0.633694D+00 -0.109802D+04
  297.3376  0.727745D+00  0.730860D+00 -0.847260D+03
  297.6553  0.926738D+00  0.927369D+00 -0.171680D+03
  297.9727  0.921368D+00  0.916626D+00  0.129015D+04
  298.2897  0.653953D+00  0.657187D+00 -0.879929D+03
  298.6065  0.575530D+00  0.574032D+00  0.407600D+03
   21 294.143 300.499 297.321  1.571D-03  0.000D+00  1.025D+00  4.716D+03 10000  1.084D-02
  294.1431  0.761711D+00  0.777079D+00 -0.418110D+04
  294.4639  0.818102D+00  0.825728D+00 -0.207491D+04
  294.7844  0.759102D+00  0.751511D+00  0.206530D+04
  295.1046  0.774742D+00  0.764871D+00  0.268564D+04
  295.4245  0.856915D+00  0.840690D+00  0.441420D+04
  295.7441  0.869974D+00  0.854502D+00  0.420939D+04
  296.0634  0.917802D+00  0.911168D+00  0.179653D+04
  296.3824  0.870830D+00  0.872522D+00 -0.460226D+03
  296.7011  0.666725D+00  0.666096D+00  0.170980D+03
  297.0195  0.629659D+00  0.641292D+00 -0.316496D+04
  297.3376  0.727745D+00  0.744442D+00 -0.454248D+04
  297.6553  0.926738D+00  0.955286D+00 -0.776695D+04
  297.9727  0.921368D+00  0.939074D+00 -0.481739D+04
  298.2897  0.653953D+00  0.660958D+00 -0.190601D+04
  298.6065  0.575530D+00  0.576225D+00 -0.189017D+03
  298.9229  0.772803D+00  0.752451D+00  0.553696D+04
  299.2389  0.866006D+00  0.820915D+00  0.118972D+05
  299.5546  0.780357D+00  0.753064D+00  0.742549D+04
  299.8699  0.755271D+00  0.764356D+00 -0.247169D+04
  300.1849  0.569240D+00  0.588116D+00 -0.513568D+04
  300.4995  0.635058D+00  0.649480D+00 -0.392375D+04
   21 296.063 302.379 299.221  3.449D-03  0.000D+00  1.017D+00  6.802D+03 10000  1.425D-02
  296.0634  0.917802D+00  0.893803D+00  0.649903D+04
  296.3824  0.870830D+00  0.872090D+00 -0.342599D+03
  296.7011  0.666725D+00  0.669413D+00 -0.731371D+03
  297.0195  0.629659D+00  0.646434D+00 -0.456403D+04
  297.3376  0.727745D+00  0.748968D+00 -0.577391D+04
  297.6553  0.926738D+00  0.958298D+00 -0.858636D+04
  297.9727  0.921368D+00  0.938676D+00 -0.470898D+04
  298.2897  0.653953D+00  0.656450D+00 -0.679398D+03
  298.6065  0.575530D+00  0.567131D+00  0.228529D+04
  298.9229  0.772803D+00  0.736103D+00  0.998463D+04
  299.2389  0.866006D+00  0.802698D+00  0.167039D+05
  299.5546  0.780357D+00  0.737271D+00  0.117222D+05
  299.8699  0.755271D+00  0.752619D+00  0.721431D+03
  300.1849  0.569240D+00  0.588099D+00 -0.513095D+04
  300.4995  0.635058D+00  0.659853D+00 -0.674587D+04
  300.8137  0.689437D+00  0.722980D+00 -0.907152D+04
  301.1275  0.759408D+00  0.785965D+00 -0.722517D+04
  301.4409  0.835004D+00  0.841724D+00 -0.182837D+04
  301.7540  0.722257D+00  0.719907D+00  0.639415D+03
  302.0667  0.553011D+00  0.548013D+00  0.135974D+04
  302.3789  0.709545D+00  0.685018D+00  0.667304D+04
   21 297.973 304.243 301.108 -1.592D-02  0.000D+00  9.821D-01  7.033D+03 10300  1.669D-02
  297.9727  0.921368D+00  0.952131D+00 -0.836952D+04
  298.2897  0.653953D+00  0.651644D+00  0.628086D+03
  298.6065  0.575530D+00  0.576228D+00 -0.189850D+03
  298.9229  0.772803D+00  0.755606D+00  0.467875D+04
  299.2389  0.866006D+00  0.804105D+00  0.163326D+05
  299.5546  0.780357D+00  0.741338D+00  0.106156D+05
  299.8699  0.755271D+00  0.752938D+00  0.634671D+03
  300.1849  0.569240D+00  0.583218D+00 -0.380286D+04
  300.4995  0.635058D+00  0.675109D+00 -0.108964D+05
  300.8137  0.689437D+00  0.729537D+00 -0.108451D+05
  301.1275  0.759408D+00  0.800663D+00 -0.112241D+05
  301.4409  0.835004D+00  0.850759D+00 -0.428637D+04
  301.7540  0.722257D+00  0.713771D+00  0.230899D+04
  302.0667  0.553011D+00  0.546152D+00  0.186597D+04
  302.3789  0.709545D+00  0.700547D+00  0.244806D+04
  302.6906  0.897048D+00  0.872403D+00  0.670510D+04
  303.0020  0.102334D+01  0.990444D+00  0.752628D+04
  303.3129  0.107802D+01  0.106093D+01  0.301272D+04
  303.6234  0.104807D+01  0.103421D+01  0.271639D+04
  303.9334  0.897061D+00  0.905043D+00 -0.217169D+04
  304.2430  0.928366D+00  0.949774D+00 -0.581039D+04
   21 299.870 306.090 302.980 -7.743D-03  0.000D+00  1.006D+00  3.388D+03 10300  8.445D-03
  299.8699  0.755271D+00  0.730747D+00  0.667225D+04
  300.1849  0.569240D+00  0.568924D+00  0.859172D+02
  300.4995  0.635058D+00  0.650398D+00 -0.417344D+04
  300.8137  0.689437D+00  0.710428D+00 -0.567706D+04
  301.1275  0.759408D+00  0.781186D+00 -0.592512D+04
  301.4409  0.835004D+00  0.838894D+00 -0.105835D+04
  301.7540  0.722257D+00  0.714399D+00  0.213809D+04
  302.0667  0.553011D+00  0.546563D+00  0.175438D+04
  302.3789  0.709545D+00  0.698978D+00  0.287514D+04
  302.6906  0.897048D+00  0.876969D+00  0.546288D+04
  303.0020  0.102334D+01  0.100155D+01  0.498456D+04
  303.3129  0.107802D+01  0.107218D+01  0.103000D+04
  303.6234  0.104807D+01  0.104858D+01 -0.100035D+03
  303.9334  0.897061D+00  0.907065D+00 -0.272161D+04
  304.2430  0.928366D+00  0.938257D+00 -0.268444D+04
  304.5522  0.101701D+01  0.103155D+01 -0.304921D+04
  304.8607  0.979065D+00  0.980283D+00 -0.278476D+03
  305.1689  0.109998D+01  0.110633D+01 -0.863965D+03
  305.4765  0.104022D+01  0.105284D+01 -0.216382D+04
  305.7836  0.804660D+00  0.803965D+00  0.189300D+03
  306.0902  0.848576D+00  0.837221D+00  0.308923D+04
   21 301.754 307.918 304.836 -1.182D-02  0.000D+00  1.029D+00  1.052D+03 10300  2.800D-03
  301.7540  0.722257D+00  0.723894D+00 -0.445330D+03
  302.0667  0.553011D+00  0.552281D+00  0.198722D+03
  302.3789  0.709545D+00  0.714887D+00 -0.145338D+04
  302.6906  0.897048D+00  0.892337D+00  0.128181D+04
  303.0020  0.102334D+01  0.101387D+01  0.216705D+04
  303.3129  0.107802D+01  0.108044D+01 -0.426416D+03
  303.6234  0.104807D+01  0.104845D+01 -0.740619D+02
  303.9334  0.897061D+00  0.902825D+00 -0.156807D+04
  304.2430  0.928366D+00  0.932522D+00 -0.112793D+04
  304.5522  0.101701D+01  0.102117D+01 -0.871620D+03
  304.8607  0.979065D+00  0.969903D+00  0.209414D+04
  305.1689  0.109998D+01  0.109633D+01  0.497075D+03
  305.4765  0.104022D+01  0.104281D+01 -0.444704D+03
  305.7836  0.804660D+00  0.803961D+00  0.190188D+03
  306.0902  0.848576D+00  0.850545D+00 -0.535614D+03
  306.3963  0.966017D+00  0.957586D+00  0.127849D+04
  306.7018  0.870763D+00  0.875699D+00 -0.969488D+03
  307.0068  0.985516D+00  0.982992D+00  0.343257D+03
  307.3112  0.105388D+01  0.104492D+01  0.121880D+04
  307.6150  0.101334D+01  0.101841D+01 -0.690131D+03
  307.9183  0.104015D+01  0.104216D+01 -0.272702D+03
   21 312.046 315.201 313.624  3.557D-05  0.000D+00  1.007D+00  8.251D+02 10000  3.892D-03
  312.0462  0.963369D+00  0.962996D+00  0.359395D+02
  312.2047  0.982833D+00  0.982665D+00  0.161745D+02
  312.3631  0.107592D+01  0.107139D+01  0.429532D+03
  312.5215  0.110398D+01  0.111708D+01 -0.120692D+04
  312.6797  0.110913D+01  0.109643D+01  0.115926D+04
  312.8379  0.110534D+01  0.111600D+01 -0.977849D+03
  312.9960  0.114218D+01  0.113710D+01  0.440047D+03
  313.1540  0.112671D+01  0.112184D+01  0.427519D+03
  313.3120  0.108892D+01  0.109246D+01 -0.323106D+03
  313.4698  0.108847D+01  0.108542D+01  0.278262D+03
  313.6276  0.112925D+01  0.113979D+01 -0.893687D+03
  313.7853  0.125450D+01  0.124536D+01  0.702750D+03
  313.9429  0.132470D+01  0.133266D+01 -0.611966D+03
  314.1005  0.135093D+01  0.132709D+01  0.183384D+04
  314.2579  0.117541D+01  0.119109D+01 -0.124481D+04
  314.4153  0.938033D+00  0.936125D+00  0.183563D+03
  314.5727  0.828319D+00  0.830320D+00 -0.192461D+03
  314.7299  0.952498D+00  0.963952D+00 -0.110175D+04
  314.8871  0.115273D+01  0.113591D+01  0.132155D+04
  315.0442  0.122602D+01  0.123137D+01 -0.411613D+03
  315.2012  0.124616D+01  0.124446D+01  0.130089D+03
   21 312.996 316.142 314.569 -5.516D-04  0.000D+00  1.009D+00  7.562D+02 10300  3.030D-03
  312.9960  0.114218D+01  0.114223D+01 -0.397181D+01
  313.1540  0.112671D+01  0.112419D+01  0.221147D+03
  313.3120  0.108892D+01  0.109303D+01 -0.375176D+03
  313.4698  0.108847D+01  0.108510D+01  0.306948D+03
  313.6276  0.112925D+01  0.113931D+01 -0.853558D+03
  313.7853  0.125450D+01  0.124511D+01  0.722643D+03
  313.9429  0.132470D+01  0.133265D+01 -0.611765D+03
  314.1005  0.135093D+01  0.132728D+01  0.181989D+04
  314.2579  0.117541D+01  0.119120D+01 -0.125362D+04
  314.4153  0.938033D+00  0.935791D+00  0.215665D+03
  314.5727  0.828319D+00  0.830891D+00 -0.247404D+03
  314.7299  0.952498D+00  0.965171D+00 -0.121905D+04
  314.8871  0.115273D+01  0.113621D+01  0.129814D+04
  315.0442  0.122602D+01  0.122946D+01 -0.264784D+03
  315.2012  0.124616D+01  0.123961D+01  0.503756D+03
  315.3581  0.122058D+01  0.122674D+01 -0.473757D+03
  315.5150  0.118322D+01  0.117607D+01  0.549636D+03
  315.6717  0.103512D+01  0.104262D+01 -0.686153D+03
  315.8284  0.859263D+00  0.853171D+00  0.585986D+03
  315.9850  0.745293D+00  0.750307D+00 -0.482318D+03
  316.1416  0.791253D+00  0.789203D+00  0.197180D+03
   21 313.943 317.079 315.511 -1.259D-03  0.000D+00  1.009D+00  7.897D+02 10000  3.123D-03
  313.9429  0.132470D+01  0.133370D+01 -0.692541D+03
  314.1005  0.135093D+01  0.132793D+01  0.176953D+04
  314.2579  0.117541D+01  0.119086D+01 -0.122705D+04
  314.4153  0.938033D+00  0.934986D+00  0.293059D+03
  314.5727  0.828319D+00  0.831000D+00 -0.257851D+03
  314.7299  0.952498D+00  0.965490D+00 -0.124969D+04
  314.8871  0.115273D+01  0.113586D+01  0.132553D+04
  315.0442  0.122602D+01  0.122833D+01 -0.177555D+03
  315.2012  0.124616D+01  0.123825D+01  0.608094D+03
  315.3581  0.122058D+01  0.122565D+01 -0.389725D+03
  315.5150  0.118322D+01  0.117545D+01  0.597870D+03
  315.6717  0.103512D+01  0.104266D+01 -0.690493D+03
  315.8284  0.859263D+00  0.854368D+00  0.470887D+03
  315.9850  0.745293D+00  0.753435D+00 -0.783188D+03
  316.1416  0.791253D+00  0.795176D+00 -0.377360D+03
  316.2981  0.933307D+00  0.926831D+00  0.622902D+03
  316.4545  0.104376D+01  0.104807D+01 -0.388698D+03
  316.6108  0.111459D+01  0.110120D+01  0.974690D+03
  316.7670  0.113414D+01  0.114338D+01 -0.710875D+03
  316.9232  0.120779D+01  0.120303D+01  0.366535D+03
  317.0793  0.133109D+01  0.133262D+01 -0.118236D+03
   21 314.887 318.014 316.451 -2.350D-03  0.000D+00  1.009D+00  5.315D+02 10000  3.576D-03
  314.8871  0.115273D+01  0.114661D+01  0.480509D+03
  315.0442  0.122602D+01  0.123548D+01 -0.727602D+03
  315.2012  0.124616D+01  0.124217D+01  0.306908D+03
  315.3581  0.122058D+01  0.122712D+01 -0.502839D+03
  315.5150  0.118322D+01  0.117479D+01  0.648317D+03
  315.6717  0.103512D+01  0.104040D+01 -0.483405D+03
  315.8284  0.859263D+00  0.851867D+00  0.711428D+03
  315.9850  0.745293D+00  0.751905D+00 -0.635947D+03
  316.1416  0.791253D+00  0.794454D+00 -0.307954D+03
  316.2981  0.933307D+00  0.926462D+00  0.658432D+03
  316.4545  0.104376D+01  0.104750D+01 -0.337731D+03
  316.6108  0.111459D+01  0.110082D+01  0.100172D+04
  316.7670  0.113414D+01  0.114368D+01 -0.734038D+03
  316.9232  0.120779D+01  0.120429D+01  0.269379D+03
  317.0793  0.133109D+01  0.133515D+01 -0.312607D+03
  317.2353  0.146619D+01  0.146871D+01 -0.193465D+03
  317.3912  0.148153D+01  0.148409D+01 -0.196234D+03
  317.5471  0.145844D+01  0.144805D+01  0.799264D+03
  317.7029  0.140619D+01  0.141123D+01 -0.387655D+03
  317.8586  0.124464D+01  0.124658D+01 -0.149194D+03
  318.0142  0.100997D+01  0.100843D+01  0.134503D+03
   21 315.828 318.946 317.387  1.545D-03  0.000D+00  1.013D+00  5.274D+02 10300  2.922D-03
  315.8284  0.859263D+00  0.854043D+00  0.502173D+03
  315.9850  0.745293D+00  0.752898D+00 -0.731528D+03
  316.1416  0.791253D+00  0.793947D+00 -0.259182D+03
  316.2981  0.933307D+00  0.926104D+00  0.692812D+03
  316.4545  0.104376D+01  0.104967D+01 -0.533017D+03
  316.6108  0.111459D+01  0.110418D+01  0.757241D+03
  316.7670  0.113414D+01  0.114637D+01 -0.940808D+03
  316.9232  0.120779D+01  0.120504D+01  0.212089D+03
  317.0793  0.133109D+01  0.133279D+01 -0.131208D+03
  317.2353  0.146619D+01  0.146653D+01 -0.258603D+02
  317.3912  0.148153D+01  0.148271D+01 -0.902240D+02
  317.5471  0.145844D+01  0.144467D+01  0.105920D+04
  317.7029  0.140619D+01  0.140765D+01 -0.112445D+03
  317.8586  0.124464D+01  0.124657D+01 -0.148574D+03
  318.0142  0.100997D+01  0.100801D+01  0.171323D+03
  318.1698  0.885938D+00  0.896913D+00 -0.105552D+04
  318.3253  0.929484D+00  0.928225D+00  0.118045D+03
  318.4807  0.102858D+01  0.102421D+01  0.359272D+03
  318.6360  0.112472D+01  0.113011D+01 -0.414876D+03
  318.7913  0.123855D+01  0.123496D+01  0.276689D+03
  318.9465  0.133288D+01  0.133246D+01  0.321844D+02
   21 316.767 319.876 318.322 -1.469D-03  0.000D+00  1.014D+00  6.298D+02 10300  2.982D-03
  316.7670  0.113414D+01  0.113888D+01 -0.364937D+03
  316.9232  0.120779D+01  0.120114D+01  0.512245D+03
  317.0793  0.133109D+01  0.133277D+01 -0.129880D+03
  317.2353  0.146619D+01  0.146747D+01 -0.981684D+02
  317.3912  0.148153D+01  0.148365D+01 -0.162999D+03
  317.5471  0.145844D+01  0.144726D+01  0.860064D+03
  317.7029  0.140619D+01  0.141009D+01 -0.300382D+03
  317.8586  0.124464D+01  0.124575D+01 -0.848415D+02
  318.0142  0.100997D+01  0.100705D+01  0.254967D+03
  318.1698  0.885938D+00  0.898330D+00 -0.119184D+04
  318.3253  0.929484D+00  0.930637D+00 -0.108016D+03
  318.4807  0.102858D+01  0.102568D+01  0.238244D+03
  318.6360  0.112472D+01  0.112908D+01 -0.335321D+03
  318.7913  0.123855D+01  0.123066D+01  0.607218D+03
  318.9465  0.133288D+01  0.132250D+01  0.799149D+03
  319.1016  0.126045D+01  0.126607D+01 -0.432178D+03
  319.2567  0.107536D+01  0.106699D+01  0.644294D+03
  319.4116  0.987536D+00  0.995606D+00 -0.682283D+03
  319.5665  0.106465D+01  0.108220D+01 -0.135038D+04
  319.7213  0.120612D+01  0.119049D+01  0.120285D+04
  319.8761  0.130622D+01  0.130856D+01 -0.180236D+03
   21 317.703 320.803 319.253 -7.276D-04  0.000D+00  1.011D+00  6.328D+02 10300  3.235D-03
  317.7029  0.140619D+01  0.140614D+01  0.356198D+01
  317.8586  0.124464D+01  0.124327D+01  0.105550D+03
  318.0142  0.100997D+01  0.100550D+01  0.389943D+03
  318.1698  0.885938D+00  0.896723D+00 -0.103725D+04
  318.3253  0.929484D+00  0.929053D+00  0.404729D+02
  318.4807  0.102858D+01  0.102452D+01  0.333803D+03
  318.6360  0.112472D+01  0.112864D+01 -0.301819D+03
  318.7913  0.123855D+01  0.123095D+01  0.584795D+03
  318.9465  0.133288D+01  0.132381D+01  0.697885D+03
  319.1016  0.126045D+01  0.126876D+01 -0.639291D+03
  319.2567  0.107536D+01  0.106950D+01  0.451602D+03
  319.4116  0.987536D+00  0.996805D+00 -0.783706D+03
  319.5665  0.106465D+01  0.108265D+01 -0.138562D+04
  319.7213  0.120612D+01  0.118993D+01  0.124606D+04
  319.8761  0.130622D+01  0.130633D+01 -0.839533D+01
  320.0307  0.135994D+01  0.135706D+01  0.221159D+03
  320.1853  0.136416D+01  0.136228D+01  0.144134D+03
  320.3398  0.141377D+01  0.141637D+01 -0.197424D+03
  320.4943  0.147745D+01  0.148614D+01 -0.641676D+03
  320.6487  0.151879D+01  0.150622D+01  0.897167D+03
  320.8030  0.143389D+01  0.143834D+01 -0.335889D+03
   21 318.636 321.727 320.182 -5.855D-04  0.000D+00  1.007D+00  6.166D+02 10000  3.177D-03
  318.6360  0.112472D+01  0.113042D+01 -0.438502D+03
  318.7913  0.123855D+01  0.123212D+01  0.494853D+03
  318.9465  0.133288D+01  0.132451D+01  0.644104D+03
  319.1016  0.126045D+01  0.126919D+01 -0.672734D+03
  319.2567  0.107536D+01  0.106960D+01  0.443723D+03
  319.4116  0.987536D+00  0.996568D+00 -0.763627D+03
  319.5665  0.106465D+01  0.108231D+01 -0.135880D+04
  319.7213  0.120612D+01  0.118953D+01  0.127620D+04
  319.8761  0.130622D+01  0.130599D+01  0.173503D+02
  320.0307  0.135994D+01  0.135688D+01  0.235431D+03
  320.1853  0.136416D+01  0.136215D+01  0.154463D+03
  320.3398  0.141377D+01  0.141627D+01 -0.189735D+03
  320.4943  0.147745D+01  0.148608D+01 -0.637187D+03
  320.6487  0.151879D+01  0.150617D+01  0.901020D+03
  320.8030  0.143389D+01  0.143822D+01 -0.327151D+03
  320.9572  0.128221D+01  0.127386D+01  0.640546D+03
  321.1114  0.109194D+01  0.109625D+01 -0.331636D+03
  321.2654  0.986604D+00  0.991607D+00 -0.396151D+03
  321.4195  0.974585D+00  0.978078D+00 -0.284133D+03
  321.5734  0.104693D+01  0.104959D+01 -0.205147D+03
  321.7273  0.116841D+01  0.116285D+01  0.427472D+03
   21 319.566 322.649 321.108  2.609D-04  0.000D+00  9.991D-01  7.617D+02 10000  5.056D-03
  319.5665  0.106465D+01  0.108028D+01 -0.120273D+04
  319.7213  0.120612D+01  0.118870D+01  0.134070D+04
  319.8761  0.130622D+01  0.130619D+01  0.216481D+01
  320.0307  0.135994D+01  0.135807D+01  0.143423D+03
  320.1853  0.136416D+01  0.136330D+01  0.657585D+02
  320.3398  0.141377D+01  0.141703D+01 -0.247389D+03
  320.4943  0.147745D+01  0.148663D+01 -0.677578D+03
  320.6487  0.151879D+01  0.150668D+01  0.864075D+03
  320.8030  0.143389D+01  0.143894D+01 -0.381436D+03
  320.9572  0.128221D+01  0.127485D+01  0.564424D+03
  321.1114  0.109194D+01  0.109718D+01 -0.403252D+03
  321.2654  0.986604D+00  0.992460D+00 -0.463640D+03
  321.4195  0.974585D+00  0.979219D+00 -0.376954D+03
  321.5734  0.104693D+01  0.105179D+01 -0.374158D+03
  321.7273  0.116841D+01  0.116740D+01  0.775918D+02
  321.8811  0.129932D+01  0.129403D+01  0.407111D+03
  322.0348  0.137865D+01  0.136973D+01  0.681548D+03
  322.1885  0.131193D+01  0.131902D+01 -0.546132D+03
  322.3420  0.124881D+01  0.122945D+01  0.144768D+04
  322.4955  0.116504D+01  0.118857D+01 -0.181091D+04
  322.6490  0.111743D+01  0.111140D+01  0.464053D+03
   21 320.494 323.568 322.031  5.659D-04  0.000D+00  9.929D-01  7.211D+02 10300  4.100D-03
  320.4943  0.147745D+01  0.148454D+01 -0.523624D+03
  320.6487  0.151879D+01  0.150508D+01  0.978390D+03
  320.8030  0.143389D+01  0.143812D+01 -0.319292D+03
  320.9572  0.128221D+01  0.127480D+01  0.568947D+03
  321.1114  0.109194D+01  0.109754D+01 -0.431071D+03
  321.2654  0.986604D+00  0.993008D+00 -0.507025D+03
  321.4195  0.974585D+00  0.979868D+00 -0.429676D+03
  321.5734  0.104693D+01  0.105253D+01 -0.430827D+03
  321.7273  0.116841D+01  0.116818D+01  0.176785D+02
  321.8811  0.129932D+01  0.129460D+01  0.362992D+03
  322.0348  0.137865D+01  0.136982D+01  0.674391D+03
  322.1885  0.131193D+01  0.131822D+01 -0.484193D+03
  322.3420  0.124881D+01  0.122717D+01  0.161827D+04
  322.4955  0.116504D+01  0.118436D+01 -0.148674D+04
  322.6490  0.111743D+01  0.110527D+01  0.935656D+03
  322.8024  0.988064D+00  0.100313D+01 -0.115898D+04
  322.9557  0.952327D+00  0.956755D+00 -0.345885D+03
  323.1089  0.102549D+01  0.102109D+01  0.338820D+03
  323.2620  0.112087D+01  0.112324D+01 -0.182462D+03
  323.4151  0.112819D+01  0.112150D+01  0.514795D+03
  323.5681  0.107179D+01  0.107548D+01 -0.219186D+03
   21 321.419 324.485 322.952 -2.915D-03  0.000D+00  9.926D-01  7.377D+02 10300  6.476D-03
  321.4195  0.974585D+00  0.975128D+00 -0.440943D+02
  321.5734  0.104693D+01  0.105139D+01 -0.343731D+03
  321.7273  0.116841D+01  0.116923D+01 -0.630588D+02
  321.8811  0.129932D+01  0.129715D+01  0.166802D+03
  322.0348  0.137865D+01  0.137128D+01  0.563120D+03
  322.1885  0.131193D+01  0.131801D+01 -0.467964D+03
  322.3420  0.124881D+01  0.122824D+01  0.153849D+04
  322.4955  0.116504D+01  0.118563D+01 -0.158439D+04
  322.6490  0.111743D+01  0.110496D+01  0.959807D+03
  322.8024  0.988064D+00  0.100285D+01 -0.113765D+04
  322.9557  0.952327D+00  0.958082D+00 -0.449571D+03
  323.1089  0.102549D+01  0.102415D+01  0.103260D+03
  323.2620  0.112087D+01  0.112425D+01 -0.260273D+03
  323.4151  0.112819D+01  0.111919D+01  0.692010D+03
  323.5681  0.107179D+01  0.107305D+01 -0.752735D+02
  323.7211  0.109782D+01  0.109645D+01  0.105404D+03
  323.8739  0.116137D+01  0.116838D+01 -0.539348D+03
  324.0267  0.126599D+01  0.124824D+01  0.136576D+04
  324.1795  0.130836D+01  0.131921D+01 -0.829616D+03
  324.3321  0.134087D+01  0.133912D+01  0.131326D+03
  324.4847  0.135807D+01  0.135952D+01 -0.100198D+03
   21 322.342 325.399 323.870 -4.955D-03  0.000D+00  9.950D-01  7.375D+02 10000  7.270D-03
  322.3420  0.124881D+01  0.123323D+01  0.116502D+04
  322.4955  0.116504D+01  0.118694D+01 -0.168525D+04
  322.6490  0.111743D+01  0.110351D+01  0.107121D+04
  322.8024  0.988064D+00  0.100086D+01 -0.984483D+03
  322.9557  0.952327D+00  0.957017D+00 -0.366365D+03
  323.1089  0.102549D+01  0.102412D+01  0.105447D+03
  323.2620  0.112087D+01  0.112349D+01 -0.201920D+03
  323.4151  0.112819D+01  0.111755D+01  0.818209D+03
  323.5681  0.107179D+01  0.107236D+01 -0.337648D+02
  323.7211  0.109782D+01  0.109711D+01  0.546749D+02
  323.8739  0.116137D+01  0.116939D+01 -0.617166D+03
  324.0267  0.126599D+01  0.124888D+01  0.131632D+04
  324.1795  0.130836D+01  0.131824D+01 -0.755227D+03
  324.3321  0.134087D+01  0.133538D+01  0.411162D+03
  324.4847  0.135807D+01  0.135291D+01  0.357193D+03
  324.6372  0.136654D+01  0.137613D+01 -0.647503D+03
  324.7897  0.131556D+01  0.131477D+01  0.595560D+02
  324.9420  0.124412D+01  0.124452D+01 -0.306692D+02
  325.0944  0.124652D+01  0.125673D+01 -0.785285D+03
  325.2466  0.131007D+01  0.130850D+01  0.117341D+03
  325.3987  0.139046D+01  0.138384D+01  0.462321D+03
   21 323.262 326.310 324.786 -1.694D-03  0.000D+00  9.971D-01  5.907D+02 10000  5.831D-03
  323.2620  0.112087D+01  0.112443D+01 -0.274287D+03
  323.4151  0.112819D+01  0.112208D+01  0.469532D+03
  323.5681  0.107179D+01  0.107632D+01 -0.269367D+03
  323.7211  0.109782D+01  0.109923D+01 -0.109017D+03
  323.8739  0.116137D+01  0.117056D+01 -0.706880D+03
  324.0267  0.126599D+01  0.124894D+01  0.131221D+04
  324.1795  0.130836D+01  0.131785D+01 -0.725870D+03
  324.3321  0.134087D+01  0.133446D+01  0.479568D+03
  324.4847  0.135807D+01  0.135020D+01  0.544977D+03
  324.6372  0.136654D+01  0.137395D+01 -0.500240D+03
  324.7897  0.131556D+01  0.131452D+01  0.779549D+02
  324.9420  0.124412D+01  0.124407D+01  0.348656D+01
  325.0944  0.124652D+01  0.125693D+01 -0.800567D+03
  325.2466  0.131007D+01  0.131192D+01 -0.138499D+03
  325.3987  0.139046D+01  0.139225D+01 -0.124974D+03
  325.5508  0.153204D+01  0.152752D+01  0.289675D+03
  325.7029  0.164612D+01  0.165495D+01 -0.566237D+03
  325.8548  0.173808D+01  0.171799D+01  0.128825D+04
  326.0067  0.175620D+01  0.176055D+01 -0.278800D+03
  326.1585  0.176415D+01  0.175676D+01  0.473834D+03
  326.3103  0.169799D+01  0.170752D+01 -0.611194D+03
   21 324.179 327.219 325.699  2.810D-03  0.000D+00  1.005D+00  5.802D+02 10000  5.445D-03
  324.1795  0.130836D+01  0.131639D+01 -0.614097D+03
  324.3321  0.134087D+01  0.133249D+01  0.626823D+03
  324.4847  0.135807D+01  0.134660D+01  0.794466D+03
  324.6372  0.136654D+01  0.137198D+01 -0.367153D+03
  324.7897  0.131556D+01  0.131568D+01 -0.953430D+01
  324.9420  0.124412D+01  0.124450D+01 -0.296000D+02
  325.0944  0.124652D+01  0.125637D+01 -0.757428D+03
  325.2466  0.131007D+01  0.131193D+01 -0.139276D+03
  325.3987  0.139046D+01  0.139218D+01 -0.120145D+03
  325.5508  0.153204D+01  0.152678D+01  0.337172D+03
  325.7029  0.164612D+01  0.165601D+01 -0.634069D+03
  325.8548  0.173808D+01  0.171921D+01  0.121048D+04
  326.0067  0.175620D+01  0.175977D+01 -0.228945D+03
  326.1585  0.176415D+01  0.175341D+01  0.688564D+03
  326.3103  0.169799D+01  0.169934D+01 -0.865604D+02
  326.4620  0.161078D+01  0.162444D+01 -0.876203D+03
  326.6136  0.162057D+01  0.161369D+01  0.441536D+03
  326.7651  0.168671D+01  0.169917D+01 -0.799217D+03
  326.9166  0.174879D+01  0.173849D+01  0.660511D+03
  327.0680  0.166859D+01  0.167639D+01 -0.499964D+03
  327.2193  0.161665D+01  0.161121D+01  0.348985D+03
   21 325.094 328.126 326.610  2.748D-03  0.000D+00  1.011D+00  5.083D+02 10300  5.940D-03
  325.0944  0.124652D+01  0.124881D+01 -0.175993D+03
  325.2466  0.131007D+01  0.130814D+01  0.144353D+03
  325.3987  0.139046D+01  0.139123D+01 -0.535131D+02
  325.5508  0.153204D+01  0.152788D+01  0.267074D+03
  325.7029  0.164612D+01  0.165837D+01 -0.785797D+03
  325.8548  0.173808D+01  0.172202D+01  0.103034D+04
  326.0067  0.175620D+01  0.176231D+01 -0.391727D+03
  326.1585  0.176415D+01  0.175514D+01  0.577840D+03
  326.3103  0.169799D+01  0.170002D+01 -0.130092D+03
  326.4620  0.161078D+01  0.162414D+01 -0.857211D+03
  326.6136  0.162057D+01  0.161269D+01  0.505728D+03
  326.7651  0.168671D+01  0.169779D+01 -0.710614D+03
  326.9166  0.174879D+01  0.173734D+01  0.734493D+03
  327.0680  0.166859D+01  0.167634D+01 -0.496913D+03
  327.2193  0.161665D+01  0.161325D+01  0.218447D+03
  327.3706  0.162834D+01  0.163702D+01 -0.556673D+03
  327.5218  0.168712D+01  0.167854D+01  0.550180D+03
  327.6729  0.166354D+01  0.166003D+01  0.225213D+03
  327.8240  0.161605D+01  0.161278D+01  0.209783D+03
  327.9750  0.158207D+01  0.158608D+01 -0.256876D+03
  328.1259  0.158126D+01  0.158309D+01 -0.117974D+03
   21 326.007 329.030 327.518  1.474D-03  0.000D+00  1.006D+00  4.592D+02 10300  4.853D-03
  326.0067  0.175620D+01  0.176127D+01 -0.325025D+03
  326.1585  0.176415D+01  0.175350D+01  0.682799D+03
  326.3103  0.169799D+01  0.169808D+01 -0.594510D+01
  326.4620  0.161078D+01  0.162234D+01 -0.741307D+03
  326.6136  0.162057D+01  0.161195D+01  0.552683D+03
  326.7651  0.168671D+01  0.169739D+01 -0.684800D+03
  326.9166  0.174879D+01  0.173620D+01  0.807666D+03
  327.0680  0.166859D+01  0.167499D+01 -0.409819D+03
  327.2193  0.161665D+01  0.161286D+01  0.243365D+03
  327.3706  0.162834D+01  0.163760D+01 -0.593471D+03
  327.5218  0.168712D+01  0.167922D+01  0.506460D+03
  327.6729  0.166354D+01  0.166081D+01  0.175182D+03
  327.8240  0.161605D+01  0.161422D+01  0.117431D+03
  327.9750  0.158207D+01  0.158843D+01 -0.407410D+03
  328.1259  0.158126D+01  0.158636D+01 -0.327348D+03
  328.2767  0.158859D+01  0.158771D+01  0.562844D+02
  328.4276  0.159270D+01  0.158222D+01  0.671889D+03
  328.5783  0.152054D+01  0.152837D+01 -0.502317D+03
  328.7289  0.144042D+01  0.143909D+01  0.852062D+02
  328.8795  0.148514D+01  0.148360D+01  0.989766D+02
  329.0300  0.166894D+01  0.166984D+01 -0.573648D+02
   21 326.917 329.932 328.424 -1.092D-03  0.000D+00  1.006D+00  5.204D+02 10300  5.280D-03
  326.9166  0.174879D+01  0.174465D+01  0.266015D+03
  327.0680  0.166859D+01  0.167748D+01 -0.569969D+03
  327.2193  0.161665D+01  0.161329D+01  0.215606D+03
  327.3706  0.162834D+01  0.163735D+01 -0.577732D+03
  327.5218  0.168712D+01  0.167729D+01  0.630032D+03
  327.6729  0.166354D+01  0.165775D+01  0.371396D+03
  327.8240  0.161605D+01  0.161174D+01  0.276016D+03
  327.9750  0.158207D+01  0.158732D+01 -0.336518D+03
  328.1259  0.158126D+01  0.158662D+01 -0.343910D+03
  328.2767  0.158859D+01  0.158909D+01 -0.320382D+02
  328.4276  0.159270D+01  0.158437D+01  0.533988D+03
  328.5783  0.152054D+01  0.152998D+01 -0.605211D+03
  328.7289  0.144042D+01  0.144158D+01 -0.747774D+02
  328.8795  0.148514D+01  0.148925D+01 -0.263579D+03
  329.0300  0.166894D+01  0.167561D+01 -0.427401D+03
  329.1805  0.182023D+01  0.181252D+01  0.478399D+03
  329.3309  0.189002D+01  0.187489D+01  0.899233D+03
  329.4812  0.190905D+01  0.191843D+01 -0.515580D+03
  329.6314  0.193951D+01  0.192821D+01  0.648094D+03
  329.7816  0.191466D+01  0.193385D+01 -0.112355D+04
  329.9317  0.197919D+01  0.197177D+01  0.414835D+03
   21 327.824 330.831 329.327 -2.377D-03  0.000D+00  1.016D+00  6.872D+02 10000  5.482D-03
  327.8240  0.161605D+01  0.161138D+01  0.299114D+03
  327.9750  0.158207D+01  0.158637D+01 -0.275867D+03
  328.1259  0.158126D+01  0.158534D+01 -0.262085D+03
  328.2767  0.158859D+01  0.158761D+01  0.627065D+02
  328.4276  0.159270D+01  0.158285D+01  0.631498D+03
  328.5783  0.152054D+01  0.152809D+01 -0.484370D+03
  328.7289  0.144042D+01  0.144017D+01  0.155660D+02
  328.8795  0.148514D+01  0.148978D+01 -0.297614D+03
  329.0300  0.166894D+01  0.167701D+01 -0.517000D+03
  329.1805  0.182023D+01  0.181323D+01  0.434128D+03
  329.3309  0.189002D+01  0.187532D+01  0.873659D+03
  329.4812  0.190905D+01  0.191841D+01 -0.514354D+03
  329.6314  0.193951D+01  0.192738D+01  0.695550D+03
  329.7816  0.191466D+01  0.193219D+01 -0.102647D+04
  329.9317  0.197919D+01  0.196894D+01  0.573375D+03
  330.0818  0.201190D+01  0.201935D+01 -0.409360D+03
  330.2318  0.194667D+01  0.194884D+01 -0.108606D+03
  330.3817  0.180876D+01  0.178947D+01  0.119685D+04
  330.5315  0.162410D+01  0.165254D+01 -0.182374D+04
  330.6813  0.155363D+01  0.154092D+01  0.814887D+03
  330.8310  0.156889D+01  0.156776D+01  0.724165D+02
   21 328.729 331.728 330.228  1.409D-03  0.000D+00  1.015D+00  6.875D+02 10000  5.261D-03
  328.7289  0.144042D+01  0.143865D+01  0.113018D+03
  328.8795  0.148514D+01  0.148710D+01 -0.125311D+03
  329.0300  0.166894D+01  0.167587D+01 -0.444002D+03
  329.1805  0.182023D+01  0.181593D+01  0.266884D+03
  329.3309  0.189002D+01  0.187868D+01  0.673691D+03
  329.4812  0.190905D+01  0.192127D+01 -0.672077D+03
  329.6314  0.193951D+01  0.192910D+01  0.596688D+03
  329.7816  0.191466D+01  0.193144D+01 -0.982414D+03
  329.9317  0.197919D+01  0.196511D+01  0.787224D+03
  330.0818  0.201190D+01  0.201511D+01 -0.176318D+03
  330.2318  0.194667D+01  0.194808D+01 -0.705575D+02
  330.3817  0.180876D+01  0.178988D+01  0.117152D+04
  330.5315  0.162410D+01  0.165474D+01 -0.196493D+04
  330.6813  0.155363D+01  0.154482D+01  0.565030D+03
  330.8310  0.156889D+01  0.157289D+01 -0.256855D+03
  330.9807  0.169826D+01  0.170055D+01 -0.146511D+03
  331.1302  0.177287D+01  0.175895D+01  0.865867D+03
  331.2798  0.171921D+01  0.171872D+01  0.314662D+02
  331.4292  0.162911D+01  0.163594D+01 -0.438250D+03
  331.5786  0.161960D+01  0.161426D+01  0.342608D+03
  331.7279  0.169203D+01  0.169537D+01 -0.213024D+03
   21 329.631 332.622 331.127  1.381D-03  0.000D+00  1.006D+00  7.173D+02 10340  5.202D-03
  329.6314  0.193951D+01  0.193623D+01  0.187864D+03
  329.7816  0.191466D+01  0.193355D+01 -0.110572D+04
  329.9317  0.197919D+01  0.196380D+01  0.860632D+03
  330.0818  0.201190D+01  0.201167D+01  0.128465D+02
  330.2318  0.194667D+01  0.194390D+01  0.139438D+03
  330.3817  0.180876D+01  0.178617D+01  0.140152D+04
  330.5315  0.162410D+01  0.165208D+01 -0.179420D+04
  330.6813  0.155363D+01  0.154348D+01  0.650912D+03
  330.8310  0.156889D+01  0.157296D+01 -0.261478D+03
  330.9807  0.169826D+01  0.170222D+01 -0.253259D+03
  331.1302  0.177287D+01  0.176217D+01  0.665224D+03
  331.2798  0.171921D+01  0.172302D+01 -0.241750D+03
  331.4292  0.162911D+01  0.164064D+01 -0.739190D+03
  331.5786  0.161960D+01  0.161882D+01  0.498735D+02
  331.7279  0.169203D+01  0.169918D+01 -0.456212D+03
  331.8772  0.178144D+01  0.177530D+01  0.380275D+03
  332.0264  0.177640D+01  0.176379D+01  0.779731D+03
  332.1755  0.166884D+01  0.167279D+01 -0.252542D+03
  332.3246  0.156277D+01  0.156427D+01 -0.960457D+02
  332.4735  0.159360D+01  0.158217D+01  0.732522D+03
  332.6225  0.169607D+01  0.170652D+01 -0.653652D+03
   21 330.531 333.515 332.023 -1.179D-03  0.000D+00  1.009D+00  5.818D+02 10300  4.190D-03
  330.5315  0.162410D+01  0.163920D+01 -0.968348D+03
  330.6813  0.155363D+01  0.153471D+01  0.121310D+04
  330.8310  0.156889D+01  0.156906D+01 -0.109452D+02
  330.9807  0.169826D+01  0.169988D+01 -0.103430D+03
  331.1302  0.177287D+01  0.175965D+01  0.822066D+03
  331.2798  0.171921D+01  0.172073D+01 -0.967101D+02
  331.4292  0.162911D+01  0.163973D+01 -0.681029D+03
  331.5786  0.161960D+01  0.162075D+01 -0.736063D+02
  331.7279  0.169203D+01  0.170296D+01 -0.697966D+03
  331.8772  0.178144D+01  0.177855D+01  0.179326D+03
  332.0264  0.177640D+01  0.176569D+01  0.662308D+03
  332.1755  0.166884D+01  0.167347D+01 -0.295914D+03
  332.3246  0.156277D+01  0.156539D+01 -0.168254D+03
  332.4735  0.159360D+01  0.158577D+01  0.501989D+03
  332.6225  0.169607D+01  0.170932D+01 -0.828769D+03
  332.7713  0.173739D+01  0.172496D+01  0.763850D+03
  332.9201  0.163784D+01  0.164193D+01 -0.222944D+03
  333.0688  0.162706D+01  0.162155D+01  0.350050D+03
  333.2175  0.168099D+01  0.168953D+01 -0.530494D+03
  333.3661  0.171880D+01  0.170898D+01  0.594118D+03
  333.5146  0.159301D+01  0.159870D+01 -0.362137D+03
   21 331.429 334.404 332.917  1.131D-03  0.000D+00  1.009D+00  4.288D+02 10300  3.305D-03
  331.4292  0.162911D+01  0.163078D+01 -0.107189D+03
  331.5786  0.161960D+01  0.161463D+01  0.318626D+03
  331.7279  0.169203D+01  0.169894D+01 -0.441193D+03
  331.8772  0.178144D+01  0.177780D+01  0.225384D+03
  332.0264  0.177640D+01  0.176778D+01  0.533122D+03
  332.1755  0.166884D+01  0.167705D+01 -0.524637D+03
  332.3246  0.156277D+01  0.156810D+01 -0.341729D+03
  332.4735  0.159360D+01  0.158547D+01  0.521027D+03
  332.6225  0.169607D+01  0.170862D+01 -0.785109D+03
  332.7713  0.173739D+01  0.172596D+01  0.702369D+03
  332.9201  0.163784D+01  0.164259D+01 -0.258949D+03
  333.0688  0.162706D+01  0.162011D+01  0.441585D+03
  333.2175  0.168099D+01  0.168763D+01 -0.412462D+03
  333.3661  0.171880D+01  0.170945D+01  0.565438D+03
  333.5146  0.159301D+01  0.160228D+01 -0.589821D+03
  333.6631  0.146586D+01  0.146239D+01  0.222056D+03
  333.8115  0.147502D+01  0.147573D+01 -0.457688D+02
  333.9598  0.158752D+01  0.159340D+01 -0.367832D+03
  334.1081  0.165720D+01  0.165066D+01  0.395895D+03
  334.2563  0.166962D+01  0.167016D+01 -0.322781D+02
  334.4044  0.174469D+01  0.174532D+01 -0.344888D+02
   18 332.325 334.849 333.587 -8.371D-04  0.000D+00  1.007D+00  5.255D+02 10300  4.447D-03
  332.3246  0.156277D+01  0.156695D+01 -0.267818D+03
  332.4735  0.159360D+01  0.158601D+01  0.486663D+03
  332.6225  0.169607D+01  0.170873D+01 -0.791984D+03
  332.7713  0.173739D+01  0.172399D+01  0.823453D+03
  332.9201  0.163784D+01  0.164115D+01 -0.180492D+03
  333.0688  0.162706D+01  0.162092D+01  0.390056D+03
  333.2175  0.168099D+01  0.168873D+01 -0.481323D+03
  333.3661  0.171880D+01  0.170909D+01  0.587282D+03
  333.5146  0.159301D+01  0.160143D+01 -0.536024D+03
  333.6631  0.146586D+01  0.146409D+01  0.113026D+03
  333.8115  0.147502D+01  0.147941D+01 -0.281658D+03
  333.9598  0.158752D+01  0.159560D+01 -0.505140D+03
  334.1081  0.165720D+01  0.165122D+01  0.362289D+03
  334.2563  0.166962D+01  0.167025D+01 -0.372096D+02
  334.4044  0.174469D+01  0.174367D+01  0.559775D+02
  334.5526  0.183195D+01  0.183107D+01  0.487293D+02
  334.7006  0.184533D+01  0.182659D+01  0.103011D+04
  334.8485  0.167932D+01  0.169493D+01 -0.873269D+03
   12 333.217 334.849 334.033  4.989D-03  0.000D+00  1.009D+00  4.616D+02 10300  7.447D-03
  333.2175  0.168099D+01  0.168681D+01 -0.361651D+03
  333.3661  0.171880D+01  0.170617D+01  0.764334D+03
  333.5146  0.159301D+01  0.160130D+01 -0.527698D+03
  333.6631  0.146586D+01  0.146185D+01  0.256810D+03
  333.8115  0.147502D+01  0.147260D+01  0.155128D+03
  333.9598  0.158752D+01  0.159231D+01 -0.299775D+03
  334.1081  0.165720D+01  0.165445D+01  0.166655D+03
  334.2563  0.166962D+01  0.167495D+01 -0.317392D+03
  334.4044  0.174469D+01  0.174685D+01 -0.119019D+03
  334.5526  0.183195D+01  0.183411D+01 -0.118373D+03
  334.7006  0.184533D+01  0.182800D+01  0.952636D+03
  334.8485  0.167932D+01  0.168942D+01 -0.565274D+03
