 solar_wavcal_vary
           0
 F F
nwav fwave lwave avgwav  shift    squeeze      sin       rms   exval
   21 263.752 270.900 267.326 -1.095D-01  0.000D+00  1.021D+00  1.398D+03 10300  1.586D-02
  263.7524  0.286685D+00  0.387399D+00 -0.294425D+04
  264.1186  0.443963D+00  0.439341D+00  0.126140D+04
  264.4838  0.402193D+00  0.402134D+00  0.158793D+02
  264.8479  0.331173D+00  0.339586D+00 -0.253326D+04
  265.2111  0.379874D+00  0.372031D+00  0.214053D+04
  265.5732  0.409932D+00  0.412573D+00 -0.720764D+03
  265.9344  0.386422D+00  0.390608D+00 -0.114257D+04
  266.2946  0.355783D+00  0.354586D+00  0.331707D+03
  266.6540  0.353851D+00  0.347146D+00  0.189293D+04
  267.0124  0.350181D+00  0.355124D+00 -0.142884D+04
  267.3699  0.370553D+00  0.373400D+00 -0.777091D+03
  267.7265  0.357857D+00  0.357815D+00  0.116259D+02
  268.0823  0.346243D+00  0.342527D+00  0.110136D+04
  268.4373  0.353209D+00  0.348497D+00  0.133288D+04
  268.7914  0.340266D+00  0.336935D+00  0.102690D+04
  269.1447  0.332597D+00  0.332189D+00  0.138688D+03
  269.4972  0.328374D+00  0.331434D+00 -0.107963D+04
  269.8490  0.353323D+00  0.360558D+00 -0.205419D+04
  270.2000  0.395920D+00  0.398443D+00 -0.688364D+03
  270.5502  0.396238D+00  0.391828D+00  0.120351D+04
  270.8997  0.372857D+00  0.371065D+00  0.489105D+03
   21 265.934 272.982 269.458 -2.588D-02  0.000D+00  1.012D+00  1.128D+03 10300  1.142D-02
  265.9344  0.386422D+00  0.391876D+00 -0.148852D+04
  266.2946  0.355783D+00  0.355925D+00 -0.393589D+02
  266.6540  0.353851D+00  0.343372D+00  0.295818D+04
  267.0124  0.350181D+00  0.350213D+00 -0.923011D+01
  267.3699  0.370553D+00  0.368925D+00  0.444224D+03
  267.7265  0.357857D+00  0.365613D+00 -0.211663D+04
  268.0823  0.346243D+00  0.343083D+00  0.936660D+03
  268.4373  0.353209D+00  0.349725D+00  0.985537D+03
  268.7914  0.340266D+00  0.342881D+00 -0.805808D+03
  269.1447  0.332597D+00  0.333602D+00 -0.341644D+03
  269.4972  0.328374D+00  0.333290D+00 -0.173446D+04
  269.8490  0.353323D+00  0.351330D+00  0.565851D+03
  270.2000  0.395920D+00  0.394271D+00  0.450253D+03
  270.5502  0.396238D+00  0.397486D+00 -0.340792D+03
  270.8997  0.372857D+00  0.373256D+00 -0.108941D+03
  271.2485  0.363856D+00  0.359717D+00  0.112966D+04
  271.5966  0.319623D+00  0.316770D+00  0.102285D+04
  271.9441  0.253394D+00  0.253822D+00 -0.167754D+03
  272.2908  0.249445D+00  0.248833D+00  0.240147D+03
  272.6369  0.290734D+00  0.294452D+00 -0.144931D+04
  272.9824  0.345786D+00  0.343972D+00  0.536648D+03
   21 268.082 275.042 271.562 -7.534D-03  0.000D+00  1.012D+00  9.026D+02 10000  6.398D-03
  268.0823  0.346243D+00  0.344711D+00  0.454025D+03
  268.4373  0.353209D+00  0.350754D+00  0.694346D+03
  268.7914  0.340266D+00  0.344328D+00 -0.125191D+04
  269.1447  0.332597D+00  0.333529D+00 -0.316749D+03
  269.4972  0.328374D+00  0.332909D+00 -0.160005D+04
  269.8490  0.353323D+00  0.347885D+00  0.154432D+04
  270.2000  0.395920D+00  0.391523D+00  0.120017D+04
  270.5502  0.396238D+00  0.397022D+00 -0.214028D+03
  270.8997  0.372857D+00  0.372561D+00  0.807561D+02
  271.2485  0.363856D+00  0.359767D+00  0.111602D+04
  271.5966  0.319623D+00  0.319529D+00  0.336563D+02
  271.9441  0.253394D+00  0.255962D+00 -0.100651D+04
  272.2908  0.249445D+00  0.247808D+00  0.643007D+03
  272.6369  0.290734D+00  0.293503D+00 -0.107953D+04
  272.9824  0.345786D+00  0.347491D+00 -0.504845D+03
  273.3272  0.324079D+00  0.326649D+00 -0.892366D+03
  273.6714  0.257350D+00  0.256062D+00  0.502252D+03
  274.0150  0.208946D+00  0.205653D+00  0.149213D+04
  274.3580  0.185868D+00  0.184252D+00  0.735076D+03
  274.7005  0.181653D+00  0.182506D+00 -0.387651D+03
  275.0424  0.201963D+00  0.203076D+00 -0.506050D+03
   21 270.200 277.082 273.641 -1.209D-03  0.000D+00  1.010D+00  7.110D+02 10300  4.810D-03
  270.2000  0.395920D+00  0.393414D+00  0.683881D+03
  270.5502  0.396238D+00  0.399040D+00 -0.764686D+03
  270.8997  0.372857D+00  0.373831D+00 -0.265996D+03
  271.2485  0.363856D+00  0.360430D+00  0.934982D+03
  271.5966  0.319623D+00  0.320457D+00 -0.298783D+03
  271.9441  0.253394D+00  0.256452D+00 -0.119876D+04
  272.2908  0.249445D+00  0.246651D+00  0.109727D+04
  272.6369  0.290734D+00  0.291542D+00 -0.315130D+03
  272.9824  0.345786D+00  0.345717D+00  0.202186D+02
  273.3272  0.324079D+00  0.326647D+00 -0.891720D+03
  273.6714  0.257350D+00  0.256388D+00  0.375282D+03
  274.0150  0.208946D+00  0.205715D+00  0.146410D+04
  274.3580  0.185868D+00  0.184061D+00  0.821933D+03
  274.7005  0.181653D+00  0.182294D+00 -0.291603D+03
  275.0424  0.201963D+00  0.202479D+00 -0.234824D+03
  275.3837  0.240551D+00  0.239992D+00  0.218129D+03
  275.7245  0.270248D+00  0.272700D+00 -0.956291D+03
  276.0647  0.334331D+00  0.333815D+00  0.168332D+03
  276.4044  0.353601D+00  0.356132D+00 -0.714959D+03
  276.7437  0.362443D+00  0.362262D+00  0.494847D+02
  277.0824  0.363204D+00  0.360922D+00  0.622968D+03
   21 272.291 279.105 275.698  6.279D-03  0.000D+00  9.991D-01  7.463D+02 10300  5.344D-03
  272.2908  0.249445D+00  0.246868D+00  0.101227D+04
  272.6369  0.290734D+00  0.291454D+00 -0.280789D+03
  272.9824  0.345786D+00  0.347079D+00 -0.382885D+03
  273.3272  0.324079D+00  0.329196D+00 -0.177668D+04
  273.6714  0.257350D+00  0.257668D+00 -0.124017D+03
  274.0150  0.208946D+00  0.206042D+00  0.131591D+04
  274.3580  0.185868D+00  0.183728D+00  0.973565D+03
  274.7005  0.181653D+00  0.181582D+00  0.326466D+02
  275.0424  0.201963D+00  0.200748D+00  0.552505D+03
  275.3837  0.240551D+00  0.239231D+00  0.514586D+03
  275.7245  0.270248D+00  0.270470D+00 -0.866000D+02
  276.0647  0.334331D+00  0.333941D+00  0.127281D+03
  276.4044  0.353601D+00  0.357281D+00 -0.103930D+04
  276.7437  0.362443D+00  0.365661D+00 -0.878145D+03
  277.0824  0.363204D+00  0.365760D+00 -0.697490D+03
  277.4207  0.368914D+00  0.367344D+00  0.428507D+03
  277.7584  0.317632D+00  0.314345D+00  0.112116D+04
  278.0957  0.258258D+00  0.257995D+00  0.930410D+02
  278.4325  0.242123D+00  0.242852D+00 -0.280491D+03
  278.7689  0.218972D+00  0.218434D+00  0.208289D+03
  279.1049  0.163814D+00  0.164475D+00 -0.301008D+03
   21 274.358 281.112 277.735  1.732D-02  0.000D+00  9.911D-01  7.266D+02 10300  9.119D-03
  274.3580  0.185868D+00  0.185276D+00  0.269217D+03
  274.7005  0.181653D+00  0.182788D+00 -0.516239D+03
  275.0424  0.201963D+00  0.200911D+00  0.478423D+03
  275.3837  0.240551D+00  0.239922D+00  0.245502D+03
  275.7245  0.270248D+00  0.270013D+00  0.913250D+02
  276.0647  0.334331D+00  0.333978D+00  0.115098D+03
  276.4044  0.353601D+00  0.357490D+00 -0.109840D+04
  276.7437  0.362443D+00  0.366032D+00 -0.979414D+03
  277.0824  0.363204D+00  0.364611D+00 -0.383966D+03
  277.4207  0.368914D+00  0.367097D+00  0.495922D+03
  277.7584  0.317632D+00  0.314672D+00  0.100968D+04
  278.0957  0.258258D+00  0.256223D+00  0.721185D+03
  278.4325  0.242123D+00  0.240626D+00  0.575534D+03
  278.7689  0.218972D+00  0.217492D+00  0.573013D+03
  279.1049  0.163814D+00  0.163635D+00  0.811956D+02
  279.4404  0.118304D+00  0.120850D+00 -0.138702D+04
  279.7755  0.103138D+00  0.106329D+00 -0.174153D+04
  280.1102  0.104560D+00  0.105760D+00 -0.409250D+03
  280.4444  0.121400D+00  0.121962D+00 -0.191631D+03
  280.7783  0.171945D+00  0.170956D+00  0.307590D+03
  281.1118  0.237131D+00  0.235001D+00  0.645859D+03
   21 276.404 283.105 279.755  4.313D-03  0.000D+00  1.012D+00  9.279D+02 10300  9.365D-03
  276.4044  0.353601D+00  0.355232D+00 -0.460660D+03
  276.7437  0.362443D+00  0.363881D+00 -0.392530D+03
  277.0824  0.363204D+00  0.364075D+00 -0.237458D+03
  277.4207  0.368914D+00  0.366937D+00  0.539630D+03
  277.7584  0.317632D+00  0.313261D+00  0.149100D+04
  278.0957  0.258258D+00  0.256799D+00  0.517039D+03
  278.4325  0.242123D+00  0.242722D+00 -0.230531D+03
  278.7689  0.218972D+00  0.218370D+00  0.232873D+03
  279.1049  0.163814D+00  0.163573D+00  0.109420D+03
  279.4404  0.118304D+00  0.121449D+00 -0.171324D+04
  279.7755  0.103138D+00  0.107259D+00 -0.224916D+04
  280.1102  0.104560D+00  0.106841D+00 -0.778024D+03
  280.4444  0.121400D+00  0.123652D+00 -0.768323D+03
  280.7783  0.171945D+00  0.172613D+00 -0.207729D+03
  281.1118  0.237131D+00  0.234060D+00  0.931054D+03
  281.4449  0.303136D+00  0.299740D+00  0.939673D+03
  281.7776  0.365250D+00  0.365250D+00 -0.148861D+00
  282.1100  0.410565D+00  0.411609D+00 -0.284849D+03
  282.4420  0.437925D+00  0.435332D+00  0.707604D+03
  282.7736  0.457342D+00  0.453087D+00  0.116110D+04
  283.1049  0.482615D+00  0.487590D+00 -0.135778D+04
   21 278.433 285.086 281.759 -7.864D-03  0.000D+00  1.011D+00  1.031D+03 10300  1.014D-02
  278.4325  0.242123D+00  0.242419D+00 -0.113918D+03
  278.7689  0.218972D+00  0.217042D+00  0.747265D+03
  279.1049  0.163814D+00  0.161464D+00  0.106876D+04
  279.4404  0.118304D+00  0.120302D+00 -0.108860D+04
  279.7755  0.103138D+00  0.106803D+00 -0.200052D+04
  280.1102  0.104560D+00  0.106693D+00 -0.727536D+03
  280.4444  0.121400D+00  0.124063D+00 -0.908497D+03
  280.7783  0.171945D+00  0.173860D+00 -0.595355D+03
  281.1118  0.237131D+00  0.234655D+00  0.750696D+03
  281.4449  0.303136D+00  0.300097D+00  0.840945D+03
  281.7776  0.365250D+00  0.364532D+00  0.195712D+03
  282.1100  0.410565D+00  0.409938D+00  0.171039D+03
  282.4420  0.437925D+00  0.433049D+00  0.133069D+04
  282.7736  0.457342D+00  0.451922D+00  0.147907D+04
  283.1049  0.482615D+00  0.488016D+00 -0.147410D+04
  283.4359  0.472610D+00  0.480751D+00 -0.222173D+04
  283.7665  0.463057D+00  0.462909D+00  0.404417D+02
  284.0968  0.453359D+00  0.449822D+00  0.965264D+03
  284.4267  0.394511D+00  0.394470D+00  0.109794D+02
  284.7563  0.295136D+00  0.295893D+00 -0.217208D+03
  285.0857  0.178586D+00  0.176917D+00  0.569285D+03
   21 280.444 287.055 283.750 -4.010D-03  0.000D+00  1.003D+00  8.548D+02 10300  4.262D-03
  280.4444  0.121400D+00  0.124287D+00 -0.984810D+03
  280.7783  0.171945D+00  0.174022D+00 -0.645930D+03
  281.1118  0.237131D+00  0.235138D+00  0.604305D+03
  281.4449  0.303136D+00  0.300665D+00  0.683901D+03
  281.7776  0.365250D+00  0.365381D+00 -0.358977D+02
  282.1100  0.410565D+00  0.410895D+00 -0.901054D+02
  282.4420  0.437925D+00  0.433954D+00  0.108373D+04
  282.7736  0.457342D+00  0.452224D+00  0.139677D+04
  283.1049  0.482615D+00  0.487977D+00 -0.146346D+04
  283.4359  0.472610D+00  0.480870D+00 -0.225432D+04
  283.7665  0.463057D+00  0.462309D+00  0.204257D+03
  284.0968  0.453359D+00  0.449273D+00  0.111507D+04
  284.4267  0.394511D+00  0.394256D+00  0.695708D+02
  284.7563  0.295136D+00  0.296421D+00 -0.368531D+03
  285.0857  0.178586D+00  0.177398D+00  0.405208D+03
  285.4146  0.160869D+00  0.160866D+00  0.940993D+00
  285.7433  0.276573D+00  0.277601D+00 -0.309731D+03
  286.0717  0.421873D+00  0.421675D+00  0.541812D+02
  286.3998  0.504325D+00  0.501241D+00  0.841842D+03
  286.7276  0.514860D+00  0.514333D+00  0.143989D+03
  287.0550  0.542514D+00  0.544675D+00 -0.589759D+03
   21 282.442 289.014 285.728 -1.594D-03  0.000D+00  9.978D-01  7.474D+02 10300  2.829D-03
  282.4420  0.437925D+00  0.436543D+00  0.377044D+03
  282.7736  0.457342D+00  0.452490D+00  0.132402D+04
  283.1049  0.482615D+00  0.487778D+00 -0.140896D+04
  283.4359  0.472610D+00  0.479912D+00 -0.199270D+04
  283.7665  0.463057D+00  0.460644D+00  0.658414D+03
  284.0968  0.453359D+00  0.448515D+00  0.132196D+04
  284.4267  0.394511D+00  0.394124D+00  0.105528D+03
  284.7563  0.295136D+00  0.297240D+00 -0.603586D+03
  285.0857  0.178586D+00  0.177088D+00  0.511061D+03
  285.4146  0.160869D+00  0.159330D+00  0.525090D+03
  285.7433  0.276573D+00  0.276796D+00 -0.673145D+02
  286.0717  0.421873D+00  0.422380D+00 -0.138380D+03
  286.3998  0.504325D+00  0.502621D+00  0.465112D+03
  286.7276  0.514860D+00  0.514568D+00  0.798670D+02
  287.0550  0.542514D+00  0.543550D+00 -0.282789D+03
  287.3822  0.568819D+00  0.568926D+00 -0.292548D+02
  287.7091  0.502099D+00  0.503053D+00 -0.260228D+03
  288.0357  0.390859D+00  0.390359D+00  0.136428D+03
  288.3620  0.405319D+00  0.407012D+00 -0.461843D+03
  288.6880  0.553328D+00  0.553819D+00 -0.133775D+03
  289.0137  0.606417D+00  0.605042D+00  0.375357D+03
   21 284.427 290.962 287.694  5.371D-04  0.000D+00  1.003D+00  4.291D+02 10300  1.595D-03
  284.4267  0.394511D+00  0.392397D+00  0.576878D+03
  284.7563  0.295136D+00  0.297293D+00 -0.618698D+03
  285.0857  0.178586D+00  0.179091D+00 -0.172264D+03
  285.4146  0.160869D+00  0.160819D+00  0.171453D+02
  285.7433  0.276573D+00  0.276982D+00 -0.123230D+03
  286.0717  0.421873D+00  0.422454D+00 -0.158394D+03
  286.3998  0.504325D+00  0.503307D+00  0.278072D+03
  286.7276  0.514860D+00  0.515601D+00 -0.202206D+03
  287.0550  0.542514D+00  0.543571D+00 -0.288485D+03
  287.3822  0.568819D+00  0.568770D+00  0.134457D+02
  287.7091  0.502099D+00  0.503004D+00 -0.247079D+03
  288.0357  0.390859D+00  0.389355D+00  0.410448D+03
  288.3620  0.405319D+00  0.403750D+00  0.428226D+03
  288.6880  0.553328D+00  0.552928D+00  0.109182D+03
  289.0137  0.606417D+00  0.603622D+00  0.762693D+03
  289.3392  0.644034D+00  0.642310D+00  0.470483D+03
  289.6643  0.746699D+00  0.748881D+00 -0.595519D+03
  289.9892  0.865355D+00  0.867385D+00 -0.554080D+03
  290.3138  0.935638D+00  0.935390D+00  0.678192D+02
  290.6381  0.929942D+00  0.932337D+00 -0.653664D+03
  290.9622  0.887563D+00  0.884825D+00  0.747384D+03
   21 286.400 292.901 289.650  2.241D-03  0.000D+00  1.000D+00  8.614D+02 10300  3.945D-03
  286.3998  0.504325D+00  0.505444D+00 -0.305354D+03
  286.7276  0.514860D+00  0.515044D+00 -0.499993D+02
  287.0550  0.542514D+00  0.542348D+00  0.453438D+02
  287.3822  0.568819D+00  0.569288D+00 -0.128088D+03
  287.7091  0.502099D+00  0.503184D+00 -0.295981D+03
  288.0357  0.390859D+00  0.387765D+00  0.844458D+03
  288.3620  0.405319D+00  0.401163D+00  0.113441D+04
  288.6880  0.553328D+00  0.552641D+00  0.187539D+03
  289.0137  0.606417D+00  0.603513D+00  0.792434D+03
  289.3392  0.644034D+00  0.642509D+00  0.416060D+03
  289.6643  0.746699D+00  0.749518D+00 -0.769396D+03
  289.9892  0.865355D+00  0.868719D+00 -0.918307D+03
  290.3138  0.935638D+00  0.937539D+00 -0.518865D+03
  290.6381  0.929942D+00  0.935056D+00 -0.139571D+04
  290.9622  0.887563D+00  0.888948D+00 -0.378054D+03
  291.2859  0.899462D+00  0.892794D+00  0.181971D+04
  291.6095  0.874265D+00  0.866404D+00  0.214528D+04
  291.9326  0.840682D+00  0.842285D+00 -0.437435D+03
  292.2556  0.818598D+00  0.820640D+00 -0.557385D+03
  292.5782  0.739925D+00  0.742042D+00 -0.577885D+03
  292.9005  0.751850D+00  0.751870D+00 -0.561707D+01
   21 288.362 294.828 291.595  5.291D-03  0.000D+00  9.972D-01  1.062D+03 10300  5.193D-03
  288.3620  0.405319D+00  0.399226D+00  0.166295D+04
  288.6880  0.553328D+00  0.559380D+00 -0.165170D+04
  289.0137  0.606417D+00  0.605649D+00  0.209674D+03
  289.3392  0.644034D+00  0.640630D+00  0.928909D+03
  289.6643  0.746699D+00  0.747962D+00 -0.344675D+03
  289.9892  0.865355D+00  0.867839D+00 -0.678174D+03
  290.3138  0.935638D+00  0.936652D+00 -0.276636D+03
  290.6381  0.929942D+00  0.934747D+00 -0.131144D+04
  290.9622  0.887563D+00  0.884941D+00  0.715756D+03
  291.2859  0.899462D+00  0.892735D+00  0.183597D+04
  291.6095  0.874265D+00  0.865951D+00  0.226887D+04
  291.9326  0.840682D+00  0.842547D+00 -0.508972D+03
  292.2556  0.818598D+00  0.825851D+00 -0.197943D+04
  292.5782  0.739925D+00  0.743728D+00 -0.103815D+04
  292.9005  0.751850D+00  0.752513D+00 -0.180913D+03
  293.2225  0.880955D+00  0.881366D+00 -0.112198D+03
  293.5443  0.861903D+00  0.859789D+00  0.576803D+03
  293.8658  0.736678D+00  0.735005D+00  0.456428D+03
  294.1869  0.768754D+00  0.769248D+00 -0.134758D+03
  294.5078  0.817106D+00  0.817079D+00  0.753590D+01
  294.8284  0.743681D+00  0.743834D+00 -0.418295D+02
   21 290.314 296.745 293.530  4.578D-03  0.000D+00  9.986D-01  1.102D+03 10300  4.769D-03
  290.3138  0.935638D+00  0.936866D+00 -0.335168D+03
  290.6381  0.929942D+00  0.934953D+00 -0.136766D+04
  290.9622  0.887563D+00  0.885208D+00  0.642725D+03
  291.2859  0.899462D+00  0.893021D+00  0.175784D+04
  291.6095  0.874265D+00  0.865976D+00  0.226214D+04
  291.9326  0.840682D+00  0.842550D+00 -0.509572D+03
  292.2556  0.818598D+00  0.825585D+00 -0.190693D+04
  292.5782  0.739925D+00  0.743379D+00 -0.942873D+03
  292.9005  0.751850D+00  0.752520D+00 -0.182851D+03
  293.2225  0.880955D+00  0.881432D+00 -0.130053D+03
  293.5443  0.861903D+00  0.859601D+00  0.628263D+03
  293.8658  0.736678D+00  0.735333D+00  0.366972D+03
  294.1869  0.768754D+00  0.770451D+00 -0.463173D+03
  294.5078  0.817106D+00  0.818961D+00 -0.506081D+03
  294.8284  0.743681D+00  0.746418D+00 -0.746928D+03
  295.1486  0.786009D+00  0.788690D+00 -0.731616D+03
  295.4686  0.856220D+00  0.850325D+00  0.160873D+04
  295.7882  0.871226D+00  0.869663D+00  0.426406D+03
  296.1075  0.918233D+00  0.916887D+00  0.367412D+03
  296.4265  0.845234D+00  0.841538D+00  0.100850D+04
  296.7452  0.639918D+00  0.647292D+00 -0.201246D+04
   21 292.256 298.650 295.453  7.992D-03  0.000D+00  9.960D-01  9.961D+02   300  2.454D-03
  292.2556  0.818598D+00  0.819443D+00 -0.230442D+03
  292.5782  0.739925D+00  0.738073D+00  0.505453D+03
  292.9005  0.751850D+00  0.746733D+00  0.139639D+04
  293.2225  0.880955D+00  0.884853D+00 -0.106373D+04
  293.5443  0.861903D+00  0.865474D+00 -0.974681D+03
  293.8658  0.736678D+00  0.732635D+00  0.110335D+04
  294.1869  0.768754D+00  0.770717D+00 -0.535679D+03
  294.5078  0.817106D+00  0.823276D+00 -0.168377D+04
  294.8284  0.743681D+00  0.743256D+00  0.115931D+03
  295.1486  0.786009D+00  0.786434D+00 -0.115931D+03
  295.4686  0.856220D+00  0.849172D+00  0.192345D+04
  295.7882  0.871226D+00  0.865750D+00  0.149452D+04
  296.1075  0.918233D+00  0.916736D+00  0.408456D+03
  296.4265  0.845234D+00  0.846773D+00 -0.420021D+03
  296.7452  0.639918D+00  0.643921D+00 -0.109243D+04
  297.0635  0.634366D+00  0.637370D+00 -0.819680D+03
  297.3816  0.744941D+00  0.749197D+00 -0.116156D+04
  297.6992  0.947686D+00  0.948198D+00 -0.139796D+03
  298.0165  0.891390D+00  0.887021D+00  0.119223D+04
  298.3335  0.621952D+00  0.624986D+00 -0.828054D+03
  298.6501  0.586504D+00  0.583881D+00  0.715906D+03
   21 294.187 300.542 297.364  3.728D-03  0.000D+00  1.022D+00  4.759D+03 10300  1.067D-02
  294.1869  0.768754D+00  0.785329D+00 -0.452364D+04
  294.5078  0.817106D+00  0.824050D+00 -0.189500D+04
  294.8284  0.743681D+00  0.735229D+00  0.230663D+04
  295.1486  0.786009D+00  0.777461D+00  0.233287D+04
  295.4686  0.856220D+00  0.837249D+00  0.517761D+04
  295.7882  0.871226D+00  0.856021D+00  0.414970D+04
  296.1075  0.918233D+00  0.912283D+00  0.162374D+04
  296.4265  0.845234D+00  0.846721D+00 -0.406058D+03
  296.7452  0.639918D+00  0.643592D+00 -0.100282D+04
  297.0635  0.634366D+00  0.646260D+00 -0.324588D+04
  297.3816  0.744941D+00  0.764018D+00 -0.520635D+04
  297.6992  0.947686D+00  0.975788D+00 -0.766972D+04
  298.0165  0.891390D+00  0.906485D+00 -0.411963D+04
  298.3335  0.621952D+00  0.629311D+00 -0.200855D+04
  298.6501  0.586504D+00  0.586405D+00  0.269325D+02
  298.9663  0.802038D+00  0.777950D+00  0.657384D+04
  299.2822  0.854735D+00  0.809212D+00  0.124239D+05
  299.5977  0.777407D+00  0.757299D+00  0.548803D+04
  299.9128  0.736547D+00  0.747730D+00 -0.305219D+04
  300.2274  0.558211D+00  0.576974D+00 -0.512068D+04
  300.5418  0.652032D+00  0.664817D+00 -0.348936D+04
   21 296.108 302.419 299.263  5.101D-03  0.000D+00  1.016D+00  6.813D+03 10300  1.411D-02
  296.1075  0.918233D+00  0.893707D+00  0.669351D+04
  296.4265  0.845234D+00  0.844768D+00  0.127130D+03
  296.7452  0.639918D+00  0.647039D+00 -0.194336D+04
  297.0635  0.634366D+00  0.651619D+00 -0.470851D+04
  297.3816  0.744941D+00  0.769148D+00 -0.660661D+04
  297.6992  0.947686D+00  0.978466D+00 -0.840040D+04
  298.0165  0.891390D+00  0.905135D+00 -0.375140D+04
  298.3335  0.621952D+00  0.624774D+00 -0.770170D+03
  298.6501  0.586504D+00  0.577274D+00  0.251911D+04
  298.9663  0.802038D+00  0.761035D+00  0.111905D+05
  299.2822  0.854735D+00  0.791352D+00  0.172983D+05
  299.5977  0.777407D+00  0.741807D+00  0.971614D+04
  299.9128  0.736547D+00  0.737547D+00 -0.273041D+03
  300.2274  0.558211D+00  0.578128D+00 -0.543557D+04
  300.5418  0.652032D+00  0.678771D+00 -0.729748D+04
  300.8557  0.690149D+00  0.724617D+00 -0.940698D+04
  301.1692  0.776483D+00  0.799931D+00 -0.561526D+04
  301.4822  0.830831D+00  0.839723D+00 -0.242684D+04
  301.7948  0.693919D+00  0.693614D+00  0.832824D+02
  302.1069  0.555664D+00  0.546413D+00  0.252456D+04
  302.4187  0.734326D+00  0.712721D+00  0.589644D+04
   21 298.017 304.279 301.148 -1.476D-02  0.000D+00  9.787D-01  6.576D+03 10300  1.576D-02
  298.0165  0.891390D+00  0.915988D+00 -0.671314D+04
  298.3335  0.621952D+00  0.625094D+00 -0.857411D+03
  298.6501  0.586504D+00  0.593489D+00 -0.190630D+04
  298.9663  0.802038D+00  0.782666D+00  0.528691D+04
  299.2822  0.854735D+00  0.793083D+00  0.168260D+05
  299.5977  0.777407D+00  0.751353D+00  0.711073D+04
  299.9128  0.736547D+00  0.734315D+00  0.608987D+03
  300.2274  0.558211D+00  0.578902D+00 -0.564688D+04
  300.5418  0.652032D+00  0.692475D+00 -0.110375D+05
  300.8557  0.690149D+00  0.730192D+00 -0.109284D+05
  301.1692  0.776483D+00  0.811460D+00 -0.837630D+04
  301.4822  0.830831D+00  0.841410D+00 -0.288713D+04
  301.7948  0.693919D+00  0.680602D+00  0.363449D+04
  302.1069  0.555664D+00  0.545868D+00  0.267332D+04
  302.4187  0.734326D+00  0.721061D+00  0.362043D+04
  302.7299  0.911788D+00  0.886455D+00  0.690553D+04
  303.0407  0.102616D+01  0.991587D+00  0.508737D+04
  303.3510  0.107929D+01  0.106545D+01  0.190545D+04
  303.6608  0.102070D+01  0.101323D+01  0.109672D+04
  303.9701  0.891720D+00  0.902386D+00 -0.268328D+04
  304.2789  0.935495D+00  0.966929D+00 -0.510188D+04
   21 299.913 306.120 303.016 -2.677D-03  0.000D+00  1.007D+00  2.910D+03 10300  8.331D-03
  299.9128  0.736547D+00  0.715103D+00  0.585249D+04
  300.2274  0.558211D+00  0.560661D+00 -0.668610D+03
  300.5418  0.652032D+00  0.665516D+00 -0.367995D+04
  300.8557  0.690149D+00  0.710357D+00 -0.551519D+04
  301.1692  0.776483D+00  0.791780D+00 -0.366334D+04
  301.4822  0.830831D+00  0.833540D+00 -0.739300D+03
  301.7948  0.693919D+00  0.687478D+00  0.175785D+04
  302.1069  0.555664D+00  0.547230D+00  0.230159D+04
  302.4187  0.734326D+00  0.721482D+00  0.350537D+04
  302.7299  0.911788D+00  0.894351D+00  0.475327D+04
  303.0407  0.102616D+01  0.100711D+01  0.280372D+04
  303.3510  0.107929D+01  0.107997D+01 -0.937468D+02
  303.6608  0.102070D+01  0.103059D+01 -0.145136D+04
  303.9701  0.891720D+00  0.903524D+00 -0.296942D+04
  304.2789  0.935495D+00  0.948489D+00 -0.210894D+04
  304.5871  0.101294D+01  0.102759D+01 -0.203781D+04
  304.8949  0.985391D+00  0.982729D+00  0.373979D+03
  305.2020  0.110247D+01  0.110986D+01 -0.100786D+04
  305.5086  0.100903D+01  0.102522D+01 -0.220821D+04
  305.8146  0.789777D+00  0.786484D+00  0.898862D+03
  306.1201  0.861823D+00  0.843836D+00  0.278482D+04
   21 301.795 307.940 304.867 -9.805D-03  0.000D+00  1.024D+00  7.982D+02 10300  2.591D-03
  301.7948  0.693919D+00  0.693726D+00  0.528512D+02
  302.1069  0.555664D+00  0.555888D+00 -0.613296D+02
  302.4187  0.734326D+00  0.737878D+00 -0.969359D+03
  302.7299  0.911788D+00  0.908905D+00  0.785963D+03
  303.0407  0.102616D+01  0.101559D+01  0.155636D+04
  303.3510  0.107929D+01  0.108385D+01 -0.628022D+03
  303.6608  0.102070D+01  0.102316D+01 -0.360734D+03
  303.9701  0.891720D+00  0.894998D+00 -0.824549D+03
  304.2789  0.935495D+00  0.939594D+00 -0.665193D+03
  304.5871  0.101294D+01  0.101299D+01 -0.648132D+01
  304.8949  0.985391D+00  0.970389D+00  0.210760D+04
  305.2020  0.110247D+01  0.109992D+01  0.347494D+03
  305.5086  0.100903D+01  0.101508D+01 -0.825736D+03
  305.8146  0.789777D+00  0.788564D+00  0.331109D+03
  306.1201  0.861823D+00  0.866117D+00 -0.664881D+03
  306.4249  0.946163D+00  0.947508D+00 -0.183452D+03
  306.7292  0.869589D+00  0.875400D+00 -0.792880D+03
  307.0328  0.994004D+00  0.992219D+00  0.243519D+03
  307.3358  0.104990D+01  0.104205D+01  0.105180D+04
  307.6381  0.101899D+01  0.102015D+01 -0.152442D+03
  307.9398  0.104171D+01  0.104403D+01 -0.316549D+03
   21 312.926 316.071 314.499  1.621D-03  0.000D+00  1.007D+00  7.703D+02 10300  3.295D-03
  312.9261  0.112845D+01  0.113128D+01 -0.232480D+03
  313.0841  0.112957D+01  0.112908D+01  0.280049D+02
  313.2420  0.110457D+01  0.110116D+01  0.288722D+03
  313.3999  0.107863D+01  0.107838D+01  0.219241D+02
  313.5576  0.110024D+01  0.110246D+01 -0.186446D+03
  313.7153  0.119146D+01  0.118933D+01  0.166331D+03
  313.8729  0.129302D+01  0.129559D+01 -0.198189D+03
  314.0304  0.134713D+01  0.133726D+01  0.761814D+03
  314.1879  0.127277D+01  0.126741D+01  0.404611D+03
  314.3452  0.103621D+01  0.105299D+01 -0.151535D+04
  314.5025  0.861163D+00  0.848526D+00  0.121936D+04
  314.6597  0.864389D+00  0.888177D+00 -0.229536D+04
  314.8169  0.107413D+01  0.106022D+01  0.121444D+04
  314.9739  0.119254D+01  0.119498D+01 -0.188933D+03
  315.1309  0.124444D+01  0.123753D+01  0.533027D+03
  315.2878  0.122920D+01  0.123156D+01 -0.181626D+03
  315.4446  0.120337D+01  0.120249D+01  0.675104D+02
  315.6014  0.111303D+01  0.110971D+01  0.263292D+03
  315.7581  0.932346D+00  0.935892D+00 -0.342183D+03
  315.9146  0.784313D+00  0.779126D+00  0.500444D+03
  316.0711  0.749765D+00  0.753863D+00 -0.395428D+03
   21 313.873 317.009 315.441 -3.735D-04  0.000D+00  1.007D+00  8.725D+02 10000  3.490D-03
  313.8729  0.129302D+01  0.129749D+01 -0.344971D+03
  314.0304  0.134713D+01  0.133828D+01  0.682940D+03
  314.1879  0.127277D+01  0.126651D+01  0.471986D+03
  314.3452  0.103621D+01  0.105004D+01 -0.124883D+04
  314.5025  0.861163D+00  0.847313D+00  0.133644D+04
  314.6597  0.864389D+00  0.889432D+00 -0.241642D+04
  314.8169  0.107413D+01  0.106108D+01  0.113943D+04
  314.9739  0.119254D+01  0.119425D+01 -0.132460D+03
  315.1309  0.124444D+01  0.123572D+01  0.673167D+03
  315.2878  0.122920D+01  0.122999D+01 -0.605822D+02
  315.4446  0.120337D+01  0.120152D+01  0.142847D+03
  315.6014  0.111303D+01  0.110937D+01  0.290708D+03
  315.7581  0.932346D+00  0.936723D+00 -0.422366D+03
  315.9146  0.784313D+00  0.782912D+00  0.135149D+03
  316.0711  0.749765D+00  0.762325D+00 -0.121193D+04
  316.2276  0.869031D+00  0.859919D+00  0.879165D+03
  316.3840  0.993391D+00  0.997523D+00 -0.378768D+03
  316.5402  0.108609D+01  0.107951D+01  0.522562D+03
  316.6964  0.112613D+01  0.112228D+01  0.299226D+03
  316.8526  0.115900D+01  0.117159D+01 -0.973368D+03
  317.0086  0.127270D+01  0.126659D+01  0.471637D+03
   21 314.817 317.943 316.380 -2.033D-03  0.000D+00  1.006D+00  5.988D+02 10000  4.371D-03
  314.8169  0.107413D+01  0.107005D+01  0.356277D+03
  314.9739  0.119254D+01  0.120098D+01 -0.653688D+03
  315.1309  0.124444D+01  0.124001D+01  0.342039D+03
  315.2878  0.122920D+01  0.123259D+01 -0.261616D+03
  315.4446  0.120337D+01  0.120248D+01  0.687457D+02
  315.6014  0.111303D+01  0.110851D+01  0.358745D+03
  315.7581  0.932346D+00  0.934679D+00 -0.225159D+03
  315.9146  0.784313D+00  0.781495D+00  0.271871D+03
  316.0711  0.749765D+00  0.762169D+00 -0.119691D+04
  316.2276  0.869031D+00  0.860392D+00  0.833511D+03
  316.3840  0.993391D+00  0.997456D+00 -0.372629D+03
  316.5402  0.108609D+01  0.107825D+01  0.622582D+03
  316.6964  0.112613D+01  0.112044D+01  0.442617D+03
  316.8526  0.115900D+01  0.116927D+01 -0.793410D+03
  317.0086  0.127270D+01  0.126402D+01  0.670022D+03
  317.1646  0.140067D+01  0.141214D+01 -0.885893D+03
  317.3205  0.148663D+01  0.148428D+01  0.181205D+03
  317.4764  0.146120D+01  0.145927D+01  0.148828D+03
  317.6321  0.143777D+01  0.143034D+01  0.573633D+03
  317.7878  0.132321D+01  0.133691D+01 -0.105744D+04
  317.9434  0.111904D+01  0.111179D+01  0.562024D+03
   21 315.758 318.875 317.317  2.909D-03  0.000D+00  1.011D+00  6.126D+02 10000  3.926D-03
  315.7581  0.932346D+00  0.931992D+00  0.341272D+02
  315.9146  0.784313D+00  0.781333D+00  0.287487D+03
  316.0711  0.749765D+00  0.760578D+00 -0.104344D+04
  316.2276  0.869031D+00  0.858413D+00  0.102447D+04
  316.3840  0.993391D+00  0.998081D+00 -0.429916D+03
  316.5402  0.108609D+01  0.108225D+01  0.305234D+03
  316.6964  0.112613D+01  0.112483D+01  0.100963D+03
  316.8526  0.115900D+01  0.117255D+01 -0.104698D+04
  317.0086  0.127270D+01  0.126383D+01  0.684343D+03
  317.1646  0.140067D+01  0.141019D+01 -0.735082D+03
  317.3205  0.148663D+01  0.148351D+01  0.240722D+03
  317.4764  0.146120D+01  0.145710D+01  0.316543D+03
  317.6321  0.143777D+01  0.142515D+01  0.974513D+03
  317.7878  0.132321D+01  0.133361D+01 -0.802686D+03
  317.9434  0.111904D+01  0.111064D+01  0.651037D+03
  318.0989  0.920078D+00  0.928471D+00 -0.766861D+03
  318.2544  0.898167D+00  0.901374D+00 -0.306871D+03
  318.4097  0.977474D+00  0.974880D+00  0.209384D+03
  318.5651  0.108313D+01  0.108096D+01  0.167187D+03
  318.7203  0.117976D+01  0.118663D+01 -0.486809D+03
  318.8754  0.130082D+01  0.129674D+01  0.315213D+03
   21 316.696 319.805 318.251 -5.100D-04  0.000D+00  1.012D+00  7.058D+02 10000  3.463D-03
  316.6964  0.112613D+01  0.111922D+01  0.537101D+03
  316.8526  0.115900D+01  0.116904D+01 -0.776156D+03
  317.0086  0.127270D+01  0.126375D+01  0.691034D+03
  317.1646  0.140067D+01  0.141206D+01 -0.879703D+03
  317.3205  0.148663D+01  0.148473D+01  0.147121D+03
  317.4764  0.146120D+01  0.145901D+01  0.169349D+03
  317.6321  0.143777D+01  0.142822D+01  0.737290D+03
  317.7878  0.132321D+01  0.133400D+01 -0.832886D+03
  317.9434  0.111904D+01  0.110884D+01  0.790200D+03
  318.0989  0.920078D+00  0.928618D+00 -0.780251D+03
  318.2544  0.898167D+00  0.903327D+00 -0.493785D+03
  318.4097  0.977474D+00  0.976279D+00  0.964710D+02
  318.5651  0.108313D+01  0.107943D+01  0.285626D+03
  318.7203  0.117976D+01  0.118039D+01 -0.452572D+02
  318.8754  0.130082D+01  0.128368D+01  0.132298D+04
  319.0305  0.130754D+01  0.131265D+01 -0.394359D+03
  319.1855  0.116303D+01  0.115999D+01  0.234509D+03
  319.3404  0.100620D+01  0.100696D+01 -0.603033D+02
  319.4953  0.101640D+01  0.103537D+01 -0.149211D+04
  319.6501  0.113328D+01  0.114046D+01 -0.548020D+03
  319.8047  0.126903D+01  0.125627D+01  0.984671D+03
   21 317.632 320.731 319.182 -7.956D-04  0.000D+00  1.009D+00  7.584D+02 10300  4.004D-03
  317.6321  0.143777D+01  0.143012D+01  0.591006D+03
  317.7878  0.132321D+01  0.133405D+01 -0.836682D+03
  317.9434  0.111904D+01  0.110894D+01  0.782377D+03
  318.0989  0.920078D+00  0.929061D+00 -0.820737D+03
  318.2544  0.898167D+00  0.903615D+00 -0.521379D+03
  318.4097  0.977474D+00  0.976474D+00  0.807341D+02
  318.5651  0.108313D+01  0.107966D+01  0.267850D+03
  318.7203  0.117976D+01  0.118074D+01 -0.694649D+02
  318.8754  0.130082D+01  0.128414D+01  0.128748D+04
  319.0305  0.130754D+01  0.131313D+01 -0.431888D+03
  319.1855  0.116303D+01  0.115947D+01  0.274780D+03
  319.3404  0.100620D+01  0.100547D+01  0.580570D+02
  319.4953  0.101640D+01  0.103396D+01 -0.138169D+04
  319.6501  0.113328D+01  0.113803D+01 -0.362054D+03
  319.8047  0.126903D+01  0.125193D+01  0.132014D+04
  319.9594  0.133030D+01  0.134290D+01 -0.972633D+03
  320.1140  0.137248D+01  0.135530D+01  0.132547D+04
  320.2684  0.137194D+01  0.138425D+01 -0.949947D+03
  320.4229  0.145494D+01  0.145467D+01  0.202126D+02
  320.5772  0.150165D+01  0.150366D+01 -0.140219D+03
  320.7314  0.148344D+01  0.148012D+01  0.237495D+03
   21 318.565 321.809 320.187 -4.423D-04  0.000D+00  1.005D+00  7.584D+02 10000  4.000D-03
  318.5651  0.108313D+01  0.108257D+01  0.432689D+02
  318.7203  0.117976D+01  0.118373D+01 -0.281355D+03
  318.8754  0.130082D+01  0.128708D+01  0.106066D+04
  319.0305  0.130754D+01  0.131610D+01 -0.660733D+03
  319.1855  0.116303D+01  0.116182D+01  0.932411D+02
  319.3404  0.100620D+01  0.100657D+01 -0.288826D+02
  319.4953  0.101640D+01  0.103435D+01 -0.141218D+04
  319.6501  0.113328D+01  0.113794D+01 -0.355409D+03
  319.8047  0.126903D+01  0.125125D+01  0.137197D+04
  319.9594  0.133030D+01  0.134187D+01 -0.893051D+03
  320.1140  0.137248D+01  0.135378D+01  0.144335D+04
  320.2684  0.137194D+01  0.138220D+01 -0.792409D+03
  320.4229  0.145494D+01  0.145229D+01  0.199178D+03
  320.5772  0.150165D+01  0.150124D+01  0.284207D+02
  320.7314  0.148344D+01  0.147806D+01  0.385008D+03
  320.8857  0.135508D+01  0.135539D+01 -0.236612D+02
  321.0398  0.117367D+01  0.117178D+01  0.127141D+03
  321.1938  0.102773D+01  0.102880D+01 -0.832451D+02
  321.3478  0.965371D+00  0.973879D+00 -0.683671D+03
  321.6555  0.109686D+01  0.111108D+01 -0.109777D+04
  321.8093  0.124748D+01  0.123433D+01  0.101499D+04
   21 319.495 322.730 321.113 -9.175D-04  0.000D+00  9.985D-01  7.110D+02 10300  4.893D-03
  319.4953  0.101640D+01  0.102802D+01 -0.913983D+03
  319.6501  0.113328D+01  0.113392D+01 -0.490392D+02
  319.8047  0.126903D+01  0.124927D+01  0.152548D+04
  319.9594  0.133030D+01  0.134155D+01 -0.868467D+03
  320.1140  0.137248D+01  0.135453D+01  0.138509D+04
  320.2684  0.137194D+01  0.138410D+01 -0.938786D+03
  320.4229  0.145494D+01  0.145487D+01  0.542413D+01
  320.5772  0.150165D+01  0.150388D+01 -0.156005D+03
  320.7314  0.148344D+01  0.148023D+01  0.229602D+03
  320.8857  0.135508D+01  0.135676D+01 -0.129807D+03
  321.0398  0.117367D+01  0.117259D+01  0.724767D+02
  321.1938  0.102773D+01  0.102935D+01 -0.125801D+03
  321.3478  0.965371D+00  0.974293D+00 -0.716936D+03
  321.6555  0.109686D+01  0.111129D+01 -0.111388D+04
  321.8093  0.124748D+01  0.123449D+01  0.100272D+04
  321.9630  0.134700D+01  0.134489D+01  0.162784D+03
  322.1166  0.135497D+01  0.135227D+01  0.207698D+03
  322.2701  0.127184D+01  0.126197D+01  0.762317D+03
  322.4236  0.119926D+01  0.120111D+01 -0.143010D+03
  322.5770  0.114072D+01  0.114834D+01 -0.588718D+03
  322.7303  0.104796D+01  0.104887D+01 -0.707364D+02
   21 320.423 323.649 322.036 -1.978D-04  0.000D+00  9.912D-01  5.085D+02 10000  3.005D-03
  320.4229  0.145494D+01  0.145484D+01  0.726029D+01
  320.5772  0.150165D+01  0.150289D+01 -0.862853D+02
  320.7314  0.148344D+01  0.147894D+01  0.322001D+03
  320.8857  0.135508D+01  0.135579D+01 -0.543003D+02
  321.0398  0.117367D+01  0.117191D+01  0.118175D+03
  321.1938  0.102773D+01  0.102867D+01 -0.733402D+02
  321.3478  0.965371D+00  0.973534D+00 -0.655935D+03
  321.6555  0.109686D+01  0.111059D+01 -0.105927D+04
  321.8093  0.124748D+01  0.123406D+01  0.103604D+04
  321.9630  0.134700D+01  0.134495D+01  0.158243D+03
  322.1166  0.135497D+01  0.135295D+01  0.155304D+03
  322.2701  0.127184D+01  0.126248D+01  0.722795D+03
  322.4236  0.119926D+01  0.120074D+01 -0.114364D+03
  322.5770  0.114072D+01  0.114723D+01 -0.502536D+03
  322.7303  0.104796D+01  0.104668D+01  0.990423D+02
  322.8835  0.953355D+00  0.966607D+00 -0.105294D+04
  323.0367  0.981104D+00  0.977062D+00  0.317989D+03
  323.1898  0.108016D+01  0.107937D+01  0.610666D+02
  323.3429  0.113061D+01  0.113249D+01 -0.144952D+03
  323.4958  0.109906D+01  0.108996D+01  0.702567D+03
  323.6487  0.107111D+01  0.107514D+01 -0.310844D+03
   21 321.348 324.565 322.956 -3.727D-03  0.000D+00  9.915D-01  5.094D+02 10300  4.105D-03
  321.3478  0.965371D+00  0.966426D+00 -0.847792D+02
  321.6555  0.109686D+01  0.111001D+01 -0.101455D+04
  321.8093  0.124748D+01  0.123525D+01  0.944246D+03
  321.9630  0.134700D+01  0.134631D+01  0.534649D+02
  322.1166  0.135497D+01  0.135243D+01  0.196044D+03
  322.2701  0.127184D+01  0.126204D+01  0.756617D+03
  322.4236  0.119926D+01  0.120192D+01 -0.205929D+03
  322.5770  0.114072D+01  0.114741D+01 -0.516670D+03
  322.7303  0.104796D+01  0.104631D+01  0.127296D+03
  322.8835  0.953355D+00  0.967389D+00 -0.111511D+04
  323.0367  0.981104D+00  0.980258D+00  0.665440D+02
  323.1898  0.108016D+01  0.108293D+01 -0.213301D+03
  323.3429  0.113061D+01  0.113298D+01 -0.183057D+03
  323.4958  0.109906D+01  0.108903D+01  0.774673D+03
  323.6487  0.107111D+01  0.107532D+01 -0.324867D+03
  323.8015  0.112989D+01  0.113048D+01 -0.448195D+02
  323.9543  0.121261D+01  0.120683D+01  0.446195D+03
  324.1069  0.129011D+01  0.128518D+01  0.380445D+03
  324.2596  0.132433D+01  0.132826D+01 -0.303432D+03
  324.4121  0.134004D+01  0.133775D+01  0.176659D+03
  324.5646  0.136522D+01  0.136898D+01 -0.281607D+03
   21 322.424 325.478 323.951 -4.326D-03  0.000D+00  9.936D-01  5.100D+02 10300  5.109D-03
  322.4236  0.119926D+01  0.119545D+01  0.293826D+03
  322.5770  0.114072D+01  0.114222D+01 -0.115723D+03
  322.7303  0.104796D+01  0.104296D+01  0.385829D+03
  322.8835  0.953355D+00  0.965678D+00 -0.979157D+03
  323.0367  0.981104D+00  0.979819D+00  0.101085D+03
  323.1898  0.108016D+01  0.108306D+01 -0.223707D+03
  323.3429  0.113061D+01  0.113335D+01 -0.211620D+03
  323.4958  0.109906D+01  0.108968D+01  0.724614D+03
  323.6487  0.107111D+01  0.107638D+01 -0.407178D+03
  323.8015  0.112989D+01  0.113174D+01 -0.142122D+03
  323.9543  0.121261D+01  0.120779D+01  0.372580D+03
  324.1069  0.129011D+01  0.128541D+01  0.363042D+03
  324.2596  0.132433D+01  0.132704D+01 -0.209570D+03
  324.4121  0.134004D+01  0.133479D+01  0.404729D+03
  324.5646  0.136522D+01  0.136390D+01  0.990006D+02
  324.7170  0.133896D+01  0.134732D+01 -0.641960D+03
  324.8693  0.127718D+01  0.126591D+01  0.869900D+03
  325.0216  0.122849D+01  0.123986D+01 -0.875954D+03
  325.1737  0.127920D+01  0.128039D+01 -0.919623D+02
  325.3259  0.133729D+01  0.134518D+01 -0.604795D+03
  325.4779  0.146415D+01  0.145205D+01  0.800675D+03
   21 323.343 326.389 324.866 -1.976D-03  0.000D+00  9.947D-01  6.073D+02 10300  6.068D-03
  323.3429  0.113061D+01  0.113590D+01 -0.408213D+03
  323.4958  0.109906D+01  0.109223D+01  0.527240D+03
  323.6487  0.107111D+01  0.107724D+01 -0.473076D+03
  323.8015  0.112989D+01  0.113150D+01 -0.124082D+03
  323.9543  0.121261D+01  0.120708D+01  0.427040D+03
  324.1069  0.129011D+01  0.128455D+01  0.429692D+03
  324.2596  0.132433D+01  0.132676D+01 -0.187729D+03
  324.4121  0.134004D+01  0.133413D+01  0.455338D+03
  324.5646  0.136522D+01  0.136327D+01  0.146317D+03
  324.7170  0.133896D+01  0.134832D+01 -0.718832D+03
  324.8693  0.127718D+01  0.126725D+01  0.766404D+03
  325.0216  0.122849D+01  0.124054D+01 -0.928705D+03
  325.1737  0.127920D+01  0.128145D+01 -0.173480D+03
  325.3259  0.133729D+01  0.134732D+01 -0.768885D+03
  325.4779  0.146415D+01  0.145538D+01  0.580545D+03
  325.6299  0.158596D+01  0.159794D+01 -0.770195D+03
  325.7818  0.169862D+01  0.168790D+01  0.689191D+03
  325.9337  0.174430D+01  0.173732D+01  0.449066D+03
  326.0854  0.176126D+01  0.175748D+01  0.242834D+03
  326.2371  0.173970D+01  0.172509D+01  0.909671D+03
  326.3887  0.164177D+01  0.165984D+01 -0.116196D+04
   21 324.260 327.297 325.778  3.156D-03  0.000D+00  1.004D+00  5.461D+02 10000  5.242D-03
  324.2596  0.132433D+01  0.132883D+01 -0.347656D+03
  324.4121  0.134004D+01  0.133308D+01  0.536346D+03
  324.5646  0.136522D+01  0.136062D+01  0.344501D+03
  324.7170  0.133896D+01  0.134814D+01 -0.704880D+03
  324.8693  0.127718D+01  0.126740D+01  0.754857D+03
  325.0216  0.122849D+01  0.123849D+01 -0.770529D+03
  325.1737  0.127920D+01  0.127897D+01  0.181848D+02
  325.3259  0.133729D+01  0.134522D+01 -0.607783D+03
  325.4779  0.146415D+01  0.145263D+01  0.762224D+03
  325.6299  0.158596D+01  0.159651D+01 -0.678359D+03
  325.7818  0.169862D+01  0.168960D+01  0.580105D+03
  325.9337  0.174430D+01  0.173964D+01  0.299858D+03
  326.0854  0.176126D+01  0.176026D+01  0.641959D+02
  326.2371  0.173970D+01  0.172703D+01  0.789006D+03
  326.3887  0.164177D+01  0.165877D+01 -0.109345D+04
  326.5403  0.160704D+01  0.160533D+01  0.109902D+03
  326.6918  0.164367D+01  0.165198D+01 -0.534953D+03
  326.8432  0.173141D+01  0.172719D+01  0.271713D+03
  326.9945  0.171222D+01  0.170954D+01  0.172195D+03
  327.1458  0.162919D+01  0.163080D+01 -0.103762D+03
  327.2970  0.160722D+01  0.160627D+01  0.610176D+02
   21 325.174 328.203 326.688  5.213D-03  0.000D+00  1.008D+00  4.734D+02 10300  5.883D-03
  325.1737  0.127920D+01  0.127610D+01  0.239384D+03
  325.3259  0.133729D+01  0.134491D+01 -0.584373D+03
  325.4779  0.146415D+01  0.145348D+01  0.706227D+03
  325.6299  0.158596D+01  0.159840D+01 -0.800250D+03
  325.7818  0.169862D+01  0.169250D+01  0.393376D+03
  325.9337  0.174430D+01  0.174203D+01  0.146215D+03
  326.0854  0.176126D+01  0.176190D+01 -0.414262D+02
  326.2371  0.173970D+01  0.172776D+01  0.743599D+03
  326.3887  0.164177D+01  0.165841D+01 -0.107040D+04
  326.5403  0.160704D+01  0.160310D+01  0.253433D+03
  326.6918  0.164367D+01  0.164786D+01 -0.269795D+03
  326.8432  0.173141D+01  0.172421D+01  0.463215D+03
  326.9945  0.171222D+01  0.170961D+01  0.168063D+03
  327.1458  0.162919D+01  0.163354D+01 -0.279996D+03
  327.2970  0.160722D+01  0.161223D+01 -0.322163D+03
  327.4482  0.165486D+01  0.165671D+01 -0.118618D+03
  327.5992  0.167303D+01  0.167028D+01  0.177051D+03
  327.7502  0.163744D+01  0.163019D+01  0.466042D+03
  327.9012  0.158310D+01  0.159028D+01 -0.461609D+03
  328.0521  0.158311D+01  0.157635D+01  0.434695D+03
  328.2029  0.157297D+01  0.157695D+01 -0.256100D+03
   21 326.085 329.106 327.596  1.648D-03  0.000D+00  1.002D+00  4.499D+02 10300  5.021D-03
  326.0854  0.176126D+01  0.176400D+01 -0.176440D+03
  326.2371  0.173970D+01  0.172755D+01  0.756547D+03
  326.3887  0.164177D+01  0.165677D+01 -0.964488D+03
  326.5403  0.160704D+01  0.160232D+01  0.303768D+03
  326.6918  0.164367D+01  0.164893D+01 -0.338260D+03
  326.8432  0.173141D+01  0.172391D+01  0.482721D+03
  326.9945  0.171222D+01  0.170685D+01  0.345190D+03
  327.1458  0.162919D+01  0.163090D+01 -0.110419D+03
  327.2970  0.160722D+01  0.161215D+01 -0.317137D+03
  327.4482  0.165486D+01  0.165772D+01 -0.183731D+03
  327.5992  0.167303D+01  0.167066D+01  0.152808D+03
  327.7502  0.163744D+01  0.163089D+01  0.421432D+03
  327.9012  0.158310D+01  0.159266D+01 -0.614983D+03
  328.0521  0.158311D+01  0.158069D+01  0.155575D+03
  328.2029  0.157297D+01  0.158295D+01 -0.641955D+03
  328.3536  0.159683D+01  0.158242D+01  0.927121D+03
  328.5042  0.155824D+01  0.156002D+01 -0.114229D+03
  328.6548  0.147156D+01  0.147534D+01 -0.243392D+03
  328.8054  0.143963D+01  0.143591D+01  0.239010D+03
  328.9558  0.156942D+01  0.156995D+01 -0.343433D+02
  329.1063  0.175027D+01  0.175138D+01 -0.704499D+02
   21 326.995 330.007 328.501  2.151D-04  0.000D+00  1.004D+00  4.423D+02 10300  4.550D-03
  326.9945  0.171222D+01  0.171041D+01  0.116472D+03
  327.1458  0.162919D+01  0.163114D+01 -0.125819D+03
  327.2970  0.160722D+01  0.161127D+01 -0.260194D+03
  327.4482  0.165486D+01  0.165589D+01 -0.659723D+02
  327.5992  0.167303D+01  0.166796D+01  0.326577D+03
  327.7502  0.163744D+01  0.162835D+01  0.584422D+03
  327.9012  0.158310D+01  0.159118D+01 -0.519492D+03
  328.0521  0.158311D+01  0.158048D+01  0.169126D+03
  328.2029  0.157297D+01  0.158388D+01 -0.701752D+03
  328.3536  0.159683D+01  0.158432D+01  0.804473D+03
  328.5042  0.155824D+01  0.156217D+01 -0.253161D+03
  328.6548  0.147156D+01  0.147728D+01 -0.367848D+03
  328.8054  0.143963D+01  0.143889D+01  0.472119D+02
  328.9558  0.156942D+01  0.157357D+01 -0.267274D+03
  329.1063  0.175027D+01  0.175253D+01 -0.143890D+03
  329.2566  0.186205D+01  0.184296D+01  0.110892D+04
  329.4068  0.189308D+01  0.189538D+01 -0.131245D+03
  329.5570  0.192117D+01  0.192223D+01 -0.598693D+02
  329.7072  0.192178D+01  0.192459D+01 -0.158400D+03
  329.8572  0.193171D+01  0.194247D+01 -0.603645D+03
  330.0072  0.200562D+01  0.199778D+01  0.432732D+03
   21 327.901 330.906 329.403 -2.550D-03  0.000D+00  1.014D+00  6.258D+02 10000  4.983D-03
  327.9012  0.158310D+01  0.158595D+01 -0.183163D+03
  328.0521  0.158311D+01  0.157717D+01  0.382039D+03
  328.2029  0.157297D+01  0.158182D+01 -0.569436D+03
  328.3536  0.159683D+01  0.158315D+01  0.879763D+03
  328.5042  0.155824D+01  0.156088D+01 -0.169578D+03
  328.6548  0.147156D+01  0.147562D+01 -0.261059D+03
  328.8054  0.143963D+01  0.143996D+01 -0.216426D+02
  328.9558  0.156942D+01  0.157759D+01 -0.526021D+03
  329.1063  0.175027D+01  0.175550D+01 -0.333022D+03
  329.2566  0.186205D+01  0.184401D+01  0.104758D+04
  329.4068  0.189308D+01  0.189545D+01 -0.135287D+03
  329.5570  0.192117D+01  0.192062D+01  0.307253D+02
  329.7072  0.192178D+01  0.192170D+01  0.436567D+01
  329.8572  0.193171D+01  0.193872D+01 -0.392839D+03
  330.0072  0.200562D+01  0.199235D+01  0.732114D+03
  330.1571  0.197560D+01  0.199489D+01 -0.106686D+04
  330.3070  0.188458D+01  0.186210D+01  0.126718D+04
  330.4567  0.170352D+01  0.171361D+01 -0.628770D+03
  330.6065  0.157386D+01  0.158459D+01 -0.690065D+03
  330.7561  0.154809D+01  0.153276D+01  0.985809D+03
  330.9057  0.162328D+01  0.162734D+01 -0.259355D+03
   21 328.805 331.802 330.304  3.206D-04  0.000D+00  1.011D+00  5.923D+02 10000  5.116D-03
  328.8054  0.143963D+01  0.143675D+01  0.185179D+03
  328.9558  0.156942D+01  0.157476D+01 -0.343853D+03
  329.1063  0.175027D+01  0.175595D+01 -0.361410D+03
  329.2566  0.186205D+01  0.184649D+01  0.903680D+03
  329.4068  0.189308D+01  0.189794D+01 -0.276911D+03
  329.5570  0.192117D+01  0.192281D+01 -0.927932D+02
  329.7072  0.192178D+01  0.192254D+01 -0.427842D+02
  329.8572  0.193171D+01  0.193743D+01 -0.320737D+03
  330.0072  0.200562D+01  0.198918D+01  0.906518D+03
  330.1571  0.197560D+01  0.199310D+01 -0.968113D+03
  330.3070  0.188458D+01  0.186239D+01  0.125086D+04
  330.4567  0.170352D+01  0.171447D+01 -0.682171D+03
  330.6065  0.157386D+01  0.158720D+01 -0.858198D+03
  330.7561  0.154809D+01  0.153587D+01  0.786033D+03
  330.9057  0.162328D+01  0.163373D+01 -0.666668D+03
  331.0552  0.174851D+01  0.173813D+01  0.600969D+03
  331.2047  0.174897D+01  0.174374D+01  0.304731D+03
  331.3541  0.167083D+01  0.167368D+01 -0.177858D+03
  331.5034  0.161055D+01  0.161054D+01  0.702406D+00
  331.6526  0.164541D+01  0.164582D+01 -0.254470D+02
  331.8019  0.173930D+01  0.174020D+01 -0.511421D+02
   21 329.707 332.696 331.201  7.201D-04  0.000D+00  1.004D+00  6.145D+02 10000  4.668D-03
  329.7072  0.192178D+01  0.192634D+01 -0.257178D+03
  329.8572  0.193171D+01  0.193769D+01 -0.334964D+03
  330.0072  0.200562D+01  0.198713D+01  0.101969D+04
  330.1571  0.197560D+01  0.199024D+01 -0.809850D+03
  330.3070  0.188458D+01  0.185978D+01  0.139811D+04
  330.4567  0.170352D+01  0.171246D+01 -0.557116D+03
  330.6065  0.157386D+01  0.158614D+01 -0.789993D+03
  330.7561  0.154809D+01  0.153551D+01  0.809044D+03
  330.9057  0.162328D+01  0.163429D+01 -0.702072D+03
  331.0552  0.174851D+01  0.174015D+01  0.484255D+03
  331.2047  0.174897D+01  0.174697D+01  0.116333D+03
  331.3541  0.167083D+01  0.167740D+01 -0.409885D+03
  331.5034  0.161055D+01  0.161385D+01 -0.212370D+03
  331.6526  0.164541D+01  0.164806D+01 -0.166181D+03
  331.8019  0.173930D+01  0.174072D+01 -0.808109D+02
  331.9510  0.178287D+01  0.177604D+01  0.385061D+03
  332.1000  0.173311D+01  0.172224D+01  0.620394D+03
  332.2490  0.160158D+01  0.161120D+01 -0.603804D+03
  332.3979  0.156254D+01  0.155179D+01  0.690041D+03
  332.5468  0.163747D+01  0.164360D+01 -0.365573D+03
  332.6956  0.173170D+01  0.173391D+01 -0.123914D+03
   21 330.606 333.587 332.097  1.775D-04  0.000D+00  1.006D+00  4.283D+02 10340  3.380D-03
  330.6065  0.157386D+01  0.158279D+01 -0.574307D+03
  330.7561  0.154809D+01  0.153299D+01  0.971028D+03
  330.9057  0.162328D+01  0.163228D+01 -0.574198D+03
  331.0552  0.174851D+01  0.173833D+01  0.589239D+03
  331.2047  0.174897D+01  0.174555D+01  0.199452D+03
  331.3541  0.167083D+01  0.167660D+01 -0.360193D+03
  331.5034  0.161055D+01  0.161398D+01 -0.220151D+03
  331.6526  0.164541D+01  0.164924D+01 -0.240742D+03
  331.8019  0.173930D+01  0.174254D+01 -0.184871D+03
  331.9510  0.178287D+01  0.177791D+01  0.279451D+03
  332.1000  0.173311D+01  0.172382D+01  0.530191D+03
  332.2490  0.160158D+01  0.161231D+01 -0.673539D+03
  332.3979  0.156254D+01  0.155272D+01  0.629948D+03
  332.5468  0.163747D+01  0.164396D+01 -0.387177D+03
  332.6956  0.173170D+01  0.173221D+01 -0.284151D+02
  332.8443  0.169078D+01  0.168482D+01  0.338803D+03
  332.9930  0.161663D+01  0.161781D+01 -0.693215D+02
  333.1416  0.164421D+01  0.164930D+01 -0.290349D+03
  333.2902  0.171210D+01  0.170923D+01  0.160444D+03
  333.4386  0.166708D+01  0.166655D+01  0.297418D+02
  333.5870  0.152002D+01  0.152070D+01 -0.415969D+02
   21 331.503 334.476 332.990  2.728D-03  0.000D+00  1.007D+00  3.622D+02 10000  3.095D-03
  331.5034  0.161055D+01  0.160963D+01  0.594899D+02
  331.6526  0.164541D+01  0.164609D+01 -0.428695D+02
  331.8019  0.173930D+01  0.174154D+01 -0.127738D+03
  331.9510  0.178287D+01  0.177969D+01  0.179179D+03
  332.1000  0.173311D+01  0.172735D+01  0.328794D+03
  332.2490  0.160158D+01  0.161593D+01 -0.900596D+03
  332.3979  0.156254D+01  0.155352D+01  0.578955D+03
  332.5468  0.163747D+01  0.164206D+01 -0.273447D+03
  332.6956  0.173170D+01  0.173133D+01  0.210013D+02
  332.8443  0.169078D+01  0.168499D+01  0.328997D+03
  332.9930  0.161663D+01  0.161646D+01  0.987771D+01
  333.1416  0.164421D+01  0.164620D+01 -0.113551D+03
  333.2902  0.171210D+01  0.170739D+01  0.263385D+03
  333.4386  0.166708D+01  0.166832D+01 -0.699580D+02
  333.5870  0.152002D+01  0.152519D+01 -0.317280D+03
  333.7354  0.145254D+01  0.144596D+01  0.422849D+03
  333.8836  0.151626D+01  0.152793D+01 -0.711733D+03
  334.0318  0.162733D+01  0.162493D+01  0.135319D+03
  334.1799  0.165215D+01  0.165194D+01  0.116992D+02
  334.3281  0.170064D+01  0.169096D+01  0.535182D+03
  334.4761  0.177814D+01  0.178343D+01 -0.291455D+03
   18 332.398 334.920 333.659  5.012D-03  0.000D+00  1.005D+00  3.544D+02 10000  3.647D-03
  332.3979  0.156254D+01  0.156137D+01  0.746158D+02
  332.5468  0.163747D+01  0.164398D+01 -0.388248D+03
  332.6956  0.173170D+01  0.173156D+01  0.801745D+01
  332.8443  0.169078D+01  0.168519D+01  0.317429D+03
  332.9930  0.161663D+01  0.161530D+01  0.775106D+02
  333.1416  0.164421D+01  0.164315D+01  0.603150D+02
  333.2902  0.171210D+01  0.170481D+01  0.407138D+03
  333.4386  0.166708D+01  0.166864D+01 -0.878142D+02
  333.5870  0.152002D+01  0.152802D+01 -0.491378D+03
  333.7354  0.145254D+01  0.144790D+01  0.298567D+03
  333.8836  0.151626D+01  0.152831D+01 -0.734796D+03
  334.0318  0.162733D+01  0.162661D+01  0.405887D+02
  334.1799  0.165215D+01  0.165482D+01 -0.149431D+03
  334.3281  0.170064D+01  0.169257D+01  0.445828D+03
  334.4761  0.177814D+01  0.178266D+01 -0.249023D+03
  334.6240  0.184865D+01  0.183577D+01  0.710178D+03
  334.7719  0.177041D+01  0.177096D+01 -0.303392D+02
  334.9197  0.160341D+01  0.161055D+01 -0.399990D+03
   12 333.290 334.920 334.105  6.064D-03  0.000D+00  1.006D+00  3.306D+02 10000  5.433D-03
  333.2902  0.171210D+01  0.171126D+01  0.464996D+02
  333.4386  0.166708D+01  0.166838D+01 -0.735555D+02
  333.5870  0.152002D+01  0.152424D+01 -0.259247D+03
  333.7354  0.145254D+01  0.144225D+01  0.661667D+03
  333.8836  0.151626D+01  0.152330D+01 -0.429497D+03
  334.0318  0.162733D+01  0.162457D+01  0.155676D+03
  334.1799  0.165215D+01  0.165572D+01 -0.199694D+03
  334.3281  0.170064D+01  0.169551D+01  0.283516D+03
  334.4761  0.177814D+01  0.178726D+01 -0.502744D+03
  334.6240  0.184865D+01  0.184041D+01  0.454011D+03
  334.7719  0.177041D+01  0.177227D+01 -0.102583D+03
  334.9197  0.160341D+01  0.160396D+01 -0.309498D+02
