 solar_wavcal_vary
           0
 F F
nwav fwave lwave avgwav  shift    squeeze      sin       rms   exval
   21 263.796 270.951 267.374 -1.328D-01  0.000D+00  1.268D+00  1.474D+03 10300  2.683D-02
  263.7965  0.390675D+00  0.446267D+00 -0.166406D+04
  264.1645  0.480695D+00  0.488633D+00 -0.140909D+04
  264.5312  0.450543D+00  0.446279D+00  0.756886D+03
  264.8967  0.423395D+00  0.410278D+00  0.288981D+04
  265.2610  0.455957D+00  0.447261D+00  0.182805D+04
  265.6242  0.465267D+00  0.476783D+00 -0.246229D+04
  265.9863  0.445496D+00  0.455346D+00 -0.245019D+04
  266.3472  0.430060D+00  0.427565D+00  0.661971D+03
  266.7071  0.429593D+00  0.425968D+00  0.969912D+03
  267.0659  0.437960D+00  0.442563D+00 -0.118508D+04
  267.4237  0.459080D+00  0.458115D+00  0.212371D+03
  267.7805  0.443736D+00  0.446197D+00 -0.603207D+03
  268.1364  0.448718D+00  0.440815D+00  0.164136D+04
  268.4913  0.454842D+00  0.445738D+00  0.193226D+04
  268.8452  0.442490D+00  0.440491D+00  0.440781D+03
  269.1983  0.442014D+00  0.442044D+00 -0.659106D+01
  269.5504  0.446667D+00  0.458144D+00 -0.236883D+04
  269.9018  0.501176D+00  0.505959D+00 -0.847545D+03
  270.2523  0.549119D+00  0.547460D+00  0.294377D+03
  270.6020  0.548003D+00  0.545188D+00  0.499693D+03
  270.9508  0.530587D+00  0.529268D+00  0.234223D+03
   21 265.986 273.029 269.507 -4.968D-02  0.000D+00  1.363D+00  1.280D+03 10300  1.913D-02
  265.9863  0.445496D+00  0.453249D+00 -0.192877D+04
  266.3472  0.430060D+00  0.426055D+00  0.106282D+04
  266.7071  0.429593D+00  0.421220D+00  0.224006D+04
  267.0659  0.437960D+00  0.437076D+00  0.227616D+03
  267.4237  0.459080D+00  0.458141D+00  0.206673D+03
  267.7805  0.443736D+00  0.453372D+00 -0.236132D+04
  268.1364  0.448718D+00  0.444180D+00  0.942563D+03
  268.4913  0.454842D+00  0.450674D+00  0.884679D+03
  268.8452  0.442490D+00  0.447036D+00 -0.100225D+04
  269.1983  0.442014D+00  0.445584D+00 -0.769523D+03
  269.5504  0.446667D+00  0.456162D+00 -0.195969D+04
  269.9018  0.501176D+00  0.495941D+00  0.927527D+03
  270.2523  0.549119D+00  0.543259D+00  0.104017D+04
  270.6020  0.548003D+00  0.547633D+00  0.657244D+02
  270.9508  0.530587D+00  0.529395D+00  0.211564D+03
  271.2989  0.514501D+00  0.503613D+00  0.193265D+04
  271.6463  0.447824D+00  0.442926D+00  0.869376D+03
  271.9929  0.375887D+00  0.383658D+00 -0.181316D+04
  272.3388  0.395836D+00  0.397695D+00 -0.369003D+03
  272.6841  0.463977D+00  0.470004D+00 -0.106981D+04
  273.0286  0.525232D+00  0.520486D+00  0.842495D+03
   21 268.136 275.083 271.610 -3.286D-02  0.000D+00  1.484D+00  1.160D+03 10300  1.301D-02
  268.1364  0.448718D+00  0.445666D+00  0.633777D+03
  268.4913  0.454842D+00  0.452113D+00  0.579294D+03
  268.8452  0.442490D+00  0.448045D+00 -0.122469D+04
  269.1983  0.442014D+00  0.445581D+00 -0.769014D+03
  269.5504  0.446667D+00  0.454600D+00 -0.163741D+04
  269.9018  0.501176D+00  0.492750D+00  0.149294D+04
  270.2523  0.549119D+00  0.542105D+00  0.124499D+04
  270.6020  0.548003D+00  0.548110D+00 -0.190185D+02
  270.9508  0.530587D+00  0.529659D+00  0.164767D+03
  271.2989  0.514501D+00  0.505912D+00  0.152462D+04
  271.6463  0.447824D+00  0.446610D+00  0.215532D+03
  271.9929  0.375887D+00  0.383943D+00 -0.187960D+04
  272.3388  0.395836D+00  0.394780D+00  0.209414D+03
  272.6841  0.463977D+00  0.467722D+00 -0.664758D+03
  273.0286  0.525232D+00  0.524036D+00  0.212346D+03
  273.3725  0.473547D+00  0.484223D+00 -0.189514D+04
  273.7157  0.397503D+00  0.393790D+00  0.659123D+03
  274.0584  0.338808D+00  0.328195D+00  0.206346D+04
  274.4004  0.309608D+00  0.303202D+00  0.138172D+04
  274.7418  0.303224D+00  0.310539D+00 -0.152182D+04
  275.0827  0.355307D+00  0.355579D+00 -0.483539D+02
   21 270.252 277.117 273.685 -2.374D-02  0.000D+00  1.598D+00  1.303D+03 10300  1.378D-02
  270.2523  0.549119D+00  0.544692D+00  0.785797D+03
  270.6020  0.548003D+00  0.551485D+00 -0.618106D+03
  270.9508  0.530587D+00  0.532448D+00 -0.330295D+03
  271.2989  0.514501D+00  0.508507D+00  0.106393D+04
  271.6463  0.447824D+00  0.449418D+00 -0.282966D+03
  271.9929  0.375887D+00  0.385012D+00 -0.212911D+04
  272.3388  0.395836D+00  0.393057D+00  0.551336D+03
  272.6841  0.463977D+00  0.464335D+00 -0.636274D+02
  273.0286  0.525232D+00  0.521393D+00  0.681385D+03
  273.3725  0.473547D+00  0.483527D+00 -0.177149D+04
  273.7157  0.397503D+00  0.393065D+00  0.787858D+03
  274.0584  0.338808D+00  0.326398D+00  0.241298D+04
  274.4004  0.309608D+00  0.300124D+00  0.204571D+04
  274.7418  0.303224D+00  0.306046D+00 -0.587049D+03
  275.0827  0.355307D+00  0.348963D+00  0.112603D+04
  275.4230  0.402352D+00  0.406940D+00 -0.814294D+03
  275.7628  0.480605D+00  0.481455D+00 -0.143330D+03
  276.1020  0.562481D+00  0.564652D+00 -0.385291D+03
  276.4408  0.598556D+00  0.607091D+00 -0.151503D+04
  276.7790  0.609975D+00  0.620143D+00 -0.180484D+04
  277.1168  0.637917D+00  0.623787D+00  0.250655D+04
   21 272.339 279.134 275.736 -2.900D-02  0.000D+00  1.662D+00  1.554D+03 10300  1.740D-02
  272.3388  0.395836D+00  0.387392D+00  0.167535D+04
  272.6841  0.463977D+00  0.467290D+00 -0.588052D+03
  273.0286  0.525232D+00  0.532623D+00 -0.131185D+04
  273.3725  0.473547D+00  0.489479D+00 -0.282798D+04
  273.7157  0.397503D+00  0.392640D+00  0.863279D+03
  274.0584  0.338808D+00  0.324773D+00  0.272882D+04
  274.4004  0.309608D+00  0.298804D+00  0.233040D+04
  274.7418  0.303224D+00  0.303301D+00 -0.158918D+02
  275.0827  0.355307D+00  0.347347D+00  0.141295D+04
  275.4230  0.402352D+00  0.403820D+00 -0.260609D+03
  275.7628  0.480605D+00  0.477694D+00  0.490636D+03
  276.1020  0.562481D+00  0.565257D+00 -0.492792D+03
  276.4408  0.598556D+00  0.608167D+00 -0.170604D+04
  276.7790  0.609975D+00  0.624202D+00 -0.252530D+04
  277.1168  0.637917D+00  0.637057D+00  0.152486D+03
  277.4540  0.642525D+00  0.625526D+00  0.279134D+04
  277.7908  0.546073D+00  0.542768D+00  0.391089D+03
  278.1272  0.474940D+00  0.472158D+00  0.329137D+03
  278.4631  0.456544D+00  0.449365D+00  0.849520D+03
  278.7987  0.399540D+00  0.401102D+00 -0.184880D+03
  279.1337  0.298125D+00  0.314106D+00 -0.189108D+04
   21 274.400 281.136 277.768 -2.017D-02  0.000D+00  1.794D+00  1.171D+03 10300  2.537D-02
  274.4004  0.309608D+00  0.309969D+00 -0.779959D+02
  274.7418  0.303224D+00  0.308754D+00 -0.115044D+04
  275.0827  0.355307D+00  0.346914D+00  0.148973D+04
  275.4230  0.402352D+00  0.401212D+00  0.202292D+03
  275.7628  0.480605D+00  0.473060D+00  0.127174D+04
  276.1020  0.562481D+00  0.559273D+00  0.569434D+03
  276.4408  0.598556D+00  0.605484D+00 -0.122973D+04
  276.7790  0.609975D+00  0.624505D+00 -0.257905D+04
  277.1168  0.637917D+00  0.638739D+00 -0.145922D+03
  277.4540  0.642525D+00  0.630004D+00  0.205607D+04
  277.7908  0.546073D+00  0.545992D+00  0.959599D+01
  278.1272  0.474940D+00  0.469678D+00  0.622599D+03
  278.4631  0.456544D+00  0.444923D+00  0.137512D+04
  278.7987  0.399540D+00  0.393623D+00  0.700120D+03
  279.1337  0.298125D+00  0.299053D+00 -0.109853D+03
  279.4685  0.224807D+00  0.231008D+00 -0.832829D+03
  279.8028  0.199351D+00  0.208954D+00 -0.132057D+04
  280.1367  0.202648D+00  0.213818D+00 -0.154098D+04
  280.4702  0.245980D+00  0.256903D+00 -0.146990D+04
  280.8034  0.359987D+00  0.359807D+00  0.211957D+02
  281.1362  0.488569D+00  0.479669D+00  0.105314D+04
   21 276.441 283.126 279.783 -1.040D-02  0.000D+00  1.961D+00  9.110D+02 10300  1.430D-02
  276.4408  0.598556D+00  0.594126D+00  0.786316D+03
  276.7790  0.609975D+00  0.618795D+00 -0.156552D+04
  277.1168  0.637917D+00  0.637856D+00  0.107109D+02
  277.4540  0.642525D+00  0.637189D+00  0.876270D+03
  277.7908  0.546073D+00  0.550061D+00 -0.472006D+03
  278.1272  0.474940D+00  0.470210D+00  0.559634D+03
  278.4631  0.456544D+00  0.446464D+00  0.119276D+04
  278.7987  0.399540D+00  0.395674D+00  0.457414D+03
  279.1337  0.298125D+00  0.300564D+00 -0.288622D+03
  279.4685  0.224807D+00  0.231418D+00 -0.887971D+03
  279.8028  0.199351D+00  0.208339D+00 -0.123611D+04
  280.1367  0.202648D+00  0.213164D+00 -0.145065D+04
  280.4702  0.245980D+00  0.256730D+00 -0.144664D+04
  280.8034  0.359987D+00  0.358496D+00  0.176358D+03
  281.1362  0.488569D+00  0.483561D+00  0.592611D+03
  281.4687  0.626175D+00  0.620626D+00  0.656596D+03
  281.8009  0.744437D+00  0.752579D+00 -0.887528D+03
  282.1327  0.848893D+00  0.849018D+00 -0.129752D+02
  282.4641  0.915094D+00  0.904321D+00  0.102946D+04
  282.7953  0.968306D+00  0.958619D+00  0.899514D+03
  283.1262  0.101581D+01  0.102880D+01 -0.116479D+04
   21 278.463 285.105 281.784 -3.155D-02  0.000D+00  2.053D+00  8.783D+02 10300  1.407D-02
  278.4631  0.456544D+00  0.459200D+00 -0.314350D+03
  278.7987  0.399540D+00  0.396310D+00  0.382220D+03
  279.1337  0.298125D+00  0.291845D+00  0.743120D+03
  279.4685  0.224807D+00  0.223896D+00  0.122427D+03
  279.8028  0.199351D+00  0.203293D+00 -0.542097D+03
  280.1367  0.202648D+00  0.208723D+00 -0.837979D+03
  280.4702  0.245980D+00  0.253456D+00 -0.100611D+04
  280.8034  0.359987D+00  0.359287D+00  0.828404D+02
  281.1362  0.488569D+00  0.483472D+00  0.603202D+03
  281.4687  0.626175D+00  0.622294D+00  0.459233D+03
  281.8009  0.744437D+00  0.754154D+00 -0.105918D+04
  282.1327  0.848893D+00  0.849265D+00 -0.387965D+02
  282.4641  0.915094D+00  0.900687D+00  0.137673D+04
  282.7953  0.968306D+00  0.954422D+00  0.128915D+04
  283.1262  0.101581D+01  0.102545D+01 -0.864369D+03
  283.4567  0.976724D+00  0.100385D+01 -0.247201D+04
  283.7869  0.982061D+00  0.973042D+00  0.813669D+03
  284.1169  0.936081D+00  0.928689D+00  0.686789D+03
  284.4465  0.798388D+00  0.795741D+00  0.264924D+03
  284.7758  0.571081D+00  0.572346D+00 -0.144000D+03
  285.1049  0.343075D+00  0.344605D+00 -0.181000D+03
   21 280.470 287.073 283.772 -3.395D-02  0.000D+00  2.099D+00  8.813D+02 10300  6.023D-03
  280.4702  0.245980D+00  0.246074D+00 -0.126555D+02
  280.8034  0.359987D+00  0.355120D+00  0.575940D+03
  281.1362  0.488569D+00  0.483039D+00  0.654408D+03
  281.4687  0.626175D+00  0.625606D+00  0.673380D+02
  281.8009  0.744437D+00  0.759681D+00 -0.166166D+04
  282.1327  0.848893D+00  0.854892D+00 -0.625531D+03
  282.4641  0.915094D+00  0.904450D+00  0.101716D+04
  282.7953  0.968306D+00  0.955692D+00  0.117132D+04
  283.1262  0.101581D+01  0.102303D+01 -0.647124D+03
  283.4567  0.976724D+00  0.998141D+00 -0.195173D+04
  283.7869  0.982061D+00  0.966517D+00  0.140232D+04
  284.1169  0.936081D+00  0.922746D+00  0.123894D+04
  284.4465  0.798388D+00  0.793133D+00  0.525889D+03
  284.7758  0.571081D+00  0.574088D+00 -0.342348D+03
  285.1049  0.343075D+00  0.350327D+00 -0.858095D+03
  285.4336  0.358882D+00  0.361140D+00 -0.267183D+03
  285.7621  0.608521D+00  0.612393D+00 -0.431444D+03
  286.0903  0.882426D+00  0.883328D+00 -0.861019D+02
  286.4182  0.101658D+01  0.101646D+01  0.109024D+02
  286.7459  0.102997D+01  0.103727D+01 -0.641793D+03
  287.0732  0.111183D+01  0.110428D+01  0.669960D+03
   21 282.464 289.032 285.748 -3.649D-02  0.000D+00  2.036D+00  9.963D+02 10300  5.250D-03
  282.4641  0.915094D+00  0.916756D+00 -0.158859D+03
  282.7953  0.968306D+00  0.961407D+00  0.640611D+03
  283.1262  0.101581D+01  0.102695D+01 -0.998500D+03
  283.4567  0.976724D+00  0.995574D+00 -0.171776D+04
  283.7869  0.982061D+00  0.963259D+00  0.169626D+04
  284.1169  0.936081D+00  0.920294D+00  0.146680D+04
  284.4465  0.798388D+00  0.791059D+00  0.733427D+03
  284.7758  0.571081D+00  0.571597D+00 -0.587614D+02
  285.1049  0.343075D+00  0.344123D+00 -0.123977D+03
  285.4336  0.358882D+00  0.357891D+00  0.117216D+03
  285.7621  0.608521D+00  0.616266D+00 -0.863139D+03
  286.0903  0.882426D+00  0.891464D+00 -0.862471D+03
  286.4182  0.101658D+01  0.102364D+01 -0.627537D+03
  286.7459  0.102997D+01  0.103912D+01 -0.804605D+03
  287.0732  0.111183D+01  0.110694D+01  0.433743D+03
  287.4003  0.112048D+01  0.112417D+01 -0.327749D+03
  287.7271  0.976205D+00  0.970557D+00  0.534187D+03
  288.0537  0.764799D+00  0.764842D+00 -0.464538D+01
  288.3799  0.887731D+00  0.867190D+00  0.207824D+04
  288.7059  0.114871D+01  0.113957D+01  0.811512D+03
  289.0316  0.121325D+01  0.123202D+01 -0.166585D+04
   21 284.446 290.979 287.713 -3.676D-02  0.000D+00  2.013D+00  7.259D+02 10300  3.849D-03
  284.4465  0.798388D+00  0.793899D+00  0.449179D+03
  284.7758  0.571081D+00  0.570933D+00  0.167667D+02
  285.1049  0.343075D+00  0.344308D+00 -0.145888D+03
  285.4336  0.358882D+00  0.357766D+00  0.132014D+03
  285.7621  0.608521D+00  0.613348D+00 -0.537920D+03
  286.0903  0.882426D+00  0.886627D+00 -0.400921D+03
  286.4182  0.101658D+01  0.101948D+01 -0.257401D+03
  286.7459  0.102997D+01  0.103750D+01 -0.662518D+03
  287.0732  0.111183D+01  0.110625D+01  0.495070D+03
  287.4003  0.112048D+01  0.112422D+01 -0.332206D+03
  287.7271  0.976205D+00  0.971203D+00  0.473084D+03
  288.0537  0.764799D+00  0.765625D+00 -0.878181D+02
  288.3799  0.887731D+00  0.866378D+00  0.216042D+04
  288.7059  0.114871D+01  0.113464D+01  0.124936D+04
  289.0316  0.121325D+01  0.121984D+01 -0.585501D+03
  289.3570  0.131273D+01  0.131945D+01 -0.596271D+03
  289.6820  0.152537D+01  0.153913D+01 -0.122121D+04
  290.0069  0.174463D+01  0.175240D+01 -0.649812D+03
  290.3314  0.186079D+01  0.185326D+01  0.614173D+03
  290.6556  0.181063D+01  0.180876D+01  0.154926D+03
  290.9795  0.171908D+01  0.171682D+01  0.199655D+03
   21 286.418 292.916 289.667 -4.027D-02  0.000D+00  1.992D+00  7.019D+02 10300  5.016D-03
  286.4182  0.101658D+01  0.101766D+01 -0.958516D+02
  286.7459  0.102997D+01  0.103621D+01 -0.548451D+03
  287.0732  0.111183D+01  0.110851D+01  0.294199D+03
  287.4003  0.112048D+01  0.112620D+01 -0.507136D+03
  287.7271  0.976205D+00  0.970962D+00  0.495900D+03
  288.0537  0.764799D+00  0.763853D+00  0.100524D+03
  288.3799  0.887731D+00  0.869450D+00  0.184960D+04
  288.7059  0.114871D+01  0.113680D+01  0.105778D+04
  289.0316  0.121325D+01  0.121929D+01 -0.536118D+03
  289.3570  0.131273D+01  0.131948D+01 -0.598513D+03
  289.6820  0.152537D+01  0.153946D+01 -0.125019D+04
  290.0069  0.174463D+01  0.175216D+01 -0.629391D+03
  290.3314  0.186079D+01  0.185356D+01  0.590297D+03
  290.6556  0.181063D+01  0.181179D+01 -0.962389D+02
  290.9795  0.171908D+01  0.172711D+01 -0.710185D+03
  291.3031  0.172197D+01  0.171705D+01  0.436693D+03
  291.6264  0.164772D+01  0.164158D+01  0.544434D+03
  291.9494  0.159694D+01  0.159056D+01  0.566963D+03
  292.2721  0.151198D+01  0.150683D+01  0.456954D+03
  292.5944  0.135750D+01  0.135997D+01 -0.226572D+03
  292.9163  0.140224D+01  0.140887D+01 -0.600952D+03
   21 288.380 294.841 291.610 -2.826D-02  0.000D+00  1.899D+00  7.555D+02 10300  7.052D-03
  288.3799  0.887731D+00  0.871334D+00  0.165900D+04
  288.7059  0.114871D+01  0.114375D+01  0.439740D+03
  289.0316  0.121325D+01  0.122873D+01 -0.137428D+04
  289.3570  0.131273D+01  0.132209D+01 -0.830395D+03
  289.6820  0.152537D+01  0.153661D+01 -0.997726D+03
  290.0069  0.174463D+01  0.174866D+01 -0.336681D+03
  290.3314  0.186079D+01  0.185112D+01  0.789130D+03
  290.6556  0.181063D+01  0.181129D+01 -0.543772D+02
  290.9795  0.171908D+01  0.172233D+01 -0.287528D+03
  291.3031  0.172197D+01  0.171076D+01  0.994445D+03
  291.6264  0.164772D+01  0.163804D+01  0.858314D+03
  291.9494  0.159694D+01  0.158661D+01  0.917316D+03
  292.2721  0.151198D+01  0.151035D+01  0.144420D+03
  292.5944  0.135750D+01  0.136605D+01 -0.783398D+03
  292.9163  0.140224D+01  0.141163D+01 -0.850840D+03
  293.2380  0.157992D+01  0.158207D+01 -0.190697D+03
  293.5592  0.147902D+01  0.148151D+01 -0.226202D+03
  293.8801  0.129422D+01  0.130065D+01 -0.654720D+03
  294.2007  0.135281D+01  0.135100D+01  0.178766D+03
  294.5208  0.137996D+01  0.137751D+01  0.239916D+03
  294.8406  0.127038D+01  0.126719D+01  0.336261D+03
   21 290.331 296.750 293.541 -3.047D-02  0.000D+00  1.774D+00  5.758D+02 10300  4.875D-03
  290.3314  0.186079D+01  0.186139D+01 -0.484527D+02
  290.6556  0.181063D+01  0.181739D+01 -0.559144D+03
  290.9795  0.171908D+01  0.172618D+01 -0.627680D+03
  291.3031  0.172197D+01  0.171283D+01  0.810862D+03
  291.6264  0.164772D+01  0.163829D+01  0.836532D+03
  291.9494  0.159694D+01  0.158635D+01  0.939854D+03
  292.2721  0.151198D+01  0.150885D+01  0.277223D+03
  292.5944  0.135750D+01  0.136482D+01 -0.671031D+03
  292.9163  0.140224D+01  0.141232D+01 -0.913397D+03
  293.2380  0.157992D+01  0.158244D+01 -0.223559D+03
  293.5592  0.147902D+01  0.148043D+01 -0.128615D+03
  293.8801  0.129422D+01  0.130146D+01 -0.737631D+03
  294.2007  0.135281D+01  0.135385D+01 -0.103033D+03
  294.5208  0.137996D+01  0.138030D+01 -0.334674D+02
  294.8406  0.127038D+01  0.127094D+01 -0.582497D+02
  295.1599  0.134636D+01  0.134186D+01  0.467279D+03
  295.4789  0.141774D+01  0.140740D+01  0.104625D+04
  295.7975  0.144077D+01  0.143791D+01  0.292285D+03
  296.1155  0.146695D+01  0.147351D+01 -0.672074D+03
  296.4332  0.129970D+01  0.129788D+01  0.199675D+03
  296.7504  0.102935D+01  0.103246D+01 -0.368084D+03
   21 292.272 298.643 295.458 -2.278D-02  0.000D+00  1.649D+00  9.927D+02 10300  4.632D-03
  292.2721  0.151198D+01  0.149488D+01  0.151777D+04
  292.5944  0.135750D+01  0.136319D+01 -0.521927D+03
  292.9163  0.140224D+01  0.140902D+01 -0.614536D+03
  293.2380  0.157992D+01  0.157729D+01  0.233956D+03
  293.5592  0.147902D+01  0.148787D+01 -0.803222D+03
  293.8801  0.129422D+01  0.131117D+01 -0.172751D+04
  294.2007  0.135281D+01  0.135433D+01 -0.150461D+03
  294.5208  0.137996D+01  0.138080D+01 -0.824189D+02
  294.8406  0.127038D+01  0.127627D+01 -0.619292D+03
  295.1599  0.134636D+01  0.133581D+01  0.109611D+04
  295.4789  0.141774D+01  0.140179D+01  0.161420D+04
  295.7975  0.144077D+01  0.142994D+01  0.110785D+04
  296.1155  0.146695D+01  0.146175D+01  0.532225D+03
  296.4332  0.129970D+01  0.129427D+01  0.596764D+03
  296.7504  0.102935D+01  0.103458D+01 -0.619068D+03
  297.0671  0.102028D+01  0.102070D+01 -0.504470D+02
  297.3834  0.118889D+01  0.120006D+01 -0.132125D+04
  297.6991  0.140426D+01  0.141801D+01 -0.149785D+04
  298.0144  0.127701D+01  0.128283D+01 -0.688670D+03
  298.3291  0.960242D+00  0.953540D+00  0.793118D+03
  298.6433  0.930461D+00  0.917121D+00  0.157854D+04
   21 294.201 300.516 297.358 -2.733D-02  0.000D+00  1.575D+00  2.604D+03 10000  1.216D-02
  294.2007  0.135281D+01  0.138107D+01 -0.279458D+04
  294.5208  0.137996D+01  0.138902D+01 -0.889277D+03
  294.8406  0.127038D+01  0.126636D+01  0.422702D+03
  295.1599  0.134636D+01  0.132595D+01  0.212011D+04
  295.4789  0.141774D+01  0.138832D+01  0.297685D+04
  295.7975  0.144077D+01  0.141919D+01  0.220866D+04
  296.1155  0.146695D+01  0.145609D+01  0.111229D+04
  296.4332  0.129970D+01  0.129189D+01  0.858606D+03
  296.7504  0.102935D+01  0.104131D+01 -0.141497D+04
  297.0671  0.102028D+01  0.103625D+01 -0.189045D+04
  297.3834  0.118889D+01  0.122416D+01 -0.417295D+04
  297.6991  0.140426D+01  0.143728D+01 -0.359663D+04
  298.0144  0.127701D+01  0.129346D+01 -0.194649D+04
  298.3291  0.960242D+00  0.967374D+00 -0.843888D+03
  298.6433  0.930461D+00  0.925593D+00  0.575997D+03
  298.9569  0.114638D+01  0.111213D+01  0.405316D+04
  299.2700  0.120323D+01  0.114808D+01  0.652654D+04
  299.5824  0.111117D+01  0.109811D+01  0.154551D+04
  299.8943  0.100304D+01  0.101428D+01 -0.132995D+04
  300.2055  0.853701D+00  0.876025D+00 -0.264288D+04
  300.5162  0.898228D+00  0.911612D+00 -0.158381D+04
   21 296.116 302.365 299.241 -2.348D-02  0.000D+00  1.468D+00  4.254D+03 10000  1.899D-02
  296.1155  0.146695D+01  0.141645D+01  0.517427D+04
  296.4332  0.129970D+01  0.128494D+01  0.162268D+04
  296.7504  0.102935D+01  0.105793D+01 -0.338235D+04
  297.0671  0.102028D+01  0.105070D+01 -0.360062D+04
  297.3834  0.118889D+01  0.123533D+01 -0.549507D+04
  297.6991  0.140426D+01  0.143785D+01 -0.365929D+04
  298.0144  0.127701D+01  0.129484D+01 -0.210942D+04
  298.3291  0.960242D+00  0.967335D+00 -0.839343D+03
  298.6433  0.930461D+00  0.912893D+00  0.207897D+04
  298.9569  0.114638D+01  0.108730D+01  0.699124D+04
  299.2700  0.120323D+01  0.112110D+01  0.971958D+04
  299.5824  0.111117D+01  0.107122D+01  0.472717D+04
  299.8943  0.100304D+01  0.996943D+00  0.722026D+03
  300.2055  0.853701D+00  0.864087D+00 -0.122965D+04
  300.5162  0.898228D+00  0.920514D+00 -0.263721D+04
  300.8261  0.960460D+00  0.995512D+00 -0.414789D+04
  301.1354  0.102560D+01  0.106759D+01 -0.496883D+04
  301.4440  0.104423D+01  0.108416D+01 -0.472520D+04
  301.7519  0.914007D+00  0.923932D+00 -0.117504D+04
  302.0591  0.813633D+00  0.782429D+00  0.405949D+04
  302.3655  0.941943D+00  0.907644D+00  0.405885D+04
   21 298.014 304.187 301.101 -6.455D-02  0.000D+00  1.320D+00  3.911D+03 10300  2.243D-02
  298.0144  0.127701D+01  0.129700D+01 -0.236582D+04
  298.3291  0.960242D+00  0.983683D+00 -0.277384D+04
  298.6433  0.930461D+00  0.959898D+00 -0.348345D+04
  298.9569  0.114638D+01  0.111120D+01  0.416317D+04
  299.2700  0.120323D+01  0.112289D+01  0.950737D+04
  299.5824  0.111117D+01  0.107451D+01  0.433764D+04
  299.8943  0.100304D+01  0.980776D+00  0.263525D+04
  300.2055  0.853701D+00  0.878114D+00 -0.289019D+04
  300.5162  0.898228D+00  0.939223D+00 -0.485121D+04
  300.8261  0.960460D+00  0.101219D+01 -0.612160D+04
  301.1354  0.102560D+01  0.108091D+01 -0.654533D+04
  301.4440  0.104423D+01  0.106846D+01 -0.286715D+04
  301.7519  0.914007D+00  0.899153D+00  0.175847D+04
  302.0591  0.813633D+00  0.794253D+00  0.252127D+04
  302.3655  0.941943D+00  0.924193D+00  0.210052D+04
  302.6712  0.113598D+01  0.111185D+01  0.285600D+04
  302.9760  0.126390D+01  0.123759D+01  0.311372D+04
  303.2801  0.129590D+01  0.129551D+01  0.460798D+02
  303.5833  0.124754D+01  0.124435D+01  0.377613D+03
  303.8857  0.114718D+01  0.114428D+01  0.343154D+03
  304.1871  0.113236D+01  0.115899D+01 -0.315154D+04
   21 299.894 305.976 302.935 -5.530D-02  0.000D+00  1.266D+00  2.112D+03 10300  1.448D-02
  299.8943  0.100304D+01  0.971335D+00  0.375241D+04
  300.2055  0.853701D+00  0.849582D+00  0.487602D+03
  300.5162  0.898228D+00  0.913840D+00 -0.184749D+04
  300.8261  0.960460D+00  0.985710D+00 -0.298802D+04
  301.1354  0.102560D+01  0.105916D+01 -0.397167D+04
  301.4440  0.104423D+01  0.105882D+01 -0.172623D+04
  301.7519  0.914007D+00  0.898159D+00  0.187613D+04
  302.0591  0.813633D+00  0.793970D+00  0.255811D+04
  302.3655  0.941943D+00  0.924236D+00  0.209542D+04
  302.6712  0.113598D+01  0.111723D+01  0.221865D+04
  302.9760  0.126390D+01  0.124848D+01  0.182455D+04
  303.2801  0.129590D+01  0.130525D+01 -0.110646D+04
  303.5833  0.124754D+01  0.125101D+01 -0.410449D+03
  303.8857  0.114718D+01  0.114477D+01  0.284923D+03
  304.1871  0.113236D+01  0.113314D+01 -0.922069D+02
  304.4877  0.116420D+01  0.116327D+01  0.109952D+03
  304.7874  0.116579D+01  0.116231D+01  0.411789D+03
  305.0861  0.115797D+01  0.117717D+01 -0.227198D+04
  305.3838  0.108174D+01  0.110448D+01 -0.269175D+04
  305.6806  0.924062D+00  0.926428D+00 -0.297321D+03
  305.9763  0.867854D+00  0.841428D+00  0.337575D+04
   21 301.752 307.728 304.740 -6.183D-02  0.000D+00  1.169D+00  1.566D+03 10300  1.166D-02
  301.7519  0.914007D+00  0.899817D+00  0.167990D+04
  302.0591  0.813633D+00  0.814090D+00 -0.594654D+02
  302.3655  0.941943D+00  0.947928D+00 -0.708253D+03
  302.6712  0.113598D+01  0.114200D+01 -0.711614D+03
  302.9760  0.126390D+01  0.126960D+01 -0.673798D+03
  303.2801  0.129590D+01  0.131740D+01 -0.254450D+04
  303.5833  0.124754D+01  0.125060D+01 -0.362044D+03
  303.8857  0.114718D+01  0.113374D+01  0.159051D+04
  304.1871  0.113236D+01  0.111767D+01  0.173891D+04
  304.4877  0.116420D+01  0.114388D+01  0.240465D+04
  304.7874  0.116579D+01  0.113935D+01  0.312913D+04
  305.0861  0.115797D+01  0.116306D+01 -0.602117D+03
  305.3838  0.108174D+01  0.110181D+01 -0.237531D+04
  305.6806  0.924062D+00  0.935926D+00 -0.149105D+04
  305.9763  0.867854D+00  0.881632D+00 -0.175997D+04
  306.2710  0.909593D+00  0.919617D+00 -0.118629D+04
  306.5647  0.905731D+00  0.905369D+00  0.428612D+02
  306.8572  0.927922D+00  0.920707D+00  0.853719D+03
  307.1486  0.980726D+00  0.966738D+00  0.165525D+04
  307.4389  0.978054D+00  0.968336D+00  0.115001D+04
  307.7280  0.947171D+00  0.959069D+00 -0.140800D+04
   21 312.992 316.121 314.557  1.460D-02  0.000D+00  8.300D-01  3.346D+02 10300  1.707D-03
  312.9925  0.925094D+00  0.926257D+00 -0.109717D+03
  313.1496  0.923277D+00  0.920037D+00  0.305694D+03
  313.3066  0.902358D+00  0.901038D+00  0.125761D+03
  313.4636  0.896422D+00  0.896819D+00 -0.377466D+02
  313.6205  0.931243D+00  0.934782D+00 -0.330433D+03
  313.7773  0.100781D+01  0.101161D+01 -0.348457D+03
  313.9341  0.107982D+01  0.108118D+01 -0.123640D+03
  314.0908  0.109252D+01  0.108627D+01  0.558406D+03
  314.2473  0.989490D+00  0.992044D+00 -0.235465D+03
  314.4039  0.819857D+00  0.817388D+00  0.244704D+03
  314.5603  0.716030D+00  0.713686D+00  0.247199D+03
  314.7167  0.768043D+00  0.775310D+00 -0.745917D+03
  314.8730  0.904958D+00  0.902411D+00  0.237742D+03
  315.0293  0.992358D+00  0.989306D+00  0.280016D+03
  315.1855  0.101739D+01  0.101316D+01  0.386202D+03
  315.3416  0.100458D+01  0.100412D+01  0.416704D+02
  315.4977  0.965367D+00  0.966019D+00 -0.595385D+02
  315.6536  0.866279D+00  0.872590D+00 -0.600621D+03
  315.8095  0.732771D+00  0.735639D+00 -0.297879D+03
  315.9653  0.638297D+00  0.638338D+00 -0.448835D+01
  316.1211  0.645995D+00  0.641887D+00  0.446723D+03
   21 313.934 317.054 315.494  1.271D-02  0.000D+00  8.259D-01  3.565D+02 10300  1.769D-03
  313.9341  0.107982D+01  0.108373D+01 -0.355817D+03
  314.0908  0.109252D+01  0.108752D+01  0.447041D+03
  314.2473  0.989490D+00  0.991500D+00 -0.185315D+03
  314.4039  0.819857D+00  0.815997D+00  0.382575D+03
  314.5603  0.716030D+00  0.713744D+00  0.241094D+03
  314.7167  0.768043D+00  0.776800D+00 -0.898904D+03
  314.8730  0.904958D+00  0.903727D+00  0.114859D+03
  315.0293  0.992358D+00  0.989694D+00  0.244417D+03
  315.1855  0.101739D+01  0.101294D+01  0.406247D+03
  315.3416  0.100458D+01  0.100387D+01  0.644101D+02
  315.4977  0.965367D+00  0.965735D+00 -0.335988D+02
  315.6536  0.866279D+00  0.872178D+00 -0.561487D+03
  315.8095  0.732771D+00  0.735784D+00 -0.313035D+03
  315.9653  0.638297D+00  0.640315D+00 -0.223007D+03
  316.1211  0.645995D+00  0.646363D+00 -0.400293D+02
  316.2768  0.735148D+00  0.731975D+00  0.324926D+03
  316.4324  0.830868D+00  0.830395D+00  0.457043D+02
  316.5880  0.897059D+00  0.890030D+00  0.653016D+03
  316.7435  0.927608D+00  0.928352D+00 -0.681536D+02
  316.8988  0.975882D+00  0.977913D+00 -0.185325D+03
  317.0542  0.106621D+01  0.106760D+01 -0.123629D+03
   21 314.873 317.985 316.429  9.927D-03  0.000D+00  8.261D-01  2.759D+02 10340  2.464D-03
  314.8730  0.904958D+00  0.908816D+00 -0.359993D+03
  315.0293  0.992358D+00  0.991859D+00  0.457316D+02
  315.1855  0.101739D+01  0.101288D+01  0.411673D+03
  315.3416  0.100458D+01  0.100276D+01  0.165699D+03
  315.4977  0.965367D+00  0.963758D+00  0.146879D+03
  315.6536  0.866279D+00  0.869364D+00 -0.293602D+03
  315.8095  0.732771D+00  0.733275D+00 -0.523575D+02
  315.9653  0.638297D+00  0.639758D+00 -0.161464D+03
  316.1211  0.645995D+00  0.647951D+00 -0.212700D+03
  316.2768  0.735148D+00  0.734745D+00  0.412862D+02
  316.4324  0.830868D+00  0.832859D+00 -0.192504D+03
  316.5880  0.897059D+00  0.891536D+00  0.513094D+03
  316.7435  0.927608D+00  0.928951D+00 -0.123070D+03
  316.8988  0.975882D+00  0.977355D+00 -0.134417D+03
  317.0542  0.106621D+01  0.106499D+01  0.108097D+03
  317.2094  0.116141D+01  0.116605D+01 -0.394826D+03
  317.3647  0.120382D+01  0.120366D+01  0.128826D+02
  317.5198  0.119154D+01  0.118384D+01  0.644680D+03
  317.6749  0.114521D+01  0.114463D+01  0.498129D+02
  317.8298  0.103443D+01  0.103898D+01 -0.404927D+03
  317.9848  0.868788D+00  0.868176D+00  0.505839D+02
   21 315.810 318.913 317.361  8.589D-03  0.000D+00  8.247D-01  3.157D+02 10340  2.289D-03
  315.8095  0.732771D+00  0.729683D+00  0.320880D+03
  315.9653  0.638297D+00  0.638698D+00 -0.442396D+02
  316.1211  0.645995D+00  0.648659D+00 -0.289669D+03
  316.2768  0.735148D+00  0.736390D+00 -0.127195D+03
  316.4324  0.830868D+00  0.834455D+00 -0.346719D+03
  316.5880  0.897059D+00  0.892548D+00  0.419055D+03
  316.7435  0.927608D+00  0.929391D+00 -0.163394D+03
  316.8988  0.975882D+00  0.977317D+00 -0.130931D+03
  317.0542  0.106621D+01  0.106454D+01  0.148119D+03
  317.2094  0.116141D+01  0.116465D+01 -0.276066D+03
  317.3647  0.120382D+01  0.120137D+01  0.205098D+03
  317.5198  0.119154D+01  0.118179D+01  0.816303D+03
  317.6749  0.114521D+01  0.114356D+01  0.140988D+03
  317.8298  0.103443D+01  0.103912D+01 -0.417388D+03
  317.9848  0.868788D+00  0.870471D+00 -0.139127D+03
  318.1396  0.751230D+00  0.756023D+00 -0.474915D+03
  318.2944  0.746072D+00  0.749550D+00 -0.351495D+03
  318.4491  0.812568D+00  0.811029D+00  0.148877D+03
  318.6037  0.894244D+00  0.893453D+00  0.740288D+02
  318.7583  0.981484D+00  0.977417D+00  0.363090D+03
  318.9128  0.104835D+01  0.104994D+01 -0.139882D+03
   21 316.743 319.838 318.291  4.432D-03  0.000D+00  8.219D-01  3.765D+02 10300  2.204D-03
  316.7435  0.927608D+00  0.926708D+00  0.824891D+02
  316.8988  0.975882D+00  0.976589D+00 -0.644793D+02
  317.0542  0.106621D+01  0.106613D+01  0.675757D+01
  317.2094  0.116141D+01  0.116665D+01 -0.446697D+03
  317.3647  0.120382D+01  0.120241D+01  0.117836D+03
  317.5198  0.119154D+01  0.118296D+01  0.718122D+03
  317.6749  0.114521D+01  0.114433D+01  0.750035D+02
  317.8298  0.103443D+01  0.103740D+01 -0.263697D+03
  317.9848  0.868788D+00  0.868012D+00  0.640994D+02
  318.1396  0.751230D+00  0.755752D+00 -0.447976D+03
  318.2944  0.746072D+00  0.751160D+00 -0.514207D+03
  318.4491  0.812568D+00  0.812739D+00 -0.165363D+02
  318.6037  0.894244D+00  0.893763D+00  0.450043D+02
  318.7583  0.981484D+00  0.975434D+00  0.540144D+03
  318.9128  0.104835D+01  0.104391D+01  0.389842D+03
  319.0672  0.102560D+01  0.103038D+01 -0.419852D+03
  319.2216  0.916758D+00  0.912797D+00  0.361028D+03
  319.3759  0.828439D+00  0.828112D+00  0.302942D+02
  319.5302  0.848504D+00  0.858119D+00 -0.900545D+03
  319.6843  0.944180D+00  0.940308D+00  0.343948D+03
  319.8384  0.103038D+01  0.102924D+01  0.991502D+02
   21 317.675 320.761 319.218  3.842D-03  0.000D+00  8.187D-01  3.415D+02 10300  2.201D-03
  317.6749  0.114521D+01  0.114411D+01  0.936265D+02
  317.8298  0.103443D+01  0.103562D+01 -0.105893D+03
  317.9848  0.868788D+00  0.865897D+00  0.238831D+03
  318.1396  0.751230D+00  0.754098D+00 -0.284140D+03
  318.2944  0.746072D+00  0.749977D+00 -0.394599D+03
  318.4491  0.812568D+00  0.811924D+00  0.622758D+02
  318.6037  0.894244D+00  0.893377D+00  0.812008D+02
  318.7583  0.981484D+00  0.975622D+00  0.523287D+03
  318.9128  0.104835D+01  0.104462D+01  0.327406D+03
  319.0672  0.102560D+01  0.103118D+01 -0.490362D+03
  319.2216  0.916758D+00  0.913573D+00  0.290283D+03
  319.3759  0.828439D+00  0.829207D+00 -0.713615D+02
  319.5302  0.848504D+00  0.859337D+00 -0.101461D+04
  319.6843  0.944180D+00  0.940945D+00  0.287425D+03
  319.8384  0.103038D+01  0.102847D+01  0.165313D+03
  319.9924  0.108589D+01  0.108553D+01  0.295784D+02
  320.1464  0.110831D+01  0.110278D+01  0.462137D+03
  320.3002  0.113106D+01  0.113283D+01 -0.146091D+03
  320.4540  0.117972D+01  0.118149D+01 -0.144099D+03
  320.6078  0.120473D+01  0.120601D+01 -0.102649D+03
  320.7614  0.117093D+01  0.116984D+01  0.895815D+02
   21 318.604 321.682 320.143  2.201D-03  0.000D+00  8.135D-01  3.408D+02 10000  2.086D-03
  318.6037  0.894244D+00  0.895316D+00 -0.100410D+03
  318.7583  0.981484D+00  0.977933D+00  0.317000D+03
  318.9128  0.104835D+01  0.104658D+01  0.155362D+03
  319.0672  0.102560D+01  0.103153D+01 -0.520950D+03
  319.2216  0.916758D+00  0.912844D+00  0.356803D+03
  319.3759  0.828439D+00  0.829100D+00 -0.614653D+02
  319.5302  0.848504D+00  0.859676D+00 -0.104641D+04
  319.6843  0.944180D+00  0.940913D+00  0.290208D+03
  319.8384  0.103038D+01  0.102779D+01  0.224102D+03
  319.9924  0.108589D+01  0.108397D+01  0.161304D+03
  320.1464  0.110831D+01  0.110104D+01  0.606770D+03
  320.3002  0.113106D+01  0.113173D+01 -0.558645D+02
  320.4540  0.117972D+01  0.118122D+01 -0.122125D+03
  320.6078  0.120473D+01  0.120675D+01 -0.162243D+03
  320.7614  0.117093D+01  0.117192D+01 -0.807235D+02
  320.9150  0.106437D+01  0.106592D+01 -0.134692D+03
  321.0686  0.932651D+00  0.929434D+00  0.288265D+03
  321.2220  0.827378D+00  0.828949D+00 -0.147146D+03
  321.3754  0.795573D+00  0.796670D+00 -0.104435D+03
  321.5287  0.830871D+00  0.832865D+00 -0.186321D+03
  321.6820  0.917625D+00  0.914969D+00  0.243592D+03
   21 319.530 322.600 321.065 -3.292D-04  0.000D+00  8.081D-01  3.763D+02 10000  2.894D-03
  319.5302  0.848504D+00  0.857197D+00 -0.814221D+03
  319.6843  0.944180D+00  0.939441D+00  0.421023D+03
  319.8384  0.103038D+01  0.102693D+01  0.298967D+03
  319.9924  0.108589D+01  0.108314D+01  0.230330D+03
  320.1464  0.110831D+01  0.110085D+01  0.622529D+03
  320.3002  0.113106D+01  0.113276D+01 -0.140531D+03
  320.4540  0.117972D+01  0.118290D+01 -0.257882D+03
  320.6078  0.120473D+01  0.120823D+01 -0.281439D+03
  320.7614  0.117093D+01  0.117257D+01 -0.134288D+03
  320.9150  0.106437D+01  0.106566D+01 -0.111751D+03
  321.0686  0.932651D+00  0.929128D+00  0.315647D+03
  321.2220  0.827378D+00  0.829474D+00 -0.196236D+03
  321.3754  0.795573D+00  0.798297D+00 -0.259181D+03
  321.5287  0.830871D+00  0.835485D+00 -0.431129D+03
  321.6820  0.917625D+00  0.918054D+00 -0.393650D+02
  321.8352  0.102048D+01  0.101488D+01  0.485978D+03
  321.9883  0.108578D+01  0.108585D+01 -0.606523D+01
  322.1414  0.107981D+01  0.107833D+01  0.125210D+03
  322.2943  0.102441D+01  0.101609D+01  0.718016D+03
  322.4473  0.963790D+00  0.967211D+00 -0.303001D+03
  322.6001  0.910076D+00  0.914438D+00 -0.394375D+03
   21 320.454 323.516 321.985 -1.488D-06  0.000D+00  8.032D-01  2.910D+02 10300  1.926D-03
  320.4540  0.117972D+01  0.117869D+01  0.833124D+02
  320.6078  0.120473D+01  0.120531D+01 -0.466649D+02
  320.7614  0.117093D+01  0.117091D+01  0.143107D+01
  320.9150  0.106437D+01  0.106501D+01 -0.560721D+02
  321.0686  0.932651D+00  0.929054D+00  0.322295D+03
  321.2220  0.827378D+00  0.829608D+00 -0.208852D+03
  321.3754  0.795573D+00  0.798475D+00 -0.276127D+03
  321.5287  0.830871D+00  0.835660D+00 -0.447469D+03
  321.6820  0.917625D+00  0.918226D+00 -0.551705D+02
  321.8352  0.102048D+01  0.101502D+01  0.474166D+03
  321.9883  0.108578D+01  0.108593D+01 -0.131265D+02
  322.1414  0.107981D+01  0.107834D+01  0.124552D+03
  322.2943  0.102441D+01  0.101590D+01  0.734696D+03
  322.4473  0.963790D+00  0.966653D+00 -0.253580D+03
  322.6001  0.910076D+00  0.913618D+00 -0.320233D+03
  322.7529  0.837106D+00  0.838701D+00 -0.145600D+03
  322.9056  0.784062D+00  0.788474D+00 -0.409184D+03
  323.0582  0.812715D+00  0.808823D+00  0.361152D+03
  323.2108  0.876735D+00  0.878369D+00 -0.145953D+03
  323.3633  0.906522D+00  0.907704D+00 -0.103833D+03
  323.5157  0.887479D+00  0.885207D+00  0.202567D+03
   21 321.375 324.429 322.902 -3.404D-03  0.000D+00  8.025D-01  2.891D+02 10300  2.914D-03
  321.3754  0.795573D+00  0.794818D+00  0.718136D+02
  321.5287  0.830871D+00  0.834486D+00 -0.337833D+03
  321.6820  0.917625D+00  0.918673D+00 -0.961696D+02
  321.8352  0.102048D+01  0.101642D+01  0.352230D+03
  321.9883  0.108578D+01  0.108702D+01 -0.104795D+03
  322.1414  0.107981D+01  0.107829D+01  0.128250D+03
  322.2943  0.102441D+01  0.101602D+01  0.724106D+03
  322.4473  0.963790D+00  0.967390D+00 -0.318854D+03
  322.6001  0.910076D+00  0.913727D+00 -0.330114D+03
  322.7529  0.837106D+00  0.838459D+00 -0.123499D+03
  322.9056  0.784062D+00  0.789033D+00 -0.461078D+03
  323.0582  0.812715D+00  0.810621D+00  0.194254D+03
  323.2108  0.876735D+00  0.879582D+00 -0.254316D+03
  323.3633  0.906522D+00  0.906395D+00  0.111284D+02
  323.5157  0.887479D+00  0.882454D+00  0.448030D+03
  323.6681  0.881055D+00  0.881808D+00 -0.663905D+02
  323.8204  0.925490D+00  0.925756D+00 -0.228458D+02
  323.9726  0.991015D+00  0.987262D+00  0.314433D+03
  324.1248  0.104630D+01  0.104563D+01  0.544342D+02
  324.2769  0.107430D+01  0.107824D+01 -0.317061D+03
  324.4289  0.109486D+01  0.109428D+01  0.426633D+02
   21 322.294 325.340 323.817 -6.910D-03  0.000D+00  8.048D-01  2.725D+02 10300  3.489D-03
  322.2943  0.102441D+01  0.101897D+01  0.469175D+03
  322.4473  0.963790D+00  0.968281D+00 -0.397793D+03
  322.6001  0.910076D+00  0.912408D+00 -0.210819D+03
  322.7529  0.837106D+00  0.836150D+00  0.872572D+02
  322.9056  0.784062D+00  0.787571D+00 -0.325471D+03
  323.0582  0.812715D+00  0.810791D+00  0.178549D+03
  323.2108  0.876735D+00  0.879851D+00 -0.278267D+03
  323.3633  0.906522D+00  0.905287D+00  0.108472D+03
  323.5157  0.887479D+00  0.881379D+00  0.543926D+03
  323.6681  0.881055D+00  0.882108D+00 -0.928193D+02
  323.8204  0.925490D+00  0.926875D+00 -0.118897D+03
  323.9726  0.991015D+00  0.988332D+00  0.224792D+03
  324.1248  0.104630D+01  0.104573D+01  0.465183D+02
  324.2769  0.107430D+01  0.107646D+01 -0.173940D+03
  324.4289  0.109486D+01  0.109064D+01  0.310720D+03
  324.5809  0.110200D+01  0.110513D+01 -0.248705D+03
  324.7327  0.108065D+01  0.108342D+01 -0.221089D+03
  324.8846  0.103660D+01  0.103337D+01  0.265112D+03
  325.0363  0.101511D+01  0.101917D+01 -0.334563D+03
  325.1880  0.104819D+01  0.104949D+01 -0.105958D+03
  325.3397  0.111017D+01  0.110565D+01  0.315390D+03
   21 323.211 326.248 324.729 -3.455D-03  0.000D+00  8.091D-01  2.309D+02 10000  2.900D-03
  323.2108  0.876735D+00  0.878499D+00 -0.157584D+03
  323.3633  0.906522D+00  0.906561D+00 -0.348750D+01
  323.5157  0.887479D+00  0.883469D+00  0.357557D+03
  323.6681  0.881055D+00  0.883251D+00 -0.193609D+03
  323.8204  0.925490D+00  0.927189D+00 -0.145907D+03
  323.9726  0.991015D+00  0.988181D+00  0.237457D+03
  324.1248  0.104630D+01  0.104538D+01  0.745292D+02
  324.2769  0.107430D+01  0.107619D+01 -0.152599D+03
  324.4289  0.109486D+01  0.108983D+01  0.370169D+03
  324.5809  0.110200D+01  0.110419D+01 -0.173482D+03
  324.7327  0.108065D+01  0.108356D+01 -0.231726D+03
  324.8846  0.103660D+01  0.103378D+01  0.231868D+03
  325.0363  0.101511D+01  0.101918D+01 -0.335246D+03
  325.1880  0.104819D+01  0.105023D+01 -0.165646D+03
  325.3397  0.111017D+01  0.110816D+01  0.140410D+03
  325.4911  0.119855D+01  0.119764D+01  0.708805D+02
  325.6426  0.129617D+01  0.130010D+01 -0.297024D+03
  325.7940  0.137575D+01  0.137016D+01  0.401652D+03
  325.9454  0.141222D+01  0.140820D+01  0.292361D+03
  326.0967  0.141596D+01  0.141731D+01 -0.979755D+02
  326.2479  0.138669D+01  0.138940D+01 -0.198743D+03
   21 324.125 327.154 325.639 -2.673D-03  0.000D+00  8.126D-01  2.348D+02 10340  2.797D-03
  324.1248  0.104630D+01  0.104583D+01  0.382986D+02
  324.2769  0.107430D+01  0.107606D+01 -0.142076D+03
  324.4289  0.109486D+01  0.108933D+01  0.407167D+03
  324.5809  0.110200D+01  0.110354D+01 -0.122482D+03
  324.7327  0.108065D+01  0.108329D+01 -0.210354D+03
  324.8846  0.103660D+01  0.103375D+01  0.233935D+03
  325.0363  0.101511D+01  0.101916D+01 -0.333463D+03
  325.1880  0.104819D+01  0.105034D+01 -0.174961D+03
  325.3397  0.111017D+01  0.110839D+01  0.124142D+03
  325.4911  0.119855D+01  0.119789D+01  0.517697D+02
  325.6426  0.129617D+01  0.130040D+01 -0.319554D+03
  325.7940  0.137575D+01  0.137020D+01  0.398788D+03
  325.9454  0.141222D+01  0.140740D+01  0.350389D+03
  326.0967  0.141596D+01  0.141517D+01  0.577335D+02
  326.2479  0.138669D+01  0.138534D+01  0.989874D+02
  326.3990  0.132805D+01  0.133347D+01 -0.403285D+03
  326.5501  0.130582D+01  0.130486D+01  0.715063D+02
  326.7011  0.133847D+01  0.133977D+01 -0.958266D+02
  326.8521  0.138040D+01  0.138402D+01 -0.263917D+03
  327.0029  0.136823D+01  0.136806D+01  0.121241D+02
  327.1537  0.132229D+01  0.131914D+01  0.230203D+03
   21 325.036 328.057 326.547 -2.402D-03  0.000D+00  8.141D-01  2.264D+02 10000  3.274D-03
  325.0363  0.101511D+01  0.101641D+01 -0.106684D+03
  325.1880  0.104819D+01  0.104890D+01 -0.573475D+02
  325.3397  0.111017D+01  0.110785D+01  0.161895D+03
  325.4911  0.119855D+01  0.119796D+01  0.462985D+02
  325.6426  0.129617D+01  0.130095D+01 -0.360742D+03
  325.7940  0.137575D+01  0.137092D+01  0.346996D+03
  325.9454  0.141222D+01  0.140804D+01  0.303984D+03
  326.0967  0.141596D+01  0.141561D+01  0.254179D+02
  326.2479  0.138669D+01  0.138552D+01  0.852990D+02
  326.3990  0.132805D+01  0.133344D+01 -0.400991D+03
  326.5501  0.130582D+01  0.130473D+01  0.808843D+02
  326.7011  0.133847D+01  0.133970D+01 -0.904285D+02
  326.8521  0.138040D+01  0.138438D+01 -0.290101D+03
  327.0029  0.136823D+01  0.136956D+01 -0.961985D+02
  327.1537  0.132229D+01  0.132229D+01  0.420707D-01
  327.3045  0.131283D+01  0.131284D+01 -0.403146D+00
  327.4551  0.133980D+01  0.133968D+01  0.920170D+01
  327.6057  0.135188D+01  0.134564D+01  0.454325D+03
  327.7563  0.132351D+01  0.131902D+01  0.329042D+03
  327.9067  0.128990D+01  0.129208D+01 -0.160820D+03
  328.0572  0.127860D+01  0.128226D+01 -0.269541D+03
   21 325.945 328.958 327.452 -4.971D-03  0.000D+00  8.120D-01  2.130D+02   300  2.986D-03
  325.9454  0.141222D+01  0.141122D+01  0.724011D+02
  326.0967  0.141596D+01  0.141651D+01 -0.395470D+02
  326.2479  0.138669D+01  0.138459D+01  0.153609D+03
  326.3990  0.132805D+01  0.133169D+01 -0.270652D+03
  326.5501  0.130582D+01  0.130362D+01  0.163980D+03
  326.7011  0.133847D+01  0.133929D+01 -0.604264D+02
  326.8521  0.138040D+01  0.138326D+01 -0.208263D+03
  327.0029  0.136823D+01  0.136775D+01  0.345745D+02
  327.1537  0.132229D+01  0.132127D+01  0.749819D+02
  327.3045  0.131283D+01  0.131318D+01 -0.253657D+02
  327.4551  0.133980D+01  0.134043D+01 -0.451446D+02
  327.6057  0.135188D+01  0.134613D+01  0.418196D+03
  327.7563  0.132351D+01  0.131954D+01  0.290514D+03
  327.9067  0.128990D+01  0.129293D+01 -0.223043D+03
  328.0572  0.127860D+01  0.128325D+01 -0.342191D+03
  328.2075  0.128051D+01  0.128293D+01 -0.177604D+03
  328.3577  0.128322D+01  0.127905D+01  0.305598D+03
  328.5079  0.124873D+01  0.125198D+01 -0.241482D+03
  328.6581  0.119269D+01  0.119381D+01 -0.856457D+02
  328.8081  0.118578D+01  0.118093D+01  0.367735D+03
  328.9581  0.127409D+01  0.127568D+01 -0.115981D+03
   21 326.852 329.857 328.354 -2.855D-03  0.000D+00  8.121D-01  2.758D+02 10300  3.676D-03
  326.8521  0.138040D+01  0.138317D+01 -0.202285D+03
  327.0029  0.136823D+01  0.136830D+01 -0.478475D+01
  327.1537  0.132229D+01  0.132148D+01  0.597331D+02
  327.3045  0.131283D+01  0.131242D+01  0.300356D+02
  327.4551  0.133980D+01  0.133940D+01  0.291201D+02
  327.6057  0.135188D+01  0.134555D+01  0.460378D+03
  327.7563  0.132351D+01  0.131923D+01  0.313391D+03
  327.9067  0.128990D+01  0.129256D+01 -0.195670D+03
  328.0572  0.127860D+01  0.128291D+01 -0.317283D+03
  328.2075  0.128051D+01  0.128297D+01 -0.180192D+03
  328.3577  0.128322D+01  0.127982D+01  0.248969D+03
  328.5079  0.124873D+01  0.125403D+01 -0.393864D+03
  328.6581  0.119269D+01  0.119686D+01 -0.317015D+03
  328.8081  0.118578D+01  0.118376D+01  0.153208D+03
  328.9581  0.127409D+01  0.127906D+01 -0.363682D+03
  329.1081  0.140487D+01  0.140584D+01 -0.679096D+02
  329.2579  0.149133D+01  0.148280D+01  0.585786D+03
  329.4077  0.153060D+01  0.152522D+01  0.361865D+03
  329.5575  0.154869D+01  0.154668D+01  0.134338D+03
  329.7072  0.155289D+01  0.155409D+01 -0.804761D+02
  329.8568  0.156868D+01  0.157327D+01 -0.304794D+03
   21 327.756 330.753 329.255 -6.268D-03  0.000D+00  8.164D-01  3.206D+02 10000  3.459D-03
  327.7563  0.132351D+01  0.132021D+01  0.242036D+03
  327.9067  0.128990D+01  0.129205D+01 -0.158010D+03
  328.0572  0.127860D+01  0.128165D+01 -0.224450D+03
  328.2075  0.128051D+01  0.128121D+01 -0.514438D+02
  328.3577  0.128322D+01  0.127774D+01  0.401353D+03
  328.5079  0.124873D+01  0.125139D+01 -0.197524D+03
  328.6581  0.119269D+01  0.119425D+01 -0.118948D+03
  328.8081  0.118578D+01  0.118363D+01  0.163437D+03
  328.9581  0.127409D+01  0.128160D+01 -0.549043D+03
  329.1081  0.140487D+01  0.140824D+01 -0.236612D+03
  329.2579  0.149133D+01  0.148410D+01  0.496975D+03
  329.4077  0.153060D+01  0.152575D+01  0.326731D+03
  329.5575  0.154869D+01  0.154590D+01  0.186475D+03
  329.7072  0.155289D+01  0.155187D+01  0.676203D+02
  329.8568  0.156868D+01  0.156934D+01 -0.439068D+02
  330.0063  0.160117D+01  0.160338D+01 -0.144859D+03
  330.1557  0.158861D+01  0.159462D+01 -0.396016D+03
  330.3051  0.150964D+01  0.150255D+01  0.476144D+03
  330.4545  0.138228D+01  0.138735D+01 -0.358013D+03
  330.6037  0.128477D+01  0.129120D+01 -0.465261D+03
  330.7529  0.126705D+01  0.125979D+01  0.528763D+03
   21 328.658 331.647 330.152 -1.777D-03  0.000D+00  8.176D-01  2.773D+02 10000  2.620D-03
  328.6581  0.119269D+01  0.119258D+01  0.832791D+01
  328.8081  0.118578D+01  0.118202D+01  0.285271D+03
  328.9581  0.127409D+01  0.127985D+01 -0.421186D+03
  329.1081  0.140487D+01  0.140892D+01 -0.284904D+03
  329.2579  0.149133D+01  0.148668D+01  0.319682D+03
  329.4077  0.153060D+01  0.152849D+01  0.141716D+03
  329.5575  0.154869D+01  0.154819D+01  0.336438D+02
  329.7072  0.155289D+01  0.155276D+01  0.863587D+01
  329.8568  0.156868D+01  0.156798D+01  0.462436D+02
  330.0063  0.160117D+01  0.160043D+01  0.485418D+02
  330.1557  0.158861D+01  0.159289D+01 -0.281733D+03
  330.3051  0.150964D+01  0.150256D+01  0.475336D+03
  330.4545  0.138228D+01  0.138784D+01 -0.392631D+03
  330.6037  0.128477D+01  0.129217D+01 -0.535245D+03
  330.7529  0.126705D+01  0.126024D+01  0.496073D+03
  330.9021  0.131971D+01  0.132186D+01 -0.153712D+03
  331.0511  0.139720D+01  0.139496D+01  0.155750D+03
  331.2001  0.140763D+01  0.140396D+01  0.254066D+03
  331.3491  0.135536D+01  0.135809D+01 -0.192353D+03
  331.4979  0.131831D+01  0.131781D+01  0.354795D+02
  331.6467  0.133938D+01  0.134022D+01 -0.589558D+02
   21 329.557 332.538 331.048 -1.756D-03  0.000D+00  8.130D-01  2.635D+02 10340  2.550D-03
  329.5575  0.154869D+01  0.155086D+01 -0.145073D+03
  329.7072  0.155289D+01  0.155323D+01 -0.229454D+02
  329.8568  0.156868D+01  0.156702D+01  0.109540D+03
  330.0063  0.160117D+01  0.159868D+01  0.163186D+03
  330.1557  0.158861D+01  0.159095D+01 -0.154221D+03
  330.3051  0.150964D+01  0.150096D+01  0.582690D+03
  330.4545  0.138228D+01  0.138684D+01 -0.322037D+03
  330.6037  0.128477D+01  0.129184D+01 -0.511257D+03
  330.7529  0.126705D+01  0.126054D+01  0.473710D+03
  330.9021  0.131971D+01  0.132281D+01 -0.220984D+03
  331.0511  0.139720D+01  0.139647D+01  0.506681D+02
  331.2001  0.140763D+01  0.140575D+01  0.130528D+03
  331.3491  0.135536D+01  0.135970D+01 -0.305870D+03
  331.4979  0.131831D+01  0.131880D+01 -0.349954D+02
  331.6467  0.133938D+01  0.134009D+01 -0.493400D+02
  331.7955  0.139913D+01  0.140051D+01 -0.953348D+02
  331.9442  0.143165D+01  0.142680D+01  0.330166D+03
  332.0928  0.139003D+01  0.138875D+01  0.876536D+02
  332.2413  0.131154D+01  0.131236D+01 -0.579988D+02
  332.3898  0.127767D+01  0.127404D+01  0.258579D+03
  332.5381  0.132166D+01  0.132577D+01 -0.287862D+03
   21 330.454 333.427 331.941 -2.655D-03  0.000D+00  8.136D-01  2.211D+02   300  2.313D-03
  330.4545  0.138228D+01  0.138277D+01 -0.344836D+02
  330.6037  0.128477D+01  0.128882D+01 -0.292713D+03
  330.7529  0.126705D+01  0.125877D+01  0.602905D+03
  330.9021  0.131971D+01  0.132197D+01 -0.161333D+03
  331.0511  0.139720D+01  0.139600D+01  0.830712D+02
  331.2001  0.140763D+01  0.140547D+01  0.149920D+03
  331.3491  0.135536D+01  0.135972D+01 -0.307466D+03
  331.4979  0.131831D+01  0.131940D+01 -0.774326D+02
  331.6467  0.133938D+01  0.134132D+01 -0.136030D+03
  331.7955  0.139913D+01  0.140185D+01 -0.187774D+03
  331.9442  0.143165D+01  0.142757D+01  0.277620D+03
  332.0928  0.139003D+01  0.138863D+01  0.956432D+02
  332.2413  0.131154D+01  0.131142D+01  0.895987D+01
  332.3898  0.127767D+01  0.127257D+01  0.363935D+03
  332.5381  0.132166D+01  0.132320D+01 -0.108030D+03
  332.6865  0.137399D+01  0.137894D+01 -0.342209D+03
  332.8348  0.135945D+01  0.135785D+01  0.111631D+03
  332.9830  0.131673D+01  0.131697D+01 -0.163659D+02
  333.1311  0.132928D+01  0.132993D+01 -0.448321D+02
  333.2792  0.136310D+01  0.136214D+01  0.656149D+02
  333.4272  0.133214D+01  0.133208D+01  0.423303D+01
   21 331.349 334.314 332.831  4.149D-04  0.000D+00  8.119D-01  1.627D+02 10300  1.836D-03
  331.3491  0.135536D+01  0.135475D+01  0.430901D+02
  331.4979  0.131831D+01  0.131707D+01  0.878749D+02
  331.6467  0.133938D+01  0.133990D+01 -0.361456D+02
  331.7955  0.139913D+01  0.140188D+01 -0.189480D+03
  331.9442  0.143165D+01  0.142960D+01  0.139758D+03
  332.0928  0.139003D+01  0.139194D+01 -0.131783D+03
  332.2413  0.131154D+01  0.131444D+01 -0.205143D+03
  332.3898  0.127767D+01  0.127323D+01  0.316377D+03
  332.5381  0.132166D+01  0.132167D+01 -0.896369D+00
  332.6865  0.137399D+01  0.137770D+01 -0.256795D+03
  332.8348  0.135945D+01  0.135732D+01  0.148165D+03
  332.9830  0.131673D+01  0.131546D+01  0.893563D+02
  333.1311  0.132928D+01  0.132724D+01  0.142367D+03
  333.2792  0.136310D+01  0.136049D+01  0.179866D+03
  333.4272  0.133214D+01  0.133345D+01 -0.908783D+02
  333.5752  0.124031D+01  0.124216D+01 -0.131597D+03
  333.7231  0.118701D+01  0.118609D+01  0.670578D+02
  333.8708  0.122397D+01  0.122817D+01 -0.299863D+03
  334.0186  0.129618D+01  0.129809D+01 -0.132369D+03
  334.1663  0.133745D+01  0.133448D+01  0.203493D+03
  334.3139  0.137249D+01  0.137172D+01  0.519177D+02
   20 332.241 335.051 333.646 -2.501D-03  0.000D+00  8.095D-01  1.890D+02 10300  1.936D-03
  332.2413  0.131154D+01  0.131385D+01 -0.163686D+03
  332.3898  0.127767D+01  0.127365D+01  0.287032D+03
  332.5381  0.132166D+01  0.132296D+01 -0.908146D+02
  332.6865  0.137399D+01  0.137776D+01 -0.260806D+03
  332.8348  0.135945D+01  0.135623D+01  0.224035D+03
  332.9830  0.131673D+01  0.131516D+01  0.110580D+03
  333.1311  0.132928D+01  0.132839D+01  0.625326D+02
  333.2792  0.136310D+01  0.136173D+01  0.944373D+02
  333.4272  0.133214D+01  0.133334D+01 -0.832316D+02
  333.5752  0.124031D+01  0.124123D+01 -0.653925D+02
  333.7231  0.118701D+01  0.118655D+01  0.335978D+02
  333.8708  0.122397D+01  0.123012D+01 -0.438777D+03
  334.0186  0.129618D+01  0.129915D+01 -0.205620D+03
  334.1663  0.133745D+01  0.133369D+01  0.258147D+03
  334.3139  0.137249D+01  0.136961D+01  0.194161D+03
  334.4615  0.143219D+01  0.143229D+01 -0.642357D+01
  334.6090  0.147510D+01  0.147109D+01  0.259041D+03
  334.7564  0.142859D+01  0.142986D+01 -0.827269D+02
  334.9037  0.132783D+01  0.133035D+01 -0.167432D+03
  335.0511  0.129484D+01  0.129470D+01  0.990662D+01
   14 333.131 335.051 334.091 -2.308D-03  0.000D+00  8.106D-01  1.631D+02 10000  2.156D-03
  333.1311  0.132928D+01  0.133030D+01 -0.706680D+02
  333.2792  0.136310D+01  0.136162D+01  0.102127D+03
  333.4272  0.133214D+01  0.133217D+01 -0.198114D+01
  333.5752  0.124031D+01  0.123982D+01  0.350695D+02
  333.7231  0.118701D+01  0.118519D+01  0.132476D+03
  333.8708  0.122397D+01  0.122890D+01 -0.351862D+03
  334.0186  0.129618D+01  0.129845D+01 -0.157591D+03
  334.1663  0.133745D+01  0.133378D+01  0.252170D+03
  334.3139  0.137249D+01  0.137036D+01  0.143312D+03
  334.4615  0.143219D+01  0.143349D+01 -0.849361D+02
  334.6090  0.147510D+01  0.147244D+01  0.171946D+03
  334.7564  0.142859D+01  0.143085D+01 -0.147815D+03
  334.9037  0.132783D+01  0.133036D+01 -0.168581D+03
  335.0511  0.129484D+01  0.129286D+01  0.135958D+03
