 solar_wavcal_vary
           0
 F F
nwav fwave lwave avgwav  shift    squeeze      sin       rms   exval
   21 263.962 271.134 267.548 -1.305D-01  0.000D+00  1.005D+00  1.565D+03 10300  1.948D-02
  263.9623  0.506851D+00  0.519790D+00 -0.371295D+03
  264.3308  0.502623D+00  0.498113D+00  0.124136D+04
  264.6982  0.397208D+00  0.405556D+00 -0.229774D+04
  265.0645  0.402022D+00  0.391883D+00  0.279040D+04
  265.4296  0.433190D+00  0.434016D+00 -0.227554D+03
  265.7935  0.413626D+00  0.421693D+00 -0.222014D+04
  266.1564  0.372844D+00  0.376070D+00 -0.887794D+03
  266.5182  0.357746D+00  0.352507D+00  0.144196D+04
  266.8789  0.350339D+00  0.352632D+00 -0.659927D+03
  267.2387  0.359785D+00  0.365214D+00 -0.149435D+04
  267.5974  0.361903D+00  0.361628D+00  0.756796D+02
  267.9552  0.342530D+00  0.338833D+00  0.112939D+04
  268.3120  0.350100D+00  0.341697D+00  0.245166D+04
  268.6678  0.343190D+00  0.336391D+00  0.207515D+04
  269.0227  0.329049D+00  0.327941D+00  0.389910D+03
  269.3768  0.327949D+00  0.328937D+00 -0.349651D+03
  269.7299  0.337581D+00  0.347041D+00 -0.298345D+04
  270.0822  0.383625D+00  0.388789D+00 -0.142145D+04
  270.4337  0.395798D+00  0.396010D+00 -0.583935D+02
  270.7844  0.374457D+00  0.375522D+00 -0.293014D+03
  271.1342  0.367308D+00  0.360723D+00  0.181251D+04
   21 266.156 273.218 269.687 -2.315D-02  0.000D+00  1.001D+00  1.160D+03 10300  1.074D-02
  266.1564  0.372844D+00  0.377431D+00 -0.126245D+04
  266.5182  0.357746D+00  0.349484D+00  0.227401D+04
  266.8789  0.350339D+00  0.348569D+00  0.509511D+03
  267.2387  0.359785D+00  0.360280D+00 -0.136365D+03
  267.5974  0.361903D+00  0.369091D+00 -0.197856D+04
  267.9552  0.342530D+00  0.345613D+00 -0.941715D+03
  268.3120  0.350100D+00  0.342957D+00  0.208412D+04
  268.6678  0.343190D+00  0.342737D+00  0.138166D+03
  269.0227  0.329049D+00  0.330931D+00 -0.662455D+03
  269.3768  0.327949D+00  0.330065D+00 -0.748804D+03
  269.7299  0.337581D+00  0.337388D+00  0.607589D+02
  270.0822  0.383625D+00  0.376994D+00  0.182522D+04
  270.4337  0.395798D+00  0.396790D+00 -0.272978D+03
  270.7844  0.374457D+00  0.378800D+00 -0.119538D+04
  271.1342  0.367308D+00  0.363314D+00  0.109917D+04
  271.4833  0.337163D+00  0.333452D+00  0.116978D+04
  271.8317  0.271957D+00  0.273775D+00 -0.715976D+03
  272.1792  0.245158D+00  0.245275D+00 -0.476713D+02
  272.5261  0.275178D+00  0.278775D+00 -0.141460D+04
  272.8722  0.330523D+00  0.331254D+00 -0.248641D+03
  273.2177  0.336621D+00  0.333345D+00  0.102990D+04
   21 268.312 275.277 271.794 -7.994D-03  0.000D+00  1.009D+00  1.226D+03 10000  9.068D-03
  268.3120  0.350100D+00  0.344973D+00  0.149604D+04
  268.6678  0.343190D+00  0.345575D+00 -0.728200D+03
  269.0227  0.329049D+00  0.332667D+00 -0.127333D+04
  269.3768  0.327949D+00  0.331319D+00 -0.119241D+04
  269.7299  0.337581D+00  0.336277D+00  0.411066D+03
  270.0822  0.383625D+00  0.375335D+00  0.228181D+04
  270.4337  0.395798D+00  0.396518D+00 -0.198079D+03
  270.7844  0.374457D+00  0.378186D+00 -0.102638D+04
  271.1342  0.367308D+00  0.362340D+00  0.136745D+04
  271.4833  0.337163D+00  0.334424D+00  0.863271D+03
  271.8317  0.271957D+00  0.274895D+00 -0.115708D+04
  272.1792  0.245158D+00  0.243547D+00  0.654921D+03
  272.5261  0.275178D+00  0.276628D+00 -0.570406D+03
  272.8722  0.330523D+00  0.331825D+00 -0.442633D+03
  273.2177  0.336621D+00  0.340244D+00 -0.113888D+04
  273.5625  0.276306D+00  0.277889D+00 -0.622644D+03
  273.9066  0.223992D+00  0.219189D+00  0.200293D+04
  274.2501  0.192136D+00  0.188781D+00  0.153882D+04
  274.5930  0.182246D+00  0.182120D+00  0.575343D+02
  274.9352  0.188207D+00  0.193295D+00 -0.233390D+04
  275.2769  0.232022D+00  0.229732D+00  0.923547D+03
   21 270.434 277.315 273.874 -4.473D-05  0.000D+00  1.006D+00  1.206D+03 10300  8.488D-03
  270.4337  0.395798D+00  0.394201D+00  0.439564D+03
  270.7844  0.374457D+00  0.377881D+00 -0.942363D+03
  271.1342  0.367308D+00  0.362659D+00  0.127962D+04
  271.4833  0.337163D+00  0.335917D+00  0.392737D+03
  271.8317  0.271957D+00  0.276709D+00 -0.187142D+04
  272.1792  0.245158D+00  0.243641D+00  0.616597D+03
  272.5261  0.275178D+00  0.275485D+00 -0.120857D+03
  272.8722  0.330523D+00  0.330249D+00  0.932147D+02
  273.2177  0.336621D+00  0.340117D+00 -0.109920D+04
  273.5625  0.276306D+00  0.278318D+00 -0.791265D+03
  273.9066  0.223992D+00  0.219028D+00  0.207006D+04
  274.2501  0.192136D+00  0.187990D+00  0.190202D+04
  274.5930  0.182246D+00  0.180961D+00  0.589462D+03
  274.9352  0.188207D+00  0.191550D+00 -0.153370D+04
  275.2769  0.232022D+00  0.228021D+00  0.161375D+04
  275.6180  0.251259D+00  0.256683D+00 -0.213265D+04
  275.9585  0.316257D+00  0.313650D+00  0.907845D+03
  276.2985  0.344628D+00  0.347731D+00 -0.918681D+03
  276.6379  0.360422D+00  0.360249D+00  0.476710D+02
  276.9768  0.355393D+00  0.359072D+00 -0.101252D+04
  277.3152  0.367040D+00  0.362638D+00  0.121159D+04
   21 272.526 279.335 275.931  4.644D-03  0.000D+00  9.899D-01  1.082D+03 10300  7.924D-03
  272.5261  0.275178D+00  0.272910D+00  0.891497D+03
  272.8722  0.330523D+00  0.330480D+00  0.146278D+02
  273.2177  0.336621D+00  0.343700D+00 -0.222548D+04
  273.5625  0.276306D+00  0.279329D+00 -0.118897D+04
  273.9066  0.223992D+00  0.219150D+00  0.201922D+04
  274.2501  0.192136D+00  0.187863D+00  0.196015D+04
  274.5930  0.182246D+00  0.181048D+00  0.549481D+03
  274.9352  0.188207D+00  0.190150D+00 -0.891244D+03
  275.2769  0.232022D+00  0.228930D+00  0.124713D+04
  275.6180  0.251259D+00  0.254444D+00 -0.125234D+04
  275.9585  0.316257D+00  0.314564D+00  0.589451D+03
  276.2985  0.344628D+00  0.348114D+00 -0.103210D+04
  276.6379  0.360422D+00  0.361607D+00 -0.325926D+03
  276.9768  0.355393D+00  0.359314D+00 -0.107916D+04
  277.3152  0.367040D+00  0.366222D+00  0.225181D+03
  277.6531  0.333618D+00  0.331272D+00  0.717146D+03
  277.9905  0.270209D+00  0.268494D+00  0.603100D+03
  278.3274  0.243857D+00  0.243869D+00 -0.432219D+01
  278.6638  0.229875D+00  0.228685D+00  0.462271D+03
  278.9999  0.182388D+00  0.182322D+00  0.274028D+02
  279.3354  0.129720D+00  0.133549D+00 -0.121522D+04
   21 274.593 281.340 277.967  1.315D-02  0.000D+00  9.870D-01  8.104D+02 10300  1.007D-02
  274.5930  0.182246D+00  0.181938D+00  0.141170D+03
  274.9352  0.188207D+00  0.190669D+00 -0.112922D+04
  275.2769  0.232022D+00  0.227341D+00  0.188816D+04
  275.6180  0.251259D+00  0.254256D+00 -0.117842D+04
  275.9585  0.316257D+00  0.312235D+00  0.140091D+04
  276.2985  0.344628D+00  0.347455D+00 -0.836975D+03
  276.6379  0.360422D+00  0.361440D+00 -0.280111D+03
  276.9768  0.355393D+00  0.359398D+00 -0.110236D+04
  277.3152  0.367040D+00  0.366718D+00  0.885349D+02
  277.6531  0.333618D+00  0.333151D+00  0.142827D+03
  277.9905  0.270209D+00  0.268551D+00  0.582759D+03
  278.3274  0.243857D+00  0.242890D+00  0.353746D+03
  278.6638  0.229875D+00  0.228579D+00  0.503669D+03
  278.9999  0.182388D+00  0.181397D+00  0.409074D+03
  279.3354  0.129720D+00  0.130730D+00 -0.320439D+03
  279.6706  0.105938D+00  0.109274D+00 -0.112260D+04
  280.0053  0.102852D+00  0.104997D+00 -0.750038D+03
  280.3396  0.112084D+00  0.114382D+00 -0.803102D+03
  280.6735  0.152374D+00  0.152468D+00 -0.308269D+02
  281.0070  0.216110D+00  0.215459D+00  0.202212D+03
  281.3401  0.280086D+00  0.279225D+00  0.243940D+03
   21 276.638 283.331 279.985  7.401D-03  0.000D+00  1.014D+00  7.058D+02 10300  7.748D-03
  276.6379  0.360422D+00  0.360421D+00  0.447792D+00
  276.9768  0.355393D+00  0.357581D+00 -0.602129D+03
  277.3152  0.367040D+00  0.366922D+00  0.325853D+02
  277.6531  0.333618D+00  0.332662D+00  0.292356D+03
  277.9905  0.270209D+00  0.267993D+00  0.778962D+03
  278.3274  0.243857D+00  0.243783D+00  0.272947D+02
  278.6638  0.229875D+00  0.229334D+00  0.210166D+03
  278.9999  0.182388D+00  0.181640D+00  0.308982D+03
  279.3354  0.129720D+00  0.131381D+00 -0.527032D+03
  279.6706  0.105938D+00  0.109993D+00 -0.136470D+04
  280.0053  0.102852D+00  0.105750D+00 -0.101347D+04
  280.3396  0.112084D+00  0.115550D+00 -0.121132D+04
  280.6735  0.152374D+00  0.153760D+00 -0.450681D+03
  281.0070  0.216110D+00  0.214804D+00  0.405578D+03
  281.3401  0.280086D+00  0.276884D+00  0.907429D+03
  281.6729  0.345678D+00  0.345090D+00  0.163715D+03
  282.0053  0.393580D+00  0.396674D+00 -0.851650D+03
  282.3373  0.425879D+00  0.426529D+00 -0.178922D+03
  282.6690  0.442278D+00  0.439240D+00  0.836135D+03
  283.0004  0.472102D+00  0.468637D+00  0.953746D+03
  283.3314  0.472784D+00  0.476502D+00 -0.102325D+04
   21 278.664 285.311 281.987 -3.418D-03  0.000D+00  1.004D+00  9.578D+02 10300  8.555D-03
  278.6638  0.229875D+00  0.229812D+00  0.246238D+02
  278.9999  0.182388D+00  0.180590D+00  0.742196D+03
  279.3354  0.129720D+00  0.130170D+00 -0.142876D+03
  279.6706  0.105938D+00  0.109787D+00 -0.129521D+04
  280.0053  0.102852D+00  0.105694D+00 -0.993798D+03
  280.3396  0.112084D+00  0.115465D+00 -0.118146D+04
  280.6735  0.152374D+00  0.154381D+00 -0.652628D+03
  281.0070  0.216110D+00  0.215290D+00  0.254796D+03
  281.3401  0.280086D+00  0.276214D+00  0.109733D+04
  281.6729  0.345678D+00  0.343867D+00  0.503915D+03
  282.0053  0.393580D+00  0.394402D+00 -0.226196D+03
  282.3373  0.425879D+00  0.424124D+00  0.483105D+03
  282.6690  0.442278D+00  0.437678D+00  0.126600D+04
  283.0004  0.472102D+00  0.471803D+00  0.824340D+02
  283.3314  0.472784D+00  0.483205D+00 -0.286822D+04
  283.6620  0.456361D+00  0.458321D+00 -0.539354D+03
  283.9924  0.457990D+00  0.453445D+00  0.125094D+04
  284.3224  0.414933D+00  0.412695D+00  0.616134D+03
  284.6521  0.333213D+00  0.332621D+00  0.166831D+03
  284.9815  0.210563D+00  0.210398D+00  0.522958D+02
  285.3106  0.147159D+00  0.148707D+00 -0.544479D+03
   21 280.674 287.279 283.976 -1.745D-03  0.000D+00  9.919D-01  8.810D+02 10300  4.419D-03
  280.6735  0.152374D+00  0.156178D+00 -0.123718D+04
  281.0070  0.216110D+00  0.216709D+00 -0.185916D+03
  281.3401  0.280086D+00  0.277007D+00  0.872577D+03
  281.6729  0.345678D+00  0.344123D+00  0.432705D+03
  282.0053  0.393580D+00  0.394302D+00 -0.198795D+03
  282.3373  0.425879D+00  0.423943D+00  0.532991D+03
  282.6690  0.442278D+00  0.437522D+00  0.130893D+04
  283.0004  0.472102D+00  0.471749D+00  0.971885D+02
  283.3314  0.472784D+00  0.483674D+00 -0.299721D+04
  283.6620  0.456361D+00  0.458842D+00 -0.682814D+03
  283.9924  0.457990D+00  0.453882D+00  0.113066D+04
  284.3224  0.414933D+00  0.412908D+00  0.557423D+03
  284.6521  0.333213D+00  0.332415D+00  0.224828D+03
  284.9815  0.210563D+00  0.209836D+00  0.230377D+03
  285.3106  0.147159D+00  0.147116D+00  0.152781D+02
  285.6394  0.229761D+00  0.229834D+00 -0.228711D+02
  285.9679  0.379241D+00  0.379129D+00  0.307207D+02
  286.2961  0.485996D+00  0.484065D+00  0.531267D+03
  286.6240  0.511053D+00  0.512035D+00 -0.270395D+03
  286.9516  0.522890D+00  0.524535D+00 -0.452724D+03
  287.2790  0.567980D+00  0.567287D+00  0.190615D+03
   21 282.669 289.237 285.953 -3.038D-03  0.000D+00  9.940D-01  8.630D+02 10340  3.266D-03
  282.6690  0.442278D+00  0.436970D+00  0.146085D+04
  283.0004  0.472102D+00  0.471741D+00  0.995474D+02
  283.3314  0.472784D+00  0.483615D+00 -0.298112D+04
  283.6620  0.456361D+00  0.457744D+00 -0.380698D+03
  283.9924  0.457990D+00  0.453753D+00  0.116611D+04
  284.3224  0.414933D+00  0.412416D+00  0.692943D+03
  284.6521  0.333213D+00  0.332152D+00  0.298824D+03
  284.9815  0.210563D+00  0.208479D+00  0.660264D+03
  285.3106  0.147159D+00  0.145283D+00  0.660091D+03
  285.6394  0.229761D+00  0.229475D+00  0.899048D+02
  285.9679  0.379241D+00  0.379968D+00 -0.200148D+03
  286.2961  0.485996D+00  0.484946D+00  0.288845D+03
  286.6240  0.511053D+00  0.512230D+00 -0.323935D+03
  286.9516  0.522890D+00  0.524143D+00 -0.344869D+03
  287.2790  0.567980D+00  0.568912D+00 -0.256440D+03
  287.6060  0.528861D+00  0.528343D+00  0.142513D+03
  287.9328  0.419868D+00  0.420906D+00 -0.285603D+03
  288.2593  0.368541D+00  0.370534D+00 -0.548515D+03
  288.5856  0.514575D+00  0.511970D+00  0.717043D+03
  288.9115  0.595640D+00  0.594085D+00  0.427892D+03
  289.2372  0.619737D+00  0.621112D+00 -0.378351D+03
   21 284.652 291.186 287.919 -1.623D-03  0.000D+00  9.951D-01  6.661D+02 10300  2.443D-03
  284.6521  0.333213D+00  0.331247D+00  0.553847D+03
  284.9815  0.210563D+00  0.209743D+00  0.259768D+03
  285.3106  0.147159D+00  0.146970D+00  0.667817D+02
  285.6394  0.229761D+00  0.230321D+00 -0.175486D+03
  285.9679  0.379241D+00  0.380858D+00 -0.445235D+03
  286.2961  0.485996D+00  0.486378D+00 -0.105226D+03
  286.6240  0.511053D+00  0.513718D+00 -0.733610D+03
  286.9516  0.522890D+00  0.524759D+00 -0.514381D+03
  287.2790  0.567980D+00  0.568940D+00 -0.264351D+03
  287.6060  0.528861D+00  0.527903D+00  0.263762D+03
  287.9328  0.419868D+00  0.419843D+00  0.700605D+01
  288.2593  0.368541D+00  0.366628D+00  0.526548D+03
  288.5856  0.514575D+00  0.509680D+00  0.134731D+04
  288.9115  0.595640D+00  0.591447D+00  0.115400D+04
  289.2372  0.619737D+00  0.617213D+00  0.694787D+03
  289.5626  0.703760D+00  0.703644D+00  0.320554D+02
  289.8878  0.825128D+00  0.827915D+00 -0.767082D+03
  290.2126  0.912440D+00  0.915072D+00 -0.724356D+03
  290.5372  0.934060D+00  0.937768D+00 -0.102045D+04
  290.8615  0.891334D+00  0.892274D+00 -0.258526D+03
  291.1856  0.891228D+00  0.886595D+00  0.127527D+04
   21 286.624 293.124 289.874 -1.632D-03  0.000D+00  9.927D-01  1.128D+03 10300  5.261D-03
  286.6240  0.511053D+00  0.513599D+00 -0.700935D+03
  286.9516  0.522890D+00  0.522433D+00  0.125936D+03
  287.2790  0.567980D+00  0.569006D+00 -0.282388D+03
  287.6060  0.528861D+00  0.527260D+00  0.440615D+03
  287.9328  0.419868D+00  0.418819D+00  0.288841D+03
  288.2593  0.368541D+00  0.364191D+00  0.119745D+04
  288.5856  0.514575D+00  0.510514D+00  0.111773D+04
  288.9115  0.595640D+00  0.592474D+00  0.871328D+03
  289.2372  0.619737D+00  0.618553D+00  0.325959D+03
  289.5626  0.703760D+00  0.705819D+00 -0.566763D+03
  289.8878  0.825128D+00  0.830568D+00 -0.149740D+04
  290.2126  0.912440D+00  0.917515D+00 -0.139687D+04
  290.5372  0.934060D+00  0.938937D+00 -0.134228D+04
  290.8615  0.891334D+00  0.892651D+00 -0.362279D+03
  291.1856  0.891228D+00  0.883801D+00  0.204426D+04
  291.5093  0.885618D+00  0.875368D+00  0.282112D+04
  291.8328  0.839810D+00  0.839028D+00  0.215220D+03
  292.1559  0.830137D+00  0.832017D+00 -0.517347D+03
  292.4789  0.757533D+00  0.761176D+00 -0.100269D+04
  292.8015  0.721978D+00  0.726899D+00 -0.135429D+04
  293.1238  0.839410D+00  0.836712D+00  0.742463D+03
   21 288.586 295.051 291.818  5.113D-03  0.000D+00  9.918D-01  1.093D+03 10300  4.749D-03
  288.5856  0.514575D+00  0.512878D+00  0.467166D+03
  288.9115  0.595640D+00  0.595469D+00  0.469532D+02
  289.2372  0.619737D+00  0.617840D+00  0.522346D+03
  289.5626  0.703760D+00  0.703157D+00  0.166094D+03
  289.8878  0.825128D+00  0.828505D+00 -0.929670D+03
  290.2126  0.912440D+00  0.916243D+00 -0.104670D+04
  290.5372  0.934060D+00  0.939303D+00 -0.144295D+04
  290.8615  0.891334D+00  0.891071D+00  0.724296D+02
  291.1856  0.891228D+00  0.881991D+00  0.254233D+04
  291.5093  0.885618D+00  0.876260D+00  0.257567D+04
  291.8328  0.839810D+00  0.838087D+00  0.474099D+03
  292.1559  0.830137D+00  0.835074D+00 -0.135887D+04
  292.4789  0.757533D+00  0.764228D+00 -0.184275D+04
  292.8015  0.721978D+00  0.725638D+00 -0.100731D+04
  293.1238  0.839410D+00  0.840111D+00 -0.192955D+03
  293.4458  0.888969D+00  0.886963D+00  0.551905D+03
  293.7675  0.757101D+00  0.755277D+00  0.501818D+03
  294.0889  0.740293D+00  0.740751D+00 -0.126077D+03
  294.4100  0.810457D+00  0.809131D+00  0.364885D+03
  294.7308  0.763015D+00  0.764555D+00 -0.423963D+03
  295.0513  0.745329D+00  0.744757D+00  0.157429D+03
   21 290.537 296.967 293.752  4.736D-03  0.000D+00  9.917D-01  1.113D+03 10300  4.342D-03
  290.5372  0.934060D+00  0.940094D+00 -0.166059D+04
  290.8615  0.891334D+00  0.892033D+00 -0.192437D+03
  291.1856  0.891228D+00  0.883064D+00  0.224715D+04
  291.5093  0.885618D+00  0.877125D+00  0.233752D+04
  291.8328  0.839810D+00  0.838735D+00  0.295713D+03
  292.1559  0.830137D+00  0.835429D+00 -0.145640D+04
  292.4789  0.757533D+00  0.764222D+00 -0.184125D+04
  292.8015  0.721978D+00  0.725581D+00 -0.991523D+03
  293.1238  0.839410D+00  0.840009D+00 -0.164942D+03
  293.4458  0.888969D+00  0.886595D+00  0.653243D+03
  293.7675  0.757101D+00  0.755064D+00  0.560452D+03
  294.0889  0.740293D+00  0.741126D+00 -0.229132D+03
  294.4100  0.810457D+00  0.810167D+00  0.797733D+02
  294.7308  0.763015D+00  0.766319D+00 -0.909558D+03
  295.0513  0.745329D+00  0.747954D+00 -0.722530D+03
  295.3714  0.843090D+00  0.838294D+00  0.131981D+04
  295.6912  0.851143D+00  0.849163D+00  0.544996D+03
  296.0107  0.896263D+00  0.897691D+00 -0.393221D+03
  296.3298  0.884875D+00  0.881309D+00  0.981635D+03
  296.6485  0.684773D+00  0.686319D+00 -0.425529D+03
  296.9669  0.613561D+00  0.616427D+00 -0.788672D+03
   21 292.479 298.869 295.674  7.423D-03  0.000D+00  9.851D-01  9.301D+02 10300  2.210D-03
  292.4789  0.757533D+00  0.755634D+00  0.522554D+03
  292.8015  0.721978D+00  0.719987D+00  0.548029D+03
  293.1238  0.839410D+00  0.839470D+00 -0.165310D+02
  293.4458  0.888969D+00  0.891757D+00 -0.767542D+03
  293.7675  0.757101D+00  0.757449D+00 -0.958977D+02
  294.0889  0.740293D+00  0.742721D+00 -0.668235D+03
  294.4100  0.810457D+00  0.813532D+00 -0.846564D+03
  294.7308  0.763015D+00  0.768236D+00 -0.143700D+04
  295.0513  0.745329D+00  0.745293D+00  0.997756D+01
  295.3714  0.843090D+00  0.837476D+00  0.154508D+04
  295.6912  0.851143D+00  0.845202D+00  0.163536D+04
  296.0107  0.896263D+00  0.893866D+00  0.659769D+03
  296.3298  0.884875D+00  0.881107D+00  0.103709D+04
  296.6485  0.684773D+00  0.684461D+00  0.860051D+02
  296.9669  0.613561D+00  0.615651D+00 -0.575338D+03
  297.2849  0.690040D+00  0.694616D+00 -0.125937D+04
  297.6026  0.878941D+00  0.884866D+00 -0.163079D+04
  297.9199  0.937783D+00  0.937075D+00  0.194794D+03
  298.2367  0.690470D+00  0.692153D+00 -0.463237D+03
  298.5532  0.562274D+00  0.563722D+00 -0.398427D+03
  298.8692  0.719984D+00  0.714599D+00  0.148225D+04
   21 294.410 300.756 297.583  4.257D-03  0.000D+00  1.015D+00  4.453D+03 10300  1.053D-02
  294.4100  0.810457D+00  0.827246D+00 -0.462099D+04
  294.7308  0.763015D+00  0.767385D+00 -0.120273D+04
  295.0513  0.745329D+00  0.738849D+00  0.178346D+04
  295.3714  0.843090D+00  0.827789D+00  0.421139D+04
  295.6912  0.851143D+00  0.834826D+00  0.449119D+04
  296.0107  0.896263D+00  0.887262D+00  0.247743D+04
  296.3298  0.884875D+00  0.879661D+00  0.143519D+04
  296.6485  0.684773D+00  0.684406D+00  0.101168D+03
  296.9669  0.613561D+00  0.622312D+00 -0.240850D+04
  297.2849  0.690040D+00  0.706812D+00 -0.461607D+04
  297.6026  0.878941D+00  0.905294D+00 -0.725350D+04
  297.9199  0.937783D+00  0.955663D+00 -0.492130D+04
  298.2367  0.690470D+00  0.698738D+00 -0.227569D+04
  298.5532  0.562274D+00  0.565097D+00 -0.776763D+03
  298.8692  0.719984D+00  0.707976D+00  0.330516D+04
  299.1848  0.860214D+00  0.820268D+00  0.109947D+05
  299.5001  0.779478D+00  0.750503D+00  0.797498D+04
  299.8148  0.762260D+00  0.767774D+00 -0.151764D+04
  300.1291  0.597599D+00  0.613840D+00 -0.447012D+04
  300.4428  0.605654D+00  0.620601D+00 -0.411407D+04
  300.7562  0.683756D+00  0.684598D+00 -0.231778D+03
   21 296.330 302.625 299.478  1.003D-02  0.000D+00  1.001D+00  6.592D+03 10300  1.462D-02
  296.3298  0.884875D+00  0.855062D+00  0.820566D+04
  296.6485  0.684773D+00  0.685706D+00 -0.256718D+03
  296.9669  0.613561D+00  0.626545D+00 -0.357359D+04
  297.2849  0.690040D+00  0.713255D+00 -0.638945D+04
  297.6026  0.878941D+00  0.909099D+00 -0.830072D+04
  297.9199  0.937783D+00  0.959850D+00 -0.607357D+04
  298.2367  0.690470D+00  0.703441D+00 -0.357002D+04
  298.5532  0.562274D+00  0.561460D+00  0.224032D+03
  298.8692  0.719984D+00  0.692052D+00  0.768798D+04
  299.1848  0.860214D+00  0.801081D+00  0.162758D+05
  299.5001  0.779478D+00  0.733435D+00  0.126726D+05
  299.8148  0.762260D+00  0.751905D+00  0.285018D+04
  300.1291  0.597599D+00  0.609654D+00 -0.331817D+04
  300.4428  0.605654D+00  0.622874D+00 -0.473979D+04
  300.7562  0.683756D+00  0.710535D+00 -0.737061D+04
  301.0690  0.733124D+00  0.756692D+00 -0.648664D+04
  301.3814  0.817846D+00  0.830670D+00 -0.352956D+04
  301.6932  0.745714D+00  0.755541D+00 -0.270491D+04
  302.0045  0.577818D+00  0.571810D+00  0.165380D+04
  302.3152  0.660604D+00  0.643559D+00  0.469127D+04
  302.6254  0.850856D+00  0.841997D+00  0.243825D+04
   21 298.237 304.474 301.355 -1.393D-02  0.000D+00  9.660D-01  6.271D+03 10300  1.642D-02
  298.2367  0.690470D+00  0.718488D+00 -0.771164D+04
  298.5532  0.562274D+00  0.583927D+00 -0.595957D+04
  298.8692  0.719984D+00  0.719866D+00  0.325349D+02
  299.1848  0.860214D+00  0.805332D+00  0.151055D+05
  299.5001  0.779478D+00  0.739619D+00  0.109707D+05
  299.8148  0.762260D+00  0.748379D+00  0.382059D+04
  300.1291  0.597599D+00  0.605275D+00 -0.211281D+04
  300.4428  0.605654D+00  0.636535D+00 -0.849971D+04
  300.7562  0.683756D+00  0.715990D+00 -0.887209D+04
  301.0690  0.733124D+00  0.769054D+00 -0.988928D+04
  301.3814  0.817846D+00  0.834005D+00 -0.444758D+04
  301.6932  0.745714D+00  0.741510D+00  0.115697D+04
  302.0045  0.577818D+00  0.565660D+00  0.334631D+04
  302.3152  0.660604D+00  0.650337D+00  0.282588D+04
  302.6254  0.850856D+00  0.830949D+00  0.547905D+04
  302.9351  0.990466D+00  0.964230D+00  0.455459D+04
  303.2441  0.105010D+01  0.103535D+01  0.228052D+04
  303.5525  0.104991D+01  0.104881D+01  0.167966D+03
  303.8604  0.924713D+00  0.923760D+00  0.191747D+03
  304.1676  0.916374D+00  0.922977D+00 -0.134267D+04
  304.4741  0.995516D+00  0.102156D+01 -0.404610D+04
   21 300.129 306.299 303.214 -9.999D-03  0.000D+00  1.010D+00  2.475D+03 10300  7.538D-03
  300.1291  0.597599D+00  0.576745D+00  0.573972D+04
  300.4428  0.605654D+00  0.610305D+00 -0.128015D+04
  300.7562  0.683756D+00  0.694279D+00 -0.289633D+04
  301.0690  0.733124D+00  0.751484D+00 -0.505325D+04
  301.3814  0.817846D+00  0.823416D+00 -0.153310D+04
  301.6932  0.745714D+00  0.740324D+00  0.148354D+04
  302.0045  0.577818D+00  0.569631D+00  0.225338D+04
  302.3152  0.660604D+00  0.653972D+00  0.182533D+04
  302.6254  0.850856D+00  0.839658D+00  0.308204D+04
  302.9351  0.990466D+00  0.977149D+00  0.231184D+04
  303.2441  0.105010D+01  0.105001D+01  0.138604D+02
  303.5525  0.104991D+01  0.106088D+01 -0.167917D+04
  303.8604  0.924713D+00  0.932900D+00 -0.164706D+04
  304.1676  0.916374D+00  0.921359D+00 -0.101358D+04
  304.4741  0.995516D+00  0.100440D+01 -0.138094D+04
  304.7800  0.100382D+01  0.991079D+00  0.193975D+04
  305.0851  0.106289D+01  0.105495D+01  0.112409D+04
  305.3897  0.105567D+01  0.107348D+01 -0.251578D+04
  305.6935  0.854491D+00  0.868924D+00 -0.265017D+04
  305.9965  0.802596D+00  0.796360D+00  0.137169D+04
  306.2988  0.918745D+00  0.905582D+00  0.190613D+04
   21 312.112 315.261 313.687  3.397D-03  0.000D+00  9.963D-01  5.300D+02 10300  2.721D-03
  312.1124  0.955391D+00  0.954105D+00  0.125103D+03
  312.2706  0.100715D+01  0.100312D+01  0.384817D+03
  312.4287  0.107157D+01  0.108270D+01 -0.975759D+03
  312.5867  0.109616D+01  0.109403D+01  0.177443D+03
  312.7447  0.108808D+01  0.108617D+01  0.160109D+03
  312.9025  0.110917D+01  0.111173D+01 -0.211422D+03
  313.0603  0.112258D+01  0.111850D+01  0.334396D+03
  313.2180  0.110133D+01  0.109654D+01  0.393886D+03
  313.3756  0.107309D+01  0.107357D+01 -0.400818D+02
  313.5331  0.108700D+01  0.108897D+01 -0.163112D+03
  313.6906  0.116337D+01  0.116540D+01 -0.163130D+03
  313.8480  0.126907D+01  0.127016D+01 -0.853187D+02
  314.0054  0.132677D+01  0.132531D+01  0.113863D+03
  314.1626  0.128243D+01  0.127590D+01  0.510302D+03
  314.3198  0.107385D+01  0.108842D+01 -0.124935D+04
  314.4769  0.884021D+00  0.870398D+00  0.120077D+04
  314.6339  0.854095D+00  0.863438D+00 -0.909212D+03
  314.7908  0.102579D+01  0.102133D+01  0.391984D+03
  314.9476  0.117021D+01  0.116730D+01  0.231218D+03
  315.1044  0.122860D+01  0.122748D+01  0.876163D+02
  315.2611  0.122664D+01  0.122904D+01 -0.187200D+03
   21 313.060 316.200 314.630  1.579D-03  0.000D+00  9.997D-01  5.267D+02 10300  2.251D-03
  313.0603  0.112258D+01  0.112210D+01  0.388635D+02
  313.2180  0.110133D+01  0.109823D+01  0.254527D+03
  313.3756  0.107309D+01  0.107438D+01 -0.108205D+03
  313.5331  0.108700D+01  0.108995D+01 -0.243682D+03
  313.6906  0.116337D+01  0.116663D+01 -0.262363D+03
  313.8480  0.126907D+01  0.127064D+01 -0.122712D+03
  314.0054  0.132677D+01  0.132426D+01  0.195100D+03
  314.1626  0.128243D+01  0.127295D+01  0.740446D+03
  314.3198  0.107385D+01  0.108491D+01 -0.948770D+03
  314.4769  0.884021D+00  0.871448D+00  0.110824D+04
  314.6339  0.854095D+00  0.866531D+00 -0.121018D+04
  314.7908  0.102579D+01  0.102260D+01  0.280764D+03
  314.9476  0.117021D+01  0.116631D+01  0.309355D+03
  315.1044  0.122860D+01  0.122503D+01  0.278624D+03
  315.2611  0.122664D+01  0.122559D+01  0.816156D+02
  315.4178  0.119967D+01  0.120254D+01 -0.185962D+03
  315.5743  0.112616D+01  0.112474D+01  0.112374D+03
  315.7308  0.961422D+00  0.967191D+00 -0.513714D+03
  315.8872  0.806535D+00  0.803874D+00  0.258913D+03
  316.0435  0.748403D+00  0.755557D+00 -0.696164D+03
  316.1998  0.836950D+00  0.831271D+00  0.551607D+03
   21 314.005 317.136 315.571  9.558D-04  0.000D+00  1.001D+00  5.515D+02 10000  2.426D-03
  314.0054  0.132677D+01  0.132724D+01 -0.363445D+02
  314.1626  0.128243D+01  0.127481D+01  0.595018D+03
  314.3198  0.107385D+01  0.108546D+01 -0.995691D+03
  314.4769  0.884021D+00  0.871656D+00  0.108988D+04
  314.6339  0.854095D+00  0.867318D+00 -0.128669D+04
  314.7908  0.102579D+01  0.102338D+01  0.211437D+03
  314.9476  0.117021D+01  0.116649D+01  0.295101D+03
  315.1044  0.122860D+01  0.122450D+01  0.319633D+03
  315.2611  0.122664D+01  0.122471D+01  0.149910D+03
  315.4178  0.119967D+01  0.120151D+01 -0.119316D+03
  315.5743  0.112616D+01  0.112357D+01  0.205632D+03
  315.7308  0.961422D+00  0.966091D+00 -0.415774D+03
  315.8872  0.806535D+00  0.803505D+00  0.294820D+03
  316.0435  0.748403D+00  0.756292D+00 -0.767629D+03
  316.1998  0.836950D+00  0.833155D+00  0.368645D+03
  316.3560  0.964539D+00  0.965641D+00 -0.959666D+02
  316.5120  0.105999D+01  0.105910D+01  0.682538D+02
  316.6681  0.110900D+01  0.110472D+01  0.341104D+03
  316.8240  0.114126D+01  0.114991D+01 -0.676394D+03
  316.9799  0.123692D+01  0.123006D+01  0.534052D+03
  317.1357  0.136365D+01  0.136571D+01 -0.159999D+03
   21 314.948 318.069 316.508  1.485D-03  0.000D+00  1.000D+00  3.987D+02 10000  2.724D-03
  314.9476  0.117021D+01  0.117142D+01 -0.957959D+02
  315.1044  0.122860D+01  0.122766D+01  0.735432D+02
  315.2611  0.122664D+01  0.122610D+01  0.422488D+02
  315.4178  0.119967D+01  0.120164D+01 -0.127862D+03
  315.5743  0.112616D+01  0.112304D+01  0.248193D+03
  315.7308  0.961422D+00  0.965372D+00 -0.351748D+03
  315.8872  0.806535D+00  0.802627D+00  0.380215D+03
  316.0435  0.748403D+00  0.755040D+00 -0.645852D+03
  316.1998  0.836950D+00  0.831607D+00  0.518922D+03
  316.3560  0.964539D+00  0.964234D+00  0.265797D+02
  316.5120  0.105999D+01  0.105847D+01  0.116510D+03
  316.6681  0.110900D+01  0.110504D+01  0.315724D+03
  316.8240  0.114126D+01  0.115127D+01 -0.782983D+03
  316.9799  0.123692D+01  0.123262D+01  0.334953D+03
  317.1357  0.136365D+01  0.137004D+01 -0.497611D+03
  317.2914  0.146111D+01  0.146198D+01 -0.668938D+02
  317.4470  0.145490D+01  0.145328D+01  0.124702D+03
  317.6026  0.143083D+01  0.142060D+01  0.792806D+03
  317.7581  0.133834D+01  0.134614D+01 -0.607381D+03
  317.9135  0.115306D+01  0.114877D+01  0.339288D+03
  318.0689  0.949222D+00  0.952177D+00 -0.263647D+03
   21 315.887 318.999 317.443  1.464D-03  0.000D+00  1.002D+00  4.654D+02 10300  2.549D-03
  315.8872  0.806535D+00  0.803517D+00  0.293620D+03
  316.0435  0.748403D+00  0.755863D+00 -0.725884D+03
  316.1998  0.836950D+00  0.832399D+00  0.442039D+03
  316.3560  0.964539D+00  0.964920D+00 -0.332092D+02
  316.5120  0.105999D+01  0.105896D+01  0.790624D+02
  316.6681  0.110900D+01  0.110528D+01  0.296521D+03
  316.8240  0.114126D+01  0.115123D+01 -0.779702D+03
  316.9799  0.123692D+01  0.123228D+01  0.361168D+03
  317.1357  0.136365D+01  0.136934D+01 -0.442757D+03
  317.2914  0.146111D+01  0.146098D+01  0.100664D+02
  317.4470  0.145490D+01  0.145214D+01  0.212811D+03
  317.6026  0.143083D+01  0.141948D+01  0.879611D+03
  317.7581  0.133834D+01  0.134530D+01 -0.541776D+03
  317.9135  0.115306D+01  0.114819D+01  0.385894D+03
  318.0689  0.949222D+00  0.951847D+00 -0.234234D+03
  318.2242  0.887884D+00  0.895150D+00 -0.704912D+03
  318.3794  0.950878D+00  0.950947D+00 -0.618355D+01
  318.5345  0.105051D+01  0.104964D+01  0.706235D+02
  318.6896  0.114856D+01  0.115108D+01 -0.197946D+03
  318.8445  0.126334D+01  0.125268D+01  0.829638D+03
  318.9994  0.129853D+01  0.130375D+01 -0.405880D+03
   21 316.824 319.927 318.376 -3.185D-04  0.000D+00  1.003D+00  5.608D+02 10300  2.847D-03
  316.8240  0.114126D+01  0.114503D+01 -0.294869D+03
  316.9799  0.123692D+01  0.122961D+01  0.569361D+03
  317.1357  0.136365D+01  0.136920D+01 -0.432139D+03
  317.2914  0.146111D+01  0.146170D+01 -0.449907D+02
  317.4470  0.145490D+01  0.145345D+01  0.112004D+03
  317.6026  0.143083D+01  0.142147D+01  0.725595D+03
  317.7581  0.133834D+01  0.134621D+01 -0.612833D+03
  317.9135  0.115306D+01  0.114738D+01  0.449364D+03
  318.0689  0.949222D+00  0.951410D+00 -0.195166D+03
  318.2242  0.887884D+00  0.895814D+00 -0.769318D+03
  318.3794  0.950878D+00  0.951870D+00 -0.883675D+02
  318.5345  0.105051D+01  0.104998D+01  0.431128D+02
  318.6896  0.114856D+01  0.115049D+01 -0.151853D+03
  318.8445  0.126334D+01  0.125112D+01  0.951367D+03
  318.9994  0.129853D+01  0.130010D+01 -0.121998D+03
  319.1542  0.118495D+01  0.118614D+01 -0.932991D+02
  319.3091  0.102711D+01  0.102207D+01  0.409720D+03
  319.4637  0.999416D+00  0.101130D+01 -0.969936D+03
  319.6183  0.109921D+01  0.110556D+01 -0.490328D+03
  319.7728  0.123325D+01  0.121654D+01  0.130103D+04
  319.9273  0.130968D+01  0.131616D+01 -0.504769D+03
   21 317.758 320.853 319.305  5.639D-04  0.000D+00  1.001D+00  5.619D+02 10300  3.112D-03
  317.7581  0.133834D+01  0.134261D+01 -0.332327D+03
  317.9135  0.115306D+01  0.114497D+01  0.640315D+03
  318.0689  0.949222D+00  0.949277D+00 -0.482532D+01
  318.2242  0.887884D+00  0.893600D+00 -0.554523D+03
  318.3794  0.950878D+00  0.949872D+00  0.895534D+02
  318.5345  0.105051D+01  0.104862D+01  0.153730D+03
  318.6896  0.114856D+01  0.115000D+01 -0.113410D+03
  318.8445  0.126334D+01  0.125161D+01  0.912903D+03
  318.9994  0.129853D+01  0.130209D+01 -0.276774D+03
  319.1542  0.118495D+01  0.118943D+01 -0.349827D+03
  319.3091  0.102711D+01  0.102496D+01  0.174644D+03
  319.4637  0.999416D+00  0.101305D+01 -0.111281D+04
  319.6183  0.109921D+01  0.110663D+01 -0.573060D+03
  319.7728  0.123325D+01  0.121656D+01  0.129896D+04
  319.9273  0.130968D+01  0.131452D+01 -0.377139D+03
  320.0817  0.135554D+01  0.134397D+01  0.899420D+03
  320.2360  0.135939D+01  0.136471D+01 -0.414157D+03
  320.3903  0.142212D+01  0.142611D+01 -0.296701D+03
  320.5444  0.147930D+01  0.148111D+01 -0.125980D+03
  320.6985  0.148044D+01  0.147438D+01  0.420415D+03
  320.8526  0.137263D+01  0.137515D+01 -0.192607D+03
   21 318.690 321.775 320.232 -8.539D-04  0.000D+00  9.967D-01  5.632D+02 10300  3.092D-03
  318.6896  0.114856D+01  0.115166D+01 -0.243470D+03
  318.8445  0.126334D+01  0.125305D+01  0.801130D+03
  318.9994  0.129853D+01  0.130220D+01 -0.285779D+03
  319.1542  0.118495D+01  0.118782D+01 -0.224207D+03
  319.3091  0.102711D+01  0.102386D+01  0.264200D+03
  319.4637  0.999416D+00  0.101332D+01 -0.113540D+04
  319.6183  0.109921D+01  0.110710D+01 -0.609388D+03
  319.7728  0.123325D+01  0.121694D+01  0.126947D+04
  319.9273  0.130968D+01  0.131434D+01 -0.363034D+03
  320.0817  0.135554D+01  0.134322D+01  0.957768D+03
  320.2360  0.135939D+01  0.136436D+01 -0.387232D+03
  320.3903  0.142212D+01  0.142616D+01 -0.300205D+03
  320.5444  0.147930D+01  0.148109D+01 -0.124787D+03
  320.6985  0.148044D+01  0.147405D+01  0.442826D+03
  320.8526  0.137263D+01  0.137448D+01 -0.141236D+03
  321.0065  0.120738D+01  0.120338D+01  0.311657D+03
  321.1604  0.104860D+01  0.105004D+01 -0.113882D+03
  321.3142  0.970017D+00  0.976093D+00 -0.492902D+03
  321.4680  0.992574D+00  0.991248D+00  0.106839D+03
  321.6216  0.107136D+01  0.107861D+01 -0.570570D+03
  321.7752  0.120288D+01  0.119613D+01  0.525452D+03
   21 319.618 322.695 321.157  3.247D-04  0.000D+00  9.896D-01  5.020D+02 10300  3.525D-03
  319.6183  0.109921D+01  0.110979D+01 -0.817283D+03
  319.7728  0.123325D+01  0.121911D+01  0.110090D+04
  319.9273  0.130968D+01  0.131633D+01 -0.517712D+03
  320.0817  0.135554D+01  0.134493D+01  0.824499D+03
  320.2360  0.135939D+01  0.136514D+01 -0.447633D+03
  320.3903  0.142212D+01  0.142618D+01 -0.302191D+03
  320.5444  0.147930D+01  0.148092D+01 -0.112647D+03
  320.6985  0.148044D+01  0.147411D+01  0.438603D+03
  320.8526  0.137263D+01  0.137508D+01 -0.187254D+03
  321.0065  0.120738D+01  0.120424D+01  0.244345D+03
  321.1604  0.104860D+01  0.105059D+01 -0.157383D+03
  321.3142  0.970017D+00  0.976176D+00 -0.499578D+03
  321.4680  0.992574D+00  0.990987D+00  0.127828D+03
  321.6216  0.107136D+01  0.107847D+01 -0.559694D+03
  321.7752  0.120288D+01  0.119670D+01  0.480712D+03
  321.9288  0.131432D+01  0.131063D+01  0.286906D+03
  322.0822  0.134443D+01  0.134534D+01 -0.706529D+02
  322.2356  0.127602D+01  0.127496D+01  0.824622D+02
  322.3889  0.120762D+01  0.120202D+01  0.435690D+03
  322.5421  0.114058D+01  0.115122D+01 -0.828123D+03
  322.6953  0.106502D+01  0.106171D+01  0.259741D+03
   21 320.544 323.613 322.079 -1.399D-03  0.000D+00  9.828D-01  4.042D+02 10300  2.445D-03
  320.5444  0.147930D+01  0.148243D+01 -0.217877D+03
  320.6985  0.148044D+01  0.147481D+01  0.390353D+03
  320.8526  0.137263D+01  0.137457D+01 -0.148362D+03
  321.0065  0.120738D+01  0.120311D+01  0.332572D+03
  321.1604  0.104860D+01  0.104985D+01 -0.986074D+02
  321.3142  0.970017D+00  0.976193D+00 -0.500988D+03
  321.4680  0.992574D+00  0.991762D+00  0.654360D+02
  321.6216  0.107136D+01  0.107960D+01 -0.648755D+03
  321.7752  0.120288D+01  0.119775D+01  0.399020D+03
  321.9288  0.131432D+01  0.131106D+01  0.253731D+03
  322.0822  0.134443D+01  0.134433D+01  0.767007D+01
  322.2356  0.127602D+01  0.127326D+01  0.215357D+03
  322.3889  0.120762D+01  0.120093D+01  0.520427D+03
  322.5421  0.114058D+01  0.115021D+01 -0.749363D+03
  322.6953  0.106502D+01  0.106072D+01  0.337988D+03
  322.8484  0.963709D+00  0.974300D+00 -0.856080D+03
  323.0014  0.964407D+00  0.962278D+00  0.171729D+03
  323.1544  0.104946D+01  0.104598D+01  0.273603D+03
  323.3073  0.111508D+01  0.111770D+01 -0.203836D+03
  323.4600  0.110207D+01  0.109562D+01  0.502244D+03
  323.6128  0.106716D+01  0.107042D+01 -0.254194D+03
   21 321.468 324.528 322.998 -3.890D-03  0.000D+00  9.830D-01  4.139D+02 10300  4.137D-03
  321.4680  0.992574D+00  0.990941D+00  0.131581D+03
  321.6216  0.107136D+01  0.107993D+01 -0.674535D+03
  321.7752  0.120288D+01  0.119873D+01  0.322760D+03
  321.9288  0.131432D+01  0.131202D+01  0.178713D+03
  322.0822  0.134443D+01  0.134404D+01  0.300351D+02
  322.2356  0.127602D+01  0.127257D+01  0.268621D+03
  322.3889  0.120762D+01  0.120137D+01  0.486160D+03
  322.5421  0.114058D+01  0.115056D+01 -0.776802D+03
  322.6953  0.106502D+01  0.106061D+01  0.346076D+03
  322.8484  0.963709D+00  0.974786D+00 -0.895333D+03
  323.0014  0.964407D+00  0.964205D+00  0.163610D+02
  323.1544  0.104946D+01  0.104840D+01  0.835200D+02
  323.3073  0.111508D+01  0.111795D+01 -0.223056D+03
  323.4600  0.110207D+01  0.109367D+01  0.653957D+03
  323.6128  0.106716D+01  0.106785D+01 -0.536835D+02
  323.7654  0.110601D+01  0.110813D+01 -0.164619D+03
  323.9181  0.118114D+01  0.118137D+01 -0.182031D+02
  324.0706  0.126622D+01  0.125907D+01  0.550494D+03
  324.2230  0.130550D+01  0.131291D+01 -0.545010D+03
  324.3754  0.132953D+01  0.132694D+01  0.183596D+03
  324.5277  0.134995D+01  0.135110D+01 -0.792550D+02
   21 322.389 325.440 323.915 -6.246D-03  0.000D+00  9.861D-01  4.599D+02 10300  4.963D-03
  322.3889  0.120762D+01  0.120029D+01  0.570657D+03
  322.5421  0.114058D+01  0.114902D+01 -0.656694D+03
  322.6953  0.106502D+01  0.105883D+01  0.485875D+03
  322.8484  0.963709D+00  0.973908D+00 -0.824394D+03
  323.0014  0.964407D+00  0.964978D+00 -0.460409D+02
  323.1544  0.104946D+01  0.104991D+01 -0.351791D+02
  323.3073  0.111508D+01  0.111812D+01 -0.236089D+03
  323.4600  0.110207D+01  0.109284D+01  0.718831D+03
  323.6128  0.106716D+01  0.106770D+01 -0.419890D+02
  323.7654  0.110601D+01  0.110864D+01 -0.204076D+03
  323.9181  0.118114D+01  0.118169D+01 -0.430034D+02
  324.0706  0.126622D+01  0.125877D+01  0.573137D+03
  324.2230  0.130550D+01  0.131117D+01 -0.416735D+03
  324.3754  0.132953D+01  0.132398D+01  0.393429D+03
  324.5277  0.134995D+01  0.134724D+01  0.187750D+03
  324.6800  0.133811D+01  0.134681D+01 -0.523573D+03
  324.8322  0.128381D+01  0.127697D+01  0.503206D+03
  324.9843  0.122765D+01  0.123296D+01 -0.411942D+03
  325.1363  0.125334D+01  0.125994D+01 -0.502303D+03
  325.2883  0.131443D+01  0.131871D+01 -0.306710D+03
  325.4402  0.142107D+01  0.141154D+01  0.642570D+03
   21 323.307 326.350 324.829 -2.648D-03  0.000D+00  9.876D-01  4.488D+02 10300  4.851D-03
  323.3073  0.111508D+01  0.111967D+01 -0.357498D+03
  323.4600  0.110207D+01  0.109606D+01  0.467968D+03
  323.6128  0.106716D+01  0.106944D+01 -0.177989D+03
  323.7654  0.110601D+01  0.110877D+01 -0.214283D+03
  323.9181  0.118114D+01  0.118115D+01 -0.130590D+01
  324.0706  0.126622D+01  0.125782D+01  0.646035D+03
  324.2230  0.130550D+01  0.131074D+01 -0.385386D+03
  324.3754  0.132953D+01  0.132336D+01  0.437301D+03
  324.5277  0.134995D+01  0.134594D+01  0.277629D+03
  324.6800  0.133811D+01  0.134712D+01 -0.541950D+03
  324.8322  0.128381D+01  0.127844D+01  0.394553D+03
  324.9843  0.122765D+01  0.123348D+01 -0.452033D+03
  325.1363  0.125334D+01  0.126051D+01 -0.545431D+03
  325.2883  0.131443D+01  0.132080D+01 -0.456328D+03
  325.4402  0.142107D+01  0.141565D+01  0.365607D+03
  325.5920  0.154868D+01  0.155290D+01 -0.276371D+03
  325.7437  0.166106D+01  0.165908D+01  0.128503D+03
  325.8954  0.172617D+01  0.171544D+01  0.695984D+03
  326.0471  0.174547D+01  0.174594D+01 -0.305252D+02
  326.1986  0.173787D+01  0.172766D+01  0.659449D+03
  326.3501  0.165845D+01  0.167102D+01 -0.815718D+03
   21 324.223 327.258 325.740  2.944D-03  0.000D+00  9.970D-01  3.975D+02 10000  4.052D-03
  324.2230  0.130550D+01  0.131109D+01 -0.411233D+03
  324.3754  0.132953D+01  0.132193D+01  0.538662D+03
  324.5277  0.134995D+01  0.134275D+01  0.497964D+03
  324.6800  0.133811D+01  0.134619D+01 -0.486220D+03
  324.8322  0.128381D+01  0.127952D+01  0.315655D+03
  324.9843  0.122765D+01  0.123292D+01 -0.408829D+03
  325.1363  0.125334D+01  0.125913D+01 -0.440649D+03
  325.2883  0.131443D+01  0.131989D+01 -0.391035D+03
  325.4402  0.142107D+01  0.141427D+01  0.458694D+03
  325.5920  0.154868D+01  0.155197D+01 -0.215894D+03
  325.7437  0.166106D+01  0.166083D+01  0.146244D+02
  325.8954  0.172617D+01  0.171750D+01  0.562113D+03
  326.0471  0.174547D+01  0.174707D+01 -0.103741D+03
  326.1986  0.173787D+01  0.172670D+01  0.721178D+03
  326.3501  0.165845D+01  0.166551D+01 -0.458060D+03
  326.5015  0.160173D+01  0.160184D+01 -0.714540D+01
  326.6528  0.161979D+01  0.161935D+01  0.287337D+02
  326.8041  0.168880D+01  0.169541D+01 -0.420286D+03
  326.9553  0.170173D+01  0.170309D+01 -0.874030D+02
  327.1064  0.162840D+01  0.163232D+01 -0.254430D+03
  327.2575  0.159323D+01  0.158640D+01  0.443162D+03
   21 325.136 328.162 326.649  4.763D-03  0.000D+00  9.997D-01  3.323D+02 10340  4.268D-03
  325.1363  0.125334D+01  0.125303D+01  0.237420D+02
  325.2883  0.131443D+01  0.131780D+01 -0.241267D+03
  325.4402  0.142107D+01  0.141452D+01  0.442015D+03
  325.5920  0.154868D+01  0.155389D+01 -0.341357D+03
  325.7437  0.166106D+01  0.166410D+01 -0.197750D+03
  325.8954  0.172617D+01  0.172051D+01  0.366763D+03
  326.0471  0.174547D+01  0.174916D+01 -0.239124D+03
  326.1986  0.173787D+01  0.172759D+01  0.663736D+03
  326.3501  0.165845D+01  0.166503D+01 -0.427081D+03
  326.5015  0.160173D+01  0.159975D+01  0.128456D+03
  326.6528  0.161979D+01  0.161553D+01  0.276652D+03
  326.8041  0.168880D+01  0.169200D+01 -0.203246D+03
  326.9553  0.170173D+01  0.170293D+01 -0.770875D+02
  327.1064  0.162840D+01  0.163672D+01 -0.539334D+03
  327.2575  0.159323D+01  0.159591D+01 -0.173992D+03
  327.4085  0.162398D+01  0.162712D+01 -0.193320D+03
  327.5594  0.165979D+01  0.165345D+01  0.404819D+03
  327.7103  0.163525D+01  0.162739D+01  0.508694D+03
  327.8611  0.158784D+01  0.158723D+01  0.391293D+02
  328.0118  0.157121D+01  0.156898D+01  0.144230D+03
  328.1624  0.156392D+01  0.156991D+01 -0.388958D+03
   21 326.047 329.065 327.556  1.283D-03  0.000D+00  9.936D-01  3.374D+02 10300  4.091D-03
  326.0471  0.174547D+01  0.175357D+01 -0.524944D+03
  326.1986  0.173787D+01  0.172767D+01  0.658724D+03
  326.3501  0.165845D+01  0.166245D+01 -0.259502D+03
  326.5015  0.160173D+01  0.159704D+01  0.304458D+03
  326.6528  0.161979D+01  0.161490D+01  0.317276D+03
  326.8041  0.168880D+01  0.169105D+01 -0.143167D+03
  326.9553  0.170173D+01  0.170025D+01  0.953674D+02
  327.1064  0.162840D+01  0.163454D+01 -0.398468D+03
  327.2575  0.159323D+01  0.159663D+01 -0.220530D+03
  327.4085  0.162398D+01  0.162956D+01 -0.344280D+03
  327.5594  0.165979D+01  0.165563D+01  0.265598D+03
  327.7103  0.163525D+01  0.162936D+01  0.381048D+03
  327.8611  0.158784D+01  0.158968D+01 -0.119470D+03
  328.0118  0.157121D+01  0.157166D+01 -0.287394D+02
  328.1624  0.156392D+01  0.157189D+01 -0.516884D+03
  328.3130  0.158138D+01  0.157293D+01  0.547964D+03
  328.4635  0.156260D+01  0.155848D+01  0.267769D+03
  328.6140  0.148726D+01  0.149299D+01 -0.371579D+03
  328.7643  0.143621D+01  0.143438D+01  0.118521D+03
  328.9147  0.152002D+01  0.151807D+01  0.126346D+03
  329.0649  0.169114D+01  0.169383D+01 -0.163366D+03
   21 326.955 329.965 328.460 -1.654D-03  0.000D+00  9.983D-01  3.369D+02 10300  3.808D-03
  326.9553  0.170173D+01  0.169915D+01  0.165887D+03
  327.1064  0.162840D+01  0.163182D+01 -0.221743D+03
  327.2575  0.159323D+01  0.159492D+01 -0.109862D+03
  327.4085  0.162398D+01  0.162863D+01 -0.286859D+03
  327.5594  0.165979D+01  0.165415D+01  0.360580D+03
  327.7103  0.163525D+01  0.162776D+01  0.484854D+03
  327.8611  0.158784D+01  0.158910D+01 -0.816919D+02
  328.0118  0.157121D+01  0.157237D+01 -0.743985D+02
  328.1624  0.156392D+01  0.157350D+01 -0.621447D+03
  328.3130  0.158138D+01  0.157500D+01  0.413407D+03
  328.4635  0.156260D+01  0.156014D+01  0.159988D+03
  328.6140  0.148726D+01  0.149347D+01 -0.402788D+03
  328.7643  0.143621D+01  0.143594D+01  0.176660D+02
  328.9147  0.152002D+01  0.152167D+01 -0.107215D+03
  329.0649  0.169114D+01  0.169550D+01 -0.264480D+03
  329.2151  0.182039D+01  0.180919D+01  0.643709D+03
  329.3652  0.187098D+01  0.186665D+01  0.247239D+03
  329.5153  0.189642D+01  0.190009D+01 -0.209073D+03
  329.6652  0.190779D+01  0.190601D+01  0.101263D+03
  329.8151  0.190571D+01  0.191635D+01 -0.606207D+03
  329.9650  0.196468D+01  0.195874D+01  0.334941D+03
   21 327.861 330.863 329.362 -4.181D-03  0.000D+00  1.005D+00  4.861D+02 10300  4.151D-03
  327.8611  0.158784D+01  0.158544D+01  0.155642D+03
  328.0118  0.157121D+01  0.157044D+01  0.501366D+02
  328.1624  0.156392D+01  0.157268D+01 -0.568126D+03
  328.3130  0.158138D+01  0.157476D+01  0.429398D+03
  328.4635  0.156260D+01  0.155981D+01  0.181185D+03
  328.6140  0.148726D+01  0.149223D+01 -0.322521D+03
  328.7643  0.143621D+01  0.143557D+01  0.417826D+02
  328.9147  0.152002D+01  0.152398D+01 -0.256831D+03
  329.0649  0.169114D+01  0.169787D+01 -0.408480D+03
  329.2151  0.182039D+01  0.180951D+01  0.625378D+03
  329.3652  0.187098D+01  0.186582D+01  0.295101D+03
  329.5153  0.189642D+01  0.189811D+01 -0.958533D+02
  329.6652  0.190779D+01  0.190323D+01  0.260176D+03
  329.8151  0.190571D+01  0.191356D+01 -0.446928D+03
  329.9650  0.196468D+01  0.195588D+01  0.496288D+03
  330.1147  0.196433D+01  0.197951D+01 -0.853146D+03
  330.2645  0.189316D+01  0.188422D+01  0.508846D+03
  330.4141  0.174197D+01  0.173554D+01  0.381893D+03
  330.5637  0.158749D+01  0.160540D+01 -0.114366D+04
  330.7132  0.153971D+01  0.152767D+01  0.780897D+03
  330.8626  0.158386D+01  0.158489D+01 -0.667035D+02
   21 328.764 331.758 330.261 -2.261D-03  0.000D+00  1.002D+00  4.561D+02 10000  4.028D-03
  328.7643  0.143621D+01  0.143407D+01  0.138898D+03
  328.9147  0.152002D+01  0.152259D+01 -0.166563D+03
  329.0649  0.169114D+01  0.169831D+01 -0.434779D+03
  329.2151  0.182039D+01  0.181140D+01  0.516397D+03
  329.3652  0.187098D+01  0.186781D+01  0.181018D+03
  329.5153  0.189642D+01  0.189980D+01 -0.192368D+03
  329.6652  0.190779D+01  0.190413D+01  0.208745D+03
  329.8151  0.190571D+01  0.191312D+01 -0.422214D+03
  329.9650  0.196468D+01  0.195401D+01  0.601757D+03
  330.1147  0.196433D+01  0.197769D+01 -0.750850D+03
  330.2645  0.189316D+01  0.188389D+01  0.527466D+03
  330.4141  0.174197D+01  0.173582D+01  0.365086D+03
  330.5637  0.158749D+01  0.160659D+01 -0.122007D+04
  330.7132  0.153971D+01  0.152949D+01  0.662867D+03
  330.8626  0.158386D+01  0.158790D+01 -0.262343D+03
  331.0120  0.170223D+01  0.169939D+01  0.168029D+03
  331.1613  0.174037D+01  0.173354D+01  0.399410D+03
  331.3105  0.167985D+01  0.168250D+01 -0.160990D+03
  331.4597  0.161070D+01  0.161280D+01 -0.134723D+03
  331.6088  0.161895D+01  0.161773D+01  0.776699D+02
  331.7578  0.169977D+01  0.170058D+01 -0.482937D+02
   21 329.665 332.651 331.158 -1.126D-03  0.000D+00  9.960D-01  4.865D+02 10300  3.942D-03
  329.6652  0.190779D+01  0.190894D+01 -0.655718D+02
  329.8151  0.190571D+01  0.191379D+01 -0.459869D+03
  329.9650  0.196468D+01  0.195178D+01  0.727786D+03
  330.1147  0.196433D+01  0.197451D+01 -0.572265D+03
  330.2645  0.189316D+01  0.188127D+01  0.676448D+03
  330.4141  0.174197D+01  0.173374D+01  0.489017D+03
  330.5637  0.158749D+01  0.160534D+01 -0.114002D+04
  330.7132  0.153971D+01  0.152861D+01  0.720043D+03
  330.8626  0.158386D+01  0.158728D+01 -0.221675D+03
  331.0120  0.170223D+01  0.170038D+01  0.109303D+03
  331.1613  0.174037D+01  0.173658D+01  0.221740D+03
  331.3105  0.167985D+01  0.168682D+01 -0.423283D+03
  331.4597  0.161070D+01  0.161713D+01 -0.412417D+03
  331.6088  0.161895D+01  0.162107D+01 -0.135773D+03
  331.7578  0.169977D+01  0.170278D+01 -0.180197D+03
  331.9068  0.176402D+01  0.175876D+01  0.304196D+03
  332.0557  0.173924D+01  0.172979D+01  0.550918D+03
  332.2046  0.162883D+01  0.163290D+01 -0.252205D+03
  332.3533  0.155598D+01  0.155024D+01  0.372045D+03
  332.5021  0.159993D+01  0.159662D+01  0.208190D+03
  332.6507  0.168942D+01  0.169757D+01 -0.479527D+03
   21 330.564 333.541 332.052 -3.010D-03  0.000D+00  9.991D-01  3.812D+02 10300  3.185D-03
  330.5637  0.158749D+01  0.159867D+01 -0.714206D+03
  330.7132  0.153971D+01  0.152450D+01  0.986209D+03
  330.8626  0.158386D+01  0.158548D+01 -0.105001D+03
  331.0120  0.170223D+01  0.169891D+01  0.196500D+03
  331.1613  0.174037D+01  0.173471D+01  0.330640D+03
  331.3105  0.167985D+01  0.168500D+01 -0.313252D+03
  331.4597  0.161070D+01  0.161635D+01 -0.362378D+03
  331.6088  0.161895D+01  0.162214D+01 -0.204343D+03
  331.7578  0.169977D+01  0.170482D+01 -0.302492D+03
  331.9068  0.176402D+01  0.176033D+01  0.213561D+03
  332.0557  0.173924D+01  0.173049D+01  0.510304D+03
  332.2046  0.162883D+01  0.163305D+01 -0.261628D+03
  332.3533  0.155598D+01  0.155130D+01  0.303217D+03
  332.5021  0.159993D+01  0.159925D+01  0.426278D+02
  332.6507  0.168942D+01  0.169927D+01 -0.579096D+03
  332.7993  0.169666D+01  0.168998D+01  0.388190D+03
  332.9478  0.162131D+01  0.162022D+01  0.657294D+02
  333.0962  0.162040D+01  0.162087D+01 -0.281243D+02
  333.2446  0.167464D+01  0.167791D+01 -0.190652D+03
  333.3929  0.167196D+01  0.166835D+01  0.208896D+03
  333.5412  0.154889D+01  0.155032D+01 -0.889083D+02
   21 331.460 334.429 332.945  1.124D-03  0.000D+00  9.983D-01  2.562D+02 10300  2.336D-03
  331.4597  0.161070D+01  0.161039D+01  0.195863D+02
  331.6088  0.161895D+01  0.161764D+01  0.833700D+02
  331.7578  0.169977D+01  0.170237D+01 -0.155570D+03
  331.9068  0.176402D+01  0.176177D+01  0.130173D+03
  332.0557  0.173924D+01  0.173510D+01  0.241359D+03
  332.2046  0.162883D+01  0.163870D+01 -0.612098D+03
  332.3533  0.155598D+01  0.155400D+01  0.128503D+03
  332.5021  0.159993D+01  0.159731D+01  0.164682D+03
  332.6507  0.168942D+01  0.169753D+01 -0.476861D+03
  332.7993  0.169666D+01  0.169054D+01  0.356085D+03
  332.9478  0.162131D+01  0.161955D+01  0.105685D+03
  333.0962  0.162040D+01  0.161706D+01  0.201558D+03
  333.2446  0.167464D+01  0.167416D+01  0.281462D+02
  333.3929  0.167196D+01  0.166865D+01  0.191341D+03
  333.5412  0.154889D+01  0.155464D+01 -0.355741D+03
  333.6894  0.145149D+01  0.144776D+01  0.241905D+03
  333.8375  0.147602D+01  0.148157D+01 -0.348981D+03
  333.9855  0.157806D+01  0.158192D+01 -0.231541D+03
  334.1335  0.163245D+01  0.162990D+01  0.147125D+03
  334.2814  0.166386D+01  0.166096D+01  0.165957D+03
  334.4293  0.173847D+01  0.173882D+01 -0.200646D+02
   19 332.353 335.020 333.687 -7.435D-04  0.000D+00  9.942D-01  3.018D+02 10300  2.849D-03
  332.3533  0.155598D+01  0.155508D+01  0.581132D+02
  332.5021  0.159993D+01  0.159953D+01  0.248243D+02
  332.6507  0.168942D+01  0.169821D+01 -0.516998D+03
  332.7993  0.169666D+01  0.168999D+01  0.387762D+03
  332.9478  0.162131D+01  0.161964D+01  0.100511D+03
  333.0962  0.162040D+01  0.161825D+01  0.129743D+03
  333.2446  0.167464D+01  0.167544D+01 -0.465693D+02
  333.3929  0.167196D+01  0.166893D+01  0.175621D+03
  333.5412  0.154889D+01  0.155345D+01 -0.282208D+03
  333.6894  0.145149D+01  0.144714D+01  0.282185D+03
  333.8375  0.147602D+01  0.148293D+01 -0.434533D+03
  333.9855  0.157806D+01  0.158339D+01 -0.319859D+03
  334.1335  0.163245D+01  0.163012D+01  0.134320D+03
  334.2814  0.166386D+01  0.166079D+01  0.175972D+03
  334.4293  0.173847D+01  0.173870D+01 -0.127818D+02
  334.5771  0.181722D+01  0.181058D+01  0.371736D+03
  334.7248  0.179077D+01  0.178697D+01  0.212836D+03
  334.8725  0.164497D+01  0.165739D+01 -0.711597D+03
  335.0201  0.157180D+01  0.156757D+01  0.245081D+03
   13 333.245 335.020 334.132 -2.160D-03  0.000D+00  9.943D-01  3.039D+02 10300  3.757D-03
  333.2446  0.167464D+01  0.167712D+01 -0.144297D+03
  333.3929  0.167196D+01  0.166786D+01  0.237462D+03
  333.5412  0.154889D+01  0.155072D+01 -0.113191D+03
  333.6894  0.145149D+01  0.144504D+01  0.417989D+03
  333.8375  0.147602D+01  0.148233D+01 -0.396776D+03
  333.9855  0.157806D+01  0.158309D+01 -0.301939D+03
  334.1335  0.163245D+01  0.162985D+01  0.150397D+03
  334.2814  0.166386D+01  0.166142D+01  0.139646D+03
  334.4293  0.173847D+01  0.174039D+01 -0.108670D+03
  334.5771  0.181722D+01  0.181221D+01  0.280764D+03
  334.7248  0.179077D+01  0.178739D+01  0.189396D+03
  334.8725  0.164497D+01  0.165644D+01 -0.657259D+03
  335.0201  0.157180D+01  0.156672D+01  0.294126D+03
