 solar_wavcal_vary
           0
 F F
nwav fwave lwave avgwav  shift    squeeze      sin       rms   exval
   21 263.986 271.194 267.590 -7.947D-02  0.000D+00  9.990D-01  2.651D+03 10300  3.312D-02
  263.9861  0.527240D+00  0.547129D+00 -0.481008D+04
  264.3578  0.532972D+00  0.526738D+00  0.171538D+04
  264.7281  0.446514D+00  0.438759D+00  0.213418D+04
  265.0971  0.441765D+00  0.413092D+00  0.789062D+04
  265.4647  0.444363D+00  0.442358D+00  0.551650D+03
  265.8312  0.411856D+00  0.430038D+00 -0.500355D+04
  266.1963  0.373167D+00  0.385174D+00 -0.330422D+04
  266.5603  0.357284D+00  0.357630D+00 -0.952459D+02
  266.9230  0.350021D+00  0.354321D+00 -0.122290D+04
  267.2846  0.361482D+00  0.362613D+00 -0.311167D+03
  267.6452  0.353936D+00  0.357164D+00 -0.888176D+03
  268.0045  0.341941D+00  0.338400D+00  0.106606D+04
  268.3629  0.346056D+00  0.337276D+00  0.257182D+04
  268.7201  0.336962D+00  0.332433D+00  0.140522D+04
  269.0764  0.328200D+00  0.325819D+00  0.825016D+03
  269.4316  0.325070D+00  0.327717D+00 -0.930516D+03
  269.7859  0.344452D+00  0.348192D+00 -0.109833D+04
  270.1392  0.385672D+00  0.384963D+00  0.195115D+03
  270.4916  0.393578D+00  0.393574D+00  0.127270D+01
  270.8432  0.372885D+00  0.378321D+00 -0.149581D+04
  271.1938  0.365169D+00  0.361070D+00  0.112784D+04
   21 266.196 273.281 269.738 -1.127D-02  0.000D+00  9.969D-01  1.272D+03 10300  1.271D-02
  266.1963  0.373167D+00  0.376688D+00 -0.968898D+03
  266.5603  0.357284D+00  0.350887D+00  0.176038D+04
  266.9230  0.350021D+00  0.348845D+00  0.334614D+03
  267.2846  0.361482D+00  0.359657D+00  0.502329D+03
  267.6452  0.353936D+00  0.361887D+00 -0.218807D+04
  268.0045  0.341941D+00  0.343731D+00 -0.539051D+03
  268.3629  0.346056D+00  0.340595D+00  0.159976D+04
  268.7201  0.336962D+00  0.337945D+00 -0.305020D+03
  269.0764  0.328200D+00  0.329533D+00 -0.461973D+03
  269.4316  0.325070D+00  0.328837D+00 -0.132423D+04
  269.7859  0.344452D+00  0.342819D+00  0.479512D+03
  270.1392  0.385672D+00  0.378406D+00  0.199942D+04
  270.4916  0.393578D+00  0.392439D+00  0.313627D+03
  270.8432  0.372885D+00  0.377439D+00 -0.125313D+04
  271.1938  0.365169D+00  0.360026D+00  0.141528D+04
  271.5436  0.330117D+00  0.325017D+00  0.171002D+04
  271.8925  0.266402D+00  0.271206D+00 -0.188847D+04
  272.2407  0.252469D+00  0.254067D+00 -0.627977D+03
  272.5881  0.284493D+00  0.289230D+00 -0.185841D+04
  272.9347  0.336181D+00  0.332683D+00  0.108620D+04
  273.2805  0.324279D+00  0.322387D+00  0.665189D+03
   21 268.363 275.341 271.852 -1.813D-03  0.000D+00  1.013D+00  1.275D+03 10300  1.038D-02
  268.3629  0.346056D+00  0.340458D+00  0.163985D+04
  268.7201  0.336962D+00  0.339496D+00 -0.786198D+03
  269.0764  0.328200D+00  0.330893D+00 -0.933299D+03
  269.4316  0.325070D+00  0.330156D+00 -0.178790D+04
  269.7859  0.344452D+00  0.342607D+00  0.541805D+03
  270.1392  0.385672D+00  0.379065D+00  0.181822D+04
  270.4916  0.393578D+00  0.393602D+00 -0.642251D+01
  270.8432  0.372885D+00  0.377060D+00 -0.114873D+04
  271.1938  0.365169D+00  0.359810D+00  0.147476D+04
  271.5436  0.330117D+00  0.325519D+00  0.154184D+04
  271.8925  0.266402D+00  0.270054D+00 -0.143557D+04
  272.2407  0.252469D+00  0.251089D+00  0.542549D+03
  272.5881  0.284493D+00  0.286938D+00 -0.959251D+03
  272.9347  0.336181D+00  0.334211D+00  0.611554D+03
  273.2805  0.324279D+00  0.327859D+00 -0.125807D+04
  273.6256  0.265416D+00  0.267374D+00 -0.769924D+03
  273.9701  0.217933D+00  0.213807D+00  0.180815D+04
  274.3139  0.190617D+00  0.187258D+00  0.154049D+04
  274.6570  0.180316D+00  0.182540D+00 -0.101979D+04
  274.9994  0.194957D+00  0.198912D+00 -0.181412D+04
  275.3412  0.234147D+00  0.231091D+00  0.122566D+04
   21 270.492 277.380 273.936  7.313D-03  0.000D+00  1.001D+00  1.371D+03 10300  1.045D-02
  270.4916  0.393578D+00  0.391343D+00  0.615002D+03
  270.8432  0.372885D+00  0.377108D+00 -0.116195D+04
  271.1938  0.365169D+00  0.360945D+00  0.116229D+04
  271.5436  0.330117D+00  0.327800D+00  0.776860D+03
  271.8925  0.266402D+00  0.272139D+00 -0.225554D+04
  272.2407  0.252469D+00  0.251243D+00  0.482225D+03
  272.5881  0.284493D+00  0.285671D+00 -0.462190D+03
  272.9347  0.336181D+00  0.332763D+00  0.106128D+04
  273.2805  0.324279D+00  0.327695D+00 -0.120070D+04
  273.6256  0.265416D+00  0.267504D+00 -0.821011D+03
  273.9701  0.217933D+00  0.213342D+00  0.201201D+04
  274.3139  0.190617D+00  0.186187D+00  0.203176D+04
  274.6570  0.180316D+00  0.181149D+00 -0.381829D+03
  274.9994  0.194957D+00  0.197139D+00 -0.100063D+04
  275.3412  0.234147D+00  0.230000D+00  0.166318D+04
  275.6824  0.259234D+00  0.265376D+00 -0.241444D+04
  276.0229  0.322890D+00  0.317422D+00  0.188137D+04
  276.3630  0.345005D+00  0.348740D+00 -0.110125D+04
  276.7024  0.357902D+00  0.359911D+00 -0.552824D+03
  277.0414  0.358583D+00  0.363029D+00 -0.122353D+04
  277.3797  0.367335D+00  0.361575D+00  0.158533D+04
   21 272.588 279.400 275.994  1.633D-02  0.000D+00  9.889D-01  1.314D+03 10300  9.943D-03
  272.5881  0.284493D+00  0.282664D+00  0.717642D+03
  272.9347  0.336181D+00  0.334845D+00  0.414696D+03
  273.2805  0.324279D+00  0.332308D+00 -0.282210D+04
  273.6256  0.265416D+00  0.267785D+00 -0.931553D+03
  273.9701  0.217933D+00  0.212324D+00  0.245821D+04
  274.3139  0.190617D+00  0.185284D+00  0.244589D+04
  274.6570  0.180316D+00  0.180360D+00 -0.198012D+02
  274.9994  0.194957D+00  0.195401D+00 -0.203588D+03
  275.3412  0.234147D+00  0.231319D+00  0.113419D+04
  275.6824  0.259234D+00  0.263148D+00 -0.153879D+04
  276.0229  0.322890D+00  0.320516D+00  0.816784D+03
  276.3630  0.345005D+00  0.350986D+00 -0.176334D+04
  276.7024  0.357902D+00  0.361719D+00 -0.105042D+04
  277.0414  0.358583D+00  0.362225D+00 -0.100211D+04
  277.3797  0.367335D+00  0.363505D+00  0.105415D+04
  277.7176  0.323692D+00  0.321215D+00  0.847041D+03
  278.0550  0.265170D+00  0.264296D+00  0.310499D+03
  278.3919  0.244921D+00  0.242009D+00  0.818272D+03
  278.7283  0.222610D+00  0.220307D+00  0.656297D+03
  279.0642  0.170180D+00  0.171690D+00 -0.469573D+03
  279.3997  0.123311D+00  0.127323D+00 -0.137923D+04
   21 274.657 281.404 278.030  2.211D-02  0.000D+00  9.880D-01  9.414D+02 10300  1.259D-02
  274.6570  0.180316D+00  0.180402D+00 -0.394405D+02
  274.9994  0.194957D+00  0.195486D+00 -0.242368D+03
  275.3412  0.234147D+00  0.229926D+00  0.169275D+04
  275.6824  0.259234D+00  0.263238D+00 -0.157392D+04
  276.0229  0.322890D+00  0.318558D+00  0.149067D+04
  276.3630  0.345005D+00  0.350209D+00 -0.153430D+04
  276.7024  0.357902D+00  0.361217D+00 -0.912244D+03
  277.0414  0.358583D+00  0.361704D+00 -0.858808D+03
  277.3797  0.367335D+00  0.363475D+00  0.106230D+04
  277.7176  0.323692D+00  0.321872D+00  0.622241D+03
  278.0550  0.265170D+00  0.263387D+00  0.633067D+03
  278.3919  0.244921D+00  0.241503D+00  0.960267D+03
  278.7283  0.222610D+00  0.221408D+00  0.342606D+03
  279.0642  0.170180D+00  0.171716D+00 -0.477777D+03
  279.3997  0.123311D+00  0.125861D+00 -0.876508D+03
  279.7348  0.104190D+00  0.107749D+00 -0.122616D+04
  280.0695  0.103088D+00  0.105389D+00 -0.797228D+03
  280.4037  0.115915D+00  0.118384D+00 -0.849043D+03
  280.7375  0.162668D+00  0.161968D+00  0.223372D+03
  281.0709  0.225983D+00  0.224666D+00  0.402635D+03
  281.4040  0.291337D+00  0.290659D+00  0.191349D+03
   21 276.702 283.395 280.049  1.328D-02  0.000D+00  1.015D+00  9.057D+02 10300  1.091D-02
  276.7024  0.357902D+00  0.360863D+00 -0.814883D+03
  277.0414  0.358583D+00  0.360465D+00 -0.517972D+03
  277.3797  0.367335D+00  0.364895D+00  0.671535D+03
  277.7176  0.323692D+00  0.321275D+00  0.826645D+03
  278.0550  0.265170D+00  0.262548D+00  0.931140D+03
  278.3919  0.244921D+00  0.242869D+00  0.576712D+03
  278.7283  0.222610D+00  0.222536D+00  0.209885D+02
  279.0642  0.170180D+00  0.172003D+00 -0.566806D+03
  279.3997  0.123311D+00  0.126687D+00 -0.116079D+04
  279.7348  0.104190D+00  0.108859D+00 -0.160868D+04
  280.0695  0.103088D+00  0.106739D+00 -0.126495D+04
  280.4037  0.115915D+00  0.120659D+00 -0.163184D+04
  280.7375  0.162668D+00  0.164373D+00 -0.544265D+03
  281.0709  0.225983D+00  0.225252D+00  0.223602D+03
  281.4040  0.291337D+00  0.289219D+00  0.597463D+03
  281.7367  0.355063D+00  0.355145D+00 -0.224794D+02
  282.0690  0.402012D+00  0.403508D+00 -0.411577D+03
  282.4010  0.431415D+00  0.429675D+00  0.478801D+03
  282.7327  0.449481D+00  0.445080D+00  0.121097D+04
  283.0640  0.477861D+00  0.474955D+00  0.799910D+03
  283.3950  0.468623D+00  0.474052D+00 -0.149384D+04
   21 278.728 285.374 282.051 -1.481D-03  0.000D+00  1.004D+00  9.973D+02 10300  8.336D-03
  278.7283  0.222610D+00  0.221316D+00  0.368603D+03
  279.0642  0.170180D+00  0.168579D+00  0.497940D+03
  279.3997  0.123311D+00  0.123743D+00 -0.148391D+03
  279.7348  0.104190D+00  0.107409D+00 -0.110911D+04
  280.0695  0.103088D+00  0.105618D+00 -0.876615D+03
  280.4037  0.115915D+00  0.119600D+00 -0.126732D+04
  280.7375  0.162668D+00  0.164564D+00 -0.605210D+03
  281.0709  0.225983D+00  0.225105D+00  0.268426D+03
  281.4040  0.291337D+00  0.288418D+00  0.823320D+03
  281.7367  0.355063D+00  0.354082D+00  0.269879D+03
  282.0690  0.402012D+00  0.401814D+00  0.545567D+02
  282.4010  0.431415D+00  0.427881D+00  0.972444D+03
  282.7327  0.449481D+00  0.444396D+00  0.139931D+04
  283.0640  0.477861D+00  0.479786D+00 -0.529485D+03
  283.3950  0.468623D+00  0.480452D+00 -0.325531D+04
  283.7256  0.459941D+00  0.459370D+00  0.157252D+03
  284.0560  0.454185D+00  0.449521D+00  0.128339D+04
  284.3860  0.401198D+00  0.400170D+00  0.283125D+03
  284.7158  0.310404D+00  0.309615D+00  0.235677D+03
  285.0452  0.189398D+00  0.189582D+00 -0.633276D+02
  285.3744  0.153719D+00  0.154590D+00 -0.305314D+03
   21 280.738 287.343 284.040  1.173D-03  0.000D+00  9.915D-01  9.028D+02 10300  4.487D-03
  280.7375  0.162668D+00  0.164949D+00 -0.728293D+03
  281.0709  0.225983D+00  0.225795D+00  0.574994D+02
  281.4040  0.291337D+00  0.289243D+00  0.590725D+03
  281.7367  0.355063D+00  0.355104D+00 -0.111138D+02
  282.0690  0.402012D+00  0.402868D+00 -0.235468D+03
  282.4010  0.431415D+00  0.428810D+00  0.716916D+03
  282.7327  0.449481D+00  0.444821D+00  0.128228D+04
  283.0640  0.477861D+00  0.479741D+00 -0.517146D+03
  283.3950  0.468623D+00  0.480371D+00 -0.323283D+04
  283.7256  0.459941D+00  0.458721D+00  0.335778D+03
  284.0560  0.454185D+00  0.448706D+00  0.150773D+04
  284.3860  0.401198D+00  0.399554D+00  0.452630D+03
  284.7158  0.310404D+00  0.309543D+00  0.257459D+03
  285.0452  0.189398D+00  0.189772D+00 -0.128453D+03
  285.3744  0.153719D+00  0.153811D+00 -0.319720D+02
  285.7032  0.254892D+00  0.255032D+00 -0.429406D+02
  286.0318  0.400160D+00  0.400005D+00  0.428220D+02
  286.3601  0.491123D+00  0.490026D+00  0.302006D+03
  286.6882  0.507935D+00  0.509944D+00 -0.553003D+03
  287.0159  0.532894D+00  0.534015D+00 -0.308582D+03
  287.3434  0.569673D+00  0.568363D+00  0.360495D+03
   21 282.733 289.303 286.018  1.714D-03  0.000D+00  9.916D-01  1.007D+03 10300  3.815D-03
  282.7327  0.449481D+00  0.445767D+00  0.102204D+04
  283.0640  0.477861D+00  0.479859D+00 -0.549768D+03
  283.3950  0.468623D+00  0.479177D+00 -0.290440D+04
  283.7256  0.459941D+00  0.456263D+00  0.101228D+04
  284.0560  0.454185D+00  0.447489D+00  0.184272D+04
  284.3860  0.401198D+00  0.398776D+00  0.666723D+03
  284.7158  0.310404D+00  0.309809D+00  0.177738D+03
  285.0452  0.189398D+00  0.188664D+00  0.252445D+03
  285.3744  0.153719D+00  0.151850D+00  0.655204D+03
  285.7032  0.254892D+00  0.255076D+00 -0.564867D+02
  286.0318  0.400160D+00  0.402539D+00 -0.654547D+03
  286.3601  0.491123D+00  0.493363D+00 -0.616335D+03
  286.6882  0.507935D+00  0.511835D+00 -0.107332D+04
  287.0159  0.532894D+00  0.534332D+00 -0.395849D+03
  287.3434  0.569673D+00  0.568626D+00  0.288070D+03
  287.6707  0.516175D+00  0.513615D+00  0.704689D+03
  287.9976  0.400944D+00  0.402475D+00 -0.421383D+03
  288.3243  0.393636D+00  0.391762D+00  0.515645D+03
  288.6507  0.543254D+00  0.537573D+00  0.155019D+04
  288.9769  0.598720D+00  0.600085D+00 -0.375533D+03
  289.3027  0.631057D+00  0.633427D+00 -0.652038D+03
   21 284.716 291.252 287.984  3.650D-03  0.000D+00  9.981D-01  9.894D+02 10340  3.711D-03
  284.7158  0.310404D+00  0.306563D+00  0.114849D+04
  285.0452  0.189398D+00  0.189116D+00  0.972136D+02
  285.3744  0.153719D+00  0.152765D+00  0.334409D+03
  285.7032  0.254892D+00  0.255254D+00 -0.111446D+03
  286.0318  0.400160D+00  0.403071D+00 -0.801123D+03
  286.3601  0.491123D+00  0.494706D+00 -0.986107D+03
  286.6882  0.507935D+00  0.513360D+00 -0.149299D+04
  287.0159  0.532894D+00  0.534763D+00 -0.514366D+03
  287.3434  0.569673D+00  0.568198D+00  0.405814D+03
  287.6707  0.516175D+00  0.512780D+00  0.934458D+03
  287.9976  0.400944D+00  0.401017D+00 -0.200387D+02
  288.3243  0.393636D+00  0.388001D+00  0.155057D+04
  288.6507  0.543254D+00  0.534442D+00  0.240439D+04
  288.9769  0.598720D+00  0.597110D+00  0.443004D+03
  289.3027  0.631057D+00  0.630689D+00  0.101273D+03
  289.6284  0.728825D+00  0.729201D+00 -0.804358D+02
  289.9537  0.846810D+00  0.849661D+00 -0.784406D+03
  290.2788  0.921998D+00  0.925399D+00 -0.935699D+03
  290.6036  0.928899D+00  0.933084D+00 -0.115172D+04
  290.9282  0.887199D+00  0.888375D+00 -0.323620D+03
  291.2524  0.897434D+00  0.891533D+00  0.162393D+04
   21 286.688 293.192 289.940  1.924D-03  0.000D+00  9.954D-01  1.322D+03 10300  6.531D-03
  286.6882  0.507935D+00  0.512146D+00 -0.115902D+04
  287.0159  0.532894D+00  0.533444D+00 -0.151364D+03
  287.3434  0.569673D+00  0.568325D+00  0.370827D+03
  287.6707  0.516175D+00  0.512377D+00  0.104521D+04
  287.9976  0.400944D+00  0.399838D+00  0.304208D+03
  288.3243  0.393636D+00  0.387887D+00  0.158196D+04
  288.6507  0.543254D+00  0.536854D+00  0.174633D+04
  288.9769  0.598720D+00  0.599163D+00 -0.121833D+03
  289.3027  0.631057D+00  0.633331D+00 -0.625786D+03
  289.6284  0.728825D+00  0.732696D+00 -0.829904D+03
  289.9537  0.846810D+00  0.852987D+00 -0.169984D+04
  290.2788  0.921998D+00  0.927495D+00 -0.151275D+04
  290.6036  0.928899D+00  0.932871D+00 -0.109317D+04
  290.9282  0.887199D+00  0.886625D+00  0.157713D+03
  291.2524  0.897434D+00  0.885723D+00  0.322281D+04
  291.5764  0.873010D+00  0.865159D+00  0.216067D+04
  291.9001  0.837772D+00  0.837395D+00  0.103733D+03
  292.2235  0.818490D+00  0.820855D+00 -0.650872D+03
  292.5466  0.739953D+00  0.745883D+00 -0.163188D+04
  292.8694  0.737694D+00  0.742545D+00 -0.133503D+04
  293.1920  0.861644D+00  0.857909D+00  0.102785D+04
   21 288.651 295.120 291.886  4.364D-03  0.000D+00  9.912D-01  1.201D+03 10300  5.909D-03
  288.6507  0.543254D+00  0.538317D+00  0.134719D+04
  288.9769  0.598720D+00  0.599552D+00 -0.229088D+03
  289.3027  0.631057D+00  0.631843D+00 -0.216310D+03
  289.6284  0.728825D+00  0.730562D+00 -0.372300D+03
  289.9537  0.846810D+00  0.851028D+00 -0.116077D+04
  290.2788  0.921998D+00  0.925898D+00 -0.107310D+04
  290.6036  0.928899D+00  0.932097D+00 -0.879954D+03
  290.9282  0.887199D+00  0.885134D+00  0.568286D+03
  291.2524  0.897434D+00  0.885317D+00  0.333434D+04
  291.5764  0.873010D+00  0.865577D+00  0.204565D+04
  291.9001  0.837772D+00  0.837871D+00 -0.271935D+02
  292.2235  0.818490D+00  0.823266D+00 -0.131437D+04
  292.5466  0.739953D+00  0.747538D+00 -0.208750D+04
  292.8694  0.737694D+00  0.742891D+00 -0.142999D+04
  293.1920  0.861644D+00  0.861339D+00  0.837470D+02
  293.5142  0.862532D+00  0.860007D+00  0.694718D+03
  293.8361  0.740905D+00  0.739898D+00  0.277151D+03
  294.1576  0.757902D+00  0.756919D+00  0.270675D+03
  294.4789  0.808744D+00  0.807467D+00  0.351253D+03
  294.7998  0.745487D+00  0.747769D+00 -0.627833D+03
  295.1203  0.770686D+00  0.769896D+00  0.217193D+03
   21 290.604 297.036 293.820  5.796D-03  0.000D+00  9.893D-01  1.107D+03 10300  4.616D-03
  290.6036  0.928899D+00  0.934725D+00 -0.160325D+04
  290.9282  0.887199D+00  0.887425D+00 -0.622934D+02
  291.2524  0.897434D+00  0.887073D+00  0.285123D+04
  291.5764  0.873010D+00  0.867119D+00  0.162128D+04
  291.9001  0.837772D+00  0.838718D+00 -0.260333D+03
  292.2235  0.818490D+00  0.823833D+00 -0.147026D+04
  292.5466  0.739953D+00  0.747776D+00 -0.215291D+04
  292.8694  0.737694D+00  0.742124D+00 -0.121905D+04
  293.1920  0.861644D+00  0.860107D+00  0.422919D+03
  293.5142  0.862532D+00  0.859568D+00  0.815746D+03
  293.8361  0.740905D+00  0.739463D+00  0.396957D+03
  294.1576  0.757902D+00  0.756073D+00  0.503329D+03
  294.4789  0.808744D+00  0.807420D+00  0.364228D+03
  294.7998  0.745487D+00  0.748758D+00 -0.900000D+03
  295.1203  0.770686D+00  0.771208D+00 -0.143860D+03
  295.4406  0.842110D+00  0.839615D+00  0.686493D+03
  295.7604  0.858541D+00  0.858747D+00 -0.565486D+02
  296.0799  0.901827D+00  0.904448D+00 -0.721201D+03
  296.3989  0.849455D+00  0.846432D+00  0.832141D+03
  296.7176  0.661271D+00  0.661338D+00 -0.182120D+02
  297.0359  0.630255D+00  0.631695D+00 -0.396386D+03
   21 292.547 298.936 295.742  1.055D-02  0.000D+00  9.851D-01  9.229D+02 10300  2.421D-03
  292.5466  0.739953D+00  0.738996D+00  0.263316D+03
  292.8694  0.737694D+00  0.737529D+00  0.455383D+02
  293.1920  0.861644D+00  0.858291D+00  0.922731D+03
  293.5142  0.862532D+00  0.863719D+00 -0.326583D+03
  293.8361  0.740905D+00  0.744992D+00 -0.112466D+04
  294.1576  0.757902D+00  0.759175D+00 -0.350427D+03
  294.4789  0.808744D+00  0.810508D+00 -0.485478D+03
  294.7998  0.745487D+00  0.752138D+00 -0.183016D+04
  295.1203  0.770686D+00  0.770278D+00  0.112124D+03
  295.4406  0.842110D+00  0.837663D+00  0.122374D+04
  295.7604  0.858541D+00  0.855096D+00  0.948003D+03
  296.0799  0.901827D+00  0.899107D+00  0.748725D+03
  296.3989  0.849455D+00  0.843434D+00  0.165715D+04
  296.7176  0.661271D+00  0.660837D+00  0.119414D+03
  297.0359  0.630255D+00  0.629759D+00  0.136547D+03
  297.3537  0.726739D+00  0.732321D+00 -0.153612D+04
  297.6712  0.908604D+00  0.914210D+00 -0.154261D+04
  297.9882  0.890328D+00  0.891943D+00 -0.444392D+03
  298.3047  0.655810D+00  0.656456D+00 -0.177694D+03
  298.6208  0.592510D+00  0.590611D+00  0.522644D+03
  298.9364  0.761649D+00  0.758210D+00  0.946321D+03
   21 294.479 300.819 297.649  6.489D-03  0.000D+00  1.019D+00  4.168D+03 10300  1.115D-02
  294.4789  0.808744D+00  0.823759D+00 -0.413219D+04
  294.7998  0.745487D+00  0.750018D+00 -0.124685D+04
  295.1203  0.770686D+00  0.764088D+00  0.181554D+04
  295.4406  0.842110D+00  0.827902D+00  0.390988D+04
  295.7604  0.858541D+00  0.845659D+00  0.354527D+04
  296.0799  0.901827D+00  0.893556D+00  0.227634D+04
  296.3989  0.849455D+00  0.841420D+00  0.221138D+04
  296.7176  0.661271D+00  0.662681D+00 -0.387956D+03
  297.0359  0.630255D+00  0.638261D+00 -0.220331D+04
  297.3537  0.726739D+00  0.747293D+00 -0.565621D+04
  297.6712  0.908604D+00  0.933231D+00 -0.677725D+04
  297.9882  0.890328D+00  0.904053D+00 -0.377689D+04
  298.3047  0.655810D+00  0.662410D+00 -0.181632D+04
  298.6208  0.592510D+00  0.593101D+00 -0.162462D+03
  298.9364  0.761649D+00  0.743754D+00  0.492471D+04
  299.2515  0.841170D+00  0.802956D+00  0.105161D+05
  299.5661  0.779554D+00  0.761070D+00  0.508670D+04
  299.8802  0.731203D+00  0.737166D+00 -0.164082D+04
  300.1937  0.591610D+00  0.610252D+00 -0.513009D+04
  300.5067  0.627418D+00  0.641059D+00 -0.375390D+04
  300.8192  0.686306D+00  0.683544D+00  0.760229D+03
   21 296.399 302.681 299.540  1.494D-02  0.000D+00  1.000D+00  6.593D+03 10300  1.688D-02
  296.3989  0.849455D+00  0.815651D+00  0.930287D+04
  296.7176  0.661271D+00  0.666441D+00 -0.142273D+04
  297.0359  0.630255D+00  0.643572D+00 -0.366497D+04
  297.3537  0.726739D+00  0.754097D+00 -0.752877D+04
  297.6712  0.908604D+00  0.935383D+00 -0.736954D+04
  297.9882  0.890328D+00  0.910376D+00 -0.551716D+04
  298.3047  0.655810D+00  0.670012D+00 -0.390830D+04
  298.6208  0.592510D+00  0.588688D+00  0.105197D+04
  298.9364  0.761649D+00  0.725299D+00  0.100032D+05
  299.2515  0.841170D+00  0.784350D+00  0.156363D+05
  299.5661  0.779554D+00  0.742092D+00  0.103096D+05
  299.8802  0.731203D+00  0.723325D+00  0.216802D+04
  300.1937  0.591610D+00  0.604377D+00 -0.351320D+04
  300.5067  0.627418D+00  0.644227D+00 -0.462566D+04
  300.8192  0.686306D+00  0.711302D+00 -0.687881D+04
  301.1310  0.749065D+00  0.770255D+00 -0.583152D+04
  301.4423  0.798109D+00  0.815797D+00 -0.486754D+04
  301.7529  0.703690D+00  0.713815D+00 -0.272819D+04
  302.0629  0.592879D+00  0.578100D+00  0.406694D+04
  302.3722  0.700228D+00  0.678976D+00  0.584857D+04
  302.6808  0.871213D+00  0.868631D+00  0.710495D+03
   21 298.305 304.518 301.411 -1.569D-02  0.000D+00  9.612D-01  6.297D+03 10300  1.983D-02
  298.3047  0.655810D+00  0.686095D+00 -0.833436D+04
  298.6208  0.592510D+00  0.618802D+00 -0.723517D+04
  298.9364  0.761649D+00  0.748963D+00  0.349102D+04
  299.2515  0.841170D+00  0.785308D+00  0.153728D+05
  299.5661  0.779554D+00  0.747858D+00  0.872262D+04
  299.8802  0.731203D+00  0.712746D+00  0.507936D+04
  300.1937  0.591610D+00  0.607545D+00 -0.438496D+04
  300.5067  0.627418D+00  0.656666D+00 -0.804885D+04
  300.8192  0.686306D+00  0.719960D+00 -0.926137D+04
  301.1310  0.749065D+00  0.782488D+00 -0.919777D+04
  301.4423  0.798109D+00  0.812639D+00 -0.399837D+04
  301.7529  0.703690D+00  0.696360D+00  0.197533D+04
  302.0629  0.592879D+00  0.579952D+00  0.355721D+04
  302.3722  0.700228D+00  0.685716D+00  0.399371D+04
  302.6808  0.871213D+00  0.854110D+00  0.470683D+04
  302.9888  0.995309D+00  0.972933D+00  0.399863D+04
  303.2961  0.104791D+01  0.104243D+01  0.848499D+03
  303.6026  0.102203D+01  0.102450D+01 -0.385132D+03
  303.9084  0.934010D+00  0.931084D+00  0.599025D+03
  304.2133  0.944558D+00  0.951653D+00 -0.115194D+04
  304.5175  0.100375D+01  0.103109D+01 -0.410458D+04
   21 300.194 306.325 303.259 -1.690D-02  0.000D+00  1.013D+00  2.368D+03 10300  9.075D-03
  300.1937  0.591610D+00  0.573945D+00  0.486157D+04
  300.5067  0.627418D+00  0.630508D+00 -0.850163D+03
  300.8192  0.686306D+00  0.696891D+00 -0.291286D+04
  301.1310  0.749065D+00  0.765305D+00 -0.446914D+04
  301.4423  0.798109D+00  0.802213D+00 -0.112930D+04
  301.7529  0.703690D+00  0.693228D+00  0.281921D+04
  302.0629  0.592879D+00  0.584773D+00  0.223064D+04
  302.3722  0.700228D+00  0.694449D+00  0.159042D+04
  302.6808  0.871213D+00  0.867036D+00  0.114962D+04
  302.9888  0.995309D+00  0.988712D+00  0.117881D+04
  303.2961  0.104791D+01  0.105659D+01 -0.134348D+04
  303.6026  0.102203D+01  0.103194D+01 -0.154962D+04
  303.9084  0.934010D+00  0.934936D+00 -0.189609D+03
  304.2133  0.944558D+00  0.941688D+00  0.465962D+03
  304.5175  0.100375D+01  0.997708D+00  0.906584D+03
  304.8209  0.101660D+01  0.999727D+00  0.234713D+04
  305.1235  0.104827D+01  0.105385D+01 -0.767223D+03
  305.4252  0.993100D+00  0.102100D+01 -0.383916D+04
  305.7259  0.830949D+00  0.846250D+00 -0.267204D+04
  306.0258  0.805516D+00  0.802397D+00  0.506040D+03
  306.3248  0.882705D+00  0.857515D+00  0.346597D+04
   21 312.822 315.959 314.391  7.442D-03  0.000D+00  9.995D-01  2.851D+02 10300  1.448D-03
  312.8224  0.109380D+01  0.109686D+01 -0.271193D+03
  312.9799  0.111778D+01  0.111754D+01  0.207894D+02
  313.1374  0.111404D+01  0.110897D+01  0.422035D+03
  313.2947  0.108571D+01  0.108378D+01  0.166484D+03
  313.4521  0.107595D+01  0.107551D+01  0.375368D+02
  313.6093  0.111702D+01  0.111957D+01 -0.210912D+03
  313.7665  0.121096D+01  0.121379D+01 -0.224176D+03
  313.9236  0.130036D+01  0.130175D+01 -0.108903D+03
  314.0806  0.131747D+01  0.131176D+01  0.444300D+03
  314.2376  0.119688D+01  0.120100D+01 -0.330203D+03
  314.3945  0.982480D+00  0.983934D+00 -0.129514D+03
  314.5512  0.854935D+00  0.852040D+00  0.281679D+03
  314.7080  0.923710D+00  0.930470D+00 -0.650035D+03
  314.8647  0.109294D+01  0.108898D+01  0.322073D+03
  315.0212  0.119693D+01  0.119593D+01  0.781289D+02
  315.1777  0.122945D+01  0.122394D+01  0.428755D+03
  315.3342  0.121249D+01  0.121328D+01 -0.613434D+02
  315.4905  0.116996D+01  0.116859D+01  0.107264D+03
  315.6469  0.105079D+01  0.105512D+01 -0.369231D+03
  315.8030  0.884310D+00  0.885540D+00 -0.119503D+03
  315.9592  0.767270D+00  0.765371D+00  0.184707D+03
   21 313.766 316.895 315.331  5.646D-03  0.000D+00  9.979D-01  2.969D+02 10300  1.288D-03
  313.7665  0.121096D+01  0.121261D+01 -0.130964D+03
  313.9236  0.130036D+01  0.130150D+01 -0.887518D+02
  314.0806  0.131747D+01  0.131132D+01  0.478736D+03
  314.2376  0.119688D+01  0.119946D+01 -0.206208D+03
  314.3945  0.982480D+00  0.981955D+00  0.467408D+02
  314.5512  0.854935D+00  0.852147D+00  0.271228D+03
  314.7080  0.923710D+00  0.932320D+00 -0.827900D+03
  314.8647  0.109294D+01  0.109053D+01  0.196272D+03
  315.0212  0.119693D+01  0.119629D+01  0.497340D+02
  315.1777  0.122945D+01  0.122356D+01  0.458399D+03
  315.3342  0.121249D+01  0.121289D+01 -0.309935D+02
  315.4905  0.116996D+01  0.116827D+01  0.132274D+03
  315.6469  0.105079D+01  0.105490D+01 -0.350386D+03
  315.8030  0.884310D+00  0.886261D+00 -0.189506D+03
  315.9592  0.767270D+00  0.768601D+00 -0.129518D+03
  316.1153  0.776273D+00  0.777794D+00 -0.148049D+03
  316.2713  0.888260D+00  0.884699D+00  0.344751D+03
  316.4272  0.100524D+01  0.100602D+01 -0.691535D+02
  316.5831  0.108136D+01  0.107631D+01  0.407384D+03
  316.7389  0.111955D+01  0.112126D+01 -0.135239D+03
  316.8947  0.117840D+01  0.118017D+01 -0.137683D+03
   21 314.708 317.827 316.268  2.786D-03  0.000D+00  9.977D-01  3.234D+02 10300  2.575D-03
  314.7080  0.923710D+00  0.930602D+00 -0.662731D+03
  314.8647  0.109294D+01  0.108922D+01  0.302820D+03
  315.0212  0.119693D+01  0.119448D+01  0.190619D+03
  315.1777  0.122945D+01  0.122195D+01  0.584006D+03
  315.3342  0.121249D+01  0.121209D+01  0.308979D+02
  315.4905  0.116996D+01  0.116760D+01  0.184803D+03
  315.6469  0.105079D+01  0.105352D+01 -0.232771D+03
  315.8030  0.884310D+00  0.884930D+00 -0.602351D+02
  315.9592  0.767270D+00  0.769283D+00 -0.195910D+03
  316.1153  0.776273D+00  0.780833D+00 -0.443691D+03
  316.2713  0.888260D+00  0.888877D+00 -0.597137D+02
  316.4272  0.100524D+01  0.100924D+01 -0.353849D+03
  316.5831  0.108136D+01  0.107767D+01  0.297880D+03
  316.7389  0.111955D+01  0.112104D+01 -0.117922D+03
  316.8947  0.117840D+01  0.117832D+01  0.583748D+01
  317.0503  0.129115D+01  0.128676D+01  0.341536D+03
  317.2058  0.141200D+01  0.141419D+01 -0.170307D+03
  317.3613  0.145837D+01  0.145875D+01 -0.298017D+02
  317.5167  0.144233D+01  0.143414D+01  0.637041D+03
  317.6721  0.139244D+01  0.139338D+01 -0.733656D+02
  317.8274  0.126151D+01  0.126682D+01 -0.412381D+03
   21 315.647 318.758 317.202  4.199D-03  0.000D+00  9.996D-01  2.553D+02 10300  1.865D-03
  315.6469  0.105079D+01  0.104986D+01  0.796311D+02
  315.8030  0.884310D+00  0.883293D+00  0.988151D+02
  315.9592  0.767270D+00  0.767895D+00 -0.608672D+02
  316.1153  0.776273D+00  0.779075D+00 -0.272673D+03
  316.2713  0.888260D+00  0.887233D+00  0.994209D+02
  316.4272  0.100524D+01  0.100858D+01 -0.295765D+03
  316.5831  0.108136D+01  0.107799D+01  0.272010D+03
  316.7389  0.111955D+01  0.112177D+01 -0.175446D+03
  316.8947  0.117840D+01  0.117900D+01 -0.469533D+02
  317.0503  0.129115D+01  0.128704D+01  0.319328D+03
  317.2058  0.141200D+01  0.141464D+01 -0.205337D+03
  317.3613  0.145837D+01  0.145959D+01 -0.951323D+02
  317.5167  0.144233D+01  0.143449D+01  0.610010D+03
  317.6721  0.139244D+01  0.139280D+01 -0.277450D+02
  317.8274  0.126151D+01  0.126617D+01 -0.361853D+03
  317.9826  0.105782D+01  0.105422D+01  0.290201D+03
  318.1378  0.910224D+00  0.914833D+00 -0.444689D+03
  318.2928  0.910622D+00  0.912142D+00 -0.137755D+03
  318.4479  0.993670D+00  0.991004D+00  0.231353D+03
  318.6028  0.109075D+01  0.109292D+01 -0.172814D+03
  318.7576  0.119759D+01  0.119539D+01  0.170836D+03
   21 316.583 319.685 318.134  1.989D-03  0.000D+00  1.002D+00  3.789D+02 10300  1.954D-03
  316.5831  0.108136D+01  0.107833D+01  0.244521D+03
  316.7389  0.111955D+01  0.112205D+01 -0.198095D+03
  316.8947  0.117840D+01  0.117988D+01 -0.115374D+03
  317.0503  0.129115D+01  0.128904D+01  0.164427D+03
  317.2058  0.141200D+01  0.141638D+01 -0.341267D+03
  317.3613  0.145837D+01  0.146023D+01 -0.145084D+03
  317.5167  0.144233D+01  0.143508D+01  0.564089D+03
  317.6721  0.139244D+01  0.139291D+01 -0.364940D+02
  317.8274  0.126151D+01  0.126446D+01 -0.228700D+03
  317.9826  0.105782D+01  0.105231D+01  0.444078D+03
  318.1378  0.910224D+00  0.914545D+00 -0.416930D+03
  318.2928  0.910622D+00  0.912982D+00 -0.213911D+03
  318.4479  0.993670D+00  0.991766D+00  0.165228D+03
  318.6028  0.109075D+01  0.109263D+01 -0.149046D+03
  318.7576  0.119759D+01  0.119343D+01  0.323396D+03
  318.9124  0.128696D+01  0.128114D+01  0.452974D+03
  319.0671  0.125888D+01  0.126469D+01 -0.452815D+03
  319.2217  0.111333D+01  0.111090D+01  0.192531D+03
  319.3763  0.100385D+01  0.100424D+01 -0.316112D+02
  319.5308  0.103479D+01  0.104659D+01 -0.949940D+03
  319.6852  0.115600D+01  0.114744D+01  0.666552D+03
   21 317.517 320.610 319.064  1.247D-03  0.000D+00  9.999D-01  3.812D+02 10000  2.140D-03
  317.5167  0.144233D+01  0.143915D+01  0.247563D+03
  317.6721  0.139244D+01  0.139513D+01 -0.209163D+03
  317.8274  0.126151D+01  0.126478D+01 -0.253877D+03
  317.9826  0.105782D+01  0.105196D+01  0.472420D+03
  318.1378  0.910224D+00  0.914315D+00 -0.394739D+03
  318.2928  0.910622D+00  0.912817D+00 -0.198961D+03
  318.4479  0.993670D+00  0.991470D+00  0.190971D+03
  318.6028  0.109075D+01  0.109214D+01 -0.110659D+03
  318.7576  0.119759D+01  0.119291D+01  0.364017D+03
  318.9124  0.128696D+01  0.128063D+01  0.492434D+03
  319.0671  0.125888D+01  0.126393D+01 -0.393488D+03
  319.2217  0.111333D+01  0.111029D+01  0.241430D+03
  319.3763  0.100385D+01  0.100489D+01 -0.848664D+02
  319.5308  0.103479D+01  0.104878D+01 -0.112616D+04
  319.6852  0.115600D+01  0.115107D+01  0.384408D+03
  319.8396  0.126448D+01  0.126041D+01  0.316232D+03
  319.9939  0.132962D+01  0.133023D+01 -0.475839D+02
  320.1481  0.135282D+01  0.134795D+01  0.379603D+03
  320.3022  0.138273D+01  0.138727D+01 -0.353450D+03
  320.4564  0.145012D+01  0.145165D+01 -0.117014D+03
  320.6104  0.148634D+01  0.148447D+01  0.135988D+03
   21 318.448 321.533 319.990  1.081D-03  0.000D+00  9.971D-01  3.462D+02 10300  1.945D-03
  318.4479  0.993670D+00  0.994027D+00 -0.309553D+02
  318.6028  0.109075D+01  0.109402D+01 -0.259863D+03
  318.7576  0.119759D+01  0.119415D+01  0.267182D+03
  318.9124  0.128696D+01  0.128129D+01  0.441276D+03
  319.0671  0.125888D+01  0.126399D+01 -0.397689D+03
  319.2217  0.111333D+01  0.110999D+01  0.265584D+03
  319.3763  0.100385D+01  0.100461D+01 -0.622830D+02
  319.5308  0.103479D+01  0.104859D+01 -0.111068D+04
  319.6852  0.115600D+01  0.115088D+01  0.398660D+03
  319.8396  0.126448D+01  0.126024D+01  0.329065D+03
  319.9939  0.132962D+01  0.133004D+01 -0.325457D+02
  320.1481  0.135282D+01  0.134777D+01  0.393587D+03
  320.3022  0.138273D+01  0.138711D+01 -0.341223D+03
  320.4564  0.145012D+01  0.145136D+01 -0.947898D+02
  320.6104  0.148634D+01  0.148385D+01  0.181245D+03
  320.7643  0.144031D+01  0.143968D+01  0.462715D+02
  320.9182  0.130394D+01  0.130464D+01 -0.538416D+02
  321.0720  0.113381D+01  0.113245D+01  0.106263D+03
  321.2257  0.100526D+01  0.100876D+01 -0.280234D+03
  321.3793  0.969606D+00  0.970538D+00 -0.763341D+02
  321.5329  0.101883D+01  0.101648D+01  0.184376D+03
   21 319.376 322.453 320.915  2.463D-04  0.000D+00  9.907D-01  3.513D+02 10300  2.170D-03
  319.3763  0.100385D+01  0.100032D+01  0.289319D+03
  319.5308  0.103479D+01  0.104663D+01 -0.953303D+03
  319.6852  0.115600D+01  0.115023D+01  0.449325D+03
  319.8396  0.126448D+01  0.126044D+01  0.313592D+03
  319.9939  0.132962D+01  0.133044D+01 -0.634425D+02
  320.1481  0.135282D+01  0.134831D+01  0.351661D+03
  320.3022  0.138273D+01  0.138787D+01 -0.400103D+03
  320.4564  0.145012D+01  0.145196D+01 -0.140811D+03
  320.6104  0.148634D+01  0.148396D+01  0.173385D+03
  320.7643  0.144031D+01  0.143922D+01  0.795039D+02
  320.9182  0.130394D+01  0.130393D+01  0.122806D+01
  321.0720  0.113381D+01  0.113220D+01  0.125275D+03
  321.2257  0.100526D+01  0.100959D+01 -0.346898D+03
  321.3793  0.969606D+00  0.972914D+00 -0.270927D+03
  321.5329  0.101883D+01  0.102107D+01 -0.174887D+03
  321.6864  0.112441D+01  0.112428D+01  0.101477D+02
  321.8399  0.125116D+01  0.124428D+01  0.535699D+03
  321.9932  0.133177D+01  0.133225D+01 -0.368094D+02
  322.1465  0.131591D+01  0.131860D+01 -0.209345D+03
  322.2997  0.124441D+01  0.123815D+01  0.487342D+03
  322.4529  0.117635D+01  0.118125D+01 -0.381699D+03
   21 320.302 323.370 321.836 -8.749D-04  0.000D+00  9.825D-01  2.736D+02 10300  1.636D-03
  320.3022  0.138273D+01  0.138517D+01 -0.190557D+03
  320.4564  0.145012D+01  0.145023D+01 -0.856686D+01
  320.6104  0.148634D+01  0.148276D+01  0.260324D+03
  320.7643  0.144031D+01  0.143823D+01  0.152723D+03
  320.9182  0.130394D+01  0.130298D+01  0.751783D+02
  321.0720  0.113381D+01  0.113164D+01  0.169163D+03
  321.2257  0.100526D+01  0.100974D+01 -0.358993D+03
  321.3793  0.969606D+00  0.973803D+00 -0.343741D+03
  321.5329  0.101883D+01  0.102255D+01 -0.291372D+03
  321.6864  0.112441D+01  0.112595D+01 -0.119210D+03
  321.8399  0.125116D+01  0.124568D+01  0.426500D+03
  321.9932  0.133177D+01  0.133254D+01 -0.594879D+02
  322.1465  0.131591D+01  0.131735D+01 -0.112559D+03
  322.2997  0.124441D+01  0.123613D+01  0.644371D+03
  322.4529  0.117635D+01  0.117843D+01 -0.162013D+03
  322.6060  0.111023D+01  0.111307D+01 -0.221078D+03
  322.7590  0.101849D+01  0.101886D+01 -0.299099D+02
  322.9120  0.953543D+00  0.958531D+00 -0.401278D+03
  323.0649  0.995002D+00  0.989248D+00  0.457993D+03
  323.2177  0.107915D+01  0.107991D+01 -0.594098D+02
  323.3704  0.111185D+01  0.111222D+01 -0.289357D+02
   21 321.226 324.285 322.756 -4.157D-03  0.000D+00  9.806D-01  2.793D+02 10340  2.131D-03
  321.2257  0.100526D+01  0.100438D+01  0.708587D+02
  321.3793  0.969606D+00  0.970769D+00 -0.952391D+02
  321.5329  0.101883D+01  0.102151D+01 -0.209276D+03
  321.6864  0.112441D+01  0.112608D+01 -0.128893D+03
  321.8399  0.125116D+01  0.124648D+01  0.364288D+03
  321.9932  0.133177D+01  0.133267D+01 -0.698964D+02
  322.1465  0.131591D+01  0.131625D+01 -0.262542D+02
  322.2997  0.124441D+01  0.123582D+01  0.668824D+03
  322.4529  0.117635D+01  0.117930D+01 -0.229656D+03
  322.6060  0.111023D+01  0.111347D+01 -0.252346D+03
  322.7590  0.101849D+01  0.101926D+01 -0.611989D+02
  322.9120  0.953543D+00  0.960190D+00 -0.534753D+03
  323.0649  0.995002D+00  0.992565D+00  0.194028D+03
  323.2177  0.107915D+01  0.108236D+01 -0.250139D+03
  323.3704  0.111185D+01  0.111118D+01  0.518112D+02
  323.5231  0.108188D+01  0.107690D+01  0.387391D+03
  323.6757  0.107833D+01  0.107855D+01 -0.171034D+02
  323.8282  0.113258D+01  0.113578D+01 -0.248862D+03
  323.9807  0.121691D+01  0.121147D+01  0.423525D+03
  324.1331  0.128321D+01  0.128212D+01  0.853460D+02
  324.2855  0.131366D+01  0.131709D+01 -0.265024D+03
   21 322.147 325.198 323.672 -4.943D-03  0.000D+00  9.839D-01  2.747D+02 10300  3.029D-03
  322.1465  0.131591D+01  0.131866D+01 -0.214289D+03
  322.2997  0.124441D+01  0.123665D+01  0.603642D+03
  322.4529  0.117635D+01  0.117913D+01 -0.216615D+03
  322.6060  0.111023D+01  0.111246D+01 -0.173095D+03
  322.7590  0.101849D+01  0.101802D+01  0.371907D+02
  322.9120  0.953543D+00  0.959273D+00 -0.460994D+03
  323.0649  0.995002D+00  0.992137D+00  0.228043D+03
  323.2177  0.107915D+01  0.108200D+01 -0.222202D+03
  323.3704  0.111185D+01  0.111058D+01  0.984349D+02
  323.5231  0.108188D+01  0.107650D+01  0.419011D+03
  323.6757  0.107833D+01  0.107870D+01 -0.285864D+02
  323.8282  0.113258D+01  0.113629D+01 -0.288418D+03
  323.9807  0.121691D+01  0.121204D+01  0.378799D+03
  324.1331  0.128321D+01  0.128242D+01  0.619151D+02
  324.2855  0.131366D+01  0.131670D+01 -0.234801D+03
  324.4377  0.133372D+01  0.133141D+01  0.170155D+03
  324.5899  0.134786D+01  0.135064D+01 -0.197694D+03
  324.7420  0.131632D+01  0.131946D+01 -0.229138D+03
  324.8941  0.125605D+01  0.125213D+01  0.297798D+03
  325.0460  0.123361D+01  0.123697D+01 -0.261798D+03
  325.1980  0.127889D+01  0.127637D+01  0.182053D+03
   21 323.065 326.108 324.586 -5.965D-03  0.000D+00  9.858D-01  2.656D+02 10300  2.952D-03
  323.0649  0.995002D+00  0.992632D+00  0.188664D+03
  323.2177  0.107915D+01  0.108353D+01 -0.340931D+03
  323.3704  0.111185D+01  0.111195D+01 -0.851623D+01
  323.5231  0.108188D+01  0.107778D+01  0.319125D+03
  323.6757  0.107833D+01  0.108008D+01 -0.136221D+03
  323.8282  0.113258D+01  0.113735D+01 -0.370673D+03
  323.9807  0.121691D+01  0.121241D+01  0.350198D+03
  324.1331  0.128321D+01  0.128184D+01  0.107151D+03
  324.2855  0.131366D+01  0.131523D+01 -0.121402D+03
  324.4377  0.133372D+01  0.132970D+01  0.296909D+03
  324.5899  0.134786D+01  0.134894D+01 -0.766919D+02
  324.7420  0.131632D+01  0.131815D+01 -0.133497D+03
  324.8941  0.125605D+01  0.125239D+01  0.277655D+03
  325.0460  0.123361D+01  0.123999D+01 -0.495756D+03
  325.1980  0.127889D+01  0.128315D+01 -0.308752D+03
  325.3498  0.135744D+01  0.135609D+01  0.912356D+02
  325.5016  0.147586D+01  0.147137D+01  0.291270D+03
  325.6533  0.159807D+01  0.160119D+01 -0.202053D+03
  325.8049  0.169038D+01  0.168355D+01  0.442991D+03
  325.9565  0.173123D+01  0.173039D+01  0.543285D+02
  326.1080  0.173816D+01  0.174193D+01 -0.244135D+03
   21 323.981 327.016 325.498 -3.020D-03  0.000D+00  9.922D-01  2.509D+02 10000  2.584D-03
  323.9807  0.121691D+01  0.121723D+01 -0.251295D+02
  324.1331  0.128321D+01  0.128356D+01 -0.266825D+02
  324.2855  0.131366D+01  0.131534D+01 -0.129509D+03
  324.4377  0.133372D+01  0.132835D+01  0.396794D+03
  324.5899  0.134786D+01  0.134734D+01  0.366567D+02
  324.7420  0.131632D+01  0.131814D+01 -0.132890D+03
  324.8941  0.125605D+01  0.125281D+01  0.246131D+03
  325.0460  0.123361D+01  0.123991D+01 -0.489862D+03
  325.1980  0.127889D+01  0.128336D+01 -0.323371D+03
  325.3498  0.135744D+01  0.135654D+01  0.609673D+02
  325.5016  0.147586D+01  0.147164D+01  0.273845D+03
  325.6533  0.159807D+01  0.160199D+01 -0.253717D+03
  325.8049  0.169038D+01  0.168417D+01  0.402599D+03
  325.9565  0.173123D+01  0.172887D+01  0.153274D+03
  326.1080  0.173816D+01  0.173698D+01  0.764316D+02
  326.2595  0.169749D+01  0.169625D+01  0.806097D+02
  326.4108  0.162086D+01  0.162821D+01 -0.476946D+03
  326.5621  0.159677D+01  0.159361D+01  0.204976D+03
  326.7133  0.164294D+01  0.164634D+01 -0.220047D+03
  326.8645  0.169820D+01  0.170003D+01 -0.118398D+03
  327.0156  0.167041D+01  0.166697D+01  0.223019D+03
   21 324.894 327.921 326.407  1.129D-03  0.000D+00  9.971D-01  2.639D+02 10340  3.030D-03
  324.8941  0.125605D+01  0.125026D+01  0.439785D+03
  325.0460  0.123361D+01  0.123902D+01 -0.420753D+03
  325.1980  0.127889D+01  0.128377D+01 -0.353297D+03
  325.3498  0.135744D+01  0.135735D+01  0.652830D+01
  325.5016  0.147586D+01  0.147180D+01  0.263607D+03
  325.6533  0.159807D+01  0.160266D+01 -0.297354D+03
  325.8049  0.169038D+01  0.168519D+01  0.336730D+03
  325.9565  0.173123D+01  0.172907D+01  0.140388D+03
  326.1080  0.173816D+01  0.173688D+01  0.830492D+02
  326.2595  0.169749D+01  0.169596D+01  0.989753D+02
  326.4108  0.162086D+01  0.162756D+01 -0.434406D+03
  326.5621  0.159677D+01  0.159133D+01  0.353019D+03
  326.7133  0.164294D+01  0.164317D+01 -0.146692D+02
  326.8645  0.169820D+01  0.170080D+01 -0.168198D+03
  327.0156  0.167041D+01  0.167481D+01 -0.285231D+03
  327.1666  0.161127D+01  0.161160D+01 -0.208550D+02
  327.3175  0.160464D+01  0.160543D+01 -0.511692D+02
  327.4684  0.164543D+01  0.164412D+01  0.847920D+02
  327.6193  0.165553D+01  0.164958D+01  0.369333D+03
  327.7700  0.161648D+01  0.161456D+01  0.124648D+03
  327.9207  0.157968D+01  0.158387D+01 -0.271693D+03
   21 325.805 328.823 327.314 -4.258D-03  0.000D+00  9.943D-01  2.120D+02 10300  2.841D-03
  325.8049  0.169038D+01  0.169140D+01 -0.664552D+02
  325.9565  0.173123D+01  0.173221D+01 -0.636435D+02
  326.1080  0.173816D+01  0.173681D+01  0.875119D+02
  326.2595  0.169749D+01  0.169348D+01  0.260374D+03
  326.4108  0.162086D+01  0.162455D+01 -0.239355D+03
  326.5621  0.159677D+01  0.159128D+01  0.356165D+03
  326.7133  0.164294D+01  0.164548D+01 -0.164708D+03
  326.8645  0.169820D+01  0.170099D+01 -0.180788D+03
  327.0156  0.167041D+01  0.167274D+01 -0.151109D+03
  327.1666  0.161127D+01  0.161092D+01  0.229265D+02
  327.3175  0.160464D+01  0.160744D+01 -0.182124D+03
  327.4684  0.164543D+01  0.164580D+01 -0.240968D+02
  327.6193  0.165553D+01  0.164890D+01  0.411692D+03
  327.7700  0.161648D+01  0.161231D+01  0.270403D+03
  327.9207  0.157968D+01  0.158080D+01 -0.725569D+02
  328.0714  0.156830D+01  0.157181D+01 -0.227197D+03
  328.2219  0.157109D+01  0.157303D+01 -0.125798D+03
  328.3723  0.157425D+01  0.156901D+01  0.340047D+03
  328.5228  0.152925D+01  0.153344D+01 -0.271447D+03
  328.6731  0.145560D+01  0.145787D+01 -0.147519D+03
  328.8234  0.145507D+01  0.145230D+01  0.179533D+03
   21 326.713 329.724 328.218 -3.867D-03  0.000D+00  9.957D-01  2.316D+02 10300  2.737D-03
  326.7133  0.164294D+01  0.164286D+01  0.527518D+01
  326.8645  0.169820D+01  0.169895D+01 -0.483993D+02
  327.0156  0.167041D+01  0.167142D+01 -0.652994D+02
  327.1666  0.161127D+01  0.161004D+01  0.801810D+02
  327.3175  0.160464D+01  0.160678D+01 -0.139004D+03
  327.4684  0.164543D+01  0.164550D+01 -0.453627D+01
  327.6193  0.165553D+01  0.164906D+01  0.401529D+03
  327.7700  0.161648D+01  0.161279D+01  0.239737D+03
  327.9207  0.157968D+01  0.158141D+01 -0.112319D+03
  328.0714  0.156830D+01  0.157250D+01 -0.272116D+03
  328.2219  0.157109D+01  0.157377D+01 -0.174289D+03
  328.3723  0.157425D+01  0.156977D+01  0.290894D+03
  328.5228  0.152925D+01  0.153420D+01 -0.320942D+03
  328.6731  0.145560D+01  0.145842D+01 -0.183172D+03
  328.8234  0.145507D+01  0.145221D+01  0.185553D+03
  328.9736  0.158071D+01  0.158585D+01 -0.332025D+03
  329.1238  0.174156D+01  0.174039D+01  0.708905D+02
  329.2738  0.183526D+01  0.182550D+01  0.562248D+03
  329.4239  0.187333D+01  0.187353D+01 -0.116141D+02
  329.5738  0.189662D+01  0.189536D+01  0.714864D+02
  329.7236  0.189718D+01  0.190175D+01 -0.256746D+03
   21 327.619 330.622 329.120 -2.822D-03  0.000D+00  1.001D+00  2.521D+02 10340  2.958D-03
  327.6193  0.165553D+01  0.165480D+01  0.456017D+02
  327.7700  0.161648D+01  0.161525D+01  0.801920D+02
  327.9207  0.157968D+01  0.158142D+01 -0.112710D+03
  328.0714  0.156830D+01  0.157102D+01 -0.176125D+03
  328.2219  0.157109D+01  0.157168D+01 -0.381239D+02
  328.3723  0.157425D+01  0.156778D+01  0.420078D+03
  328.5228  0.152925D+01  0.153304D+01 -0.245970D+03
  328.6731  0.145560D+01  0.145771D+01 -0.137305D+03
  328.8234  0.145507D+01  0.145119D+01  0.251871D+03
  328.9736  0.158071D+01  0.158523D+01 -0.292221D+03
  329.1238  0.174156D+01  0.174107D+01  0.295150D+02
  329.2738  0.183526D+01  0.182714D+01  0.467629D+03
  329.4239  0.187333D+01  0.187543D+01 -0.120205D+03
  329.5738  0.189662D+01  0.189687D+01 -0.141852D+02
  329.7236  0.189718D+01  0.190192D+01 -0.266420D+03
  329.8735  0.192620D+01  0.192427D+01  0.108014D+03
  330.0232  0.196821D+01  0.196725D+01  0.534305D+02
  330.1729  0.194141D+01  0.194740D+01 -0.333395D+03
  330.3225  0.183185D+01  0.182229D+01  0.544637D+03
  330.4720  0.167305D+01  0.167914D+01 -0.369017D+03
  330.6215  0.156286D+01  0.156111D+01  0.113762D+03
   21 328.523 331.517 330.020 -2.630D-03  0.000D+00  1.002D+00  2.857D+02 10340  2.423D-03
  328.5228  0.152925D+01  0.152816D+01  0.707297D+02
  328.6731  0.145560D+01  0.145629D+01 -0.447456D+02
  328.8234  0.145507D+01  0.145162D+01  0.224097D+03
  328.9736  0.158071D+01  0.158690D+01 -0.399935D+03
  329.1238  0.174156D+01  0.174327D+01 -0.103728D+03
  329.2738  0.183526D+01  0.182898D+01  0.361695D+03
  329.4239  0.187333D+01  0.187630D+01 -0.169907D+03
  329.5738  0.189662D+01  0.189650D+01  0.673610D+01
  329.7236  0.189718D+01  0.190034D+01 -0.177645D+03
  329.8735  0.192620D+01  0.192174D+01  0.249454D+03
  330.0232  0.196821D+01  0.196435D+01  0.214659D+03
  330.1729  0.194141D+01  0.194531D+01 -0.217241D+03
  330.3225  0.183185D+01  0.182225D+01  0.546875D+03
  330.4720  0.167305D+01  0.168205D+01 -0.545986D+03
  330.6215  0.156286D+01  0.156800D+01 -0.333411D+03
  330.7709  0.154922D+01  0.154255D+01  0.432822D+03
  330.9203  0.162781D+01  0.163329D+01 -0.337640D+03
  331.0695  0.172321D+01  0.171941D+01  0.220661D+03
  331.2188  0.172107D+01  0.171831D+01  0.159682D+03
  331.3679  0.165081D+01  0.165454D+01 -0.222470D+03
  331.5170  0.161076D+01  0.160956D+01  0.739597D+02
   21 329.424 332.410 330.917 -3.953D-03  0.000D+00  9.963D-01  3.072D+02 10300  2.945D-03
  329.4239  0.187333D+01  0.187623D+01 -0.166098D+03
  329.5738  0.189662D+01  0.189586D+01  0.432009D+02
  329.7236  0.189718D+01  0.189958D+01 -0.134782D+03
  329.8735  0.192620D+01  0.192128D+01  0.275431D+03
  330.0232  0.196821D+01  0.196398D+01  0.235055D+03
  330.1729  0.194141D+01  0.194425D+01 -0.158296D+03
  330.3225  0.183185D+01  0.182096D+01  0.620726D+03
  330.4720  0.167305D+01  0.168123D+01 -0.496146D+03
  330.6215  0.156286D+01  0.156787D+01 -0.324921D+03
  330.7709  0.154922D+01  0.154385D+01  0.348764D+03
  330.9203  0.162781D+01  0.163550D+01 -0.473922D+03
  331.0695  0.172321D+01  0.172127D+01  0.112743D+03
  331.2188  0.172107D+01  0.171946D+01  0.930849D+02
  331.3679  0.165081D+01  0.165532D+01 -0.268860D+03
  331.5170  0.161076D+01  0.161065D+01  0.663661D+01
  331.6660  0.164999D+01  0.165109D+01 -0.664407D+02
  331.8149  0.172931D+01  0.172982D+01 -0.291785D+02
  331.9638  0.176492D+01  0.175371D+01  0.635255D+03
  332.1126  0.170134D+01  0.169725D+01  0.234751D+03
  332.2614  0.159555D+01  0.160124D+01 -0.341806D+03
  332.4101  0.156862D+01  0.157094D+01 -0.140829D+03
   21 330.323 333.301 331.812 -2.361D-03  0.000D+00  9.984D-01  3.016D+02 10340  3.092D-03
  330.3225  0.183185D+01  0.182460D+01  0.412934D+03
  330.4720  0.167305D+01  0.168198D+01 -0.541292D+03
  330.6215  0.156286D+01  0.156686D+01 -0.259163D+03
  330.7709  0.154922D+01  0.154104D+01  0.530628D+03
  330.9203  0.162781D+01  0.163205D+01 -0.261577D+03
  331.0695  0.172321D+01  0.171917D+01  0.234262D+03
  331.2188  0.172107D+01  0.171934D+01  0.997242D+02
  331.3679  0.165081D+01  0.165659D+01 -0.344523D+03
  331.5170  0.161076D+01  0.161210D+01 -0.826370D+02
  331.6660  0.164999D+01  0.165223D+01 -0.134921D+03
  331.8149  0.172931D+01  0.173114D+01 -0.104798D+03
  331.9638  0.176492D+01  0.175504D+01  0.560165D+03
  332.1126  0.170134D+01  0.169741D+01  0.225810D+03
  332.2614  0.159555D+01  0.159846D+01 -0.174862D+03
  332.4101  0.156862D+01  0.156273D+01  0.358403D+03
  332.5587  0.163568D+01  0.164144D+01 -0.335793D+03
  332.7072  0.169935D+01  0.170314D+01 -0.217025D+03
  332.8557  0.166136D+01  0.166100D+01  0.209961D+02
  333.0042  0.160963D+01  0.161128D+01 -0.952914D+02
  333.1525  0.163381D+01  0.163703D+01 -0.184951D+03
  333.3007  0.167760D+01  0.167253D+01  0.287597D+03
   21 331.219 334.189 332.704  1.866D-04  0.000D+00  9.980D-01  2.448D+02 10000  2.531D-03
  331.2188  0.172107D+01  0.171314D+01  0.458596D+03
  331.3679  0.165081D+01  0.165603D+01 -0.311079D+03
  331.5170  0.161076D+01  0.161352D+01 -0.170169D+03
  331.6660  0.164999D+01  0.165387D+01 -0.233816D+03
  331.8149  0.172931D+01  0.173355D+01 -0.243012D+03
  331.9638  0.176492D+01  0.175835D+01  0.372756D+03
  332.1126  0.170134D+01  0.170066D+01  0.392030D+02
  332.2614  0.159555D+01  0.160013D+01 -0.275128D+03
  332.4101  0.156862D+01  0.156089D+01  0.470496D+03
  332.5587  0.163568D+01  0.163693D+01 -0.727560D+02
  332.7072  0.169935D+01  0.169918D+01  0.994149D+01
  332.8557  0.166136D+01  0.165828D+01  0.177058D+03
  333.0042  0.160963D+01  0.160859D+01  0.607706D+02
  333.1525  0.163381D+01  0.163534D+01 -0.879543D+02
  333.3007  0.167760D+01  0.167554D+01  0.116660D+03
  333.4490  0.162217D+01  0.162634D+01 -0.238454D+03
  333.5971  0.150074D+01  0.150380D+01 -0.186253D+03
  333.7452  0.145247D+01  0.144899D+01  0.211592D+03
  333.8932  0.151344D+01  0.151967D+01 -0.360717D+03
  334.0412  0.160431D+01  0.160335D+01  0.544478D+02
  334.1891  0.164344D+01  0.163988D+01  0.199144D+03
   20 332.113 334.928 333.520 -3.891D-03  0.000D+00  9.931D-01  2.295D+02 10000  2.285D-03
  332.1126  0.170134D+01  0.170201D+01 -0.381910D+02
  332.2614  0.159555D+01  0.159944D+01 -0.233348D+03
  332.4101  0.156862D+01  0.156217D+01  0.392608D+03
  332.5587  0.163568D+01  0.163947D+01 -0.220639D+03
  332.7072  0.169935D+01  0.169885D+01  0.286852D+02
  332.8557  0.166136D+01  0.165595D+01  0.310647D+03
  333.0042  0.160963D+01  0.160810D+01  0.887325D+02
  333.1525  0.163381D+01  0.163709D+01 -0.188693D+03
  333.3007  0.167760D+01  0.167638D+01  0.687926D+02
  333.4490  0.162217D+01  0.162456D+01 -0.137021D+03
  333.5971  0.150074D+01  0.150193D+01 -0.726834D+02
  333.7452  0.145247D+01  0.145071D+01  0.106793D+03
  333.8932  0.151344D+01  0.152331D+01 -0.571412D+03
  334.0412  0.160431D+01  0.160498D+01 -0.379596D+02
  334.1891  0.164344D+01  0.163947D+01  0.222050D+03
  334.3369  0.169368D+01  0.168812D+01  0.310930D+03
  334.4846  0.176810D+01  0.176947D+01 -0.764092D+02
  334.6323  0.181169D+01  0.180627D+01  0.301434D+03
  334.7800  0.173287D+01  0.173553D+01 -0.147618D+03
  334.9275  0.160322D+01  0.160578D+01 -0.146019D+03
   14 333.004 334.928 333.966 -2.924D-04  0.000D+00  9.937D-01  1.864D+02 10300  3.138D-03
  333.0042  0.160963D+01  0.161066D+01 -0.596637D+02
  333.1525  0.163381D+01  0.163457D+01 -0.436111D+02
  333.3007  0.167760D+01  0.167315D+01  0.252277D+03
  333.4490  0.162217D+01  0.162356D+01 -0.799159D+02
  333.5971  0.150074D+01  0.150189D+01 -0.702474D+02
  333.7452  0.145247D+01  0.144862D+01  0.233560D+03
  333.8932  0.151344D+01  0.152065D+01 -0.417382D+03
  334.0412  0.160431D+01  0.160498D+01 -0.377215D+02
  334.1891  0.164344D+01  0.164141D+01  0.113529D+03
  334.3369  0.169368D+01  0.168980D+01  0.216819D+03
  334.4846  0.176810D+01  0.177096D+01 -0.159264D+03
  334.6323  0.181169D+01  0.180829D+01  0.189092D+03
  334.7800  0.173287D+01  0.173688D+01 -0.222619D+03
  334.9275  0.160322D+01  0.160199D+01  0.706521D+02
