           0
 T F
nwave fwave lwave wave  shift    squeeze     sin      rms    exval
   21 264.124 271.253 267.688 -1.223D-01  0.000D+00  2.938D-03  2.003D+00 10000  3.490D-02
  264.1237  0.124144D-02  0.122015D-02  0.107894D+01
  264.4888  0.111279D-02  0.111984D-02 -0.379186D+00
  264.8529  0.934973D-03  0.972045D-03 -0.231565D+01
  265.2160  0.113380D-02  0.107251D-02  0.393417D+01
  265.5781  0.113466D-02  0.118043D-02 -0.317022D+01
  265.9392  0.111479D-02  0.111956D-02 -0.343759D+00
  266.2994  0.101859D-02  0.102408D-02 -0.408320D+00
  266.6587  0.106090D-02  0.100548D-02  0.403906D+01
  267.0171  0.101273D-02  0.103086D-02 -0.142514D+01
  267.3745  0.106905D-02  0.107875D-02 -0.737248D+00
  267.7311  0.102846D-02  0.103260D-02 -0.329765D+00
  268.0869  0.984860D-03  0.994991D-03 -0.814665D+00
  268.4418  0.100273D-02  0.100933D-02 -0.524690D+00
  268.7959  0.101945D-02  0.979703D-03  0.315994D+01
  269.1492  0.100230D-02  0.970558D-03  0.252335D+01
  269.5017  0.960703D-03  0.977061D-03 -0.131542D+01
  269.8534  0.105747D-02  0.107383D-02 -0.130026D+01
  270.2044  0.115582D-02  0.118734D-02 -0.247764D+01
  270.5546  0.119984D-02  0.117802D-02  0.169629D+01
  270.9041  0.112108D-02  0.113578D-02 -0.115568D+01
  271.2529  0.111594D-02  0.109896D-02  0.131946D+01
   21 266.299 273.331 269.815 -3.408D-02  0.000D+00  2.990D-03  1.639D+00 10000  1.993D-02
  266.2994  0.101859D-02  0.104273D-02 -0.179636D+01
  266.6587  0.106090D-02  0.100255D-02  0.425238D+01
  267.0171  0.101273D-02  0.102001D-02 -0.572387D+00
  267.3745  0.106905D-02  0.106978D-02 -0.556820D-01
  267.7311  0.102846D-02  0.105446D-02 -0.206705D+01
  268.0869  0.984860D-03  0.997759D-03 -0.103728D+01
  268.4418  0.100273D-02  0.101486D-02 -0.964880D+00
  268.7959  0.101945D-02  0.997004D-03  0.178452D+01
  269.1492  0.100230D-02  0.976809D-03  0.202641D+01
  269.5017  0.960703D-03  0.981200D-03 -0.164823D+01
  269.8534  0.105747D-02  0.104499D-02  0.992405D+00
  270.2044  0.115582D-02  0.117086D-02 -0.118227D+01
  270.5546  0.119984D-02  0.118453D-02  0.118986D+01
  270.9041  0.112108D-02  0.112452D-02 -0.270556D+00
  271.2529  0.111594D-02  0.108464D-02  0.243304D+01
  271.6010  0.939976D-03  0.957988D-03 -0.143190D+01
  271.9484  0.772736D-03  0.781223D-03 -0.698533D+00
  272.2951  0.750437D-03  0.777549D-03 -0.225801D+01
  272.6412  0.920536D-03  0.925237D-03 -0.365391D+00
  272.9866  0.108292D-02  0.107305D-02  0.742147D+00
  273.3315  0.997581D-03  0.989177D-03  0.632228D+00
   21 268.442 275.388 271.915 -2.000D-02  0.000D+00  3.095D-03  1.271D+00 10300  1.418D-02
  268.4418  0.100273D-02  0.101711D-02 -0.114319D+01
  268.7959  0.101945D-02  0.100395D-02  0.123232D+01
  269.1492  0.100230D-02  0.982828D-03  0.154786D+01
  269.5017  0.960703D-03  0.987051D-03 -0.211878D+01
  269.8534  0.105747D-02  0.104483D-02  0.100511D+01
  270.2044  0.115582D-02  0.117230D-02 -0.129591D+01
  270.5546  0.119984D-02  0.118856D-02  0.876661D+00
  270.9041  0.112108D-02  0.112494D-02 -0.303517D+00
  271.2529  0.111594D-02  0.108507D-02  0.239966D+01
  271.6010  0.939976D-03  0.961673D-03 -0.172490D+01
  271.9484  0.772736D-03  0.781386D-03 -0.711899D+00
  272.2951  0.750437D-03  0.769547D-03 -0.159153D+01
  272.6412  0.920536D-03  0.915637D-03  0.380851D+00
  272.9866  0.108292D-02  0.107346D-02  0.711747D+00
  273.3315  0.997581D-03  0.100462D-02 -0.529529D+00
  273.6757  0.798322D-03  0.795235D-03  0.237364D+00
  274.0193  0.660528D-03  0.646314D-03  0.115628D+01
  274.3623  0.604066D-03  0.586229D-03  0.145102D+01
  274.7047  0.562614D-03  0.587711D-03 -0.204160D+01
  275.0466  0.671391D-03  0.665360D-03  0.463648D+00
  275.3879  0.782027D-03  0.785152D-03 -0.242884D+00
   21 270.555 277.425 273.990 -2.635D-02  0.000D+00  3.188D-03  1.098D+00 10300  1.169D-02
  270.5546  0.119984D-02  0.119750D-02  0.181908D+00
  270.9041  0.112108D-02  0.112876D-02 -0.603665D+00
  271.2529  0.111594D-02  0.108877D-02  0.211131D+01
  271.6010  0.939976D-03  0.961086D-03 -0.167823D+01
  271.9484  0.772736D-03  0.776523D-03 -0.311673D+00
  272.2951  0.750437D-03  0.768883D-03 -0.153628D+01
  272.6412  0.920536D-03  0.917147D-03  0.263459D+00
  272.9866  0.108292D-02  0.107691D-02  0.452198D+00
  273.3315  0.997581D-03  0.100114D-02 -0.267913D+00
  273.6757  0.798322D-03  0.789641D-03  0.667393D+00
  274.0193  0.660528D-03  0.642745D-03  0.144661D+01
  274.3623  0.604066D-03  0.584944D-03  0.155554D+01
  274.7047  0.562614D-03  0.587613D-03 -0.203366D+01
  275.0466  0.671391D-03  0.668434D-03  0.227355D+00
  275.3879  0.782027D-03  0.790062D-03 -0.624546D+00
  275.7287  0.936689D-03  0.920932D-03  0.113644D+01
  276.0689  0.112437D-02  0.112408D-02  0.203007D-01
  276.4087  0.118612D-02  0.121005D-02 -0.167409D+01
  276.7479  0.123758D-02  0.124201D-02 -0.301090D+00
  277.0866  0.127760D-02  0.126144D-02  0.106653D+01
  277.4248  0.125845D-02  0.125766D-02  0.511863D-01
   21 272.641 279.445 276.043 -1.835D-02  0.000D+00  3.330D-03  1.100D+00 10000  1.213D-02
  272.6412  0.920536D-03  0.917322D-03  0.249849D+00
  272.9866  0.108292D-02  0.108414D-02 -0.921956D-01
  273.3315  0.997581D-03  0.101139D-02 -0.103892D+01
  273.6757  0.798322D-03  0.795514D-03  0.215912D+00
  274.0193  0.660528D-03  0.645183D-03  0.124829D+01
  274.3623  0.604066D-03  0.585252D-03  0.153050D+01
  274.7047  0.562614D-03  0.586365D-03 -0.193215D+01
  275.0466  0.671391D-03  0.664102D-03  0.560366D+00
  275.3879  0.782027D-03  0.788724D-03 -0.520596D+00
  275.7287  0.936689D-03  0.913862D-03  0.164633D+01
  276.0689  0.112437D-02  0.112391D-02  0.326365D-01
  276.4087  0.118612D-02  0.121101D-02 -0.174097D+01
  276.7479  0.123758D-02  0.124595D-02 -0.568772D+00
  277.0866  0.127760D-02  0.126680D-02  0.713086D+00
  277.4248  0.125845D-02  0.127274D-02 -0.925557D+00
  277.7626  0.112680D-02  0.109131D-02  0.234210D+01
  278.0999  0.904384D-03  0.917850D-03 -0.914632D+00
  278.4367  0.876225D-03  0.878066D-03 -0.122686D+00
  278.7731  0.805898D-03  0.788718D-03  0.114466D+01
  279.1091  0.586628D-03  0.597569D-03 -0.781078D+00
  279.4446  0.449662D-03  0.457224D-03 -0.537633D+00
   21 274.705 281.449 278.077 -1.732D-03  0.000D+00  3.547D-03  1.255D+00 10000  1.932D-02
  274.7047  0.562614D-03  0.578933D-03 -0.132751D+01
  275.0466  0.671391D-03  0.654516D-03  0.129736D+01
  275.3879  0.782027D-03  0.785252D-03 -0.250689D+00
  275.7287  0.936689D-03  0.906974D-03  0.214314D+01
  276.0689  0.112437D-02  0.112248D-02  0.133780D+00
  276.4087  0.118612D-02  0.121354D-02 -0.191844D+01
  276.7479  0.123758D-02  0.125098D-02 -0.910534D+00
  277.0866  0.127760D-02  0.126635D-02  0.742812D+00
  277.4248  0.125845D-02  0.127492D-02 -0.106698D+01
  277.7626  0.112680D-02  0.109759D-02  0.192764D+01
  278.0999  0.904384D-03  0.914959D-03 -0.718281D+00
  278.4367  0.876225D-03  0.868618D-03  0.506816D+00
  278.7731  0.805898D-03  0.783214D-03  0.151142D+01
  279.1091  0.586628D-03  0.595096D-03 -0.604565D+00
  279.4446  0.449662D-03  0.450917D-03 -0.892305D-01
  279.7797  0.390542D-03  0.404270D-03 -0.104280D+01
  280.1144  0.409939D-03  0.411211D-03 -0.955804D-01
  280.4487  0.482567D-03  0.489924D-03 -0.541792D+00
  280.7826  0.668389D-03  0.695942D-03 -0.205059D+01
  281.1161  0.996009D-03  0.962268D-03  0.238432D+01
  281.4492  0.125530D-02  0.126369D-02 -0.564450D+00
   21 276.748 283.440 280.094  1.622D-03  0.000D+00  3.953D-03  1.390D+00 10000  1.901D-02
  276.7479  0.123758D-02  0.125448D-02 -0.114814D+01
  277.0866  0.127760D-02  0.126245D-02  0.999757D+00
  277.4248  0.125845D-02  0.126646D-02 -0.519134D+00
  277.7626  0.112680D-02  0.109531D-02  0.207829D+01
  278.0999  0.904384D-03  0.916981D-03 -0.855603D+00
  278.4367  0.876225D-03  0.870946D-03  0.351727D+00
  278.7731  0.805898D-03  0.789454D-03  0.109566D+01
  279.1091  0.586628D-03  0.605369D-03 -0.133790D+01
  279.4446  0.449662D-03  0.460569D-03 -0.775428D+00
  279.7797  0.390542D-03  0.412743D-03 -0.168638D+01
  280.1144  0.409939D-03  0.419610D-03 -0.726754D+00
  280.4487  0.482567D-03  0.498752D-03 -0.119185D+01
  280.7826  0.668389D-03  0.702261D-03 -0.252086D+01
  281.1161  0.996009D-03  0.963285D-03  0.231247D+01
  281.4492  0.125530D-02  0.124990D-02  0.363703D+00
  281.7819  0.155305D-02  0.153625D-02  0.111889D+01
  282.1143  0.173458D-02  0.174777D-02 -0.853952D+00
  282.4463  0.185594D-02  0.186704D-02 -0.705790D+00
  282.7780  0.200645D-02  0.196625D-02  0.253410D+01
  283.1093  0.208193D-02  0.211270D-02 -0.190499D+01
  283.4402  0.209508D-02  0.209137D-02  0.229748D+00
   21 278.773 285.419 282.096  2.751D-03  0.000D+00  4.291D-03  1.642D+00 10000  1.291D-02
  278.7731  0.805898D-03  0.772132D-03  0.224976D+01
  279.1091  0.586628D-03  0.604344D-03 -0.126476D+01
  279.4446  0.449662D-03  0.465046D-03 -0.109374D+01
  279.7797  0.390542D-03  0.417925D-03 -0.207999D+01
  280.1144  0.409939D-03  0.425269D-03 -0.115194D+01
  280.4487  0.482567D-03  0.504932D-03 -0.164700D+01
  280.7826  0.668389D-03  0.706403D-03 -0.282916D+01
  281.1161  0.996009D-03  0.964439D-03  0.223089D+01
  281.4492  0.125530D-02  0.124576D-02  0.642084D+00
  281.7819  0.155305D-02  0.152527D-02  0.185074D+01
  282.1143  0.173458D-02  0.173283D-02  0.113485D+00
  282.4463  0.185594D-02  0.185371D-02  0.141554D+00
  282.7780  0.200645D-02  0.196184D-02  0.281222D+01
  283.1093  0.208193D-02  0.212167D-02 -0.246035D+01
  283.4402  0.209508D-02  0.213062D-02 -0.220042D+01
  283.7708  0.206763D-02  0.208451D-02 -0.105394D+01
  284.1011  0.206492D-02  0.204467D-02  0.127596D+01
  284.4311  0.184536D-02  0.183015D-02  0.994283D+00
  284.7607  0.139882D-02  0.140675D-02 -0.549795D+00
  285.0900  0.910102D-03  0.899187D-03  0.812303D+00
  285.4190  0.841919D-03  0.845507D-03 -0.267008D+00
   21 280.783 287.387 284.085 -6.385D-03  0.000D+00  4.612D-03  1.741D+00 10300  8.132D-03
  280.7826  0.668389D-03  0.723309D-03 -0.408737D+01
  281.1161  0.996009D-03  0.975149D-03  0.147412D+01
  281.4492  0.125530D-02  0.125055D-02  0.319895D+00
  281.7819  0.155305D-02  0.152317D-02  0.199058D+01
  282.1143  0.173458D-02  0.172681D-02  0.503238D+00
  282.4463  0.185594D-02  0.184721D-02  0.554994D+00
  282.7780  0.200645D-02  0.196190D-02  0.280824D+01
  283.1093  0.208193D-02  0.212660D-02 -0.276548D+01
  283.4402  0.209508D-02  0.213717D-02 -0.260585D+01
  283.7708  0.206763D-02  0.209730D-02 -0.185278D+01
  284.1011  0.206492D-02  0.205578D-02  0.576068D+00
  284.4311  0.184536D-02  0.183272D-02  0.826617D+00
  284.7607  0.139882D-02  0.139654D-02  0.157330D+00
  285.0900  0.910102D-03  0.887706D-03  0.166680D+01
  285.4190  0.841919D-03  0.846402D-03 -0.333605D+00
  285.7477  0.143827D-02  0.142207D-02  0.108974D+01
  286.0761  0.216383D-02  0.215238D-02  0.702500D+00
  286.4042  0.261953D-02  0.259205D-02  0.160166D+01
  286.7320  0.270400D-02  0.272545D-02 -0.122987D+01
  287.0594  0.288411D-02  0.291905D-02 -0.193978D+01
  287.3866  0.306779D-02  0.305002D-02  0.971353D+00
   21 282.778 289.344 286.061 -7.398D-03  0.000D+00  5.099D-03  1.654D+00 10300  5.880D-03
  282.7780  0.200645D-02  0.195552D-02  0.321006D+01
  283.1093  0.208193D-02  0.212211D-02 -0.248760D+01
  283.4402  0.209508D-02  0.213026D-02 -0.217844D+01
  283.7708  0.206763D-02  0.208973D-02 -0.138052D+01
  284.1011  0.206492D-02  0.204906D-02  0.999415D+00
  284.4311  0.184536D-02  0.182585D-02  0.127585D+01
  284.7607  0.139882D-02  0.139011D-02  0.602958D+00
  285.0900  0.910102D-03  0.879007D-03  0.231420D+01
  285.4190  0.841919D-03  0.838902D-03  0.224555D+00
  285.7477  0.143827D-02  0.141954D-02  0.125948D+01
  286.0761  0.216383D-02  0.215372D-02  0.620334D+00
  286.4042  0.261953D-02  0.259583D-02  0.138149D+01
  286.7320  0.270400D-02  0.273157D-02 -0.158081D+01
  287.0594  0.288411D-02  0.293587D-02 -0.287372D+01
  287.3866  0.306779D-02  0.308097D-02 -0.720389D+00
  287.7135  0.276490D-02  0.277259D-02 -0.440950D+00
  288.0401  0.227690D-02  0.225790D-02  0.115567D+01
  288.3665  0.243470D-02  0.243857D-02 -0.229378D+00
  288.6925  0.329506D-02  0.325120D-02  0.241624D+01
  289.0182  0.367586D-02  0.366122D-02  0.769918D+00
  289.3437  0.399047D-02  0.402520D-02 -0.165271D+01
   21 284.761 291.291 288.026 -8.763D-03  0.000D+00  5.691D-03  1.857D+00 10300  6.420D-03
  284.7607  0.139882D-02  0.140218D-02 -0.232867D+00
  285.0900  0.910102D-03  0.880547D-03  0.219961D+01
  285.4190  0.841919D-03  0.840568D-03  0.100545D+00
  285.7477  0.143827D-02  0.143085D-02  0.499219D+00
  286.0761  0.216383D-02  0.216998D-02 -0.377191D+00
  286.4042  0.261953D-02  0.260855D-02  0.639942D+00
  286.7320  0.270400D-02  0.273575D-02 -0.182027D+01
  287.0594  0.288411D-02  0.293771D-02 -0.297583D+01
  287.3866  0.306779D-02  0.308057D-02 -0.698903D+00
  287.7135  0.276490D-02  0.276443D-02  0.266278D-01
  288.0401  0.227690D-02  0.223889D-02  0.231218D+01
  288.3665  0.243470D-02  0.242059D-02  0.836533D+00
  288.6925  0.329506D-02  0.323634D-02  0.323491D+01
  289.0182  0.367586D-02  0.363212D-02  0.230069D+01
  289.3437  0.399047D-02  0.398623D-02  0.201624D+00
  289.6689  0.468244D-02  0.470856D-02 -0.119431D+01
  289.9938  0.549463D-02  0.551688D-02 -0.972719D+00
  290.3184  0.602780D-02  0.603574D-02 -0.347189D+00
  290.6427  0.607211D-02  0.611706D-02 -0.196521D+01
  290.9668  0.591345D-02  0.598327D-02 -0.305306D+01
  291.2906  0.616788D-02  0.607492D-02  0.406481D+01
   21 286.732 293.227 289.980 -2.593D-04  0.000D+00  6.358D-03  2.159D+00 10000  9.307D-03
  286.7320  0.270400D-02  0.269074D-02  0.760511D+00
  287.0594  0.288411D-02  0.290934D-02 -0.140100D+01
  287.3866  0.306779D-02  0.309176D-02 -0.130997D+01
  287.7135  0.276490D-02  0.279055D-02 -0.147089D+01
  288.0401  0.227690D-02  0.223782D-02  0.237712D+01
  288.3665  0.243470D-02  0.239243D-02  0.250625D+01
  288.6925  0.329506D-02  0.325464D-02  0.222665D+01
  289.0182  0.367586D-02  0.364548D-02  0.159762D+01
  289.3437  0.399047D-02  0.397759D-02  0.613060D+00
  289.6689  0.468244D-02  0.470341D-02 -0.958557D+00
  289.9938  0.549463D-02  0.552545D-02 -0.134779D+01
  290.3184  0.602780D-02  0.605979D-02 -0.139890D+01
  290.6427  0.607211D-02  0.615087D-02 -0.344390D+01
  290.9668  0.591345D-02  0.600251D-02 -0.389415D+01
  291.2906  0.616788D-02  0.612121D-02  0.204069D+01
  291.6140  0.620790D-02  0.608489D-02  0.537882D+01
  291.9373  0.608354D-02  0.606104D-02  0.984123D+00
  292.2602  0.605067D-02  0.601463D-02  0.157590D+01
  292.5828  0.562899D-02  0.564232D-02 -0.582703D+00
  292.9052  0.588343D-02  0.592133D-02 -0.165708D+01
  293.2272  0.691403D-02  0.692641D-02 -0.541560D+00
   21 288.693 295.153 291.923 -1.980D-03  0.000D+00  7.178D-03  2.223D+00 10300  8.731D-03
  288.6925  0.329506D-02  0.331765D-02 -0.124441D+01
  289.0182  0.367586D-02  0.364843D-02  0.144269D+01
  289.3437  0.399047D-02  0.394163D-02  0.232435D+01
  289.6689  0.468244D-02  0.468097D-02  0.674180D-01
  289.9938  0.549463D-02  0.551266D-02 -0.788253D+00
  290.3184  0.602780D-02  0.605014D-02 -0.977007D+00
  290.6427  0.607211D-02  0.614210D-02 -0.306013D+01
  290.9668  0.591345D-02  0.596439D-02 -0.222768D+01
  291.2906  0.616788D-02  0.613738D-02  0.133358D+01
  291.6140  0.620790D-02  0.608712D-02  0.528106D+01
  291.9373  0.608354D-02  0.607394D-02  0.420025D+00
  292.2602  0.605067D-02  0.605726D-02 -0.288226D+00
  292.5828  0.562899D-02  0.561790D-02  0.485016D+00
  292.9052  0.588343D-02  0.588314D-02  0.125171D-01
  293.2272  0.691403D-02  0.698854D-02 -0.325814D+01
  293.5490  0.695405D-02  0.693358D-02  0.895059D+00
  293.8705  0.622077D-02  0.615427D-02  0.290747D+01
  294.1917  0.659527D-02  0.661023D-02 -0.653830D+00
  294.5125  0.710128D-02  0.713486D-02 -0.138205D+01
  294.8331  0.662958D-02  0.671491D-02 -0.373099D+01
  295.1534  0.736858D-02  0.728244D-02  0.354496D+01
   21 290.643 297.068 293.856  3.714D-04  0.000D+00  8.294D-03  2.298D+00 10300  6.210D-03
  290.6427  0.607211D-02  0.608836D-02 -0.710691D+00
  290.9668  0.591345D-02  0.593063D-02 -0.751340D+00
  291.2906  0.616788D-02  0.615964D-02  0.360067D+00
  291.6140  0.620790D-02  0.611024D-02  0.427028D+01
  291.9373  0.608354D-02  0.610234D-02 -0.821780D+00
  292.2602  0.605067D-02  0.610922D-02 -0.256018D+01
  292.5828  0.562899D-02  0.561381D-02  0.664109D+00
  292.9052  0.588343D-02  0.584644D-02  0.161729D+01
  293.2272  0.691403D-02  0.702392D-02 -0.480481D+01
  293.5490  0.695405D-02  0.695438D-02 -0.141743D-01
  293.8705  0.622077D-02  0.608668D-02  0.586306D+01
  294.1917  0.659527D-02  0.658824D-02  0.307617D+00
  294.5125  0.710128D-02  0.717281D-02 -0.294379D+01
  294.8331  0.662958D-02  0.668315D-02 -0.234263D+01
  295.1534  0.736858D-02  0.733014D-02  0.158181D+01
  295.4733  0.817905D-02  0.811887D-02  0.233894D+01
  295.7930  0.858071D-02  0.859303D-02 -0.478845D+00
  296.1123  0.936832D-02  0.936840D-02 -0.301950D-02
  296.4313  0.885659D-02  0.885537D-02  0.449209D-01
  296.7500  0.702552D-02  0.705170D-02 -0.107746D+01
  297.0683  0.728567D-02  0.727647D-02  0.357562D+00
   21 292.583 298.971 295.777  6.322D-04  0.000D+00  9.721D-03  3.976D+00 10000  5.884D-03
  292.5828  0.562899D-02  0.551306D-02  0.506908D+01
  292.9052  0.588343D-02  0.581656D-02  0.292396D+01
  293.2272  0.691403D-02  0.708528D-02 -0.748784D+01
  293.5490  0.695405D-02  0.703611D-02 -0.358816D+01
  293.8705  0.622077D-02  0.612362D-02  0.424755D+01
  294.1917  0.659527D-02  0.663842D-02 -0.188679D+01
  294.5125  0.710128D-02  0.722043D-02 -0.490339D+01
  294.8331  0.662958D-02  0.665756D-02 -0.122338D+01
  295.1534  0.736858D-02  0.729619D-02  0.297919D+01
  295.4733  0.817905D-02  0.805386D-02  0.486578D+01
  295.7930  0.858071D-02  0.849349D-02  0.338992D+01
  296.1123  0.936832D-02  0.928106D-02  0.321302D+01
  296.4313  0.885659D-02  0.880380D-02  0.194385D+01
  296.7500  0.702552D-02  0.698766D-02  0.155801D+01
  297.0683  0.728567D-02  0.729096D-02 -0.205300D+00
  297.3864  0.892091D-02  0.904485D-02 -0.456343D+01
  297.7040  0.117411D-01  0.119732D-01 -0.773064D+01
  298.0213  0.115110D-01  0.116074D-01 -0.321185D+01
  298.3383  0.863789D-02  0.862172D-02  0.595528D+00
  298.6549  0.880799D-02  0.868391D-02  0.456867D+01
  298.9712  0.123272D-01  0.122372D-01  0.299713D+01
   21 294.513 300.861 297.687 -2.059D-03  0.000D+00  1.273D-02  7.405D+00 10000  9.572D-03
  294.5125  0.710128D-02  0.727857D-02 -0.729582D+01
  294.8331  0.662958D-02  0.659282D-02  0.160738D+01
  295.1534  0.736858D-02  0.730178D-02  0.274891D+01
  295.4733  0.817905D-02  0.803863D-02  0.545777D+01
  295.7930  0.858071D-02  0.847236D-02  0.421134D+01
  296.1123  0.936832D-02  0.932043D-02  0.176318D+01
  296.4313  0.885659D-02  0.886872D-02 -0.446508D+00
  296.7500  0.702552D-02  0.692365D-02  0.419212D+01
  297.0683  0.728567D-02  0.731989D-02 -0.132986D+01
  297.3864  0.892091D-02  0.907890D-02 -0.581721D+01
  297.7040  0.117411D-01  0.121938D-01 -0.150797D+02
  298.0213  0.115110D-01  0.117337D-01 -0.741867D+01
  298.3383  0.863789D-02  0.854255D-02  0.351052D+01
  298.6549  0.880799D-02  0.862219D-02  0.684111D+01
  298.9712  0.123272D-01  0.123602D-01 -0.110059D+01
  299.2870  0.141239D-01  0.136597D-01  0.141208D+02
  299.6025  0.144441D-01  0.139052D-01  0.163939D+02
  299.9176  0.146971D-01  0.148874D-01 -0.578633D+01
  300.2323  0.122843D-01  0.125707D-01 -0.954134D+01
  300.5466  0.156520D-01  0.163122D-01 -0.641489D+01
  300.8605  0.183650D-01  0.186520D-01 -0.275088D+01
   21 296.431 302.735 299.583 -5.896D-03  0.000D+00  1.859D-02  1.227D+01 10300  1.494D-02
  296.4313  0.885659D-02  0.865804D-02  0.731092D+01
  296.7500  0.702552D-02  0.684905D-02  0.726211D+01
  297.0683  0.728567D-02  0.739670D-02 -0.431514D+01
  297.3864  0.892091D-02  0.917464D-02 -0.934247D+01
  297.7040  0.117411D-01  0.123656D-01 -0.208037D+02
  298.0213  0.115110D-01  0.117067D-01 -0.651830D+01
  298.3383  0.863789D-02  0.835319D-02  0.104829D+02
  298.6549  0.880799D-02  0.843585D-02  0.137023D+02
  298.9712  0.123272D-01  0.122201D-01  0.356892D+01
  299.2870  0.141239D-01  0.134327D-01  0.210263D+02
  299.6025  0.144441D-01  0.137561D-01  0.209271D+02
  299.9176  0.146971D-01  0.150355D-01 -0.102905D+02
  300.2323  0.122843D-01  0.127111D-01 -0.142177D+02
  300.5466  0.156520D-01  0.172704D-01 -0.157254D+02
  300.8605  0.183650D-01  0.200978D-01 -0.166066D+02
  301.1740  0.240040D-01  0.251020D-01 -0.102425D+02
  301.4870  0.286124D-01  0.292848D-01 -0.618961D+01
  301.7996  0.257979D-01  0.264115D-01 -0.564817D+01
  302.1118  0.233021D-01  0.229653D-01  0.310090D+01
  302.4235  0.344572D-01  0.346515D-01 -0.174279D+01
  302.7348  0.490857D-01  0.472190D-01  0.163249D+02
   21 298.338 304.592 301.465 -7.950D-03  0.000D+00  3.389D-02  1.444D+01 10000  1.709D-02
  298.3383  0.863789D-02  0.895210D-02 -0.115692D+02
  298.6549  0.880799D-02  0.881357D-02 -0.205605D+00
  298.9712  0.123272D-01  0.124165D-01 -0.297607D+01
  299.2870  0.141239D-01  0.134579D-01  0.202600D+02
  299.6025  0.144441D-01  0.137426D-01  0.213376D+02
  299.9176  0.146971D-01  0.148568D-01 -0.485777D+01
  300.2323  0.122843D-01  0.127403D-01 -0.151900D+02
  300.5466  0.156520D-01  0.172086D-01 -0.151252D+02
  300.8605  0.183650D-01  0.202122D-01 -0.177022D+02
  301.1740  0.240040D-01  0.253207D-01 -0.122824D+02
  301.4870  0.286124D-01  0.296275D-01 -0.934402D+01
  301.7996  0.257979D-01  0.268615D-01 -0.979073D+01
  302.1118  0.233021D-01  0.237432D-01 -0.405972D+01
  302.4235  0.344572D-01  0.356324D-01 -0.105406D+02
  302.7348  0.490857D-01  0.487818D-01  0.265809D+01
  303.0455  0.636800D-01  0.605996D-01  0.269376D+02
  303.3558  0.752724D-01  0.720646D-01  0.280523D+02
  303.6656  0.761444D-01  0.753010D-01  0.737512D+01
  303.9749  0.715274D-01  0.728848D-01 -0.118706D+02
  304.2837  0.827053D-01  0.849730D-01 -0.198308D+02
  304.5919  0.101431D+00  0.101596D+00 -0.128965D+01
   21 300.232 306.430 303.331  3.164D-03  0.000D+00  6.874D-02  3.087D+01 10000  2.405D-02
  300.2323  0.122843D-01  0.124445D-01 -0.533840D+01
  300.5466  0.156520D-01  0.159113D-01 -0.251927D+01
  300.8605  0.183650D-01  0.183635D-01  0.143724D-01
  301.1740  0.240040D-01  0.228941D-01  0.103531D+02
  301.4870  0.286124D-01  0.272785D-01  0.122788D+02
  301.7996  0.257979D-01  0.254540D-01  0.316602D+01
  302.1118  0.233021D-01  0.225823D-01  0.662666D+01
  302.4235  0.344572D-01  0.344814D-01 -0.217278D+00
  302.7348  0.490857D-01  0.482727D-01  0.710979D+01
  303.0455  0.636800D-01  0.613227D-01  0.206139D+02
  303.3558  0.752724D-01  0.739015D-01  0.119886D+02
  303.6656  0.761444D-01  0.787849D-01 -0.230907D+02
  303.9749  0.715274D-01  0.764031D-01 -0.426372D+02
  304.2837  0.827053D-01  0.890541D-01 -0.555194D+02
  304.5919  0.101431D+00  0.107400D+00 -0.464057D+02
  304.8997  0.117440D+00  0.112270D+00  0.401905D+02
  305.2068  0.150731D+00  0.141071D+00  0.675759D+02
  305.5134  0.148658D+00  0.143383D+00  0.369022D+02
  305.8195  0.124244D+00  0.120001D+00  0.296841D+02
  306.1249  0.142197D+00  0.142787D+00 -0.412739D+01
  306.4298  0.162409D+00  0.171044D+00 -0.549201D+02
   21 302.112 308.246 305.179  6.445D-04  0.000D+00  1.299D-01  4.311D+01 10000  2.996D-02
  302.1118  0.233021D-01  0.240207D-01 -0.661450D+01
  302.4235  0.344572D-01  0.358862D-01 -0.128163D+02
  302.7348  0.490857D-01  0.488101D-01  0.241063D+01
  303.0455  0.636800D-01  0.609145D-01  0.241839D+02
  303.3558  0.752724D-01  0.728420D-01  0.212537D+02
  303.6656  0.761444D-01  0.771607D-01 -0.888725D+01
  303.9749  0.715274D-01  0.745620D-01 -0.265377D+02
  304.2837  0.827053D-01  0.873994D-01 -0.410489D+02
  304.5919  0.101431D+00  0.106330D+00 -0.380831D+02
  304.8997  0.117440D+00  0.111040D+00  0.497508D+02
  305.2068  0.150731D+00  0.141867D+00  0.620089D+02
  305.5134  0.148658D+00  0.144830D+00  0.267811D+02
  305.8195  0.124244D+00  0.121293D+00  0.206423D+02
  306.1249  0.142197D+00  0.147221D+00 -0.351470D+02
  306.4298  0.162409D+00  0.178062D+00 -0.995543D+02
  306.7340  0.168898D+00  0.176094D+00 -0.457633D+02
  307.0376  0.221057D+00  0.219086D+00  0.114913D+02
  307.3406  0.262038D+00  0.249487D+00  0.627213D+02
  307.6429  0.278534D+00  0.262506D+00  0.747520D+02
  307.9446  0.292199D+00  0.290704D+00  0.653790D+01
  308.2456  0.287339D+00  0.300790D+00 -0.588154D+02
   20 303.975 309.740 306.857 -1.911D-02  0.000D+00  2.112D-01  5.064D+01 10000  3.288D-02
  303.9749  0.715274D-01  0.695271D-01  0.174921D+02
  304.2837  0.827053D-01  0.858507D-01 -0.275058D+02
  304.5919  0.101431D+00  0.105704D+00 -0.332158D+02
  304.8997  0.117440D+00  0.113066D+00  0.339982D+02
  305.2068  0.150731D+00  0.144686D+00  0.422868D+02
  305.5134  0.148658D+00  0.144794D+00  0.270298D+02
  305.8195  0.124244D+00  0.121988D+00  0.157803D+02
  306.1249  0.142197D+00  0.150835D+00 -0.604295D+02
  306.4298  0.162409D+00  0.176978D+00 -0.926555D+02
  306.7340  0.168898D+00  0.175912D+00 -0.446086D+02
  307.0376  0.221057D+00  0.218663D+00  0.139580D+02
  307.3406  0.262038D+00  0.245066D+00  0.848125D+02
  307.6429  0.278534D+00  0.257730D+00  0.970276D+02
  307.9446  0.292199D+00  0.284012D+00  0.357961D+02
  308.2456  0.287339D+00  0.293887D+00 -0.286323D+02
  308.5459  0.324675D+00  0.336927D+00 -0.476207D+02
  308.8455  0.322116D+00  0.335001D+00 -0.474432D+02
  309.1443  0.280792D+00  0.293770D+00 -0.477865D+02
  309.4425  0.294815D+00  0.294686D+00  0.429959D+00
  309.7398  0.346202D+00  0.321312D+00  0.725527D+02
   14 305.819 309.740 307.780 -2.177D-02  0.000D+00  2.643D-01  5.402D+01 10000  4.749D-02
  305.8195  0.124244D+00  0.114138D+00  0.706974D+02
  306.1249  0.142197D+00  0.146342D+00 -0.289952D+02
  306.4298  0.162409D+00  0.174767D+00 -0.785950D+02
  306.7340  0.168898D+00  0.176257D+00 -0.467976D+02
  307.0376  0.221057D+00  0.220168D+00  0.518750D+01
  307.3406  0.262038D+00  0.246820D+00  0.760474D+02
  307.6429  0.278534D+00  0.259514D+00  0.887093D+02
  307.9446  0.292199D+00  0.285092D+00  0.310749D+02
  308.2456  0.287339D+00  0.294510D+00 -0.313562D+02
  308.5459  0.324675D+00  0.336619D+00 -0.464219D+02
  308.8455  0.322116D+00  0.333708D+00 -0.426818D+02
  309.1443  0.280792D+00  0.292772D+00 -0.441101D+02
  309.4425  0.294815D+00  0.294815D+00 -0.742122D-03
  309.7398  0.346202D+00  0.321718D+00  0.713694D+02
   21 310.078 313.251 311.665 -4.152D-02  0.000D+00  5.951D-01  1.679D+01 10300  2.027D-02
  310.0777  0.346588D+00  0.340357D+00  0.619507D+01
  310.2372  0.363698D+00  0.390927D+00 -0.280626D+02
  310.3965  0.476542D+00  0.495420D+00 -0.201919D+02
  310.5558  0.591773D+00  0.586701D+00  0.590378D+01
  310.7150  0.662172D+00  0.649496D+00  0.147544D+02
  310.8741  0.709628D+00  0.688954D+00  0.255677D+02
  311.0332  0.720777D+00  0.704171D+00  0.205367D+02
  311.1921  0.717775D+00  0.714534D+00  0.400844D+01
  311.3510  0.708198D+00  0.724485D+00 -0.214850D+02
  311.5098  0.711700D+00  0.716408D+00 -0.620966D+01
  311.6685  0.669747D+00  0.684317D+00 -0.205919D+02
  311.8272  0.640159D+00  0.642972D+00 -0.397657D+01
  311.9857  0.615073D+00  0.622852D+00 -0.109951D+02
  312.1442  0.628724D+00  0.643732D+00 -0.212128D+02
  312.3026  0.701480D+00  0.698188D+00  0.465265D+01
  312.4609  0.753725D+00  0.745818D+00  0.111751D+02
  312.6192  0.785601D+00  0.767520D+00  0.255548D+02
  312.7773  0.791318D+00  0.791349D+00 -0.437622D-01
  312.9354  0.829555D+00  0.818508D+00  0.156137D+02
  313.0934  0.835987D+00  0.830087D+00  0.833910D+01
  313.2513  0.812259D+00  0.831208D+00 -0.267819D+02
   21 311.033 314.197 312.615  4.379D-02  0.000D+00  6.868D-01  3.732D+01   300  3.518D-02
  311.0332  0.720777D+00  0.688746D+00  0.396135D+02
  311.1921  0.717775D+00  0.702937D+00  0.183507D+02
  311.3510  0.708198D+00  0.719840D+00 -0.153569D+02
  311.5098  0.711700D+00  0.727780D+00 -0.212114D+02
  311.6685  0.669747D+00  0.709986D+00 -0.568735D+02
  311.8272  0.640159D+00  0.669370D+00 -0.412869D+02
  311.9857  0.615073D+00  0.632122D+00 -0.240975D+02
  312.1442  0.628724D+00  0.628372D+00  0.497130D+00
  312.3026  0.701480D+00  0.668692D+00  0.463422D+02
  312.4609  0.753725D+00  0.727683D+00  0.368069D+02
  312.6192  0.785601D+00  0.757820D+00  0.392647D+02
  312.7773  0.791318D+00  0.772295D+00  0.268866D+02
  312.9354  0.829555D+00  0.798376D+00  0.440675D+02
  313.0934  0.835987D+00  0.815776D+00  0.285657D+02
  313.2513  0.812259D+00  0.814837D+00 -0.364388D+01
  313.4092  0.779954D+00  0.812008D+00 -0.453040D+02
  313.5670  0.784600D+00  0.833659D+00 -0.693396D+02
  313.7246  0.859215D+00  0.894733D+00 -0.502006D+02
  313.8822  0.959273D+00  0.973959D+00 -0.181618D+02
  314.0398  0.103868D+01  0.101709D+01  0.266986D+02
  314.1972  0.101831D+01  0.980571D+00  0.466698D+02
   21 311.986 315.140 313.563  1.596D-02  0.000D+00  7.496D-01  3.906D+01 10300  1.767D-02
  311.9857  0.615073D+00  0.634568D+00 -0.275547D+02
  312.1442  0.628724D+00  0.641326D+00 -0.178117D+02
  312.3026  0.701480D+00  0.690957D+00  0.148739D+02
  312.4609  0.753725D+00  0.749339D+00  0.619965D+01
  312.6192  0.785601D+00  0.768332D+00  0.244074D+02
  312.7773  0.791318D+00  0.778842D+00  0.176333D+02
  312.9354  0.829555D+00  0.802550D+00  0.381684D+02
  313.0934  0.835987D+00  0.812096D+00  0.337668D+02
  313.2513  0.812259D+00  0.804976D+00  0.102933D+02
  313.4092  0.779954D+00  0.801209D+00 -0.300408D+02
  313.5670  0.784600D+00  0.829805D+00 -0.638925D+02
  313.7246  0.859215D+00  0.901728D+00 -0.600877D+02
  313.8822  0.959273D+00  0.989883D+00 -0.378551D+02
  314.0398  0.103868D+01  0.103797D+01  0.870100D+00
  314.1972  0.101831D+01  0.100299D+01  0.189495D+02
  314.3546  0.872080D+00  0.870229D+00  0.244069D+01
  314.5119  0.778025D+00  0.745898D+00  0.454071D+02
  314.6691  0.822551D+00  0.785200D+00  0.527910D+02
  314.8262  0.101280D+01  0.949311D+00  0.785230D+02
  314.9833  0.111143D+01  0.111191D+01 -0.583331D+00
  315.1403  0.115360D+01  0.121458D+01 -0.754183D+02
   21 312.935 316.081 314.508 -2.177D-02  0.000D+00  8.577D-01  4.133D+01 10300  1.572D-02
  312.9354  0.829555D+00  0.828820D+00  0.103862D+01
  313.0934  0.835987D+00  0.811379D+00  0.347802D+02
  313.2513  0.812259D+00  0.790627D+00  0.305747D+02
  313.4092  0.779954D+00  0.787171D+00 -0.101994D+02
  313.5670  0.784600D+00  0.825130D+00 -0.572851D+02
  313.7246  0.859215D+00  0.906001D+00 -0.661274D+02
  313.8822  0.959273D+00  0.992994D+00 -0.417033D+02
  314.0398  0.103868D+01  0.103002D+01  0.107030D+02
  314.1972  0.101831D+01  0.976905D+00  0.512027D+02
  314.3546  0.872080D+00  0.837813D+00  0.452034D+02
  314.5119  0.778025D+00  0.746573D+00  0.444534D+02
  314.6691  0.822551D+00  0.817612D+00  0.698016D+01
  314.8262  0.101280D+01  0.971630D+00  0.509207D+02
  314.9833  0.111143D+01  0.109394D+01  0.216349D+02
  315.1403  0.115360D+01  0.114604D+01  0.934465D+01
  315.2972  0.112365D+01  0.115086D+01 -0.336395D+02
  315.4540  0.106705D+01  0.111484D+01 -0.591028D+02
  315.6108  0.964133D+00  0.100914D+01 -0.556615D+02
  315.7675  0.821765D+00  0.847801D+00 -0.321995D+02
  315.9240  0.738216D+00  0.723685D+00  0.205381D+02
  316.0806  0.757799D+00  0.703730D+00  0.713250D+02
   21 313.882 317.018 315.450 -4.192D-02  0.000D+00  9.471D-01  3.779D+01 10300  1.420D-02
  313.8822  0.959273D+00  0.996410D+00 -0.459278D+02
  314.0398  0.103868D+01  0.103917D+01 -0.603983D+00
  314.1972  0.101831D+01  0.979567D+00  0.479111D+02
  314.3546  0.872080D+00  0.842734D+00  0.387120D+02
  314.5119  0.778025D+00  0.769984D+00  0.113651D+02
  314.6691  0.822551D+00  0.848406D+00 -0.365436D+02
  314.8262  0.101280D+01  0.991915D+00  0.258350D+02
  314.9833  0.111143D+01  0.109684D+01  0.180464D+02
  315.1403  0.115360D+01  0.113802D+01  0.192676D+02
  315.2972  0.112365D+01  0.113706D+01 -0.165815D+02
  315.4540  0.106705D+01  0.109671D+01 -0.366753D+02
  315.6108  0.964133D+00  0.993247D+00 -0.360059D+02
  315.7675  0.821765D+00  0.851126D+00 -0.363116D+02
  315.9240  0.738216D+00  0.760871D+00 -0.320202D+02
  316.0806  0.757799D+00  0.782850D+00 -0.330465D+02
  316.2370  0.902955D+00  0.892671D+00  0.127182D+02
  316.3934  0.104354D+01  0.101627D+01  0.337217D+02
  316.5497  0.116118D+01  0.110422D+01  0.704366D+02
  316.7059  0.122800D+01  0.117547D+01  0.649602D+02
  316.8620  0.127095D+01  0.127179D+01 -0.103315D+01
  317.0181  0.136773D+01  0.142151D+01 -0.665159D+02
   21 314.826 317.953 316.390 -6.275D-02  0.000D+00  1.006D+00  3.262D+01 10300  1.905D-02
  314.8262  0.101280D+01  0.101047D+01  0.288548D+01
  314.9833  0.111143D+01  0.110477D+01  0.824383D+01
  315.1403  0.115360D+01  0.113418D+01  0.240179D+02
  315.2972  0.112365D+01  0.113144D+01 -0.962829D+01
  315.4540  0.106705D+01  0.108951D+01 -0.277781D+02
  315.6108  0.964133D+00  0.977983D+00 -0.171280D+02
  315.7675  0.821765D+00  0.828043D+00 -0.776438D+01
  315.9240  0.738216D+00  0.747591D+00 -0.132505D+02
  316.0806  0.757799D+00  0.789206D+00 -0.414315D+02
  316.2370  0.902955D+00  0.913113D+00 -0.125634D+02
  316.3934  0.104354D+01  0.103511D+01  0.104230D+02
  316.5497  0.116118D+01  0.110821D+01  0.655016D+02
  316.7059  0.122800D+01  0.116641D+01  0.761757D+02
  316.8620  0.127095D+01  0.124892D+01  0.272533D+02
  317.0181  0.136773D+01  0.138605D+01 -0.226677D+02
  317.1741  0.148279D+01  0.152146D+01 -0.425076D+02
  317.3300  0.156112D+01  0.156507D+01 -0.433308D+01
  317.4858  0.152217D+01  0.155172D+01 -0.324837D+02
  317.6415  0.147457D+01  0.150657D+01 -0.351745D+02
  317.7972  0.135343D+01  0.135149D+01  0.225849D+01
  317.9529  0.118026D+01  0.113716D+01  0.533008D+02
   21 315.767 318.885 317.326 -3.702D-02  0.000D+00  1.071D+00  2.830D+01   300  1.106D-02
  315.7675  0.821765D+00  0.826111D+00 -0.537574D+01
  315.9240  0.738216D+00  0.738284D+00 -0.963964D-01
  316.0806  0.757799D+00  0.775389D+00 -0.232043D+02
  316.2370  0.902955D+00  0.909467D+00 -0.805412D+01
  316.3934  0.104354D+01  0.105289D+01 -0.115663D+02
  316.5497  0.116118D+01  0.113037D+01  0.380950D+02
  316.7059  0.122800D+01  0.118283D+01  0.558600D+02
  316.8620  0.127095D+01  0.124877D+01  0.274348D+02
  317.0181  0.136773D+01  0.137503D+01 -0.903138D+01
  317.1741  0.148279D+01  0.152300D+01 -0.442034D+02
  317.3300  0.156112D+01  0.156856D+01 -0.817763D+01
  317.4858  0.152217D+01  0.154268D+01 -0.225467D+02
  317.6415  0.147457D+01  0.151254D+01 -0.417389D+02
  317.7972  0.135343D+01  0.137747D+01 -0.279848D+02
  317.9529  0.118026D+01  0.114264D+01  0.465184D+02
  318.1084  0.103132D+01  0.101089D+01  0.252552D+02
  318.2639  0.106133D+01  0.104327D+01  0.223355D+02
  318.4193  0.119498D+01  0.117044D+01  0.303520D+02
  318.5745  0.135243D+01  0.133176D+01  0.227273D+02
  318.7298  0.149308D+01  0.150628D+01 -0.145009D+02
  318.8849  0.166518D+01  0.168826D+01 -0.253681D+02
   21 316.706 319.814 318.260 -1.569D-02  0.000D+00  1.180D+00  3.261D+01 10300  9.504D-03
  316.7059  0.122800D+01  0.125595D+01 -0.345612D+02
  316.8620  0.127095D+01  0.126664D+01  0.533896D+01
  317.0181  0.136773D+01  0.134607D+01  0.267860D+02
  317.1741  0.148279D+01  0.147356D+01  0.101441D+02
  317.3300  0.156112D+01  0.152697D+01  0.375432D+02
  317.4858  0.152217D+01  0.151077D+01  0.125344D+02
  317.6415  0.147457D+01  0.149703D+01 -0.246862D+02
  317.7972  0.135343D+01  0.140110D+01 -0.554798D+02
  317.9529  0.118026D+01  0.118738D+01 -0.880699D+01
  318.1084  0.103132D+01  0.104399D+01 -0.156744D+02
  318.2639  0.106133D+01  0.106487D+01 -0.436917D+01
  318.4193  0.119498D+01  0.118819D+01  0.840026D+01
  318.5745  0.135243D+01  0.134380D+01  0.948604D+01
  318.7298  0.149308D+01  0.149777D+01 -0.515129D+01
  318.8849  0.166518D+01  0.164274D+01  0.246682D+02
  319.0400  0.168141D+01  0.165497D+01  0.290633D+02
  319.1950  0.149373D+01  0.144708D+01  0.512790D+02
  319.3499  0.126781D+01  0.127948D+01 -0.135868D+02
  319.5048  0.124437D+01  0.131404D+01 -0.810938D+02
  319.6596  0.136787D+01  0.140237D+01 -0.379256D+02
  319.8143  0.151817D+01  0.147534D+01  0.470823D+02
   21 317.642 320.741 319.191  3.573D-03  0.000D+00  1.255D+00  4.345D+01 10300  1.297D-02
  317.6415  0.147457D+01  0.138290D+01  0.100777D+03
  317.7972  0.135343D+01  0.139618D+01 -0.497621D+02
  317.9529  0.118026D+01  0.122919D+01 -0.605174D+02
  318.1084  0.103132D+01  0.108030D+01 -0.605774D+02
  318.2639  0.106133D+01  0.109027D+01 -0.357857D+02
  318.4193  0.119498D+01  0.120687D+01 -0.146973D+02
  318.5745  0.135243D+01  0.135250D+01 -0.799118D-01
  318.7298  0.149308D+01  0.148734D+01  0.631839D+01
  318.8849  0.166518D+01  0.161738D+01  0.525551D+02
  319.0400  0.168141D+01  0.164006D+01  0.454599D+02
  319.1950  0.149373D+01  0.143264D+01  0.671550D+02
  319.3499  0.126781D+01  0.123773D+01  0.350124D+02
  319.5048  0.124437D+01  0.126803D+01 -0.275379D+02
  319.6596  0.136787D+01  0.138411D+01 -0.178498D+02
  319.8143  0.151817D+01  0.151630D+01  0.206049D+01
  319.9689  0.157163D+01  0.161922D+01 -0.523123D+02
  320.1235  0.161301D+01  0.164124D+01 -0.310317D+02
  320.2780  0.166154D+01  0.169640D+01 -0.383180D+02
  320.4324  0.183057D+01  0.181458D+01  0.158164D+02
  320.5868  0.195207D+01  0.192308D+01  0.286823D+02
  320.7410  0.197336D+01  0.195707D+01  0.161222D+02
   21 318.575 321.819 320.197  5.421D-02  0.000D+00  1.247D+00  3.650D+01 10300  9.930D-03
  318.5745  0.135243D+01  0.140397D+01 -0.566616D+02
  318.7298  0.149308D+01  0.150212D+01 -0.993741D+01
  318.8849  0.166518D+01  0.160304D+01  0.683114D+02
  319.0400  0.168141D+01  0.166523D+01  0.177801D+02
  319.1950  0.149373D+01  0.151075D+01 -0.187124D+02
  319.3499  0.126781D+01  0.125943D+01  0.975203D+01
  319.5048  0.124437D+01  0.122606D+01  0.213080D+02
  319.6596  0.136787D+01  0.134551D+01  0.245759D+02
  319.8143  0.151817D+01  0.148119D+01  0.406502D+02
  319.9689  0.157163D+01  0.162452D+01 -0.581430D+02
  320.1235  0.161301D+01  0.167289D+01 -0.658230D+02
  320.2780  0.166154D+01  0.170716D+01 -0.501541D+02
  320.4324  0.183057D+01  0.181159D+01  0.187716D+02
  320.5868  0.195207D+01  0.191945D+01  0.322647D+02
  320.7410  0.197336D+01  0.195556D+01  0.176196D+02
  320.8952  0.185701D+01  0.186744D+01 -0.103169D+02
  321.0493  0.165747D+01  0.166238D+01 -0.540639D+01
  321.2034  0.149230D+01  0.146755D+01  0.272054D+02
  321.3574  0.141868D+01  0.138137D+01  0.410173D+02
  321.6651  0.159750D+01  0.158328D+01  0.156319D+02
  321.8189  0.175574D+01  0.179635D+01 -0.422973D+02
   21 319.505 322.740 321.122  2.984D-02  0.000D+00  1.365D+00  5.372D+01 10300  2.079D-02
  319.5048  0.124437D+01  0.122378D+01  0.239657D+02
  319.6596  0.136787D+01  0.133532D+01  0.357811D+02
  319.8143  0.151817D+01  0.148066D+01  0.412366D+02
  319.9689  0.157163D+01  0.160662D+01 -0.384637D+02
  320.1235  0.161301D+01  0.167388D+01 -0.669118D+02
  320.2780  0.166154D+01  0.173851D+01 -0.846157D+02
  320.4324  0.183057D+01  0.184229D+01 -0.115981D+02
  320.5868  0.195207D+01  0.193196D+01  0.198940D+02
  320.7410  0.197336D+01  0.194165D+01  0.313793D+02
  320.8952  0.185701D+01  0.183057D+01  0.261594D+02
  321.0493  0.165747D+01  0.163407D+01  0.257171D+02
  321.2034  0.149230D+01  0.145668D+01  0.391592D+02
  321.3574  0.141868D+01  0.137706D+01  0.457613D+02
  321.6651  0.159750D+01  0.154150D+01  0.615637D+02
  321.8189  0.175574D+01  0.170250D+01  0.554467D+02
  321.9726  0.180412D+01  0.183293D+01 -0.285028D+02
  322.1262  0.174001D+01  0.184381D+01 -0.108097D+03
  322.2797  0.163410D+01  0.172787D+01 -0.976577D+02
  322.4332  0.157184D+01  0.159737D+01 -0.280635D+02
  322.5866  0.150559D+01  0.146836D+01  0.409337D+02
  322.7399  0.137430D+01  0.130341D+01  0.779333D+02
   21 320.432 323.658 322.045 -1.819D-02  0.000D+00  1.348D+00  3.756D+01   300  1.434D-02
  320.4324  0.183057D+01  0.184997D+01 -0.191960D+02
  320.5868  0.195207D+01  0.196311D+01 -0.109267D+02
  320.7410  0.197336D+01  0.196282D+01  0.104344D+02
  320.8952  0.185701D+01  0.183331D+01  0.234479D+02
  321.0493  0.165747D+01  0.163956D+01  0.196884D+02
  321.2034  0.149230D+01  0.148208D+01  0.112318D+02
  321.3574  0.141868D+01  0.142605D+01 -0.809379D+01
  321.6651  0.159750D+01  0.159454D+01  0.325758D+01
  321.8189  0.175574D+01  0.172759D+01  0.293177D+02
  321.9726  0.180412D+01  0.180773D+01 -0.356644D+01
  322.1262  0.174001D+01  0.177971D+01 -0.413405D+02
  322.2797  0.163410D+01  0.168031D+01 -0.481305D+02
  322.4332  0.157184D+01  0.158124D+01 -0.103290D+02
  322.5866  0.150559D+01  0.148122D+01  0.267903D+02
  322.7399  0.137430D+01  0.137806D+01 -0.412802D+01
  322.8932  0.127953D+01  0.132633D+01 -0.514423D+02
  323.0464  0.137973D+01  0.138036D+01 -0.685862D+00
  323.1995  0.157327D+01  0.150349D+01  0.767130D+02
  323.3525  0.168098D+01  0.160255D+01  0.775998D+02
  323.5055  0.167126D+01  0.165938D+01  0.117507D+02
  323.6584  0.167490D+01  0.176224D+01 -0.864025D+02
   21 321.357 324.574 322.966 -4.140D-02  0.000D+00  1.386D+00  2.907D+01 10300  1.427D-02
  321.3574  0.141868D+01  0.145582D+01 -0.408219D+02
  321.6651  0.159750D+01  0.158516D+01  0.135696D+02
  321.8189  0.175574D+01  0.171227D+01  0.452655D+02
  321.9726  0.180412D+01  0.179265D+01  0.113550D+02
  322.1262  0.174001D+01  0.174200D+01 -0.206519D+01
  322.2797  0.163410D+01  0.163413D+01 -0.344872D-01
  322.4332  0.157184D+01  0.157312D+01 -0.139856D+01
  322.5866  0.150559D+01  0.149560D+01  0.109814D+02
  322.7399  0.137430D+01  0.138611D+01 -0.129812D+02
  322.8932  0.127953D+01  0.134060D+01 -0.671308D+02
  323.0464  0.137973D+01  0.142870D+01 -0.538345D+02
  323.1995  0.157327D+01  0.159009D+01 -0.184910D+02
  323.3525  0.168098D+01  0.164428D+01  0.363108D+02
  323.5055  0.167126D+01  0.161649D+01  0.541872D+02
  323.6584  0.167490D+01  0.165612D+01  0.185817D+02
  323.8112  0.178797D+01  0.177147D+01  0.163250D+02
  323.9640  0.191690D+01  0.190351D+01  0.132529D+02
  324.1166  0.200888D+01  0.201541D+01 -0.645421D+01
  324.2693  0.203690D+01  0.205508D+01 -0.179876D+02
  324.4218  0.204441D+01  0.205920D+01 -0.146367D+02
  324.5743  0.206027D+01  0.205251D+01  0.731828D+01
   21 322.433 325.488 323.960 -3.675D-02  0.000D+00  1.514D+00  4.214D+01 10300  1.731D-02
  322.4332  0.157184D+01  0.152772D+01  0.485054D+02
  322.5866  0.150559D+01  0.149492D+01  0.117271D+02
  322.7399  0.137430D+01  0.138719D+01 -0.141649D+02
  322.8932  0.127953D+01  0.132794D+01 -0.532107D+02
  323.0464  0.137973D+01  0.142825D+01 -0.533396D+02
  323.1995  0.157327D+01  0.164874D+01 -0.829593D+02
  323.3525  0.168098D+01  0.168910D+01 -0.803225D+01
  323.5055  0.167126D+01  0.160349D+01  0.670521D+02
  323.6584  0.167490D+01  0.163094D+01  0.434947D+02
  323.8112  0.178797D+01  0.175164D+01  0.359418D+02
  323.9640  0.191690D+01  0.187149D+01  0.449272D+02
  324.1166  0.200888D+01  0.199687D+01  0.118876D+02
  324.2693  0.203690D+01  0.202401D+01  0.127575D+02
  324.4218  0.204441D+01  0.202188D+01  0.222877D+02
  324.5743  0.206027D+01  0.207636D+01 -0.151623D+02
  324.7267  0.196736D+01  0.199045D+01 -0.228456D+02
  324.8790  0.181835D+01  0.182951D+01 -0.110494D+02
  325.0313  0.173573D+01  0.181681D+01 -0.802225D+02
  325.1835  0.183957D+01  0.187224D+01 -0.323252D+02
  325.3356  0.195843D+01  0.194413D+01  0.141474D+02
  325.4877  0.215511D+01  0.209499D+01  0.540772D+02
   21 323.353 326.398 324.876 -4.111D-02  0.000D+00  1.452D+00  2.851D+01 10300  1.233D-02
  323.3525  0.168098D+01  0.172011D+01 -0.387138D+02
  323.5055  0.167126D+01  0.163355D+01  0.373121D+02
  323.6584  0.167490D+01  0.166763D+01  0.719793D+01
  323.8112  0.178797D+01  0.179141D+01 -0.339997D+01
  323.9640  0.191690D+01  0.190339D+01  0.133654D+02
  324.1166  0.200888D+01  0.202312D+01 -0.140838D+02
  324.2693  0.203690D+01  0.203084D+01  0.600154D+01
  324.4218  0.204441D+01  0.201581D+01  0.282937D+02
  324.5743  0.206027D+01  0.206553D+01 -0.495335D+01
  324.7267  0.196736D+01  0.196481D+01  0.252122D+01
  324.8790  0.181835D+01  0.179922D+01  0.189226D+02
  325.0313  0.173573D+01  0.179727D+01 -0.608926D+02
  325.1835  0.183957D+01  0.186445D+01 -0.246146D+02
  325.3356  0.195843D+01  0.195634D+01  0.206598D+01
  325.4877  0.215511D+01  0.214811D+01  0.629467D+01
  325.6396  0.233851D+01  0.238374D+01 -0.406847D+02
  325.7916  0.253283D+01  0.249642D+01  0.327531D+02
  325.9434  0.265669D+01  0.262501D+01  0.261165D+02
  326.0952  0.274145D+01  0.270220D+01  0.323618D+02
  326.2469  0.274810D+01  0.271945D+01  0.236239D+02
  326.3985  0.263454D+01  0.270253D+01 -0.560588D+02
   21 324.269 327.307 325.788  7.602D-03  0.000D+00  1.512D+00  2.290D+01   300  1.038D-02
  324.2693  0.203690D+01  0.208515D+01 -0.477335D+02
  324.4218  0.204441D+01  0.201744D+01  0.266822D+02
  324.5743  0.206027D+01  0.201352D+01  0.440507D+02
  324.7267  0.196736D+01  0.195779D+01  0.946547D+01
  324.8790  0.181835D+01  0.181298D+01  0.531096D+01
  325.0313  0.173573D+01  0.177104D+01 -0.349396D+02
  325.1835  0.183957D+01  0.183840D+01  0.115947D+01
  325.3356  0.195843D+01  0.194846D+01  0.986348D+01
  325.4877  0.215511D+01  0.212943D+01  0.231000D+02
  325.6396  0.233851D+01  0.238140D+01 -0.385761D+02
  325.7916  0.253283D+01  0.255301D+01 -0.181461D+02
  325.9434  0.265669D+01  0.266838D+01 -0.964116D+01
  326.0952  0.274145D+01  0.274400D+01 -0.209536D+01
  326.2469  0.274810D+01  0.272512D+01  0.189468D+02
  326.3985  0.263454D+01  0.264603D+01 -0.947417D+01
  326.5500  0.261867D+01  0.257527D+01  0.357797D+02
  326.7015  0.269736D+01  0.268555D+01  0.973880D+01
  326.8530  0.283415D+01  0.282728D+01  0.566730D+01
  327.0043  0.276418D+01  0.278063D+01 -0.135641D+02
  327.1556  0.259866D+01  0.261358D+01 -0.123057D+02
  327.3068  0.254198D+01  0.253947D+01  0.215691D+01
   21 325.183 328.213 326.698  1.653D-02  0.000D+00  1.621D+00  2.936D+01 10300  1.966D-02
  325.1835  0.183957D+01  0.180837D+01  0.308744D+02
  325.3356  0.195843D+01  0.194807D+01  0.102457D+02
  325.4877  0.215511D+01  0.214586D+01  0.832509D+01
  325.6396  0.233851D+01  0.238817D+01 -0.446720D+02
  325.7916  0.253283D+01  0.257165D+01 -0.349113D+02
  325.9434  0.265669D+01  0.268695D+01 -0.249493D+02
  326.0952  0.274145D+01  0.274761D+01 -0.507850D+01
  326.2469  0.274810D+01  0.272358D+01  0.202212D+02
  326.3985  0.263454D+01  0.264099D+01 -0.532482D+01
  326.5500  0.261867D+01  0.257981D+01  0.320366D+02
  326.7015  0.269736D+01  0.265275D+01  0.367759D+02
  326.8530  0.283415D+01  0.276613D+01  0.560824D+02
  327.0043  0.276418D+01  0.274688D+01  0.142614D+02
  327.1556  0.259866D+01  0.263311D+01 -0.284043D+02
  327.3068  0.254198D+01  0.258440D+01 -0.364926D+02
  327.4580  0.261052D+01  0.262347D+01 -0.106742D+02
  327.6091  0.261981D+01  0.261561D+01  0.346204D+01
  327.7601  0.251725D+01  0.252541D+01 -0.701593D+01
  327.9110  0.237152D+01  0.242455D+01 -0.456207D+02
  328.0619  0.234237D+01  0.235340D+01 -0.949346D+01
  328.2127  0.235337D+01  0.229576D+01  0.495611D+02
   21 326.095 329.116 327.606  1.838D-02  0.000D+00  1.555D+00  3.102D+01 10300  2.142D-02
  326.0952  0.274145D+01  0.273768D+01  0.310993D+01
  326.2469  0.274810D+01  0.274385D+01  0.350680D+01
  326.3985  0.263454D+01  0.267827D+01 -0.360612D+02
  326.5500  0.261867D+01  0.262547D+01 -0.561008D+01
  326.7015  0.269736D+01  0.268438D+01  0.106978D+02
  326.8530  0.283415D+01  0.277455D+01  0.491374D+02
  327.0043  0.276418D+01  0.274417D+01  0.164966D+02
  327.1556  0.259866D+01  0.262760D+01 -0.238613D+02
  327.3068  0.254198D+01  0.256761D+01 -0.220510D+02
  327.4580  0.261052D+01  0.258879D+01  0.179146D+02
  327.6091  0.261981D+01  0.258010D+01  0.327434D+02
  327.7601  0.251725D+01  0.250851D+01  0.751926D+01
  327.9110  0.237152D+01  0.243472D+01 -0.543675D+02
  328.0619  0.234237D+01  0.240103D+01 -0.504697D+02
  328.2127  0.235337D+01  0.239947D+01 -0.396589D+02
  328.3635  0.244650D+01  0.240608D+01  0.333224D+02
  328.5141  0.243828D+01  0.238772D+01  0.416847D+02
  328.6647  0.235845D+01  0.232214D+01  0.299367D+02
  328.8153  0.236395D+01  0.233761D+01  0.217149D+02
  328.9657  0.261574D+01  0.259322D+01  0.185692D+02
  329.1161  0.291984D+01  0.297293D+01 -0.437707D+02
   21 327.004 330.017 328.511 -2.250D-02  0.000D+00  1.574D+00  3.276D+01 10300  1.841D-02
  327.0043  0.276418D+01  0.279165D+01 -0.226451D+02
  327.1556  0.259866D+01  0.261203D+01 -0.110227D+02
  327.3068  0.254198D+01  0.254856D+01 -0.565560D+01
  327.4580  0.261052D+01  0.256456D+01  0.378936D+02
  327.6091  0.261981D+01  0.253676D+01  0.684782D+02
  327.7601  0.251725D+01  0.246654D+01  0.436267D+02
  327.9110  0.237152D+01  0.241768D+01 -0.397116D+02
  328.0619  0.234237D+01  0.241488D+01 -0.623864D+02
  328.2127  0.235337D+01  0.243408D+01 -0.694392D+02
  328.3635  0.244650D+01  0.245032D+01 -0.314994D+01
  328.5141  0.243828D+01  0.241551D+01  0.187697D+02
  328.6647  0.235845D+01  0.232497D+01  0.276042D+02
  328.8153  0.236395D+01  0.236012D+01  0.315852D+01
  328.9657  0.261574D+01  0.262029D+01 -0.375157D+01
  329.1161  0.291984D+01  0.289902D+01  0.171662D+02
  329.2665  0.310266D+01  0.306282D+01  0.315375D+02
  329.4167  0.315777D+01  0.316319D+01 -0.428868D+01
  329.5669  0.320851D+01  0.320886D+01 -0.263719D+00
  329.7171  0.320122D+01  0.322334D+01 -0.168290D+02
  329.8671  0.322695D+01  0.325771D+01 -0.234051D+02
  330.0171  0.332680D+01  0.330523D+01  0.164140D+02
   21 327.911 330.916 329.413 -2.485D-02  0.000D+00  1.682D+00  2.162D+01 10300  8.379D-03
  327.9110  0.237152D+01  0.231990D+01  0.444130D+02
  328.0619  0.234237D+01  0.236374D+01 -0.183903D+02
  328.2127  0.235337D+01  0.241608D+01 -0.539477D+02
  328.3635  0.244650D+01  0.245541D+01 -0.734709D+01
  328.5141  0.243828D+01  0.243534D+01  0.242119D+01
  328.6647  0.235845D+01  0.232533D+01  0.273015D+02
  328.8153  0.236395D+01  0.235123D+01  0.104877D+02
  328.9657  0.261574D+01  0.263739D+01 -0.178510D+02
  329.1161  0.291984D+01  0.292161D+01 -0.145767D+01
  329.2665  0.310266D+01  0.306476D+01  0.299978D+02
  329.4167  0.315777D+01  0.315734D+01  0.337122D+00
  329.5669  0.320851D+01  0.319428D+01  0.108346D+02
  329.7171  0.320122D+01  0.320307D+01 -0.140896D+01
  329.8671  0.322695D+01  0.324352D+01 -0.126122D+02
  330.0171  0.332680D+01  0.332355D+01  0.247336D+01
  330.1671  0.324046D+01  0.326497D+01 -0.186550D+02
  330.3169  0.303291D+01  0.300809D+01  0.196474D+02
  330.4667  0.271537D+01  0.275276D+01 -0.308275D+02
  330.6164  0.252676D+01  0.253113D+01 -0.360384D+01
  330.7661  0.250253D+01  0.247603D+01  0.218495D+02
  330.9157  0.261417D+01  0.261339D+01  0.642263D+00
   21 328.815 331.812 330.314 -1.172D-02  0.000D+00  1.647D+00  1.697D+01   300  6.942D-03
  328.8153  0.236395D+01  0.233193D+01  0.264027D+02
  328.9657  0.261574D+01  0.263015D+01 -0.118794D+02
  329.1161  0.291984D+01  0.294316D+01 -0.192201D+02
  329.2665  0.310266D+01  0.308977D+01  0.102081D+02
  329.4167  0.315777D+01  0.318028D+01 -0.178147D+02
  329.5669  0.320851D+01  0.321059D+01 -0.157890D+01
  329.7171  0.320122D+01  0.320274D+01 -0.115334D+01
  329.8671  0.322695D+01  0.322315D+01  0.289593D+01
  330.0171  0.332680D+01  0.329836D+01  0.216396D+02
  330.1671  0.324046D+01  0.325751D+01 -0.129776D+02
  330.3169  0.303291D+01  0.299558D+01  0.295445D+02
  330.4667  0.271537D+01  0.274331D+01 -0.230348D+02
  330.6164  0.252676D+01  0.252293D+01  0.315475D+01
  330.7661  0.250253D+01  0.246038D+01  0.347528D+02
  330.9157  0.261417D+01  0.263365D+01 -0.160644D+02
  331.0652  0.276411D+01  0.277578D+01 -0.923814D+01
  331.2147  0.273402D+01  0.276080D+01 -0.211973D+02
  331.3641  0.263010D+01  0.264331D+01 -0.104489D+02
  331.5134  0.258536D+01  0.256934D+01  0.132089D+02
  331.6627  0.268728D+01  0.267633D+01  0.866728D+01
  331.8119  0.286710D+01  0.286652D+01  0.442948D+00
   21 329.717 332.706 331.211  2.144D-04  0.000D+00  1.607D+00  2.650D+01 10300  9.227D-03
  329.7171  0.320122D+01  0.324956D+01 -0.367862D+02
  329.8671  0.322695D+01  0.322860D+01 -0.125097D+01
  330.0171  0.332680D+01  0.327633D+01  0.384047D+02
  330.1671  0.324046D+01  0.324012D+01  0.258776D+00
  330.3169  0.303291D+01  0.298788D+01  0.356418D+02
  330.4667  0.271537D+01  0.273712D+01 -0.179309D+02
  330.6164  0.252676D+01  0.252378D+01  0.245643D+01
  330.7661  0.250253D+01  0.245083D+01  0.426226D+02
  330.9157  0.261417D+01  0.262345D+01 -0.765290D+01
  331.0652  0.276411D+01  0.278833D+01 -0.191714D+02
  331.2147  0.273402D+01  0.279405D+01 -0.475087D+02
  331.3641  0.263010D+01  0.268386D+01 -0.425465D+02
  331.5134  0.258536D+01  0.259843D+01 -0.107740D+02
  331.6627  0.268728D+01  0.268179D+01  0.434324D+01
  331.8119  0.286710D+01  0.285272D+01  0.109422D+02
  331.9610  0.295186D+01  0.292003D+01  0.242276D+02
  332.1100  0.288189D+01  0.284266D+01  0.298591D+02
  332.2590  0.269243D+01  0.267619D+01  0.123572D+02
  332.4080  0.265340D+01  0.261220D+01  0.313563D+02
  332.5569  0.278934D+01  0.280709D+01 -0.135105D+02
  332.7057  0.293178D+01  0.297246D+01 -0.309598D+02
   21 330.616 333.597 332.107 -2.719D-04  0.000D+00  1.670D+00  1.927D+01 10300  7.212D-03
  330.6164  0.252676D+01  0.253677D+01 -0.825418D+01
  330.7661  0.250253D+01  0.245327D+01  0.406166D+02
  330.9157  0.261417D+01  0.261332D+01  0.696084D+00
  331.0652  0.276411D+01  0.277022D+01 -0.483342D+01
  331.2147  0.273402D+01  0.277626D+01 -0.334295D+02
  331.3641  0.263010D+01  0.267174D+01 -0.329515D+02
  331.5134  0.258536D+01  0.259371D+01 -0.688139D+01
  331.6627  0.268728D+01  0.268097D+01  0.499528D+01
  331.8119  0.286710D+01  0.285412D+01  0.987517D+01
  331.9610  0.295186D+01  0.292457D+01  0.207703D+02
  332.1100  0.288189D+01  0.284932D+01  0.247877D+02
  332.2590  0.269243D+01  0.268304D+01  0.714055D+01
  332.4080  0.265340D+01  0.261730D+01  0.274781D+02
  332.5569  0.278934D+01  0.279676D+01 -0.565046D+01
  332.7057  0.293178D+01  0.294007D+01 -0.631128D+01
  332.8544  0.284001D+01  0.285271D+01 -0.966240D+01
  333.0031  0.272223D+01  0.274508D+01 -0.173884D+02
  333.1517  0.275904D+01  0.279591D+01 -0.280629D+02
  333.3002  0.285988D+01  0.286562D+01 -0.437110D+01
  333.4487  0.275053D+01  0.274408D+01  0.491091D+01
  333.5971  0.249124D+01  0.246096D+01  0.230444D+02
   21 331.513 334.486 333.000  5.026D-03  0.000D+00  1.689D+00  1.302D+01 10300  5.226D-03
  331.5134  0.258536D+01  0.256612D+01  0.158675D+02
  331.6627  0.268728D+01  0.268374D+01  0.279952D+01
  331.8119  0.286710D+01  0.288173D+01 -0.111370D+02
  331.9610  0.295186D+01  0.296807D+01 -0.123312D+02
  332.1100  0.288189D+01  0.289501D+01 -0.998543D+01
  332.2590  0.269243D+01  0.271788D+01 -0.193696D+02
  332.4080  0.265340D+01  0.262914D+01  0.184659D+02
  332.5569  0.278934D+01  0.278959D+01 -0.193477D+00
  332.7057  0.293178D+01  0.292515D+01  0.504328D+01
  332.8544  0.284001D+01  0.282918D+01  0.824349D+01
  333.0031  0.272223D+01  0.270993D+01  0.935955D+01
  333.1517  0.275904D+01  0.275459D+01  0.338727D+01
  333.3002  0.285988D+01  0.283732D+01  0.171678D+02
  333.4487  0.275053D+01  0.274650D+01  0.306614D+01
  333.5971  0.249124D+01  0.249727D+01 -0.459439D+01
  333.7454  0.236495D+01  0.237173D+01 -0.516066D+01
  333.8937  0.246379D+01  0.250703D+01 -0.329042D+02
  334.0419  0.264290D+01  0.265777D+01 -0.113216D+02
  334.1901  0.270000D+01  0.270166D+01 -0.125959D+01
  334.3381  0.281028D+01  0.278036D+01  0.211422D+02
  334.4862  0.295386D+01  0.295101D+01  0.201620D+01
   18 332.408 334.930 333.669  6.560D-03  0.000D+00  1.651D+00  1.347D+01 10300  6.612D-03
  332.4080  0.265340D+01  0.265060D+01  0.212980D+01
  332.5569  0.278934D+01  0.280334D+01 -0.106572D+02
  332.7057  0.293178D+01  0.293567D+01 -0.295766D+01
  332.8544  0.284001D+01  0.283462D+01  0.410012D+01
  333.0031  0.272223D+01  0.270959D+01  0.961715D+01
  333.1517  0.275904D+01  0.275257D+01  0.491854D+01
  333.3002  0.285988D+01  0.283864D+01  0.161637D+02
  333.4487  0.275053D+01  0.275098D+01 -0.342583D+00
  333.5971  0.249124D+01  0.250005D+01 -0.670394D+01
  333.7454  0.236495D+01  0.237065D+01 -0.434202D+01
  333.8937  0.246379D+01  0.250784D+01 -0.335197D+02
  334.0419  0.264290D+01  0.266098D+01 -0.137597D+02
  334.1901  0.270000D+01  0.270227D+01 -0.172820D+01
  334.3381  0.281028D+01  0.277521D+01  0.247844D+02
  334.4862  0.295386D+01  0.294115D+01  0.898748D+01
  334.6342  0.306893D+01  0.304076D+01  0.199096D+02
  334.7820  0.294100D+01  0.294987D+01 -0.626895D+01
  334.9298  0.269050D+01  0.271202D+01 -0.152111D+02
   12 333.300 334.930 334.115  1.535D-02  0.000D+00  1.643D+00  8.503D+00 10300  6.631D-03
  333.3002  0.285988D+01  0.286072D+01 -0.639308D+00
  333.4487  0.275053D+01  0.275193D+01 -0.106273D+01
  333.5971  0.249124D+01  0.249131D+01 -0.560774D-01
  333.7454  0.236495D+01  0.234599D+01  0.144288D+02
  333.8937  0.246379D+01  0.247825D+01 -0.110044D+02
  334.0419  0.264290D+01  0.264946D+01 -0.499267D+01
  334.1901  0.270000D+01  0.270875D+01 -0.665812D+01
  334.3381  0.281028D+01  0.278804D+01  0.157139D+02
  334.4862  0.295386D+01  0.295795D+01 -0.289004D+01
  334.6342  0.306893D+01  0.306029D+01  0.610665D+01
  334.7820  0.294100D+01  0.295822D+01 -0.121672D+02
  334.9298  0.269050D+01  0.268316D+01  0.518580D+01
