           0
 T F
nwave fwave lwave wave  shift    squeeze     sin      rms    exval
   21 263.867 271.390 267.628 -1.032D-01  0.000D+00  2.851D-03  2.747D+00 10000  3.789D-02
  263.8665  0.969295D-03  0.105631D-02 -0.654099D+01
  264.2348  0.126289D-02  0.115535D-02  0.693723D+01
  264.6020  0.102041D-02  0.102196D-02 -0.107721D+00
  264.9681  0.963848D-03  0.942415D-03  0.173414D+01
  265.3330  0.113982D-02  0.108431D-02  0.473178D+01
  265.6969  0.114181D-02  0.114812D-02 -0.568141D+00
  266.0598  0.102240D-02  0.106316D-02 -0.385318D+01
  266.4216  0.974637D-03  0.986704D-03 -0.118770D+01
  267.1422  0.999880D-03  0.101756D-02 -0.174045D+01
  267.5010  0.103633D-02  0.104650D-02 -0.102238D+01
  267.8589  0.963953D-03  0.976742D-03 -0.131290D+01
  268.2159  0.990767D-03  0.963885D-03  0.264587D+01
  268.5719  0.966572D-03  0.963956D-03  0.268552D+00
  268.9270  0.949080D-03  0.928290D-03  0.215745D+01
  269.2813  0.940281D-03  0.926948D-03  0.136873D+01
  269.6347  0.934415D-03  0.946427D-03 -0.123307D+01
  269.9873  0.107173D-02  0.106642D-02  0.528167D+00
  270.3391  0.114107D-02  0.114142D-02 -0.341175D-01
  270.6901  0.109823D-02  0.110877D-02 -0.102633D+01
  271.0403  0.107257D-02  0.108635D-02 -0.135574D+01
  271.3896  0.104104D-02  0.102894D-02  0.120343D+01
   21 266.060 273.471 269.765 -1.825D-02  0.000D+00  2.878D-03  1.490D+00 10000  1.438D-02
  266.0598  0.102240D-02  0.104092D-02 -0.175031D+01
  266.4216  0.974637D-03  0.959090D-03  0.153017D+01
  267.1422  0.999880D-03  0.982805D-03  0.168063D+01
  267.5010  0.103633D-02  0.103248D-02  0.387445D+00
  267.8589  0.963953D-03  0.988307D-03 -0.250016D+01
  268.2159  0.990767D-03  0.963055D-03  0.272755D+01
  268.5719  0.966572D-03  0.978764D-03 -0.125163D+01
  268.9270  0.949080D-03  0.950201D-03 -0.116343D+00
  269.2813  0.940281D-03  0.944744D-03 -0.458166D+00
  269.6347  0.934415D-03  0.952513D-03 -0.185782D+01
  269.9873  0.107173D-02  0.105143D-02  0.201898D+01
  270.3391  0.114107D-02  0.114583D-02 -0.468431D+00
  270.6901  0.109823D-02  0.111880D-02 -0.200387D+01
  271.0403  0.107257D-02  0.106945D-02  0.307688D+00
  271.3896  0.104104D-02  0.101324D-02  0.276554D+01
  271.7383  0.868637D-03  0.857707D-03  0.108698D+01
  272.0863  0.719377D-03  0.725965D-03 -0.676257D+00
  272.4335  0.782642D-03  0.792776D-03 -0.105159D+01
  272.7800  0.951489D-03  0.957106D-03 -0.547279D+00
  273.1258  0.104733D-02  0.104296D-02  0.413214D+00
  273.4710  0.889900D-03  0.891350D-03 -0.144216D+00
   21 268.572 275.529 272.050 -5.869D-03  0.000D+00  3.003D-03  1.263D+00 10000  1.163D-02
  268.5719  0.966572D-03  0.968287D-03 -0.176136D+00
  268.9270  0.949080D-03  0.945467D-03  0.374907D+00
  269.2813  0.940281D-03  0.940750D-03 -0.481156D-01
  269.6347  0.934415D-03  0.950300D-03 -0.163066D+01
  269.9873  0.107173D-02  0.104580D-02  0.257961D+01
  270.3391  0.114107D-02  0.114314D-02 -0.202920D+00
  270.6901  0.109823D-02  0.112114D-02 -0.223139D+01
  271.0403  0.107257D-02  0.107105D-02  0.150176D+00
  271.3896  0.104104D-02  0.101650D-02  0.244137D+01
  271.7383  0.868637D-03  0.865000D-03  0.361705D+00
  272.0863  0.719377D-03  0.730355D-03 -0.112692D+01
  272.4335  0.782642D-03  0.790447D-03 -0.809932D+00
  272.7800  0.951489D-03  0.953796D-03 -0.224774D+00
  273.1258  0.104733D-02  0.104759D-02 -0.247350D-01
  273.4710  0.889900D-03  0.906063D-03 -0.160745D+01
  273.8155  0.733937D-03  0.715782D-03  0.184390D+01
  274.1594  0.604264D-03  0.602800D-03  0.153669D+00
  274.5026  0.581221D-03  0.570921D-03  0.105734D+01
  274.8453  0.585096D-03  0.593314D-03 -0.852797D+00
  275.1873  0.716445D-03  0.702582D-03  0.139313D+01
  275.5288  0.796259D-03  0.806944D-03 -0.105163D+01
   21 270.690 277.566 274.128 -1.647D-03  0.000D+00  3.119D-03  1.251D+00 10000  1.088D-02
  270.6901  0.109823D-02  0.111014D-02 -0.116007D+01
  271.0403  0.107257D-02  0.106633D-02  0.614622D+00
  271.3896  0.104104D-02  0.101684D-02  0.240724D+01
  271.7383  0.868637D-03  0.868744D-03 -0.106916D-01
  272.0863  0.719377D-03  0.733312D-03 -0.143045D+01
  272.4335  0.782642D-03  0.791598D-03 -0.929397D+00
  272.7800  0.951489D-03  0.954497D-03 -0.293063D+00
  273.1258  0.104733D-02  0.104986D-02 -0.239718D+00
  273.4710  0.889900D-03  0.909011D-03 -0.190066D+01
  273.8155  0.733937D-03  0.716973D-03  0.172294D+01
  274.1594  0.604264D-03  0.601948D-03  0.243027D+00
  274.5026  0.581221D-03  0.568418D-03  0.131431D+01
  274.8453  0.585096D-03  0.589145D-03 -0.420124D+00
  275.1873  0.716445D-03  0.696181D-03  0.203638D+01
  275.5288  0.796259D-03  0.799953D-03 -0.363546D+00
  275.8697  0.980817D-03  0.970033D-03  0.101933D+01
  276.2100  0.113070D-02  0.112617D-02  0.412485D+00
  276.5498  0.117051D-02  0.119516D-02 -0.217911D+01
  276.8890  0.119701D-02  0.121345D-02 -0.142702D+01
  277.2278  0.125294D-02  0.124441D-02  0.726945D+00
  277.5660  0.119554D-02  0.118414D-02  0.962964D+00
   21 272.780 279.585 276.183 -1.505D-03  0.000D+00  3.258D-03  1.404D+00 10000  1.289D-02
  272.7800  0.951489D-03  0.950237D-03  0.121923D+00
  273.1258  0.104733D-02  0.104566D-02  0.158090D+00
  273.4710  0.889900D-03  0.908371D-03 -0.183700D+01
  273.8155  0.733937D-03  0.718244D-03  0.159388D+01
  274.1594  0.604264D-03  0.603687D-03  0.605840D-01
  274.5026  0.581221D-03  0.570122D-03  0.113937D+01
  274.8453  0.585096D-03  0.591641D-03 -0.679160D+00
  275.1873  0.716445D-03  0.698101D-03  0.184342D+01
  275.5288  0.796259D-03  0.803330D-03 -0.695941D+00
  275.8697  0.980817D-03  0.973019D-03  0.737121D+00
  276.2100  0.113070D-02  0.112930D-02  0.127350D+00
  276.5498  0.117051D-02  0.119852D-02 -0.247672D+01
  276.8890  0.119701D-02  0.121764D-02 -0.179038D+01
  277.2278  0.125294D-02  0.124749D-02  0.464701D+00
  277.5660  0.119554D-02  0.118666D-02  0.749940D+00
  277.9037  0.103843D-02  0.995906D-03  0.362448D+01
  278.2410  0.882044D-03  0.882647D-03 -0.528450D-01
  278.5777  0.834804D-03  0.839254D-03 -0.389694D+00
  278.9141  0.698533D-03  0.710543D-03 -0.107152D+01
  279.2499  0.515128D-03  0.534250D-03 -0.177249D+01
  279.5853  0.449454D-03  0.436120D-03  0.123590D+01
   21 274.845 281.589 278.217 -2.727D-03  0.000D+00  3.554D-03  1.596D+00 10000  1.940D-02
  274.8453  0.585096D-03  0.599338D-03 -0.147793D+01
  275.1873  0.716445D-03  0.697482D-03  0.190568D+01
  275.5288  0.796259D-03  0.803514D-03 -0.714086D+00
  275.8697  0.980817D-03  0.967626D-03  0.124690D+01
  276.2100  0.113070D-02  0.112068D-02  0.911437D+00
  276.5498  0.117051D-02  0.119251D-02 -0.194488D+01
  276.8890  0.119701D-02  0.121850D-02 -0.186518D+01
  277.2278  0.125294D-02  0.124690D-02  0.515280D+00
  277.5660  0.119554D-02  0.118639D-02  0.773274D+00
  277.9037  0.103843D-02  0.100602D-02  0.276213D+01
  278.2410  0.882044D-03  0.892093D-03 -0.880178D+00
  278.5777  0.834804D-03  0.840886D-03 -0.532634D+00
  278.9141  0.698533D-03  0.711170D-03 -0.112753D+01
  279.2499  0.515128D-03  0.536981D-03 -0.202561D+01
  279.5853  0.449454D-03  0.435290D-03  0.131288D+01
  279.9203  0.444740D-03  0.410454D-03  0.314748D+01
  280.2549  0.454377D-03  0.444301D-03  0.952369D+00
  280.5890  0.547598D-03  0.572384D-03 -0.231993D+01
  280.9227  0.815846D-03  0.800263D-03  0.140355D+01
  281.2561  0.104356D-02  0.106099D-02 -0.151305D+01
  281.5891  0.134878D-02  0.134135D-02  0.622348D+00
   21 276.889 283.579 280.234 -1.449D-03  0.000D+00  3.964D-03  1.539D+00 10300  1.763D-02
  276.8890  0.119701D-02  0.121380D-02 -0.145750D+01
  277.2278  0.125294D-02  0.124342D-02  0.811774D+00
  277.5660  0.119554D-02  0.118536D-02  0.860420D+00
  277.9037  0.103843D-02  0.100915D-02  0.249553D+01
  278.2410  0.882044D-03  0.895460D-03 -0.117515D+01
  278.5777  0.834804D-03  0.843241D-03 -0.738981D+00
  278.9141  0.698533D-03  0.714508D-03 -0.142531D+01
  279.2499  0.515128D-03  0.541171D-03 -0.241399D+01
  279.5853  0.449454D-03  0.438601D-03  0.100594D+01
  279.9203  0.444740D-03  0.413135D-03  0.290137D+01
  280.2549  0.454377D-03  0.447248D-03  0.673871D+00
  280.5890  0.547598D-03  0.575578D-03 -0.261887D+01
  280.9227  0.815846D-03  0.802788D-03  0.117612D+01
  281.2561  0.104356D-02  0.106383D-02 -0.175979D+01
  281.5891  0.134878D-02  0.134325D-02  0.462996D+00
  281.9216  0.160488D-02  0.158463D-02  0.165222D+01
  282.2538  0.173654D-02  0.174538D-02 -0.703189D+00
  282.5857  0.183741D-02  0.183871D-02 -0.105634D+00
  282.9171  0.196917D-02  0.195112D-02  0.142424D+01
  283.2483  0.199924D-02  0.202187D-02 -0.180048D+01
  283.5790  0.196457D-02  0.195802D-02  0.525069D+00
   21 278.914 285.557 282.235  1.555D-02  0.000D+00  4.200D-03  2.117D+00 10000  1.169D-02
  278.9141  0.698533D-03  0.696708D-03  0.162887D+00
  279.2499  0.515128D-03  0.536845D-03 -0.201301D+01
  279.5853  0.449454D-03  0.439428D-03  0.929334D+00
  279.9203  0.444740D-03  0.416531D-03  0.258960D+01
  280.2549  0.454377D-03  0.447525D-03  0.647661D+00
  280.5890  0.547598D-03  0.570968D-03 -0.218736D+01
  280.9227  0.815846D-03  0.802485D-03  0.120344D+01
  281.2561  0.104356D-02  0.106091D-02 -0.150643D+01
  281.5891  0.134878D-02  0.134028D-02  0.711450D+00
  281.9216  0.160488D-02  0.158223D-02  0.184831D+01
  282.2538  0.173654D-02  0.174272D-02 -0.491908D+00
  282.5857  0.183741D-02  0.183116D-02  0.505749D+00
  282.9171  0.196917D-02  0.195105D-02  0.143009D+01
  283.2483  0.199924D-02  0.205593D-02 -0.451051D+01
  283.5790  0.196457D-02  0.201303D-02 -0.388815D+01
  283.9095  0.203307D-02  0.198536D-02  0.379537D+01
  284.2396  0.193733D-02  0.189102D-02  0.374688D+01
  284.5694  0.161619D-02  0.161839D-02 -0.186107D+00
  284.8989  0.114265D-02  0.115726D-02 -0.135466D+01
  285.2280  0.795840D-03  0.793063D-03  0.270487D+00
  285.5569  0.993176D-03  0.100475D-02 -0.111593D+01
   21 280.923 287.524 284.223  1.209D-03  0.000D+00  4.455D-03  2.373D+00 10000  8.783D-03
  280.9227  0.815846D-03  0.827188D-03 -0.102152D+01
  281.2561  0.104356D-02  0.107033D-02 -0.232364D+01
  281.5891  0.134878D-02  0.133915D-02  0.806262D+00
  281.9216  0.160488D-02  0.156976D-02  0.286595D+01
  282.2538  0.173654D-02  0.172546D-02  0.881634D+00
  282.5857  0.183741D-02  0.181339D-02  0.194349D+01
  282.9171  0.196917D-02  0.194846D-02  0.163449D+01
  283.2483  0.199924D-02  0.206724D-02 -0.540996D+01
  283.5790  0.196457D-02  0.202328D-02 -0.471059D+01
  283.9095  0.203307D-02  0.200988D-02  0.184482D+01
  284.2396  0.193733D-02  0.191208D-02  0.204313D+01
  284.5694  0.161619D-02  0.162399D-02 -0.658639D+00
  284.8989  0.114265D-02  0.113307D-02  0.887638D+00
  285.2280  0.795840D-03  0.755735D-03  0.390701D+01
  285.5569  0.993176D-03  0.980529D-03  0.121963D+01
  285.8854  0.168103D-02  0.166591D-02  0.126584D+01
  286.2136  0.230027D-02  0.229098D-02  0.726833D+00
  286.5416  0.256401D-02  0.257134D-02 -0.550768D+00
  286.8692  0.263765D-02  0.266939D-02 -0.236733D+01
  287.1966  0.286096D-02  0.288942D-02 -0.207428D+01
  287.5236  0.287468D-02  0.284006D-02  0.252281D+01
   21 282.917 289.480 286.199 -3.995D-03  0.000D+00  4.952D-03  2.764D+00 10300  7.881D-03
  282.9171  0.196917D-02  0.192334D-02  0.361659D+01
  283.2483  0.199924D-02  0.205129D-02 -0.414133D+01
  283.5790  0.196457D-02  0.201475D-02 -0.402632D+01
  283.9095  0.203307D-02  0.200645D-02  0.211761D+01
  284.2396  0.193733D-02  0.190740D-02  0.242201D+01
  284.5694  0.161619D-02  0.161618D-02  0.691056D-03
  284.8989  0.114265D-02  0.112284D-02  0.183561D+01
  285.2280  0.795840D-03  0.752144D-03  0.425682D+01
  285.5569  0.993176D-03  0.986008D-03  0.691285D+00
  285.8854  0.168103D-02  0.167241D-02  0.721468D+00
  286.2136  0.230027D-02  0.229322D-02  0.551404D+00
  286.5416  0.256401D-02  0.257286D-02 -0.665341D+00
  286.8692  0.263765D-02  0.268072D-02 -0.321239D+01
  287.1966  0.286096D-02  0.291692D-02 -0.407803D+01
  287.5236  0.287468D-02  0.288004D-02 -0.390476D+00
  287.8504  0.247027D-02  0.244229D-02  0.213645D+01
  288.1769  0.208293D-02  0.209868D-02 -0.123262D+01
  288.5031  0.268960D-02  0.264656D-02  0.318528D+01
  288.8290  0.338415D-02  0.330664D-02  0.532405D+01
  289.1547  0.356651D-02  0.359254D-02 -0.165674D+01
  289.4801  0.403157D-02  0.406998D-02 -0.244452D+01
   21 284.899 291.427 288.163 -6.046D-03  0.000D+00  5.473D-03  2.958D+00 10300  8.311D-03
  284.8989  0.114265D-02  0.113233D-02  0.956402D+00
  285.2280  0.795840D-03  0.751469D-03  0.432257D+01
  285.5569  0.993176D-03  0.992208D-03  0.934126D-01
  285.8854  0.168103D-02  0.168833D-02 -0.611623D+00
  286.2136  0.230027D-02  0.230928D-02 -0.705349D+00
  286.5416  0.256401D-02  0.258045D-02 -0.123543D+01
  286.8692  0.263765D-02  0.267859D-02 -0.305356D+01
  287.1966  0.286096D-02  0.291690D-02 -0.407712D+01
  287.5236  0.287468D-02  0.287322D-02  0.106606D+00
  287.8504  0.247027D-02  0.242752D-02  0.326490D+01
  288.1769  0.208293D-02  0.207404D-02  0.695260D+00
  288.5031  0.268960D-02  0.263401D-02  0.411398D+01
  288.8290  0.338415D-02  0.329050D-02  0.643233D+01
  289.1547  0.356651D-02  0.356345D-02  0.195127D+00
  289.4801  0.403157D-02  0.403764D-02 -0.386210D+00
  289.8052  0.481400D-02  0.481595D-02 -0.116033D+00
  290.1301  0.547912D-02  0.550264D-02 -0.132040D+01
  290.4546  0.578916D-02  0.583774D-02 -0.272802D+01
  290.7789  0.567080D-02  0.577277D-02 -0.572623D+01
  291.1029  0.575041D-02  0.573633D-02  0.790702D+00
  291.4267  0.591695D-02  0.582537D-02  0.485742D+01
   21 286.869 293.363 290.116  3.799D-03  0.000D+00  6.104D-03  3.122D+00 10000  1.036D-02
  286.8692  0.263765D-02  0.262520D-02  0.928611D+00
  287.1966  0.286096D-02  0.290597D-02 -0.328057D+01
  287.5236  0.287468D-02  0.289615D-02 -0.156490D+01
  287.8504  0.247027D-02  0.245806D-02  0.932366D+00
  288.1769  0.208293D-02  0.204711D-02  0.280256D+01
  288.5031  0.268960D-02  0.263093D-02  0.434231D+01
  288.8290  0.338415D-02  0.332567D-02  0.401655D+01
  289.1547  0.356651D-02  0.357482D-02 -0.528929D+00
  289.4801  0.403157D-02  0.403311D-02 -0.976001D-01
  289.8052  0.481400D-02  0.482247D-02 -0.504884D+00
  290.1301  0.547912D-02  0.552052D-02 -0.232500D+01
  290.4546  0.578916D-02  0.586681D-02 -0.436038D+01
  290.7789  0.567080D-02  0.578645D-02 -0.649445D+01
  291.1029  0.575041D-02  0.573180D-02  0.104505D+01
  291.4267  0.591695D-02  0.584596D-02  0.376544D+01
  291.7502  0.584154D-02  0.574233D-02  0.526175D+01
  292.0733  0.585201D-02  0.579369D-02  0.327547D+01
  292.3963  0.561634D-02  0.558074D-02  0.199915D+01
  292.7189  0.528116D-02  0.533311D-02 -0.291767D+01
  293.0413  0.596513D-02  0.602873D-02 -0.357166D+01
  293.3633  0.681774D-02  0.680031D-02  0.875877D+00
   21 288.829 295.610 292.219  6.787D-03  0.000D+00  6.967D-03  2.833D+00 10300  9.408D-03
  288.8290  0.338415D-02  0.336862D-02  0.106696D+01
  289.1547  0.356651D-02  0.356283D-02  0.234440D+00
  289.4801  0.403157D-02  0.400049D-02  0.197845D+01
  289.8052  0.481400D-02  0.480109D-02  0.770892D+00
  290.1301  0.547912D-02  0.550961D-02 -0.171229D+01
  290.4546  0.578916D-02  0.586589D-02 -0.430865D+01
  290.7789  0.567080D-02  0.577189D-02 -0.567671D+01
  291.1029  0.575041D-02  0.571385D-02  0.205324D+01
  291.4267  0.591695D-02  0.587104D-02  0.243537D+01
  291.7502  0.584154D-02  0.573639D-02  0.557704D+01
  292.0733  0.585201D-02  0.582229D-02  0.166893D+01
  292.3963  0.561634D-02  0.560220D-02  0.794002D+00
  292.7189  0.528116D-02  0.528044D-02  0.403245D-01
  293.0413  0.596513D-02  0.599499D-02 -0.167679D+01
  293.3633  0.681774D-02  0.683071D-02 -0.651738D+00
  293.6852  0.625213D-02  0.622188D-02  0.160449D+01
  294.0067  0.589600D-02  0.588341D-02  0.707167D+00
  294.3279  0.657788D-02  0.657208D-02  0.307898D+00
  294.6488  0.662502D-02  0.669134D-02 -0.351756D+01
  294.9694  0.630555D-02  0.639916D-02 -0.496500D+01
  295.6098  0.782747D-02  0.773129D-02  0.459123D+01
   21 290.779 297.523 294.151  4.761D-03  0.000D+00  8.043D-03  2.253D+00 10300  4.621D-03
  290.7789  0.567080D-02  0.571717D-02 -0.260361D+01
  291.1029  0.575041D-02  0.570296D-02  0.266450D+01
  291.4267  0.591695D-02  0.591433D-02  0.138875D+00
  291.7502  0.584154D-02  0.576782D-02  0.391014D+01
  292.0733  0.585201D-02  0.588077D-02 -0.161501D+01
  292.3963  0.561634D-02  0.564499D-02 -0.160880D+01
  292.7189  0.528116D-02  0.527671D-02  0.249748D+00
  293.0413  0.596513D-02  0.601406D-02 -0.274784D+01
  293.3633  0.681774D-02  0.687993D-02 -0.312452D+01
  293.6852  0.625213D-02  0.618742D-02  0.343240D+01
  294.0067  0.589600D-02  0.582945D-02  0.373750D+01
  294.3279  0.657788D-02  0.656156D-02  0.865503D+00
  294.6488  0.662502D-02  0.667897D-02 -0.286191D+01
  294.9694  0.630555D-02  0.633239D-02 -0.142370D+01
  295.6098  0.782747D-02  0.777489D-02  0.250984D+01
  295.9295  0.841194D-02  0.842365D-02 -0.558982D+00
  296.2489  0.893775D-02  0.891110D-02  0.121172D+01
  296.5680  0.754257D-02  0.754859D-02 -0.287511D+00
  296.8867  0.644381D-02  0.650076D-02 -0.302036D+01
  297.2051  0.734251D-02  0.732749D-02  0.754830D+00
  297.5232  0.951384D-02  0.950210D-02  0.533863D+00
   21 292.719 299.424 296.072  5.193D-03  0.000D+00  9.410D-03  4.423D+00 10000  5.462D-03
  292.7189  0.528116D-02  0.514273D-02  0.777394D+01
  293.0413  0.596513D-02  0.598435D-02 -0.107889D+01
  293.3633  0.681774D-02  0.694673D-02 -0.648141D+01
  293.6852  0.625213D-02  0.626075D-02 -0.457058D+00
  294.0067  0.589600D-02  0.589364D-02  0.132486D+00
  294.3279  0.657788D-02  0.664019D-02 -0.330458D+01
  294.6488  0.662502D-02  0.673213D-02 -0.568145D+01
  294.9694  0.630555D-02  0.631452D-02 -0.475805D+00
  295.6098  0.782747D-02  0.769381D-02  0.638059D+01
  295.9295  0.841194D-02  0.831339D-02  0.470436D+01
  296.2489  0.893775D-02  0.880639D-02  0.597216D+01
  296.5680  0.754257D-02  0.745045D-02  0.439711D+01
  296.8867  0.644381D-02  0.643139D-02  0.659053D+00
  297.2051  0.734251D-02  0.731724D-02  0.126954D+01
  297.5232  0.951384D-02  0.961762D-02 -0.471803D+01
  297.8410  0.114652D-01  0.116582D-01 -0.800943D+01
  298.1584  0.954736D-02  0.965617D-02 -0.472217D+01
  298.4754  0.757399D-02  0.760935D-02 -0.168794D+01
  298.7921  0.940595D-02  0.942012D-02 -0.643887D+00
  299.1084  0.127515D-01  0.126715D-01  0.305153D+01
  299.4243  0.129348D-01  0.128110D-01  0.472679D+01
   21 294.649 301.311 297.980 -3.086D-03  0.000D+00  1.246D-02  8.942D+00 10000  9.788D-03
  294.6488  0.662502D-02  0.669684D-02 -0.380945D+01
  294.9694  0.630555D-02  0.627028D-02  0.187063D+01
  295.6098  0.782747D-02  0.773266D-02  0.452584D+01
  295.9295  0.841194D-02  0.840060D-02  0.541042D+00
  296.2489  0.893775D-02  0.892227D-02  0.703575D+00
  296.5680  0.754257D-02  0.743994D-02  0.489890D+01
  296.8867  0.644381D-02  0.644367D-02  0.767130D-02
  297.2051  0.734251D-02  0.736661D-02 -0.121119D+01
  297.5232  0.951384D-02  0.971992D-02 -0.936908D+01
  297.8410  0.114652D-01  0.117531D-01 -0.119516D+02
  298.1584  0.954736D-02  0.950905D-02  0.166253D+01
  298.4754  0.757399D-02  0.743883D-02  0.645201D+01
  298.7921  0.940595D-02  0.935205D-02  0.245043D+01
  299.1084  0.127515D-01  0.125815D-01  0.649122D+01
  299.4243  0.129348D-01  0.124363D-01  0.190346D+02
  299.7398  0.140691D-01  0.140081D-01  0.223917D+01
  300.0550  0.123765D-01  0.127969D-01 -0.160566D+02
  300.3697  0.121701D-01  0.130061D-01 -0.110843D+02
  300.6840  0.157283D-01  0.169608D-01 -0.161194D+02
  300.9979  0.187815D-01  0.192264D-01 -0.573913D+01
  301.3114  0.247362D-01  0.234766D-01  0.158229D+02
   21 296.887 303.183 300.035 -2.094D-03  0.000D+00  1.925D-02  1.485D+01 10000  1.511D-02
  296.8867  0.644381D-02  0.602107D-02  0.224220D+02
  297.2051  0.734251D-02  0.727081D-02  0.360250D+01
  297.5232  0.951384D-02  0.986957D-02 -0.161725D+02
  297.8410  0.114652D-01  0.121231D-01 -0.273095D+02
  298.1584  0.954736D-02  0.970382D-02 -0.678988D+01
  298.4754  0.757399D-02  0.744745D-02  0.604065D+01
  298.7921  0.940595D-02  0.929020D-02  0.526258D+01
  299.1084  0.127515D-01  0.124683D-01  0.108120D+02
  299.4243  0.129348D-01  0.121064D-01  0.316341D+02
  299.7398  0.140691D-01  0.137404D-01  0.120709D+02
  300.0550  0.123765D-01  0.125400D-01 -0.624567D+01
  300.3697  0.121701D-01  0.128678D-01 -0.925168D+01
  300.6840  0.157283D-01  0.172890D-01 -0.204115D+02
  300.9979  0.187815D-01  0.200181D-01 -0.159543D+02
  301.3114  0.247362D-01  0.253955D-01 -0.828221D+01
  301.6244  0.264226D-01  0.272354D-01 -0.100780D+02
  301.9370  0.219207D-01  0.224975D-01 -0.724619D+01
  302.2491  0.250389D-01  0.258475D-01 -0.101573D+02
  302.5608  0.376552D-01  0.389155D-01 -0.150396D+02
  302.8719  0.526021D-01  0.522843D-01  0.379259D+01
  303.1826  0.644381D-01  0.628197D-01  0.193136D+02
   21 298.792 305.036 301.914 -1.852D-02  0.000D+00  3.616D-02  2.613D+01 10000  2.515D-02
  298.7921  0.940595D-02  0.958404D-02 -0.809653D+01
  299.1084  0.127515D-01  0.127455D-01  0.228700D+00
  299.4243  0.129348D-01  0.123461D-01  0.224813D+02
  299.7398  0.140691D-01  0.140575D-01  0.426520D+00
  300.0550  0.123765D-01  0.125470D-01 -0.651337D+01
  300.3697  0.121701D-01  0.131748D-01 -0.133224D+02
  300.6840  0.157283D-01  0.173612D-01 -0.213559D+02
  300.9979  0.187815D-01  0.200616D-01 -0.165152D+02
  301.3114  0.247362D-01  0.251408D-01 -0.508320D+01
  301.6244  0.264226D-01  0.264261D-01 -0.443017D-01
  301.9370  0.219207D-01  0.216243D-01  0.372280D+01
  302.2491  0.250389D-01  0.255913D-01 -0.693890D+01
  302.5608  0.376552D-01  0.380444D-01 -0.464476D+01
  302.8719  0.526021D-01  0.507830D-01  0.217097D+02
  303.1826  0.644381D-01  0.608232D-01  0.431399D+02
  303.4928  0.739593D-01  0.716606D-01  0.274329D+02
  303.8024  0.689944D-01  0.692274D-01 -0.278041D+01
  304.1115  0.702514D-01  0.746281D-01 -0.522317D+02
  304.4201  0.866542D-01  0.927030D-01 -0.641657D+02
  304.7281  0.102135D+00  0.102494D+00 -0.380490D+01
  305.0356  0.125566D+00  0.120068D+00  0.524956D+02
   21 300.684 306.868 303.776  3.977D-03  0.000D+00  7.675D-02  4.174D+01 10300  2.506D-02
  300.6840  0.157283D-01  0.171855D-01 -0.190586D+02
  300.9979  0.187815D-01  0.190611D-01 -0.360646D+01
  301.3114  0.247362D-01  0.237947D-01  0.118274D+02
  301.6244  0.264226D-01  0.256139D-01  0.100261D+02
  301.9370  0.219207D-01  0.213940D-01  0.661617D+01
  302.2491  0.250389D-01  0.245538D-01  0.609413D+01
  302.5608  0.376552D-01  0.375360D-01  0.142243D+01
  302.8719  0.526021D-01  0.510295D-01  0.187669D+02
  303.1826  0.644381D-01  0.618380D-01  0.310300D+02
  303.4928  0.739593D-01  0.738786D-01  0.962919D+00
  303.8024  0.689944D-01  0.719278D-01 -0.350065D+02
  304.1115  0.702514D-01  0.760753D-01 -0.695023D+02
  304.4201  0.866542D-01  0.934887D-01 -0.725002D+02
  304.7281  0.102135D+00  0.103669D+00 -0.162680D+02
  305.0356  0.125566D+00  0.117700D+00  0.751012D+02
  305.3425  0.149144D+00  0.141651D+00  0.715331D+02
  305.6487  0.131924D+00  0.127181D+00  0.452890D+02
  305.9544  0.119753D+00  0.116762D+00  0.285516D+02
  306.2595  0.148076D+00  0.155385D+00 -0.634368D+02
  306.5638  0.154664D+00  0.162020D+00 -0.638456D+02
  306.8676  0.178168D+00  0.173684D+00  0.356741D+02
   21 302.561 308.676 305.618  9.732D-03  0.000D+00  1.432D-01  5.749D+01 10000  3.305D-02
  302.5608  0.376552D-01  0.401477D-01 -0.297448D+02
  302.8719  0.526021D-01  0.521150D-01  0.581295D+01
  303.1826  0.644381D-01  0.613179D-01  0.372360D+02
  303.4928  0.739593D-01  0.723965D-01  0.186505D+02
  303.8024  0.689944D-01  0.701248D-01 -0.134896D+02
  304.1115  0.702514D-01  0.739857D-01 -0.445647D+02
  304.4201  0.866542D-01  0.913753D-01 -0.500819D+02
  304.7281  0.102135D+00  0.102472D+00 -0.357639D+01
  305.0356  0.125566D+00  0.116772D+00  0.839598D+02
  305.3425  0.149144D+00  0.142843D+00  0.601582D+02
  305.6487  0.131924D+00  0.129829D+00  0.200052D+02
  305.9544  0.119753D+00  0.119069D+00  0.652912D+01
  306.2595  0.148076D+00  0.160479D+00 -0.107650D+03
  306.5638  0.154664D+00  0.169108D+00 -0.125366D+03
  306.8676  0.178168D+00  0.181531D+00 -0.267553D+02
  307.1707  0.232740D+00  0.226328D+00  0.437226D+02
  307.4731  0.257648D+00  0.241512D+00  0.102699D+03
  307.7748  0.273621D+00  0.258852D+00  0.881251D+02
  308.0758  0.277999D+00  0.278634D+00 -0.378748D+01
  308.3761  0.286693D+00  0.292389D+00 -0.319898D+02
  308.6756  0.319897D+00  0.328054D+00 -0.409887D+02
   19 304.420 309.866 307.143 -1.320D-02  0.000D+00  2.155D-01  6.612D+01 10000  3.668D-02
  304.4201  0.866542D-01  0.895523D-01 -0.307435D+02
  304.7281  0.102135D+00  0.102179D+00 -0.463263D+00
  305.0356  0.125566D+00  0.120314D+00  0.501465D+02
  305.3425  0.149144D+00  0.144572D+00  0.436474D+02
  305.6487  0.131924D+00  0.129049D+00  0.274501D+02
  305.9544  0.119753D+00  0.121467D+00 -0.163676D+02
  306.2595  0.148076D+00  0.161707D+00 -0.118314D+03
  306.5638  0.154664D+00  0.166626D+00 -0.103821D+03
  306.8676  0.178168D+00  0.181610D+00 -0.273847D+02
  307.1707  0.232740D+00  0.223545D+00  0.627004D+02
  307.4731  0.257648D+00  0.237209D+00  0.130086D+03
  307.7748  0.273621D+00  0.256123D+00  0.104408D+03
  308.0758  0.277999D+00  0.275614D+00  0.142347D+02
  308.3761  0.286693D+00  0.294982D+00 -0.465501D+02
  308.6756  0.319897D+00  0.331410D+00 -0.578511D+02
  308.9744  0.293459D+00  0.307803D+00 -0.684700D+02
  309.2723  0.265503D+00  0.275834D+00 -0.469671D+02
  309.5695  0.307642D+00  0.304020D+00  0.150347D+02
  309.8659  0.331094D+00  0.309026D+00  0.810333D+02
   13 306.259 309.866 308.063 -2.353D-02  0.000D+00  2.688D-01  4.433D+01   300  3.853D-02
  306.2595  0.148076D+00  0.141413D+00  0.578284D+02
  306.5638  0.154664D+00  0.161591D+00 -0.601180D+02
  306.8676  0.178168D+00  0.187206D+00 -0.719014D+02
  307.1707  0.232740D+00  0.233614D+00 -0.596150D+01
  307.4731  0.257648D+00  0.246376D+00  0.717436D+02
  307.7748  0.273621D+00  0.262751D+00  0.648633D+02
  308.0758  0.277999D+00  0.276705D+00  0.772599D+01
  308.3761  0.286693D+00  0.292352D+00 -0.317810D+02
  308.6756  0.319897D+00  0.323346D+00 -0.173307D+02
  308.9744  0.293459D+00  0.298420D+00 -0.236786D+02
  309.2723  0.265503D+00  0.271114D+00 -0.255071D+02
  309.5695  0.307642D+00  0.306928D+00  0.296378D+01
  309.8659  0.331094D+00  0.320755D+00  0.379646D+02
   21 310.032 313.205 311.618 -2.955D-02  0.000D+00  5.799D-01  2.040D+01 10300  1.714D-02
  310.0320  0.354802D+00  0.341528D+00  0.177455D+02
  310.1914  0.348418D+00  0.366077D+00 -0.240832D+02
  310.3507  0.430914D+00  0.458212D+00 -0.387968D+02
  310.5099  0.557444D+00  0.559717D+00 -0.323048D+01
  310.6691  0.642600D+00  0.631155D+00  0.171699D+02
  310.8281  0.693768D+00  0.678264D+00  0.232581D+02
  310.9871  0.718120D+00  0.699260D+00  0.299590D+02
  311.1460  0.718330D+00  0.706702D+00  0.184705D+02
  311.3049  0.704347D+00  0.715327D+00 -0.185314D+02
  311.4636  0.707384D+00  0.712971D+00 -0.942863D+01
  311.6223  0.672767D+00  0.687042D+00 -0.240935D+02
  311.7809  0.637363D+00  0.645241D+00 -0.141823D+02
  311.9394  0.604212D+00  0.613537D+00 -0.167878D+02
  312.0978  0.607354D+00  0.616765D+00 -0.169413D+02
  312.2562  0.657526D+00  0.659911D+00 -0.429352D+01
  312.4144  0.723358D+00  0.713014D+00  0.174575D+02
  312.5726  0.760175D+00  0.742621D+00  0.296263D+02
  312.7307  0.773163D+00  0.764549D+00  0.145379D+02
  312.8888  0.798982D+00  0.794477D+00  0.760434D+01
  313.0468  0.821921D+00  0.816222D+00  0.961762D+01
  313.2046  0.806524D+00  0.824380D+00 -0.301355D+02
   21 310.987 314.150 312.569  4.182D-02  0.000D+00  6.655D-01  4.517D+01 10304  3.750D-02
  310.9871  0.718120D+00  0.694743D+00  0.371335D+02
  311.1460  0.718330D+00  0.703223D+00  0.239971D+02
  311.3049  0.704347D+00  0.711874D+00 -0.127034D+02
  311.4636  0.707384D+00  0.718587D+00 -0.189079D+02
  311.6223  0.672767D+00  0.704557D+00 -0.536532D+02
  311.7809  0.637363D+00  0.666910D+00 -0.531902D+02
  311.9394  0.604212D+00  0.625057D+00 -0.375262D+02
  312.0978  0.607354D+00  0.609747D+00 -0.430676D+01
  312.2562  0.657526D+00  0.636825D+00  0.372674D+02
  312.4144  0.723358D+00  0.693706D+00  0.500429D+02
  312.5726  0.760175D+00  0.733560D+00  0.449182D+02
  312.7307  0.773163D+00  0.749152D+00  0.405232D+02
  312.8888  0.798982D+00  0.772342D+00  0.449616D+02
  313.0468  0.821921D+00  0.794894D+00  0.456145D+02
  313.2046  0.806524D+00  0.799525D+00  0.118126D+02
  313.3624  0.771540D+00  0.796346D+00 -0.418658D+02
  313.5201  0.763789D+00  0.809395D+00 -0.769707D+02
  313.6778  0.810923D+00  0.858897D+00 -0.809669D+02
  313.8354  0.914200D+00  0.935217D+00 -0.354712D+02
  313.9929  0.998571D+00  0.991717D+00  0.108864D+02
  314.1503  0.102738D+01  0.979320D+00  0.763322D+02
   21 311.939 315.093 313.516  2.779D-02  0.000D+00  7.318D-01  4.262D+01 10300  1.642D-02
  311.9394  0.604212D+00  0.617915D+00 -0.246680D+02
  312.0978  0.607354D+00  0.615356D+00 -0.144055D+02
  312.2562  0.657526D+00  0.652784D+00  0.853772D+01
  312.4144  0.723358D+00  0.715956D+00  0.124922D+02
  312.5726  0.760175D+00  0.751675D+00  0.143448D+02
  312.7307  0.773163D+00  0.760530D+00  0.213202D+02
  312.8888  0.798982D+00  0.780678D+00  0.308924D+02
  313.0468  0.821921D+00  0.797024D+00  0.420184D+02
  313.2046  0.806524D+00  0.794579D+00  0.201586D+02
  313.3624  0.771540D+00  0.786085D+00 -0.245486D+02
  313.5201  0.763789D+00  0.799089D+00 -0.595763D+02
  313.6778  0.810923D+00  0.853627D+00 -0.720718D+02
  313.8354  0.914200D+00  0.938990D+00 -0.418390D+02
  313.9929  0.998571D+00  0.100633D+01 -0.123329D+02
  314.1503  0.102738D+01  0.100715D+01  0.321274D+02
  314.3076  0.913257D+00  0.911693D+00  0.248433D+01
  314.4649  0.787042D+00  0.770075D+00  0.286341D+02
  314.6221  0.772796D+00  0.744266D+00  0.481510D+02
  314.7792  0.935358D+00  0.877816D+00  0.914016D+02
  314.9362  0.107430D+01  0.105639D+01  0.284447D+02
  315.0931  0.113254D+01  0.119132D+01 -0.933762D+02
   21 312.889 316.033 314.461 -9.439D-03  0.000D+00  8.409D-01  4.795D+01   300  1.530D-02
  312.8888  0.798982D+00  0.810061D+00 -0.186981D+02
  313.0468  0.821921D+00  0.797498D+00  0.412190D+02
  313.2046  0.806524D+00  0.777881D+00  0.483409D+02
  313.3624  0.771540D+00  0.766884D+00  0.785671D+01
  313.5201  0.763789D+00  0.788769D+00 -0.421593D+02
  313.6778  0.810923D+00  0.856208D+00 -0.764279D+02
  313.8354  0.914200D+00  0.948422D+00 -0.577562D+02
  313.9929  0.998571D+00  0.101151D+01 -0.205490D+02
  314.1503  0.102738D+01  0.998275D+00  0.462246D+02
  314.3076  0.913257D+00  0.885372D+00  0.442932D+02
  314.4649  0.787042D+00  0.756796D+00  0.510459D+02
  314.6221  0.772796D+00  0.765939D+00  0.115738D+02
  314.7792  0.935358D+00  0.904011D+00  0.497925D+02
  314.9362  0.107430D+01  0.104547D+01  0.457927D+02
  315.0931  0.113254D+01  0.112016D+01  0.196589D+02
  315.2500  0.112348D+01  0.113650D+01 -0.206807D+02
  315.4068  0.107530D+01  0.111527D+01 -0.634943D+02
  315.5635  0.992443D+00  0.103542D+01 -0.682588D+02
  315.7202  0.852297D+00  0.886010D+00 -0.535514D+02
  315.8768  0.745773D+00  0.733589D+00  0.205630D+02
  316.0333  0.721682D+00  0.667858D+00  0.908382D+02
   21 313.835 316.971 315.403 -3.330D-02  0.000D+00  9.284D-01  4.250D+01 10300  1.238D-02
  313.8354  0.914200D+00  0.932228D+00 -0.304257D+02
  313.9929  0.998571D+00  0.101374D+01 -0.241000D+02
  314.1503  0.102738D+01  0.100102D+01  0.418665D+02
  314.3076  0.913257D+00  0.882514D+00  0.488337D+02
  314.4649  0.787042D+00  0.767800D+00  0.324748D+02
  314.6221  0.772796D+00  0.796888D+00 -0.406595D+02
  314.7792  0.935358D+00  0.934428D+00  0.147769D+01
  314.9362  0.107430D+01  0.105878D+01  0.246536D+02
  315.0931  0.113254D+01  0.111730D+01  0.242010D+02
  315.2500  0.112348D+01  0.112519D+01 -0.272616D+01
  315.4068  0.107530D+01  0.109986D+01 -0.390135D+02
  315.5635  0.992443D+00  0.101924D+01 -0.425672D+02
  315.7202  0.852297D+00  0.881844D+00 -0.469338D+02
  315.8768  0.745773D+00  0.761253D+00 -0.261261D+02
  316.0333  0.721682D+00  0.741902D+00 -0.341264D+02
  316.1897  0.831872D+00  0.828126D+00  0.595004D+01
  316.3460  0.985530D+00  0.957956D+00  0.413662D+02
  316.5023  0.111248D+01  0.106220D+01  0.754282D+02
  316.6585  0.119622D+01  0.113988D+01  0.800813D+02
  316.8146  0.123419D+01  0.123044D+01  0.533487D+01
  316.9706  0.131458D+01  0.137394D+01 -0.843579D+02
   21 314.779 317.905 316.342 -4.742D-02  0.000D+00  9.907D-01  3.943D+01 10300  1.938D-02
  314.7792  0.935358D+00  0.946495D+00 -0.176897D+02
  314.9362  0.107430D+01  0.106327D+01  0.175162D+02
  315.0931  0.113254D+01  0.110979D+01  0.361355D+02
  315.2500  0.112348D+01  0.111506D+01  0.133759D+02
  315.4068  0.107530D+01  0.109389D+01 -0.295287D+02
  315.5635  0.992443D+00  0.101355D+01 -0.335203D+02
  315.7202  0.852297D+00  0.870190D+00 -0.284219D+02
  315.8768  0.745773D+00  0.750118D+00 -0.733346D+01
  316.0333  0.721682D+00  0.744768D+00 -0.389625D+02
  316.1897  0.831872D+00  0.846058D+00 -0.225338D+02
  316.3460  0.985530D+00  0.981849D+00  0.552211D+01
  316.5023  0.111248D+01  0.107343D+01  0.585787D+02
  316.6585  0.119622D+01  0.113174D+01  0.916405D+02
  316.8146  0.123419D+01  0.119875D+01  0.503655D+02
  316.9706  0.131458D+01  0.131223D+01  0.333824D+01
  317.1266  0.142189D+01  0.146275D+01 -0.580683D+02
  317.2825  0.153229D+01  0.154363D+01 -0.153132D+02
  317.4383  0.152051D+01  0.153658D+01 -0.228476D+02
  317.5941  0.147761D+01  0.150663D+01 -0.412343D+02
  317.7497  0.138785D+01  0.139822D+01 -0.147428D+02
  317.9053  0.123131D+01  0.118051D+01  0.721963D+02
   21 315.720 318.837 317.279 -2.607D-02  0.000D+00  1.055D+00  3.415D+01   300  1.188D-02
  315.7202  0.852297D+00  0.857188D+00 -0.776964D+01
  315.8768  0.745773D+00  0.741743D+00  0.680142D+01
  316.0333  0.721682D+00  0.734508D+00 -0.216474D+02
  316.1897  0.831872D+00  0.841138D+00 -0.147187D+02
  316.3460  0.985530D+00  0.994993D+00 -0.141967D+02
  316.5023  0.111248D+01  0.109629D+01  0.242873D+02
  316.6585  0.119622D+01  0.114980D+01  0.659702D+02
  316.8146  0.123419D+01  0.120522D+01  0.411749D+02
  316.9706  0.131458D+01  0.130144D+01  0.186721D+02
  317.1266  0.142189D+01  0.145700D+01 -0.498974D+02
  317.2825  0.153229D+01  0.154682D+01 -0.196180D+02
  317.4383  0.152051D+01  0.153127D+01 -0.152948D+02
  317.5941  0.147761D+01  0.150589D+01 -0.401879D+02
  317.7497  0.138785D+01  0.142746D+01 -0.563003D+02
  317.9053  0.123131D+01  0.121028D+01  0.298962D+02
  318.0609  0.105209D+01  0.102236D+01  0.472320D+02
  318.2163  0.101978D+01  0.100147D+01  0.290820D+02
  318.3716  0.112966D+01  0.110432D+01  0.380031D+02
  318.5269  0.128578D+01  0.125965D+01  0.371326D+02
  318.6822  0.142446D+01  0.143032D+01 -0.833198D+01
  318.8373  0.159226D+01  0.162333D+01 -0.419589D+02
   21 316.658 319.767 318.213 -8.847D-03  0.000D+00  1.158D+00  3.968D+01 10300  9.315D-03
  316.6585  0.119622D+01  0.123367D+01 -0.532164D+02
  316.8146  0.123419D+01  0.123387D+01  0.456546D+00
  316.9706  0.131458D+01  0.128433D+01  0.430004D+02
  317.1266  0.142189D+01  0.141050D+01  0.161821D+02
  317.2825  0.153229D+01  0.150151D+01  0.415527D+02
  317.4383  0.152051D+01  0.149847D+01  0.313155D+02
  317.5941  0.147761D+01  0.148635D+01 -0.124124D+02
  317.7497  0.138785D+01  0.143914D+01 -0.728945D+02
  317.9053  0.123131D+01  0.125221D+01 -0.296982D+02
  318.0609  0.105209D+01  0.106206D+01 -0.158310D+02
  318.2163  0.101978D+01  0.102979D+01 -0.159035D+02
  318.3716  0.112966D+01  0.112689D+01  0.415136D+01
  318.5269  0.128578D+01  0.127635D+01  0.133941D+02
  318.6822  0.142446D+01  0.142912D+01 -0.662724D+01
  318.8373  0.159226D+01  0.158172D+01  0.142251D+02
  318.9924  0.168249D+01  0.166319D+01  0.248206D+02
  319.1474  0.156282D+01  0.151702D+01  0.618421D+02
  319.3023  0.131788D+01  0.129365D+01  0.344370D+02
  319.4572  0.121272D+01  0.126541D+01 -0.748803D+02
  319.6119  0.130007D+01  0.134949D+01 -0.702328D+02
  319.7666  0.145735D+01  0.142624D+01  0.442067D+02
   21 317.594 320.693 319.144  6.222D-03  0.000D+00  1.238D+00  6.171D+01 10300  1.538D-02
  317.5941  0.147761D+01  0.138424D+01  0.132703D+03
  317.7497  0.138785D+01  0.142515D+01 -0.530182D+02
  317.9053  0.123131D+01  0.129379D+01 -0.887988D+02
  318.0609  0.105209D+01  0.110743D+01 -0.879033D+02
  318.2163  0.101978D+01  0.106042D+01 -0.645473D+02
  318.3716  0.112966D+01  0.114516D+01 -0.232553D+02
  318.5269  0.128578D+01  0.128202D+01  0.534590D+01
  318.6822  0.142446D+01  0.141826D+01  0.880136D+01
  318.8373  0.159226D+01  0.154961D+01  0.575777D+02
  318.9924  0.168249D+01  0.162503D+01  0.738942D+02
  319.1474  0.156282D+01  0.149150D+01  0.962940D+02
  319.3023  0.131788D+01  0.126490D+01  0.752919D+02
  319.4572  0.121272D+01  0.122664D+01 -0.197905D+02
  319.6119  0.130007D+01  0.133241D+01 -0.459571D+02
  319.7666  0.145735D+01  0.146026D+01 -0.414170D+01
  319.9213  0.153957D+01  0.158472D+01 -0.609532D+02
  320.0758  0.159377D+01  0.162940D+01 -0.458044D+02
  320.2303  0.161320D+01  0.166332D+01 -0.644471D+02
  320.3847  0.176435D+01  0.176462D+01 -0.350867D+00
  320.5391  0.189983D+01  0.187859D+01  0.273214D+02
  320.6933  0.197467D+01  0.193679D+01  0.465013D+02
   21 318.527 321.617 320.072  5.663D-02  0.000D+00  1.228D+00  4.073D+01   300  9.744D-03
  318.5269  0.128578D+01  0.132835D+01 -0.605017D+02
  318.6822  0.142446D+01  0.143874D+01 -0.202973D+02
  318.8373  0.159226D+01  0.154527D+01  0.634342D+02
  318.9924  0.168249D+01  0.163057D+01  0.667713D+02
  319.1474  0.156282D+01  0.155934D+01  0.470631D+01
  319.3023  0.131788D+01  0.133239D+01 -0.206275D+02
  319.4572  0.121272D+01  0.122133D+01 -0.122438D+02
  319.6119  0.130007D+01  0.129899D+01  0.154362D+01
  319.7666  0.145735D+01  0.142797D+01  0.417508D+02
  319.9213  0.153957D+01  0.156689D+01 -0.368844D+02
  320.0758  0.159377D+01  0.164704D+01 -0.684920D+02
  320.2303  0.161320D+01  0.167653D+01 -0.814313D+02
  320.3847  0.176435D+01  0.175601D+01  0.107227D+02
  320.5391  0.189983D+01  0.186488D+01  0.449447D+02
  320.6933  0.197467D+01  0.192758D+01  0.578069D+02
  320.8475  0.189271D+01  0.188653D+01  0.759225D+01
  321.0016  0.172481D+01  0.172660D+01 -0.230609D+01
  321.1557  0.153156D+01  0.153056D+01  0.128543D+01
  321.3097  0.141922D+01  0.141809D+01  0.161150D+01
  321.4636  0.144263D+01  0.142950D+01  0.177315D+02
  321.6174  0.154219D+01  0.157136D+01 -0.375149D+02
   21 319.457 322.539 320.998  2.776D-02  0.000D+00  1.360D+00  5.238D+01 10300  1.635D-02
  319.4572  0.121272D+01  0.121697D+01 -0.603745D+01
  319.6119  0.130007D+01  0.128567D+01  0.204769D+02
  319.7666  0.145735D+01  0.141329D+01  0.626096D+02
  319.9213  0.153957D+01  0.154119D+01 -0.218904D+01
  320.0758  0.159377D+01  0.162818D+01 -0.442443D+02
  320.2303  0.161320D+01  0.169484D+01 -0.104967D+03
  320.3847  0.176435D+01  0.179040D+01 -0.334932D+02
  320.5391  0.189983D+01  0.189144D+01  0.107953D+02
  320.6933  0.197467D+01  0.193305D+01  0.510940D+02
  320.8475  0.189271D+01  0.186830D+01  0.299609D+02
  321.0016  0.172481D+01  0.170393D+01  0.268531D+02
  321.1557  0.153156D+01  0.152403D+01  0.967377D+01
  321.3097  0.141922D+01  0.141649D+01  0.388166D+01
  321.4636  0.144263D+01  0.141950D+01  0.312315D+02
  321.6174  0.154219D+01  0.151969D+01  0.289334D+02
  321.7712  0.170637D+01  0.166746D+01  0.500440D+02
  321.9249  0.178577D+01  0.179890D+01 -0.168859D+02
  322.0785  0.177430D+01  0.183349D+01 -0.761124D+02
  322.2320  0.164871D+01  0.173798D+01 -0.114786D+03
  322.3855  0.158859D+01  0.158654D+01  0.263096D+01
  322.5389  0.151412D+01  0.143216D+01  0.105392D+03
   21 320.385 323.458 321.921 -1.765D-02  0.000D+00  1.350D+00  3.111D+01   300  9.522D-03
  320.3847  0.176435D+01  0.175930D+01  0.649112D+01
  320.5391  0.189983D+01  0.191446D+01 -0.188000D+02
  320.6933  0.197467D+01  0.196714D+01  0.924841D+01
  320.8475  0.189271D+01  0.188614D+01  0.806268D+01
  321.0016  0.172481D+01  0.170965D+01  0.194954D+02
  321.1557  0.153156D+01  0.153413D+01 -0.330192D+01
  321.3097  0.141922D+01  0.144228D+01 -0.327707D+02
  321.4636  0.144263D+01  0.145513D+01 -0.168712D+02
  321.6174  0.154219D+01  0.155112D+01 -0.114899D+02
  321.7712  0.170637D+01  0.167663D+01  0.382470D+02
  321.9249  0.178577D+01  0.177089D+01  0.191300D+02
  322.0785  0.177430D+01  0.177177D+01  0.325538D+01
  322.2320  0.164871D+01  0.168653D+01 -0.486338D+02
  322.3855  0.158859D+01  0.158332D+01  0.678137D+01
  322.5389  0.151412D+01  0.148793D+01  0.336750D+02
  322.6922  0.142001D+01  0.138943D+01  0.412829D+02
  322.8455  0.128169D+01  0.132417D+01 -0.603663D+02
  322.9987  0.131914D+01  0.135297D+01 -0.480833D+02
  323.1518  0.149589D+01  0.147401D+01  0.281423D+02
  323.3048  0.165123D+01  0.160804D+01  0.555307D+02
  323.4578  0.167705D+01  0.170135D+01 -0.312495D+02
   21 321.310 324.374 322.842 -4.337D-02  0.000D+00  1.359D+00  4.085D+01   300  1.565D-02
  321.3097  0.141922D+01  0.145337D+01 -0.485305D+02
  321.4636  0.144263D+01  0.144620D+01 -0.481770D+01
  321.6174  0.154219D+01  0.153539D+01  0.874274D+01
  321.7712  0.170637D+01  0.166229D+01  0.566850D+02
  321.9249  0.178577D+01  0.176656D+01  0.246989D+02
  322.0785  0.177430D+01  0.176012D+01  0.182334D+02
  322.2320  0.164871D+01  0.165829D+01 -0.123141D+02
  322.3855  0.158859D+01  0.158312D+01  0.703957D+01
  322.5389  0.151412D+01  0.151662D+01 -0.321308D+01
  322.6922  0.142001D+01  0.141159D+01  0.113634D+02
  322.8455  0.128169D+01  0.133893D+01 -0.813465D+02
  322.9987  0.131914D+01  0.138314D+01 -0.909594D+02
  323.1518  0.149589D+01  0.153442D+01 -0.495420D+02
  323.3048  0.165123D+01  0.162799D+01  0.298780D+02
  323.4578  0.167705D+01  0.161254D+01  0.829509D+02
  323.6107  0.164871D+01  0.162459D+01  0.310228D+02
  323.7635  0.174429D+01  0.172157D+01  0.278919D+02
  323.9163  0.186155D+01  0.185299D+01  0.100499D+02
  324.0690  0.198709D+01  0.197666D+01  0.122352D+02
  324.2216  0.202280D+01  0.204275D+01 -0.234215D+02
  324.3741  0.203768D+01  0.205557D+01 -0.210043D+02
   21 322.232 325.288 323.760 -3.551D-02  0.000D+00  1.499D+00  4.910D+01 10300  1.875D-02
  322.2320  0.164871D+01  0.161956D+01  0.374904D+02
  322.3855  0.158859D+01  0.156911D+01  0.250486D+02
  322.5389  0.151412D+01  0.153576D+01 -0.278252D+02
  322.6922  0.142001D+01  0.141967D+01  0.458634D+00
  322.8455  0.128169D+01  0.132958D+01 -0.680570D+02
  322.9987  0.131914D+01  0.136225D+01 -0.612661D+02
  323.1518  0.149589D+01  0.154950D+01 -0.689284D+02
  323.3048  0.165123D+01  0.166006D+01 -0.113575D+02
  323.4578  0.167705D+01  0.160675D+01  0.903913D+02
  323.6107  0.164871D+01  0.159724D+01  0.661840D+02
  323.7635  0.174429D+01  0.170125D+01  0.528297D+02
  323.9163  0.186155D+01  0.183089D+01  0.360005D+02
  324.0690  0.198709D+01  0.196409D+01  0.269951D+02
  324.2216  0.202280D+01  0.203755D+01 -0.173123D+02
  324.3741  0.203768D+01  0.203736D+01  0.367048D+00
  324.5266  0.205774D+01  0.207819D+01 -0.240164D+02
  324.6790  0.200919D+01  0.204252D+01 -0.391393D+02
  324.8314  0.187140D+01  0.187841D+01 -0.823398D+01
  324.9836  0.173554D+01  0.179862D+01 -0.774190D+02
  325.1359  0.178954D+01  0.180997D+01 -0.239829D+02
  325.2880  0.191398D+01  0.183716D+01  0.901824D+02
   21 323.152 326.199 324.676 -2.683D-02  0.000D+00  1.474D+00  2.497D+01 10300  9.536D-03
  323.1518  0.149589D+01  0.150773D+01 -0.152254D+02
  323.3048  0.165123D+01  0.167032D+01 -0.245561D+02
  323.4578  0.167705D+01  0.164423D+01  0.421935D+02
  323.6107  0.164871D+01  0.163743D+01  0.145081D+02
  323.7635  0.174429D+01  0.173953D+01  0.583846D+01
  323.9163  0.186155D+01  0.186317D+01 -0.190613D+01
  324.0690  0.198709D+01  0.198361D+01  0.407632D+01
  324.2216  0.202280D+01  0.204471D+01 -0.257137D+02
  324.3741  0.203768D+01  0.202494D+01  0.149527D+02
  324.5266  0.205774D+01  0.204888D+01  0.104006D+02
  324.6790  0.200919D+01  0.201395D+01 -0.558695D+01
  324.8314  0.187140D+01  0.185512D+01  0.191085D+02
  324.9836  0.173554D+01  0.178288D+01 -0.580953D+02
  325.1359  0.178954D+01  0.182297D+01 -0.392503D+02
  325.2880  0.191398D+01  0.190368D+01  0.120821D+02
  325.4401  0.207957D+01  0.204864D+01  0.363147D+02
  325.5920  0.227215D+01  0.228051D+01 -0.941521D+01
  325.7440  0.246121D+01  0.245337D+01  0.846035D+01
  325.8958  0.262173D+01  0.258582D+01  0.387830D+02
  326.0476  0.271280D+01  0.271713D+01 -0.450026D+01
  326.1993  0.275784D+01  0.278434D+01 -0.275223D+02
   21 324.069 327.108 325.589  1.852D-02  0.000D+00  1.483D+00  3.856D+01   300  1.249D-02
  324.0690  0.198709D+01  0.202116D+01 -0.400038D+02
  324.2216  0.202280D+01  0.205826D+01 -0.416279D+02
  324.3741  0.203768D+01  0.199642D+01  0.484393D+02
  324.5266  0.205774D+01  0.198497D+01  0.854296D+02
  324.6790  0.200919D+01  0.200446D+01  0.554980D+01
  324.8314  0.187140D+01  0.186372D+01  0.900778D+01
  324.9836  0.173554D+01  0.176060D+01 -0.307579D+02
  325.1359  0.178954D+01  0.181142D+01 -0.256840D+02
  325.2880  0.191398D+01  0.191017D+01  0.447129D+01
  325.4401  0.207957D+01  0.204802D+01  0.370450D+02
  325.5920  0.227215D+01  0.230082D+01 -0.322616D+02
  325.7440  0.246121D+01  0.251950D+01 -0.629668D+02
  325.8958  0.262173D+01  0.262632D+01 -0.496475D+01
  326.0476  0.271280D+01  0.273569D+01 -0.237751D+02
  326.1993  0.275784D+01  0.274041D+01  0.180981D+02
  326.3510  0.267096D+01  0.267936D+01 -0.872674D+01
  326.5025  0.260999D+01  0.256248D+01  0.493532D+02
  326.6540  0.265991D+01  0.259067D+01  0.719052D+02
  326.8055  0.279570D+01  0.279291D+01  0.289958D+01
  326.9568  0.281341D+01  0.283120D+01 -0.184836D+02
  327.1082  0.264006D+01  0.267314D+01 -0.343588D+02
   21 324.984 328.015 326.499  2.227D-02  0.000D+00  1.610D+00  3.372D+01 10300  1.249D-02
  324.9836  0.173554D+01  0.172591D+01  0.118288D+02
  325.1359  0.178954D+01  0.178937D+01  0.202880D+00
  325.2880  0.191398D+01  0.190128D+01  0.149027D+02
  325.4401  0.207957D+01  0.205061D+01  0.340095D+02
  325.5920  0.227215D+01  0.230154D+01 -0.330775D+02
  325.7440  0.246121D+01  0.252260D+01 -0.663152D+02
  325.8958  0.262173D+01  0.263429D+01 -0.135751D+02
  326.0476  0.271280D+01  0.273466D+01 -0.227003D+02
  326.1993  0.275784D+01  0.273875D+01  0.198309D+02
  326.3510  0.267096D+01  0.267208D+01 -0.116832D+01
  326.5025  0.260999D+01  0.255897D+01  0.529900D+02
  326.6540  0.265991D+01  0.258034D+01  0.826402D+02
  326.8055  0.279570D+01  0.276874D+01  0.280009D+02
  326.9568  0.281341D+01  0.281744D+01 -0.419322D+01
  327.1082  0.264006D+01  0.268134D+01 -0.428760D+02
  327.2594  0.254511D+01  0.256633D+01 -0.220420D+02
  327.4105  0.257815D+01  0.261813D+01 -0.415172D+02
  327.5616  0.263822D+01  0.265391D+01 -0.162920D+02
  327.7126  0.255967D+01  0.255677D+01  0.300440D+01
  327.8636  0.241758D+01  0.241972D+01 -0.230513D+01
  328.0145  0.234384D+01  0.231454D+01  0.316484D+02
   21 325.896 328.918 327.407  1.568D-02  0.000D+00  1.575D+00  3.647D+01 10300  1.891D-02
  325.8958  0.262173D+01  0.259600D+01  0.277920D+02
  326.0476  0.271280D+01  0.272364D+01 -0.112568D+02
  326.1993  0.275784D+01  0.275926D+01 -0.147676D+01
  326.3510  0.267096D+01  0.270961D+01 -0.401423D+02
  326.5025  0.260999D+01  0.264260D+01 -0.338659D+02
  326.6540  0.265991D+01  0.266286D+01 -0.306986D+01
  326.8055  0.279570D+01  0.275436D+01  0.429404D+02
  326.9568  0.281341D+01  0.276389D+01  0.514318D+02
  327.1082  0.264006D+01  0.266047D+01 -0.211995D+02
  327.2594  0.254511D+01  0.257380D+01 -0.298026D+02
  327.4105  0.257815D+01  0.257518D+01  0.309077D+01
  327.5616  0.263822D+01  0.258100D+01  0.594318D+02
  327.7126  0.255967D+01  0.252568D+01  0.352946D+02
  327.8636  0.241758D+01  0.244886D+01 -0.337841D+02
  328.0145  0.234384D+01  0.240421D+01 -0.652019D+02
  328.1653  0.234348D+01  0.239885D+01 -0.598169D+02
  328.3161  0.242072D+01  0.240796D+01  0.137848D+02
  328.4668  0.245801D+01  0.240721D+01  0.527587D+02
  328.6174  0.239244D+01  0.236117D+01  0.337831D+02
  328.7679  0.234494D+01  0.234476D+01  0.195010D+00
  328.9184  0.251347D+01  0.253732D+01 -0.238491D+02
   21 326.805 329.820 328.313 -2.037D-02  0.000D+00  1.559D+00  5.290D+01   300  2.947D-02
  326.8055  0.279570D+01  0.286822D+01 -0.753130D+02
  326.9568  0.281341D+01  0.277461D+01  0.402920D+02
  327.1082  0.264006D+01  0.263299D+01  0.734124D+01
  327.2594  0.254511D+01  0.254886D+01 -0.389814D+01
  327.4105  0.257815D+01  0.254254D+01  0.369852D+02
  327.5616  0.263822D+01  0.253709D+01  0.105039D+03
  327.7126  0.255967D+01  0.249270D+01  0.695515D+02
  327.8636  0.241758D+01  0.244532D+01 -0.299605D+02
  328.0145  0.234384D+01  0.242948D+01 -0.924961D+02
  328.1653  0.234348D+01  0.244113D+01 -0.105482D+03
  328.3161  0.242072D+01  0.245374D+01 -0.356662D+02
  328.4668  0.245801D+01  0.243538D+01  0.235043D+02
  328.6174  0.239244D+01  0.237501D+01  0.188339D+02
  328.7679  0.234494D+01  0.237496D+01 -0.324266D+02
  328.9184  0.251347D+01  0.254622D+01 -0.327469D+02
  329.0688  0.283184D+01  0.280530D+01  0.265480D+02
  329.2192  0.306720D+01  0.300664D+01  0.710973D+02
  329.3695  0.315497D+01  0.312768D+01  0.320484D+02
  329.5197  0.320007D+01  0.319305D+01  0.789792D+01
  329.6698  0.322531D+01  0.322325D+01  0.231721D+01
  329.8199  0.320886D+01  0.325264D+01 -0.492564D+02
   21 327.713 330.719 329.216 -2.447D-02  0.000D+00  1.666D+00  4.329D+01 10300  1.609D-02
  327.7126  0.255967D+01  0.247191D+01  0.911398D+02
  327.8636  0.241758D+01  0.242195D+01 -0.471603D+01
  328.0145  0.234384D+01  0.241138D+01 -0.729547D+02
  328.1653  0.234348D+01  0.243009D+01 -0.935541D+02
  328.3161  0.242072D+01  0.244958D+01 -0.311636D+02
  328.4668  0.245801D+01  0.243394D+01  0.250008D+02
  328.6174  0.239244D+01  0.235113D+01  0.446278D+02
  328.7679  0.234494D+01  0.232679D+01  0.196042D+02
  328.9184  0.251347D+01  0.252506D+01 -0.115881D+02
  329.0688  0.283184D+01  0.281672D+01  0.151281D+02
  329.2192  0.306720D+01  0.301375D+01  0.627570D+02
  329.3695  0.315497D+01  0.313155D+01  0.275040D+02
  329.5197  0.320007D+01  0.319776D+01  0.259625D+01
  329.6698  0.322531D+01  0.322452D+01  0.889651D+00
  329.8199  0.320886D+01  0.326113D+01 -0.588049D+02
  329.9699  0.331361D+01  0.332960D+01 -0.179940D+02
  330.1199  0.329868D+01  0.331823D+01 -0.219991D+02
  330.2697  0.313057D+01  0.311686D+01  0.161002D+02
  330.4196  0.282791D+01  0.284241D+01 -0.139774D+02
  330.5693  0.257223D+01  0.259544D+01 -0.232078D+02
  330.7190  0.250855D+01  0.245708D+01  0.514743D+02
   21 328.617 331.616 330.117 -1.969D-03  0.000D+00  1.671D+00  2.034D+01 10300  5.761D-03
  328.6174  0.239244D+01  0.238523D+01  0.779381D+01
  328.7679  0.234494D+01  0.232943D+01  0.167565D+02
  328.9184  0.251347D+01  0.252284D+01 -0.936841D+01
  329.0688  0.283184D+01  0.285668D+01 -0.248418D+02
  329.2192  0.306720D+01  0.305983D+01  0.865119D+01
  329.3695  0.315497D+01  0.316341D+01 -0.990036D+01
  329.5197  0.320007D+01  0.321823D+01 -0.204344D+02
  329.6698  0.322531D+01  0.321596D+01  0.105163D+02
  329.8199  0.320886D+01  0.322010D+01 -0.126383D+02
  329.9699  0.331361D+01  0.327667D+01  0.415587D+02
  330.1199  0.329868D+01  0.330176D+01 -0.346604D+01
  330.2697  0.313057D+01  0.311154D+01  0.223409D+02
  330.4196  0.282791D+01  0.284126D+01 -0.128700D+02
  330.5693  0.257223D+01  0.261187D+01 -0.396364D+02
  330.7190  0.250855D+01  0.246824D+01  0.403156D+02
  330.8686  0.256249D+01  0.256558D+01 -0.308569D+01
  331.0181  0.273343D+01  0.274141D+01 -0.769329D+01
  331.1676  0.276852D+01  0.278423D+01 -0.151480D+02
  331.3170  0.267556D+01  0.269759D+01 -0.212411D+02
  331.4664  0.259580D+01  0.259182D+01  0.384290D+01
  331.6157  0.264582D+01  0.262462D+01  0.204404D+02
   21 329.520 332.510 331.015  2.311D-03  0.000D+00  1.611D+00  3.277D+01 10300  9.114D-03
  329.5197  0.320007D+01  0.323619D+01 -0.406386D+02
  329.6698  0.322531D+01  0.321658D+01  0.982739D+01
  329.8199  0.320886D+01  0.320923D+01 -0.406212D+00
  329.9699  0.331361D+01  0.326068D+01  0.595549D+02
  330.1199  0.329868D+01  0.329840D+01  0.316756D+00
  330.2697  0.313057D+01  0.311156D+01  0.223229D+02
  330.4196  0.282791D+01  0.284224D+01 -0.138152D+02
  330.5693  0.257223D+01  0.261749D+01 -0.452652D+02
  330.7190  0.250855D+01  0.246641D+01  0.421465D+02
  330.8686  0.256249D+01  0.257041D+01 -0.792232D+01
  331.0181  0.273343D+01  0.276262D+01 -0.281511D+02
  331.1676  0.276852D+01  0.281267D+01 -0.425723D+02
  331.3170  0.267556D+01  0.272515D+01 -0.478249D+02
  331.4664  0.259580D+01  0.260614D+01 -0.997330D+01
  331.6157  0.264582D+01  0.262700D+01  0.181502D+02
  331.7649  0.281786D+01  0.279208D+01  0.240061D+02
  331.9140  0.295554D+01  0.291281D+01  0.384648D+02
  332.0631  0.294255D+01  0.289149D+01  0.459671D+02
  332.2121  0.276769D+01  0.275798D+01  0.935746D+01
  332.3611  0.265702D+01  0.264999D+01  0.678325D+01
  332.5099  0.274323D+01  0.280266D+01 -0.553396D+02
   21 330.420 333.402 331.911 -1.457D-03  0.000D+00  1.661D+00  2.576D+01 10300  7.742D-03
  330.4196  0.282791D+01  0.284072D+01 -0.123535D+02
  330.5693  0.257223D+01  0.259528D+01 -0.230509D+02
  330.7190  0.250855D+01  0.243602D+01  0.725419D+02
  330.8686  0.256249D+01  0.254546D+01  0.170342D+02
  331.0181  0.273343D+01  0.274199D+01 -0.824594D+01
  331.1676  0.276852D+01  0.279629D+01 -0.267771D+02
  331.3170  0.267556D+01  0.271686D+01 -0.398250D+02
  331.4664  0.259580D+01  0.260843D+01 -0.121777D+02
  331.6157  0.264582D+01  0.264400D+01  0.175061D+01
  331.7649  0.281786D+01  0.282169D+01 -0.356990D+01
  331.9140  0.295554D+01  0.294246D+01  0.117766D+02
  332.0631  0.294255D+01  0.290950D+01  0.297559D+02
  332.2121  0.276769D+01  0.275524D+01  0.120004D+02
  332.3611  0.265702D+01  0.262102D+01  0.347254D+02
  332.5099  0.274323D+01  0.274238D+01  0.787212D+00
  332.6588  0.291427D+01  0.294772D+01 -0.301017D+02
  332.8075  0.291689D+01  0.291472D+01  0.195775D+01
  332.9562  0.275239D+01  0.277089D+01 -0.166528D+02
  333.1048  0.274888D+01  0.277032D+01 -0.192985D+02
  333.2534  0.284582D+01  0.286256D+01 -0.150612D+02
  333.4019  0.284095D+01  0.280581D+01  0.316337D+02
   21 331.317 334.291 332.804  1.275D-02  0.000D+00  1.706D+00  1.724D+01 10300  5.374D-03
  331.3170  0.267556D+01  0.265825D+01  0.166936D+02
  331.4664  0.259580D+01  0.259605D+01 -0.243588D+00
  331.6157  0.264582D+01  0.264428D+01  0.148189D+01
  331.7649  0.281786D+01  0.283403D+01 -0.150560D+02
  331.9140  0.295554D+01  0.297417D+01 -0.167691D+02
  332.0631  0.294255D+01  0.295250D+01 -0.895154D+01
  332.2121  0.276769D+01  0.279636D+01 -0.276556D+02
  332.3611  0.265702D+01  0.263682D+01  0.194844D+02
  332.5099  0.274323D+01  0.271712D+01  0.243114D+02
  332.6588  0.291427D+01  0.291630D+01 -0.182618D+01
  332.8075  0.291689D+01  0.289807D+01  0.169411D+02
  332.9562  0.275239D+01  0.274919D+01  0.288763D+01
  333.1048  0.274888D+01  0.273348D+01  0.138676D+02
  333.2534  0.284582D+01  0.283777D+01  0.724810D+01
  333.4019  0.284095D+01  0.282795D+01  0.117072D+02
  333.5503  0.259528D+01  0.261085D+01 -0.150205D+02
  333.6987  0.239181D+01  0.239430D+01 -0.240136D+01
  333.8470  0.241701D+01  0.245343D+01 -0.351329D+02
  333.9952  0.260612D+01  0.263234D+01 -0.244124D+02
  334.1434  0.270704D+01  0.270235D+01  0.422178D+01
  334.2915  0.277444D+01  0.274155D+01  0.296036D+02
   19 332.212 334.883 333.548  4.871D-03  0.000D+00  1.667D+00  1.820D+01 10300  5.608D-03
  332.2121  0.276769D+01  0.278440D+01 -0.161234D+02
  332.3611  0.265702D+01  0.264027D+01  0.161537D+02
  332.5099  0.274323D+01  0.273718D+01  0.563550D+01
  332.6588  0.291427D+01  0.292933D+01 -0.135477D+02
  332.8075  0.291689D+01  0.289933D+01  0.158044D+02
  332.9562  0.275239D+01  0.275382D+01 -0.128419D+01
  333.1048  0.274888D+01  0.274620D+01  0.241260D+01
  333.2534  0.284582D+01  0.284571D+01  0.102262D+00
  333.4019  0.284095D+01  0.282165D+01  0.173775D+02
  333.5503  0.259528D+01  0.259685D+01 -0.151847D+01
  333.6987  0.239181D+01  0.239150D+01  0.300782D+00
  333.8470  0.241701D+01  0.246194D+01 -0.433391D+02
  333.9952  0.260612D+01  0.263608D+01 -0.278939D+02
  334.1434  0.270704D+01  0.270346D+01  0.322396D+01
  334.2915  0.277444D+01  0.275113D+01  0.209815D+02
  334.4395  0.291286D+01  0.290134D+01  0.103689D+02
  334.5875  0.307055D+01  0.304853D+01  0.237873D+02
  334.7354  0.304059D+01  0.303214D+01  0.912851D+01
  334.8832  0.279062D+01  0.282795D+01 -0.335957D+02
   13 333.105 334.883 333.994  2.476D-02  0.000D+00  1.651D+00  1.303D+01 10300  8.197D-03
  333.1048  0.274888D+01  0.277014D+01 -0.191334D+02
  333.2534  0.284582D+01  0.283065D+01  0.136562D+02
  333.4019  0.284095D+01  0.281329D+01  0.248993D+02
  333.5503  0.259528D+01  0.260520D+01 -0.957265D+01
  333.6987  0.239181D+01  0.238470D+01  0.686235D+01
  333.8470  0.241701D+01  0.242948D+01 -0.120336D+02
  333.9952  0.260612D+01  0.262221D+01 -0.149811D+02
  334.1434  0.270704D+01  0.271839D+01 -0.102143D+02
  334.2915  0.277444D+01  0.276924D+01  0.468095D+01
  334.4395  0.291286D+01  0.290868D+01  0.376279D+01
  334.5875  0.307055D+01  0.305672D+01  0.149422D+02
  334.7354  0.304059D+01  0.303813D+01  0.266283D+01
  334.8832  0.279062D+01  0.280457D+01 -0.125487D+02
