           0
 T F
nwave fwave lwave wave  shift    squeeze     sin      rms    exval
   21 263.850 270.962 267.406 -4.135D-02  0.000D+00  4.030D-03  2.770D+00 10000  4.762D-02
  263.8499  0.959617D-03  0.108773D-02 -0.678572D+01
  264.2134  0.146828D-02  0.131112D-02  0.652307D+01
  264.5760  0.129837D-02  0.126867D-02  0.129034D+01
  264.9377  0.118293D-02  0.116152D-02  0.104475D+01
  265.2984  0.140715D-02  0.132457D-02  0.425272D+01
  265.6583  0.150712D-02  0.149735D-02  0.517785D+00
  266.0174  0.140373D-02  0.145804D-02 -0.305055D+01
  266.3755  0.134170D-02  0.136064D-02 -0.108569D+01
  266.7329  0.136526D-02  0.135127D-02  0.836249D+00
  267.0895  0.137029D-02  0.139740D-02 -0.162090D+01
  267.4453  0.143322D-02  0.146800D-02 -0.208004D+01
  267.8002  0.135878D-02  0.141607D-02 -0.346302D+01
  268.1544  0.139510D-02  0.136159D-02  0.200436D+01
  268.5079  0.142028D-02  0.137694D-02  0.259141D+01
  268.8606  0.131797D-02  0.133649D-02 -0.114440D+01
  269.2126  0.135213D-02  0.131542D-02  0.229422D+01
  269.5638  0.133505D-02  0.131976D-02  0.924470D+00
  269.9144  0.142909D-02  0.143487D-02 -0.357227D+00
  270.2643  0.160134D-02  0.158658D-02  0.882418D+00
  270.6135  0.158426D-02  0.158424D-02  0.117569D-02
  270.9620  0.150425D-02  0.152817D-02 -0.147849D+01
   21 266.017 273.040 269.529  2.393D-03  0.000D+00  4.061D-03  1.601D+00 10000  2.232D-02
  266.0174  0.140373D-02  0.143431D-02 -0.171790D+01
  266.3755  0.134170D-02  0.133308D-02  0.494315D+00
  266.7329  0.136526D-02  0.131539D-02  0.298226D+01
  267.0895  0.137029D-02  0.136119D-02  0.543983D+00
  267.4453  0.143322D-02  0.144198D-02 -0.524001D+00
  267.8002  0.135878D-02  0.141840D-02 -0.360409D+01
  268.1544  0.139510D-02  0.136057D-02  0.206534D+01
  268.5079  0.142028D-02  0.138673D-02  0.200619D+01
  268.8606  0.131797D-02  0.135999D-02 -0.259699D+01
  269.2126  0.135213D-02  0.133724D-02  0.930471D+00
  269.5638  0.133505D-02  0.134170D-02 -0.402224D+00
  269.9144  0.142909D-02  0.143714D-02 -0.497592D+00
  270.2643  0.160134D-02  0.159474D-02  0.394444D+00
  270.6135  0.158426D-02  0.159760D-02 -0.797853D+00
  270.9620  0.150425D-02  0.151568D-02 -0.706463D+00
  271.3099  0.148501D-02  0.145239D-02  0.201549D+01
  271.6571  0.129693D-02  0.127250D-02  0.152644D+01
  272.0037  0.103675D-02  0.104473D-02 -0.521920D+00
  272.3497  0.102561D-02  0.105490D-02 -0.193986D+01
  272.6951  0.126439D-02  0.125833D-02  0.366300D+00
  273.0399  0.144923D-02  0.144832D-02  0.542946D-01
   21 268.154 275.097 271.626  3.171D-02  0.000D+00  4.167D-03  1.169D+00 10000  1.230D-02
  268.1544  0.139510D-02  0.138927D-02  0.348886D+00
  268.5079  0.142028D-02  0.140354D-02  0.100108D+01
  268.8606  0.131797D-02  0.137073D-02 -0.326060D+01
  269.2126  0.135213D-02  0.133574D-02  0.102431D+01
  269.5638  0.133505D-02  0.133524D-02 -0.116659D-01
  269.9144  0.142909D-02  0.141402D-02  0.931096D+00
  270.2643  0.160134D-02  0.157917D-02  0.132561D+01
  270.6135  0.158426D-02  0.159757D-02 -0.795814D+00
  270.9620  0.150425D-02  0.151541D-02 -0.689691D+00
  271.3099  0.148501D-02  0.146199D-02  0.142223D+01
  271.6571  0.129693D-02  0.129708D-02 -0.963687D-02
  272.0037  0.103675D-02  0.106069D-02 -0.156631D+01
  272.3497  0.102561D-02  0.105002D-02 -0.161669D+01
  272.6951  0.126439D-02  0.125167D-02  0.768595D+00
  273.0399  0.144923D-02  0.146584D-02 -0.993646D+00
  273.3841  0.139690D-02  0.137512D-02  0.127491D+01
  273.7278  0.109609D-02  0.109272D-02  0.208479D+00
  274.0708  0.895787D-03  0.889343D-03  0.402669D+00
  274.4134  0.818830D-03  0.806261D-03  0.812819D+00
  274.7554  0.809840D-03  0.807249D-03  0.165636D+00
  275.0968  0.894708D-03  0.910524D-03 -0.977403D+00
   21 270.264 277.135 273.700  3.968D-02  0.000D+00  4.360D-03  1.200D+00 10300  1.210D-02
  270.2643  0.160134D-02  0.158603D-02  0.915428D+00
  270.6135  0.158426D-02  0.160306D-02 -0.112416D+01
  270.9620  0.150425D-02  0.151439D-02 -0.627067D+00
  271.3099  0.148501D-02  0.146164D-02  0.144390D+01
  271.6571  0.129693D-02  0.129844D-02 -0.944211D-01
  272.0037  0.103675D-02  0.105609D-02 -0.126523D+01
  272.3497  0.102561D-02  0.103882D-02 -0.874957D+00
  272.6951  0.126439D-02  0.123889D-02  0.154128D+01
  273.0399  0.144923D-02  0.146228D-02 -0.780841D+00
  273.3841  0.139690D-02  0.138062D-02  0.953169D+00
  273.7278  0.109609D-02  0.109819D-02 -0.129797D+00
  274.0708  0.895787D-03  0.894613D-03  0.733286D-01
  274.4134  0.818830D-03  0.812556D-03  0.405753D+00
  274.7554  0.809840D-03  0.815891D-03 -0.386853D+00
  275.0968  0.894708D-03  0.922488D-03 -0.171671D+01
  275.4378  0.115453D-02  0.109504D-02  0.348261D+01
  275.7782  0.126690D-02  0.127189D-02 -0.285982D+00
  276.1181  0.152277D-02  0.155430D-02 -0.168644D+01
  276.4576  0.166949D-02  0.167788D-02 -0.440667D+00
  276.7965  0.171785D-02  0.172232D-02 -0.225773D+00
  277.1350  0.175723D-02  0.173873D-02  0.910785D+00
   21 272.350 279.156 275.753  3.994D-02  0.000D+00  4.595D-03  1.168D+00 10300  1.274D-02
  272.3497  0.102561D-02  0.103706D-02 -0.758123D+00
  272.6951  0.126439D-02  0.123984D-02  0.148398D+01
  273.0399  0.144923D-02  0.146616D-02 -0.101284D+01
  273.3841  0.139690D-02  0.138530D-02  0.678990D+00
  273.7278  0.109609D-02  0.110172D-02 -0.347870D+00
  274.0708  0.895787D-03  0.897038D-03 -0.782120D-01
  274.4134  0.818830D-03  0.814147D-03  0.302853D+00
  274.7554  0.809840D-03  0.816668D-03 -0.436472D+00
  275.0968  0.894708D-03  0.922405D-03 -0.171159D+01
  275.4378  0.115453D-02  0.109422D-02  0.353024D+01
  275.7782  0.126690D-02  0.126959D-02 -0.153815D+00
  276.1181  0.152277D-02  0.155153D-02 -0.153801D+01
  276.4576  0.166949D-02  0.167467D-02 -0.271866D+00
  276.7965  0.171785D-02  0.171988D-02 -0.102248D+00
  277.1350  0.175723D-02  0.173802D-02  0.945516D+00
  277.4730  0.171282D-02  0.173321D-02 -0.102175D+01
  277.8106  0.148195D-02  0.148758D-02 -0.287324D+00
  278.1477  0.127589D-02  0.124061D-02  0.180052D+01
  278.4843  0.117376D-02  0.116566D-02  0.417267D+00
  278.8206  0.102417D-02  0.103842D-02 -0.754846D+00
  279.1564  0.778014D-03  0.784347D-03 -0.352202D+00
   21 274.413 281.163 277.788  3.207D-02  0.000D+00  4.758D-03  1.406D+00 10000  2.706D-02
  274.4134  0.818830D-03  0.803823D-03  0.970509D+00
  274.7554  0.809840D-03  0.815847D-03 -0.384044D+00
  275.0968  0.894708D-03  0.929284D-03 -0.213666D+01
  275.4378  0.115453D-02  0.109910D-02  0.324479D+01
  275.7782  0.126690D-02  0.128491D-02 -0.103233D+01
  276.1181  0.152277D-02  0.155340D-02 -0.163829D+01
  276.4576  0.166949D-02  0.167524D-02 -0.301993D+00
  276.7965  0.171785D-02  0.171595D-02  0.964056D-01
  277.1350  0.175723D-02  0.173298D-02  0.119333D+01
  277.4730  0.171282D-02  0.171519D-02 -0.118735D+00
  277.8106  0.148195D-02  0.147550D-02  0.329302D+00
  278.1477  0.127589D-02  0.124210D-02  0.172450D+01
  278.4843  0.117376D-02  0.116760D-02  0.317547D+00
  278.8206  0.102417D-02  0.104319D-02 -0.100764D+01
  279.1564  0.778014D-03  0.800826D-03 -0.126867D+01
  279.4918  0.577478D-03  0.616983D-03 -0.229100D+01
  279.8268  0.591377D-03  0.557283D-03  0.193486D+01
  280.1613  0.549195D-03  0.576645D-03 -0.159526D+01
  280.4955  0.729467D-03  0.704944D-03  0.139171D+01
  280.8293  0.996297D-03  0.100878D-02 -0.701430D+00
  281.1627  0.142100D-02  0.141175D-02  0.509125D+00
   21 276.458 283.155 279.806 -2.966D-02  0.000D+00  5.320D-03  1.218D+00 10000  1.678D-02
  276.4576  0.166949D-02  0.167972D-02 -0.536982D+00
  276.7965  0.171785D-02  0.171962D-02 -0.895137D-01
  277.1350  0.175723D-02  0.175412D-02  0.152839D+00
  277.4730  0.171282D-02  0.170741D-02  0.270949D+00
  277.8106  0.148195D-02  0.145715D-02  0.126558D+01
  278.1477  0.127589D-02  0.125939D-02  0.841951D+00
  278.4843  0.117376D-02  0.118871D-02 -0.769723D+00
  278.8206  0.102417D-02  0.103274D-02 -0.453869D+00
  279.1564  0.778014D-03  0.782654D-03 -0.258010D+00
  279.4918  0.577478D-03  0.614963D-03 -0.217384D+01
  279.8268  0.591377D-03  0.563751D-03  0.156782D+01
  280.1613  0.549195D-03  0.590727D-03 -0.241363D+01
  280.4955  0.729467D-03  0.735042D-03 -0.316384D+00
  280.8293  0.996297D-03  0.103090D-02 -0.194405D+01
  281.1627  0.142100D-02  0.138517D-02  0.197271D+01
  281.4958  0.179535D-02  0.177514D-02  0.105018D+01
  281.8284  0.212979D-02  0.213870D-02 -0.463400D+00
  282.1607  0.237828D-02  0.240125D-02 -0.117234D+01
  282.4926  0.259656D-02  0.255935D-02  0.184743D+01
  282.8242  0.273806D-02  0.273490D-02  0.152915D+00
  283.1554  0.289467D-02  0.291187D-02 -0.831739D+00
   21 278.484 285.136 281.810 -2.456D-02  0.000D+00  5.763D-03  1.498D+00 10300  1.861D-02
  278.4843  0.117376D-02  0.115414D-02  0.101075D+01
  278.8206  0.102417D-02  0.102313D-02  0.550886D-01
  279.1564  0.778014D-03  0.785695D-03 -0.427166D+00
  279.4918  0.577478D-03  0.620578D-03 -0.249950D+01
  279.8268  0.591377D-03  0.569686D-03  0.123102D+01
  280.1613  0.549195D-03  0.596028D-03 -0.272169D+01
  280.4955  0.729467D-03  0.738539D-03 -0.514820D+00
  280.8293  0.996297D-03  0.103259D-02 -0.203861D+01
  281.1627  0.142100D-02  0.138412D-02  0.203045D+01
  281.4958  0.179535D-02  0.176905D-02  0.136715D+01
  281.8284  0.212979D-02  0.212805D-02  0.903874D-01
  282.1607  0.237828D-02  0.238816D-02 -0.504209D+00
  282.4926  0.259656D-02  0.254725D-02  0.244832D+01
  282.8242  0.273806D-02  0.272814D-02  0.479930D+00
  283.1554  0.289467D-02  0.292268D-02 -0.135433D+01
  283.4863  0.285889D-02  0.291891D-02 -0.290257D+01
  283.8169  0.289773D-02  0.289234D-02  0.263204D+00
  284.1471  0.281394D-02  0.280490D-02  0.441185D+00
  284.4770  0.248004D-02  0.246283D-02  0.862309D+00
  284.8065  0.185486D-02  0.183289D-02  0.116383D+01
  285.1357  0.121926D-02  0.123917D-02 -0.111884D+01
   21 280.496 287.105 283.800  1.240D-03  0.000D+00  6.273D-03  1.441D+00 10000  6.784D-03
  280.4955  0.729467D-03  0.759083D-03 -0.168072D+01
  280.8293  0.996297D-03  0.104172D-02 -0.255194D+01
  281.1627  0.142100D-02  0.138619D-02  0.191680D+01
  281.4958  0.179535D-02  0.176357D-02  0.165173D+01
  281.8284  0.212979D-02  0.212352D-02  0.325533D+00
  282.1607  0.237828D-02  0.238890D-02 -0.542030D+00
  282.4926  0.259656D-02  0.255042D-02  0.229104D+01
  282.8242  0.273806D-02  0.272412D-02  0.674616D+00
  283.1554  0.289467D-02  0.292961D-02 -0.168978D+01
  283.4863  0.285889D-02  0.293305D-02 -0.358655D+01
  283.8169  0.289773D-02  0.289262D-02  0.249283D+00
  284.1471  0.281394D-02  0.280593D-02  0.390657D+00
  284.4770  0.248004D-02  0.246714D-02  0.646833D+00
  284.8065  0.185486D-02  0.184080D-02  0.745161D+00
  285.1357  0.121926D-02  0.120742D-02  0.664617D+00
  285.4646  0.125665D-02  0.126081D-02 -0.228742D+00
  285.7932  0.211342D-02  0.208581D-02  0.135887D+01
  286.1215  0.301532D-02  0.303450D-02 -0.896376D+00
  286.4495  0.359609D-02  0.357035D-02  0.112723D+01
  286.7772  0.374083D-02  0.374357D-02 -0.119960D+00
  287.1045  0.397638D-02  0.399203D-02 -0.674576D+00
   21 282.493 289.062 285.778 -1.644D-03  0.000D+00  6.885D-03  1.905D+00 10300  6.795D-03
  282.4926  0.259656D-02  0.255290D-02  0.216790D+01
  282.8242  0.273806D-02  0.273039D-02  0.370962D+00
  283.1554  0.289467D-02  0.293933D-02 -0.215951D+01
  283.4863  0.285889D-02  0.293403D-02 -0.363396D+01
  283.8169  0.289773D-02  0.288856D-02  0.447534D+00
  284.1471  0.281394D-02  0.279705D-02  0.823925D+00
  284.4770  0.248004D-02  0.245207D-02  0.140182D+01
  284.8065  0.185486D-02  0.182121D-02  0.178278D+01
  285.1357  0.121926D-02  0.118413D-02  0.197337D+01
  285.4646  0.125665D-02  0.124395D-02  0.699326D+00
  285.7932  0.211342D-02  0.207776D-02  0.175522D+01
  286.1215  0.301532D-02  0.303226D-02 -0.791729D+00
  286.4495  0.359609D-02  0.357574D-02  0.891110D+00
  286.7772  0.374083D-02  0.376430D-02 -0.102760D+01
  287.1045  0.397638D-02  0.405448D-02 -0.336737D+01
  287.4316  0.418657D-02  0.416926D-02  0.723661D+00
  287.7583  0.371386D-02  0.370142D-02  0.549104D+00
  288.0848  0.306675D-02  0.309378D-02 -0.125280D+01
  288.4110  0.349594D-02  0.349806D-02 -0.956904D-01
  288.7368  0.464525D-02  0.454076D-02  0.430455D+01
  289.0624  0.503669D-02  0.509330D-02 -0.229837D+01
   21 284.477 291.010 287.743 -3.822D-03  0.000D+00  7.686D-03  1.752D+00 10300  5.965D-03
  284.4770  0.248004D-02  0.250503D-02 -0.125178D+01
  284.8065  0.185486D-02  0.184073D-02  0.748710D+00
  285.1357  0.121926D-02  0.116904D-02  0.282075D+01
  285.4646  0.125665D-02  0.122988D-02  0.147437D+01
  285.7932  0.211342D-02  0.208495D-02  0.140130D+01
  286.1215  0.301532D-02  0.305074D-02 -0.165515D+01
  286.4495  0.359609D-02  0.358628D-02  0.429900D+00
  286.7772  0.374083D-02  0.375696D-02 -0.706309D+00
  287.1045  0.397638D-02  0.405865D-02 -0.354682D+01
  287.4316  0.418657D-02  0.418237D-02  0.175821D+00
  287.7583  0.371386D-02  0.369964D-02  0.627792D+00
  288.0848  0.306675D-02  0.305486D-02  0.550705D+00
  288.4110  0.349594D-02  0.347697D-02  0.857832D+00
  288.7368  0.464525D-02  0.454506D-02  0.412751D+01
  289.0624  0.503669D-02  0.505637D-02 -0.799199D+00
  289.3878  0.566061D-02  0.560949D-02  0.198816D+01
  289.7128  0.658624D-02  0.664200D-02 -0.193829D+01
  290.0375  0.767945D-02  0.770891D-02 -0.102375D+01
  290.3619  0.828360D-02  0.833996D-02 -0.195906D+01
  290.6861  0.836631D-02  0.836523D-02  0.374533D-01
  291.0099  0.823145D-02  0.818588D-02  0.158408D+01
   21 286.449 292.947 289.698  4.372D-04  0.000D+00  8.606D-03  2.525D+00 10300  1.000D-02
  286.4495  0.359609D-02  0.356852D-02  0.120724D+01
  286.7772  0.374083D-02  0.373380D-02  0.307967D+00
  287.1045  0.397638D-02  0.405843D-02 -0.353730D+01
  287.4316  0.418657D-02  0.421402D-02 -0.114802D+01
  287.7583  0.371386D-02  0.372443D-02 -0.466299D+00
  288.0848  0.306675D-02  0.301582D-02  0.236025D+01
  288.4110  0.349594D-02  0.343549D-02  0.273349D+01
  288.7368  0.464525D-02  0.456282D-02  0.339608D+01
  289.0624  0.503669D-02  0.504285D-02 -0.250399D+00
  289.3878  0.566061D-02  0.557103D-02  0.348375D+01
  289.7128  0.658624D-02  0.662226D-02 -0.125193D+01
  290.0375  0.767945D-02  0.772609D-02 -0.162105D+01
  290.3619  0.828360D-02  0.839762D-02 -0.396330D+01
  290.6861  0.836631D-02  0.845764D-02 -0.317469D+01
  291.0099  0.823145D-02  0.830207D-02 -0.245468D+01
  291.3335  0.856230D-02  0.848127D-02  0.265075D+01
  291.6568  0.851734D-02  0.840270D-02  0.398503D+01
  291.9798  0.846520D-02  0.841270D-02  0.171747D+01
  292.3025  0.836811D-02  0.827593D-02  0.320403D+01
  292.6249  0.775138D-02  0.780209D-02 -0.176277D+01
  292.9471  0.830697D-02  0.837920D-02 -0.251066D+01
   21 288.411 294.874 291.642  8.988D-03  0.000D+00  9.739D-03  2.134D+00 10300  9.108D-03
  288.4110  0.349594D-02  0.349773D-02 -0.810914D-01
  288.7368  0.464525D-02  0.467414D-02 -0.119029D+01
  289.0624  0.503669D-02  0.507913D-02 -0.172314D+01
  289.3878  0.566061D-02  0.553451D-02  0.490424D+01
  289.7128  0.658624D-02  0.656905D-02  0.597646D+00
  290.0375  0.767945D-02  0.767261D-02  0.238043D+00
  290.3619  0.828360D-02  0.835618D-02 -0.252296D+01
  290.6861  0.836631D-02  0.842736D-02 -0.212218D+01
  291.0099  0.823145D-02  0.824978D-02 -0.636867D+00
  291.3335  0.856230D-02  0.848921D-02  0.239106D+01
  291.6568  0.851734D-02  0.841838D-02  0.343980D+01
  291.9798  0.846520D-02  0.845421D-02  0.359461D+00
  292.3025  0.836811D-02  0.837298D-02 -0.169548D+00
  292.6249  0.775138D-02  0.783808D-02 -0.301385D+01
  292.9471  0.830697D-02  0.839729D-02 -0.313934D+01
  293.2689  0.982093D-02  0.984522D-02 -0.750533D+00
  293.5905  0.964472D-02  0.960595D-02  0.119789D+01
  293.9117  0.876727D-02  0.870250D-02  0.211916D+01
  294.2327  0.948649D-02  0.941127D-02  0.246101D+01
  294.5534  0.100223D-01  0.100048D-01  0.541911D+00
  294.8737  0.942356D-02  0.949834D-02 -0.244639D+01
   21 290.362 297.743 294.053  7.231D-03  0.000D+00  1.184D-02  2.498D+00 10300  6.100D-03
  290.3619  0.828360D-02  0.825145D-02  0.111747D+01
  290.6861  0.836631D-02  0.839458D-02 -0.982755D+00
  291.0099  0.823145D-02  0.823713D-02 -0.197267D+00
  291.3335  0.856230D-02  0.855057D-02  0.383563D+00
  291.6568  0.851734D-02  0.845622D-02  0.212454D+01
  291.9798  0.846520D-02  0.850374D-02 -0.126086D+01
  292.3025  0.836811D-02  0.842334D-02 -0.192008D+01
  292.6249  0.775138D-02  0.780383D-02 -0.182324D+01
  292.9471  0.830697D-02  0.835223D-02 -0.157315D+01
  293.2689  0.982093D-02  0.989737D-02 -0.236195D+01
  293.5905  0.964472D-02  0.958186D-02  0.194216D+01
  293.9117  0.876727D-02  0.858482D-02  0.596883D+01
  294.2327  0.948649D-02  0.939964D-02  0.284138D+01
  294.5534  0.100223D-01  0.100653D-01 -0.132756D+01
  294.8737  0.942356D-02  0.945787D-02 -0.112254D+01
  296.1522  0.133918D-01  0.133237D-01  0.189380D+01
  296.4711  0.122663D-01  0.122704D-01 -0.120782D+00
  296.7896  0.983711D-02  0.999275D-02 -0.480898D+01
  297.1078  0.104448D-01  0.105292D-01 -0.260516D+01
  297.4257  0.130484D-01  0.131158D-01 -0.187447D+01
  297.7432  0.167578D-01  0.165813D-01  0.446187D+01
   21 292.302 299.641 295.972  4.645D-03  0.000D+00  1.397D-02  4.533D+00 10000  6.021D-03
  292.3025  0.836811D-02  0.824621D-02  0.423718D+01
  292.6249  0.775138D-02  0.770243D-02  0.170123D+01
  292.9471  0.830697D-02  0.835187D-02 -0.156072D+01
  293.2689  0.982093D-02  0.101131D-01 -0.902700D+01
  293.5905  0.964472D-02  0.972649D-02 -0.252642D+01
  293.9117  0.876727D-02  0.858780D-02  0.587147D+01
  294.2327  0.948649D-02  0.949328D-02 -0.222074D+00
  294.5534  0.100223D-01  0.101681D-01 -0.450539D+01
  294.8737  0.942356D-02  0.931423D-02  0.357661D+01
  296.1522  0.133918D-01  0.131705D-01  0.615572D+01
  296.4711  0.122663D-01  0.121130D-01  0.448724D+01
  296.7896  0.983711D-02  0.970795D-02  0.399065D+01
  297.1078  0.104448D-01  0.104167D-01  0.868471D+00
  297.4257  0.130484D-01  0.131170D-01 -0.190771D+01
  297.7432  0.167578D-01  0.170975D-01 -0.858881D+01
  298.0605  0.155010D-01  0.157945D-01 -0.777499D+01
  298.3773  0.116747D-01  0.117112D-01 -0.106717D+01
  298.6939  0.125827D-01  0.124641D-01  0.347316D+01
  299.0101  0.176280D-01  0.175364D-01  0.231678D+01
  299.3260  0.190503D-01  0.188638D-01  0.450998D+01
  299.6414  0.197192D-01  0.197660D-01 -0.113175D+01
   21 294.233 301.527 297.880  5.681D-03  0.000D+00  1.833D-02  1.179D+01 10000  1.400D-02
  294.2327  0.948649D-02  0.945973D-02  0.875411D+00
  294.5534  0.100223D-01  0.101721D-01 -0.462757D+01
  294.8737  0.942356D-02  0.926983D-02  0.502915D+01
  296.1522  0.133918D-01  0.133135D-01  0.217849D+01
  296.4711  0.122663D-01  0.122702D-01 -0.115469D+00
  296.7896  0.983711D-02  0.975273D-02  0.260712D+01
  297.1078  0.104448D-01  0.104852D-01 -0.124796D+01
  297.4257  0.130484D-01  0.131633D-01 -0.319548D+01
  297.7432  0.167578D-01  0.172369D-01 -0.121112D+02
  298.0605  0.155010D-01  0.158220D-01 -0.850144D+01
  298.3773  0.116747D-01  0.115672D-01  0.314629D+01
  298.6939  0.125827D-01  0.122267D-01  0.104215D+02
  299.0101  0.176280D-01  0.172341D-01  0.995897D+01
  299.3260  0.190503D-01  0.183385D-01  0.172122D+02
  299.6414  0.197192D-01  0.190253D-01  0.167777D+02
  299.9566  0.191078D-01  0.194864D-01 -0.915348D+01
  300.2714  0.163550D-01  0.169418D-01 -0.155407D+02
  300.5858  0.208915D-01  0.220008D-01 -0.257063D+02
  300.8998  0.242197D-01  0.248092D-01 -0.461798D+01
  301.2134  0.315395D-01  0.298134D-01  0.133332D+02
  301.5267  0.360922D-01  0.327059D-01  0.254502D+02
   21 297.108 303.398 300.253 -4.765D-03  0.000D+00  2.849D-02  1.300D+01 10000  1.510D-02
  297.1078  0.104448D-01  0.975286D-02  0.213809D+02
  297.4257  0.130484D-01  0.130833D-01 -0.970119D+00
  297.7432  0.167578D-01  0.176354D-01 -0.221868D+02
  298.0605  0.155010D-01  0.161094D-01 -0.161136D+02
  298.3773  0.116747D-01  0.117310D-01 -0.164800D+01
  298.6939  0.125827D-01  0.124983D-01  0.247215D+01
  299.0101  0.176280D-01  0.174199D-01  0.526247D+01
  299.3260  0.190503D-01  0.180662D-01  0.237974D+02
  299.6414  0.197192D-01  0.187268D-01  0.239957D+02
  299.9566  0.191078D-01  0.189483D-01  0.385734D+01
  300.2714  0.163550D-01  0.166301D-01 -0.728606D+01
  300.5858  0.208915D-01  0.221180D-01 -0.284225D+02
  300.8998  0.242197D-01  0.253471D-01 -0.883140D+01
  301.2134  0.315395D-01  0.315470D-01 -0.575980D-01
  301.5267  0.360922D-01  0.357493D-01  0.257690D+01
  301.8395  0.312644D-01  0.313846D-01 -0.915543D+00
  302.1519  0.297810D-01  0.297738D-01  0.553066D-01
  302.4640  0.443848D-01  0.450412D-01 -0.480368D+01
  302.7756  0.623383D-01  0.616648D-01  0.468200D+01
  303.0868  0.780352D-01  0.763503D-01  0.117131D+02
  303.3976  0.912688D-01  0.918609D-01 -0.411623D+01
   21 299.010 305.253 302.131 -7.359D-03  0.000D+00  5.098D-02  2.181D+01 10000  2.604D-02
  299.0101  0.176280D-01  0.181503D-01 -0.132038D+02
  299.3260  0.190503D-01  0.184450D-01  0.146376D+02
  299.6414  0.197192D-01  0.189724D-01  0.180576D+02
  299.9566  0.191078D-01  0.190469D-01  0.147315D+01
  300.2714  0.163550D-01  0.165780D-01 -0.590530D+01
  300.5858  0.208915D-01  0.221608D-01 -0.294145D+02
  300.8998  0.242197D-01  0.251958D-01 -0.764622D+01
  301.2134  0.315395D-01  0.313488D-01  0.147349D+01
  301.5267  0.360922D-01  0.353601D-01  0.550225D+01
  301.8395  0.312644D-01  0.307386D-01  0.400571D+01
  302.1519  0.297810D-01  0.289881D-01  0.604104D+01
  302.4640  0.443848D-01  0.438617D-01  0.382765D+01
  302.7756  0.623383D-01  0.595549D-01  0.193496D+02
  303.0868  0.780352D-01  0.730164D-01  0.348904D+02
  303.3976  0.912688D-01  0.872832D-01  0.277080D+02
  303.7079  0.888954D-01  0.889249D-01 -0.205385D+00
  304.0177  0.842385D-01  0.888125D-01 -0.317986D+02
  304.3271  0.999714D-01  0.106288D+00 -0.439159D+02
  304.6361  0.119210D+00  0.124931D+00 -0.397695D+02
  304.9445  0.138216D+00  0.135194D+00  0.186732D+02
  305.2525  0.175597D+00  0.170518D+00  0.313857D+02
   21 300.900 307.090 303.995 -7.580D-03  0.000D+00  1.024D-01  3.052D+01 10000  2.345D-02
  300.8998  0.242197D-01  0.251169D-01 -0.702832D+01
  301.2134  0.315395D-01  0.314474D-01  0.711638D+00
  301.5267  0.360922D-01  0.357143D-01  0.283993D+01
  301.8395  0.312644D-01  0.310734D-01  0.145566D+01
  302.1519  0.297810D-01  0.291760D-01  0.460942D+01
  302.4640  0.443848D-01  0.450042D-01 -0.453278D+01
  302.7756  0.623383D-01  0.611743D-01  0.809147D+01
  303.0868  0.780352D-01  0.748314D-01  0.222727D+02
  303.3976  0.912688D-01  0.896084D-01  0.115431D+02
  303.7079  0.888954D-01  0.905177D-01 -0.112780D+02
  304.0177  0.842385D-01  0.895702D-01 -0.370665D+02
  304.3271  0.999714D-01  0.106531D+00 -0.456040D+02
  304.6361  0.119210D+00  0.124353D+00 -0.357505D+02
  304.9445  0.138216D+00  0.132019D+00  0.382953D+02
  305.2525  0.175597D+00  0.166079D+00  0.588199D+02
  305.5600  0.164359D+00  0.158822D+00  0.342174D+02
  305.8670  0.139241D+00  0.134800D+00  0.274416D+02
  306.1735  0.167614D+00  0.173740D+00 -0.340718D+02
  306.4794  0.183005D+00  0.194734D+00 -0.652311D+02
  306.7849  0.194279D+00  0.197162D+00 -0.145790D+02
  307.0898  0.255520D+00  0.247382D+00  0.377176D+02
   21 302.776 308.907 305.841  8.572D-04  0.000D+00  1.823D-01  3.899D+01 10300  2.668D-02
  302.7756  0.623383D-01  0.650746D-01 -0.190232D+02
  303.0868  0.780352D-01  0.759217D-01  0.146930D+02
  303.3976  0.912688D-01  0.886338D-01  0.183185D+02
  303.7079  0.888954D-01  0.888142D-01  0.564646D+00
  304.0177  0.842385D-01  0.870016D-01 -0.192093D+02
  304.3271  0.999714D-01  0.103665D+00 -0.256757D+02
  304.6361  0.119210D+00  0.122988D+00 -0.262635D+02
  304.9445  0.138216D+00  0.130357D+00  0.485663D+02
  305.2525  0.175597D+00  0.167076D+00  0.526581D+02
  305.5600  0.164359D+00  0.162026D+00  0.144214D+02
  305.8670  0.139241D+00  0.136692D+00  0.157486D+02
  306.1735  0.167614D+00  0.177262D+00 -0.536610D+02
  306.4794  0.183005D+00  0.201003D+00 -0.100099D+03
  306.7849  0.194279D+00  0.201384D+00 -0.359249D+02
  307.0898  0.255520D+00  0.253666D+00  0.859466D+01
  307.3941  0.290097D+00  0.277036D+00  0.605327D+02
  307.6978  0.306261D+00  0.290186D+00  0.687709D+02
  308.0010  0.318146D+00  0.315805D+00  0.930236D+01
  308.3036  0.315090D+00  0.321482D+00 -0.237031D+02
  308.6057  0.361479D+00  0.365542D+00 -0.141235D+02
  308.9071  0.340550D+00  0.344562D+00 -0.139459D+02
   18 304.636 309.808 307.222 -2.447D-02  0.000D+00  2.544D-01  4.937D+01 10300  3.470D-02
  304.6361  0.119210D+00  0.122574D+00 -0.233854D+02
  304.9445  0.138216D+00  0.134360D+00  0.238285D+02
  305.2525  0.175597D+00  0.170894D+00  0.290634D+02
  305.5600  0.164359D+00  0.161125D+00  0.199883D+02
  305.8670  0.139241D+00  0.137480D+00  0.108794D+02
  306.1735  0.167614D+00  0.180474D+00 -0.715218D+02
  306.4794  0.183005D+00  0.197109D+00 -0.784386D+02
  306.7849  0.194279D+00  0.200295D+00 -0.304182D+02
  307.0898  0.255520D+00  0.251184D+00  0.200973D+02
  307.3941  0.290097D+00  0.270981D+00  0.885928D+02
  307.6978  0.306261D+00  0.286771D+00  0.833798D+02
  308.0010  0.318146D+00  0.312783D+00  0.213077D+02
  308.3036  0.315090D+00  0.324666D+00 -0.355062D+02
  308.6057  0.361479D+00  0.373669D+00 -0.423714D+02
  308.9071  0.340550D+00  0.354422D+00 -0.482208D+02
  309.2079  0.295059D+00  0.309917D+00 -0.486084D+02
  309.5081  0.332710D+00  0.332051D+00  0.193136D+01
  309.8076  0.376313D+00  0.347580D+00  0.760950D+02
   12 306.479 309.808 308.144  7.768D-03  0.000D+00  3.096D-01  2.118D+01   300  2.769D-02
  306.4794  0.183005D+00  0.178958D+00  0.225063D+02
  306.7849  0.194279D+00  0.200234D+00 -0.301073D+02
  307.0898  0.255520D+00  0.261596D+00 -0.281573D+02
  307.3941  0.290097D+00  0.288569D+00  0.708082D+01
  307.6978  0.306261D+00  0.297719D+00  0.365465D+02
  308.0010  0.318146D+00  0.317063D+00  0.430490D+01
  308.3036  0.315090D+00  0.317679D+00 -0.960268D+01
  308.6057  0.361479D+00  0.357940D+00  0.123033D+02
  308.9071  0.340550D+00  0.344464D+00 -0.136066D+02
  309.2079  0.295059D+00  0.304808D+00 -0.318924D+02
  309.5081  0.332710D+00  0.328427D+00  0.125388D+02
  309.8076  0.376313D+00  0.371378D+00  0.130712D+02
   21 310.072 313.247 311.659 -4.610D-02  0.000D+00  6.110D-01  1.427D+01   300  2.069D-02
  310.0715  0.347778D+00  0.343154D+00  0.371154D+01
  310.2310  0.360212D+00  0.391393D+00 -0.260909D+02
  310.3905  0.474576D+00  0.493419D+00 -0.161969D+02
  310.5499  0.593984D+00  0.584711D+00  0.911744D+01
  310.7092  0.663929D+00  0.648920D+00  0.147560D+02
  310.8683  0.712296D+00  0.690554D+00  0.213755D+02
  311.0275  0.726770D+00  0.709292D+00  0.171839D+02
  311.1865  0.725601D+00  0.722980D+00  0.257715D+01
  311.3455  0.713824D+00  0.736292D+00 -0.252448D+02
  311.5043  0.721826D+00  0.731849D+00 -0.112623D+02
  311.6631  0.688022D+00  0.702748D+00 -0.165460D+02
  311.8219  0.669413D+00  0.663987D+00  0.609619D+01
  311.9805  0.642891D+00  0.646074D+00 -0.357582D+01
  312.1391  0.657635D+00  0.669665D+00 -0.135169D+02
  312.2975  0.732973D+00  0.727249D+00  0.643187D+01
  312.4560  0.784667D+00  0.778141D+00  0.733250D+01
  312.6143  0.818291D+00  0.802454D+00  0.177942D+02
  312.7725  0.823235D+00  0.827398D+00 -0.467727D+01
  312.9307  0.865579D+00  0.854628D+00  0.123047D+02
  313.0887  0.870614D+00  0.864952D+00  0.636203D+01
  313.2468  0.846970D+00  0.863907D+00 -0.190314D+02
   21 311.027 314.193 312.610  4.460D-02  0.000D+00  7.162D-01  3.225D+01   300  3.688D-02
  311.0275  0.726770D+00  0.686068D+00  0.400165D+02
  311.1865  0.725601D+00  0.708284D+00  0.170257D+02
  311.3455  0.713824D+00  0.731197D+00 -0.195207D+02
  311.5043  0.721826D+00  0.745056D+00 -0.261020D+02
  311.6631  0.688022D+00  0.731917D+00 -0.493201D+02
  311.8219  0.669413D+00  0.694113D+00 -0.277541D+02
  311.9805  0.642891D+00  0.657378D+00 -0.162777D+02
  312.1391  0.657635D+00  0.653511D+00  0.463428D+01
  312.2975  0.732973D+00  0.694787D+00  0.429066D+02
  312.4560  0.784667D+00  0.756556D+00  0.315861D+02
  312.6143  0.818291D+00  0.790123D+00  0.316498D+02
  312.7725  0.823235D+00  0.805589D+00  0.198271D+02
  312.9307  0.865579D+00  0.832087D+00  0.376328D+02
  313.0887  0.870614D+00  0.850301D+00  0.228236D+02
  313.2468  0.846970D+00  0.849496D+00 -0.283910D+01
  313.4047  0.811188D+00  0.845949D+00 -0.390578D+02
  313.5625  0.812357D+00  0.866665D+00 -0.610211D+02
  313.7203  0.893089D+00  0.927891D+00 -0.391033D+02
  313.8780  0.993061D+00  0.100870D+01 -0.164037D+02
  314.0356  0.107658D+01  0.105385D+01  0.223433D+02
  314.1931  0.105950D+01  0.101796D+01  0.408437D+02
   21 311.981 315.137 313.559  1.368D-02  0.000D+00  7.784D-01  3.219D+01 10300  1.732D-02
  311.9805  0.642891D+00  0.663203D+00 -0.228229D+02
  312.1391  0.657635D+00  0.669570D+00 -0.134097D+02
  312.2975  0.732973D+00  0.720624D+00  0.138757D+02
  312.4560  0.784667D+00  0.781718D+00  0.331363D+01
  312.6143  0.818291D+00  0.801913D+00  0.184023D+02
  312.7725  0.823235D+00  0.812223D+00  0.123738D+02
  312.9307  0.865579D+00  0.836255D+00  0.329493D+02
  313.0887  0.870614D+00  0.845831D+00  0.278462D+02
  313.2468  0.846970D+00  0.837771D+00  0.103357D+02
  313.4047  0.811188D+00  0.832861D+00 -0.243520D+02
  313.5625  0.812357D+00  0.861103D+00 -0.547714D+02
  313.7203  0.893089D+00  0.934247D+00 -0.462449D+02
  313.8780  0.993061D+00  0.102463D+01 -0.331077D+02
  314.0356  0.107658D+01  0.107411D+01  0.242801D+01
  314.1931  0.105950D+01  0.103798D+01  0.211520D+02
  314.3506  0.901181D+00  0.900910D+00  0.304268D+00
  314.5079  0.800580D+00  0.771077D+00  0.331499D+02
  314.6652  0.843104D+00  0.809017D+00  0.383001D+02
  314.8224  0.104790D+01  0.976964D+00  0.697421D+02
  314.9796  0.114230D+01  0.114455D+01 -0.221692D+01
  315.1367  0.118905D+01  0.125079D+01 -0.607055D+02
   21 312.931 316.077 314.504 -2.210D-02  0.000D+00  8.855D-01  3.450D+01 10300  1.557D-02
  312.9307  0.865579D+00  0.864496D+00  0.121694D+01
  313.0887  0.870614D+00  0.846142D+00  0.274968D+02
  313.2468  0.846970D+00  0.823592D+00  0.262675D+02
  313.4047  0.811188D+00  0.818251D+00 -0.793606D+01
  313.5625  0.812357D+00  0.855609D+00 -0.485980D+02
  313.7203  0.893089D+00  0.938238D+00 -0.507298D+02
  313.8780  0.993061D+00  0.102860D+01 -0.372658D+02
  314.0356  0.107658D+01  0.106813D+01  0.831147D+01
  314.1931  0.105950D+01  0.101461D+01  0.441287D+02
  314.3506  0.901181D+00  0.869397D+00  0.357129D+02
  314.5079  0.800580D+00  0.769897D+00  0.344757D+02
  314.6652  0.843104D+00  0.839948D+00  0.354624D+01
  314.8224  0.104790D+01  0.998870D+00  0.482057D+02
  314.9796  0.114230D+01  0.112576D+01  0.162595D+02
  315.1367  0.118905D+01  0.117954D+01  0.934580D+01
  315.2936  0.115381D+01  0.118426D+01 -0.299428D+02
  315.4505  0.109897D+01  0.114777D+01 -0.479839D+02
  315.6074  0.992701D+00  0.103986D+01 -0.463688D+02
  315.7641  0.846700D+00  0.872897D+00 -0.274728D+02
  315.9208  0.759315D+00  0.742422D+00  0.189814D+02
  316.0774  0.776216D+00  0.719567D+00  0.594087D+02
   21 313.878 317.015 315.447 -4.238D-02  0.000D+00  9.738D-01  3.090D+01 10300  1.376D-02
  313.8780  0.993061D+00  0.102910D+01 -0.377964D+02
  314.0356  0.107658D+01  0.107596D+01  0.605756D+00
  314.1931  0.105950D+01  0.101652D+01  0.422504D+02
  314.3506  0.901181D+00  0.873417D+00  0.311960D+02
  314.5079  0.800580D+00  0.793548D+00  0.790105D+01
  314.6652  0.843104D+00  0.872482D+00 -0.330096D+02
  314.8224  0.104790D+01  0.102116D+01  0.262902D+02
  314.9796  0.114230D+01  0.113019D+01  0.119007D+02
  315.1367  0.118905D+01  0.117238D+01  0.163822D+02
  315.2936  0.115381D+01  0.117102D+01 -0.169233D+02
  315.4505  0.109897D+01  0.112974D+01 -0.302601D+02
  315.6074  0.992701D+00  0.102344D+01 -0.302180D+02
  315.7641  0.846700D+00  0.875404D+00 -0.301020D+02
  315.9208  0.759315D+00  0.779418D+00 -0.225883D+02
  316.0774  0.776216D+00  0.799507D+00 -0.244251D+02
  316.2339  0.925904D+00  0.911186D+00  0.144695D+02
  316.3904  0.106687D+01  0.103783D+01  0.285495D+02
  316.5468  0.118464D+01  0.112723D+01  0.564417D+02
  316.7030  0.125018D+01  0.119884D+01  0.504810D+02
  316.8593  0.129190D+01  0.129555D+01 -0.358791D+01
  317.0154  0.139474D+01  0.144767D+01 -0.520381D+02
   21 314.822 317.951 316.387 -6.588D-02  0.000D+00  1.028D+00  2.667D+01 10300  1.867D-02
  314.8224  0.104790D+01  0.104059D+01  0.719006D+01
  314.9796  0.114230D+01  0.113874D+01  0.349772D+01
  315.1367  0.118905D+01  0.116932D+01  0.193921D+02
  315.2936  0.115381D+01  0.116616D+01 -0.121424D+02
  315.4505  0.109897D+01  0.112228D+01 -0.229212D+02
  315.6074  0.992701D+00  0.100648D+01 -0.135486D+02
  315.7641  0.846700D+00  0.851056D+00 -0.456853D+01
  315.9208  0.759315D+00  0.767104D+00 -0.875158D+01
  316.0774  0.776216D+00  0.808544D+00 -0.339017D+02
  316.2339  0.925904D+00  0.934119D+00 -0.807659D+01
  316.3904  0.106687D+01  0.105732D+01  0.939407D+01
  316.5468  0.118464D+01  0.113026D+01  0.534715D+02
  316.7030  0.125018D+01  0.118797D+01  0.611664D+02
  316.8593  0.129190D+01  0.127058D+01  0.209572D+02
  317.0154  0.139474D+01  0.140881D+01 -0.138245D+02
  317.1714  0.150910D+01  0.154508D+01 -0.353734D+02
  317.3275  0.159109D+01  0.158825D+01  0.279347D+01
  317.4833  0.154326D+01  0.157436D+01 -0.305723D+02
  317.6392  0.149903D+01  0.152855D+01 -0.290210D+02
  317.7950  0.137883D+01  0.137131D+01  0.739824D+01
  317.9507  0.119939D+01  0.115488D+01  0.437584D+02
   21 315.764 318.883 317.324 -3.832D-02  0.000D+00  1.088D+00  2.291D+01   300  1.098D-02
  315.7641  0.846700D+00  0.851958D+00 -0.551387D+01
  315.9208  0.759315D+00  0.759805D+00 -0.551151D+00
  316.0774  0.776216D+00  0.794824D+00 -0.195143D+02
  316.2339  0.925904D+00  0.929045D+00 -0.308858D+01
  316.3904  0.106687D+01  0.107399D+01 -0.700046D+01
  316.5468  0.118464D+01  0.115306D+01  0.310503D+02
  316.7030  0.125018D+01  0.120555D+01  0.438844D+02
  316.8593  0.129190D+01  0.127174D+01  0.198196D+02
  317.0154  0.139474D+01  0.139792D+01 -0.312182D+01
  317.1714  0.150910D+01  0.154586D+01 -0.361441D+02
  317.3275  0.159109D+01  0.159238D+01 -0.127153D+01
  317.4833  0.154326D+01  0.156575D+01 -0.221037D+02
  317.6392  0.149903D+01  0.153298D+01 -0.333801D+02
  317.7950  0.137883D+01  0.139572D+01 -0.165992D+02
  317.9507  0.119939D+01  0.115927D+01  0.394411D+02
  318.1063  0.104395D+01  0.102500D+01  0.186273D+02
  318.2618  0.107667D+01  0.105555D+01  0.207685D+02
  318.4172  0.120748D+01  0.118237D+01  0.246822D+02
  318.5726  0.136643D+01  0.134440D+01  0.216499D+02
  318.7280  0.150182D+01  0.151973D+01 -0.176073D+02
  318.8832  0.168009D+01  0.170142D+01 -0.186346D+02
   21 316.703 319.813 318.258 -1.552D-02  0.000D+00  1.194D+00  2.849D+01 10300  9.821D-03
  316.7030  0.125018D+01  0.127985D+01 -0.291657D+02
  316.8593  0.129190D+01  0.129123D+01  0.655991D+00
  317.0154  0.139474D+01  0.137074D+01  0.236029D+02
  317.1714  0.150910D+01  0.149886D+01  0.100711D+02
  317.3275  0.159109D+01  0.155437D+01  0.361005D+02
  317.4833  0.154326D+01  0.153833D+01  0.485387D+01
  317.6392  0.149903D+01  0.152156D+01 -0.221464D+02
  317.7950  0.137883D+01  0.142400D+01 -0.444103D+02
  317.9507  0.119939D+01  0.120892D+01 -0.937168D+01
  318.1063  0.104395D+01  0.106089D+01 -0.166619D+02
  318.2618  0.107667D+01  0.107778D+01 -0.109232D+01
  318.4172  0.120748D+01  0.119959D+01  0.775212D+01
  318.5726  0.136643D+01  0.135554D+01  0.107029D+02
  318.7280  0.150182D+01  0.151032D+01 -0.835424D+01
  318.8832  0.168009D+01  0.165474D+01  0.221587D+02
  319.0384  0.170221D+01  0.166761D+01  0.302384D+02
  319.1935  0.150784D+01  0.146290D+01  0.441887D+02
  319.3484  0.127526D+01  0.129406D+01 -0.184804D+02
  319.5034  0.125611D+01  0.132550D+01 -0.682185D+02
  319.6583  0.138243D+01  0.141488D+01 -0.319059D+02
  319.8130  0.153517D+01  0.148984D+01  0.419510D+02
   21 317.639 320.740 319.190  3.456D-03  0.000D+00  1.267D+00  3.696D+01 10300  1.307D-02
  317.6392  0.149903D+01  0.141636D+01  0.812752D+02
  317.7950  0.137883D+01  0.142421D+01 -0.446117D+02
  317.9507  0.119939D+01  0.125405D+01 -0.537471D+02
  318.1063  0.104395D+01  0.109945D+01 -0.545733D+02
  318.2618  0.107667D+01  0.110469D+01 -0.275451D+02
  318.4172  0.120748D+01  0.121904D+01 -0.113688D+02
  318.5726  0.136643D+01  0.136491D+01  0.149279D+01
  318.7280  0.150182D+01  0.150093D+01  0.874048D+00
  318.8832  0.168009D+01  0.163061D+01  0.432477D+02
  319.0384  0.170221D+01  0.165283D+01  0.431522D+02
  319.1935  0.150784D+01  0.144874D+01  0.581031D+02
  319.3484  0.127526D+01  0.125365D+01  0.212535D+02
  319.5034  0.125611D+01  0.128018D+01 -0.236614D+02
  319.6583  0.138243D+01  0.139651D+01 -0.138409D+02
  319.8130  0.153517D+01  0.152899D+01  0.572031D+01
  319.9678  0.158210D+01  0.163231D+01 -0.438796D+02
  320.1224  0.162633D+01  0.165572D+01 -0.256862D+02
  320.2770  0.166526D+01  0.171020D+01 -0.392728D+02
  320.4315  0.183886D+01  0.182636D+01  0.109269D+02
  320.5859  0.195897D+01  0.193287D+01  0.228096D+02
  320.7403  0.198064D+01  0.196380D+01  0.147108D+02
   21 318.573 321.665 320.119  4.787D-02  0.000D+00  1.249D+00  2.851D+01 10300  9.343D-03
  318.5726  0.136643D+01  0.140473D+01 -0.376599D+02
  318.7280  0.150182D+01  0.151148D+01 -0.949499D+01
  318.8832  0.168009D+01  0.161961D+01  0.528563D+02
  319.0384  0.170221D+01  0.167644D+01  0.225216D+02
  319.1935  0.150784D+01  0.151871D+01 -0.106869D+02
  319.3484  0.127526D+01  0.127815D+01 -0.283694D+01
  319.5034  0.125611D+01  0.124851D+01  0.747909D+01
  319.6583  0.138243D+01  0.136475D+01  0.173845D+02
  319.8130  0.153517D+01  0.150120D+01  0.314350D+02
  319.9678  0.158210D+01  0.163674D+01 -0.477538D+02
  320.1224  0.162633D+01  0.168269D+01 -0.492506D+02
  320.2770  0.166526D+01  0.171862D+01 -0.466341D+02
  320.4315  0.183886D+01  0.182085D+01  0.157422D+02
  320.5859  0.195897D+01  0.192428D+01  0.303143D+02
  320.7403  0.198064D+01  0.195679D+01  0.208429D+02
  320.8946  0.186610D+01  0.186592D+01  0.160798D+00
  321.0488  0.166391D+01  0.166627D+01 -0.205664D+01
  321.2029  0.149517D+01  0.148227D+01  0.112711D+02
  321.3570  0.141830D+01  0.140761D+01  0.934104D+01
  321.5110  0.149472D+01  0.146588D+01  0.251982D+02
  321.6649  0.160143D+01  0.164504D+01 -0.381083D+02
   21 319.503 322.587 321.045  2.367D-02  0.000D+00  1.375D+00  4.120D+01 10300  1.887D-02
  319.5034  0.125611D+01  0.125342D+01  0.265180D+01
  319.6583  0.138243D+01  0.135426D+01  0.276968D+02
  319.8130  0.153517D+01  0.149163D+01  0.402935D+02
  319.9678  0.158210D+01  0.161026D+01 -0.246075D+02
  320.1224  0.162633D+01  0.167916D+01 -0.461649D+02
  320.2770  0.166526D+01  0.174823D+01 -0.725064D+02
  320.4315  0.183886D+01  0.185191D+01 -0.114029D+02
  320.5859  0.195897D+01  0.193979D+01  0.167600D+02
  320.7403  0.198064D+01  0.194718D+01  0.292420D+02
  320.8946  0.186610D+01  0.183829D+01  0.243074D+02
  321.0488  0.166391D+01  0.164817D+01  0.137571D+02
  321.2029  0.149517D+01  0.147849D+01  0.145753D+02
  321.3570  0.141830D+01  0.140439D+01  0.121572D+02
  321.5110  0.149472D+01  0.144431D+01  0.440473D+02
  321.6649  0.160143D+01  0.157229D+01  0.254616D+02
  321.8187  0.176361D+01  0.172801D+01  0.311107D+02
  321.9725  0.180722D+01  0.184485D+01 -0.328920D+02
  322.1262  0.174491D+01  0.183819D+01 -0.815190D+02
  322.2798  0.163766D+01  0.171403D+01 -0.667369D+02
  322.4333  0.157392D+01  0.156797D+01  0.520105D+01
  322.5869  0.151207D+01  0.141574D+01  0.841830D+02
   21 320.432 323.506 321.969 -2.203D-02  0.000D+00  1.356D+00  2.372D+01   300  1.068D-02
  320.4315  0.183886D+01  0.184563D+01 -0.591411D+01
  320.5859  0.195897D+01  0.196728D+01 -0.726444D+01
  320.7403  0.198064D+01  0.197160D+01  0.789578D+01
  320.8946  0.186610D+01  0.184595D+01  0.176095D+02
  321.0488  0.166391D+01  0.165650D+01  0.647755D+01
  321.2029  0.149517D+01  0.150054D+01 -0.469853D+01
  321.3570  0.141830D+01  0.144485D+01 -0.231998D+02
  321.5110  0.149472D+01  0.149162D+01  0.270263D+01
  321.6649  0.160143D+01  0.160678D+01 -0.467548D+01
  321.8187  0.176361D+01  0.173254D+01  0.271591D+02
  321.9725  0.180722D+01  0.180292D+01  0.375474D+01
  322.1262  0.174491D+01  0.176934D+01 -0.213504D+02
  322.2798  0.163766D+01  0.167049D+01 -0.286875D+02
  322.4333  0.157392D+01  0.156940D+01  0.395245D+01
  322.5869  0.151207D+01  0.147007D+01  0.366980D+02
  322.7402  0.137595D+01  0.137317D+01  0.243786D+01
  322.8936  0.128102D+01  0.133032D+01 -0.430889D+02
  323.0469  0.137748D+01  0.139275D+01 -0.133437D+02
  323.2001  0.157230D+01  0.152216D+01  0.438213D+02
  323.3531  0.167821D+01  0.163413D+01  0.385174D+02
  323.5062  0.166400D+01  0.171369D+01 -0.434200D+02
   21 321.357 324.423 322.890 -4.158D-02  0.000D+00  1.375D+00  2.498D+01   300  1.556D-02
  321.3570  0.141830D+01  0.146427D+01 -0.401760D+02
  321.5110  0.149472D+01  0.148792D+01  0.593608D+01
  321.6649  0.160143D+01  0.159156D+01  0.862266D+01
  321.8187  0.176361D+01  0.171726D+01  0.405102D+02
  321.9725  0.180722D+01  0.179472D+01  0.109246D+02
  322.1262  0.174491D+01  0.174674D+01 -0.159520D+01
  322.2798  0.163766D+01  0.164231D+01 -0.405980D+01
  322.4333  0.157392D+01  0.157749D+01 -0.312029D+01
  322.5869  0.151207D+01  0.149800D+01  0.122942D+02
  322.7402  0.137595D+01  0.139157D+01 -0.136499D+02
  322.8936  0.128102D+01  0.134757D+01 -0.581569D+02
  323.0469  0.137748D+01  0.143354D+01 -0.489856D+02
  323.2001  0.157230D+01  0.158524D+01 -0.113107D+02
  323.3531  0.167821D+01  0.163912D+01  0.341570D+02
  323.5062  0.166400D+01  0.161550D+01  0.423831D+02
  323.6592  0.166166D+01  0.165385D+01  0.682842D+01
  323.8121  0.177575D+01  0.176408D+01  0.917756D+01
  323.9650  0.190449D+01  0.189242D+01  0.949170D+01
  324.1177  0.199385D+01  0.199847D+01 -0.362794D+01
  324.2704  0.202568D+01  0.203515D+01 -0.744718D+01
  324.4231  0.202559D+01  0.203766D+01 -0.949612D+01
   21 322.280 325.337 323.809 -3.735D-02  0.000D+00  1.500D+00  3.241D+01 10300  1.799D-02
  322.2798  0.163766D+01  0.159394D+01  0.382056D+02
  322.4333  0.157392D+01  0.157826D+01 -0.379214D+01
  322.5869  0.151207D+01  0.151840D+01 -0.553336D+01
  322.7402  0.137595D+01  0.139803D+01 -0.192920D+02
  322.8936  0.128102D+01  0.133389D+01 -0.462082D+02
  323.0469  0.137748D+01  0.142617D+01 -0.425465D+02
  323.2001  0.157230D+01  0.162270D+01 -0.440484D+02
  323.3531  0.167821D+01  0.166396D+01  0.124494D+02
  323.5062  0.166400D+01  0.159373D+01  0.614151D+02
  323.6592  0.166166D+01  0.162271D+01  0.340414D+02
  323.8121  0.177575D+01  0.174000D+01  0.281172D+02
  323.9650  0.190449D+01  0.186619D+01  0.301223D+02
  324.1177  0.199385D+01  0.198842D+01  0.427425D+01
  324.2704  0.202568D+01  0.202310D+01  0.203169D+01
  324.4231  0.202559D+01  0.202797D+01 -0.187246D+01
  324.5756  0.205040D+01  0.206919D+01 -0.147748D+02
  324.7281  0.195025D+01  0.197994D+01 -0.233489D+02
  324.8806  0.180371D+01  0.182633D+01 -0.177902D+02
  325.0329  0.172019D+01  0.179715D+01 -0.605323D+02
  325.1852  0.183580D+01  0.183137D+01  0.348769D+01
  325.3374  0.194638D+01  0.188002D+01  0.521984D+02
   21 323.200 326.249 324.725 -3.162D-02  0.000D+00  1.461D+00  1.808D+01 10300  1.022D-02
  323.2001  0.157230D+01  0.159944D+01 -0.237196D+02
  323.3531  0.167821D+01  0.168052D+01 -0.202227D+01
  323.5062  0.166400D+01  0.162307D+01  0.357671D+02
  323.6592  0.166166D+01  0.165532D+01  0.554375D+01
  323.8121  0.177575D+01  0.177474D+01  0.797393D+00
  323.9650  0.190449D+01  0.189482D+01  0.760558D+01
  324.1177  0.199385D+01  0.200903D+01 -0.119398D+02
  324.2704  0.202568D+01  0.202997D+01 -0.337894D+01
  324.4231  0.202559D+01  0.201542D+01  0.799783D+01
  324.5756  0.205040D+01  0.204802D+01  0.187005D+01
  324.7281  0.195025D+01  0.195778D+01 -0.592020D+01
  324.8806  0.180371D+01  0.180141D+01  0.181232D+01
  325.0329  0.172019D+01  0.178097D+01 -0.478031D+02
  325.1852  0.183580D+01  0.184095D+01 -0.404864D+01
  325.3374  0.194638D+01  0.193236D+01  0.110303D+02
  325.4895  0.214003D+01  0.211341D+01  0.209441D+02
  325.6416  0.231139D+01  0.233825D+01 -0.201227D+02
  325.7936  0.250639D+01  0.246962D+01  0.262856D+02
  325.9455  0.262074D+01  0.259959D+01  0.151214D+02
  326.0974  0.269734D+01  0.269390D+01  0.245839D+01
  326.2491  0.270165D+01  0.273224D+01 -0.218686D+02
   21 324.118 327.158 325.638  9.557D-03  0.000D+00  1.475D+00  2.521D+01   300  1.232D-02
  324.1177  0.199385D+01  0.203961D+01 -0.359919D+02
  324.2704  0.202568D+01  0.203787D+01 -0.959139D+01
  324.4231  0.202559D+01  0.197296D+01  0.413957D+02
  324.5756  0.205040D+01  0.199647D+01  0.424149D+02
  324.7281  0.195025D+01  0.195882D+01 -0.674263D+01
  324.8806  0.180371D+01  0.179610D+01  0.598843D+01
  325.0329  0.172019D+01  0.175875D+01 -0.303315D+02
  325.1852  0.183580D+01  0.183291D+01  0.227610D+01
  325.3374  0.194638D+01  0.193774D+01  0.679621D+01
  325.4895  0.214003D+01  0.211016D+01  0.234998D+02
  325.6416  0.231139D+01  0.237643D+01 -0.487238D+02
  325.7936  0.250639D+01  0.253070D+01 -0.173866D+02
  325.9455  0.262074D+01  0.263588D+01 -0.108212D+02
  326.0974  0.269734D+01  0.270942D+01 -0.864064D+01
  326.2491  0.270165D+01  0.267807D+01  0.168603D+02
  326.4009  0.258595D+01  0.259425D+01 -0.593495D+01
  326.5525  0.257336D+01  0.249960D+01  0.527447D+02
  326.7041  0.265050D+01  0.262403D+01  0.189288D+02
  326.8556  0.278176D+01  0.278650D+01 -0.338845D+01
  327.0071  0.270768D+01  0.273726D+01 -0.211522D+02
  327.1584  0.254846D+01  0.255880D+01 -0.739399D+01
   21 325.033 328.065 326.549  1.155D-02  0.000D+00  1.588D+00  2.245D+01 10300  1.315D-02
  325.0329  0.172019D+01  0.172152D+01 -0.104401D+01
  325.1852  0.183580D+01  0.181158D+01  0.190534D+02
  325.3374  0.194638D+01  0.193286D+01  0.106393D+02
  325.4895  0.214003D+01  0.211610D+01  0.188242D+02
  325.6416  0.231139D+01  0.237641D+01 -0.487056D+02
  325.7936  0.250639D+01  0.253958D+01 -0.237330D+02
  325.9455  0.262074D+01  0.264317D+01 -0.160396D+02
  326.0974  0.269734D+01  0.270896D+01 -0.830777D+01
  326.2491  0.270165D+01  0.267577D+01  0.185048D+02
  326.4009  0.258595D+01  0.258675D+01 -0.573934D+00
  326.5525  0.257336D+01  0.249974D+01  0.526431D+02
  326.7041  0.265050D+01  0.260861D+01  0.299550D+02
  326.8556  0.278176D+01  0.276055D+01  0.151654D+02
  327.0071  0.270768D+01  0.272559D+01 -0.128107D+02
  327.1584  0.254846D+01  0.257260D+01 -0.172595D+02
  327.3098  0.250054D+01  0.252984D+01 -0.209515D+02
  327.4610  0.257831D+01  0.259994D+01 -0.154668D+02
  327.6122  0.257273D+01  0.258502D+01 -0.878284D+01
  327.7632  0.247411D+01  0.246405D+01  0.719426D+01
  327.9143  0.232335D+01  0.234626D+01 -0.163845D+02
  328.0652  0.230006D+01  0.226277D+01  0.266641D+02
   21 325.945 328.970 327.458  1.326D-02  0.000D+00  1.542D+00  2.350D+01 10300  1.713D-02
  325.9455  0.262074D+01  0.260150D+01  0.137560D+02
  326.0974  0.269734D+01  0.270058D+01 -0.231536D+01
  326.2491  0.270165D+01  0.270255D+01 -0.641019D+00
  326.4009  0.258595D+01  0.263499D+01 -0.350656D+02
  326.5525  0.257336D+01  0.258436D+01 -0.786239D+01
  326.7041  0.265050D+01  0.264748D+01  0.216092D+01
  326.8556  0.278176D+01  0.273366D+01  0.343879D+02
  327.0071  0.270768D+01  0.269409D+01  0.971362D+01
  327.1584  0.254846D+01  0.257529D+01 -0.191827D+02
  327.3098  0.250054D+01  0.251971D+01 -0.137021D+02
  327.4610  0.257831D+01  0.254192D+01  0.260212D+02
  327.6122  0.257273D+01  0.252867D+01  0.315038D+02
  327.7632  0.247411D+01  0.245485D+01  0.137709D+02
  327.9143  0.232335D+01  0.238373D+01 -0.431750D+02
  328.0652  0.230006D+01  0.235358D+01 -0.382655D+02
  328.2162  0.231022D+01  0.235495D+01 -0.319864D+02
  328.3670  0.240246D+01  0.236438D+01  0.272248D+02
  328.5178  0.238897D+01  0.234775D+01  0.294728D+02
  328.6685  0.230626D+01  0.228527D+01  0.150105D+02
  328.8191  0.231732D+01  0.231578D+01  0.110324D+01
  328.9697  0.257022D+01  0.259116D+01 -0.149776D+02
   21 326.856 329.872 328.364 -2.416D-02  0.000D+00  1.530D+00  3.108D+01 10300  2.426D-02
  326.8556  0.278176D+01  0.282390D+01 -0.301327D+02
  327.0071  0.270768D+01  0.269564D+01  0.860778D+01
  327.1584  0.254846D+01  0.255549D+01 -0.502415D+01
  327.3098  0.250054D+01  0.250330D+01 -0.196822D+01
  327.4610  0.257831D+01  0.251106D+01  0.480814D+02
  327.6122  0.257273D+01  0.248826D+01  0.604025D+02
  327.7632  0.247411D+01  0.242991D+01  0.316022D+02
  327.9143  0.232335D+01  0.238901D+01 -0.469489D+02
  328.0652  0.230006D+01  0.238286D+01 -0.592020D+02
  328.2162  0.231022D+01  0.239629D+01 -0.615430D+02
  328.3670  0.240246D+01  0.240177D+01  0.489493D+00
  328.5178  0.238897D+01  0.236127D+01  0.198119D+02
  328.6685  0.230626D+01  0.229357D+01  0.907730D+01
  328.8191  0.231732D+01  0.234283D+01 -0.182374D+02
  328.9697  0.257022D+01  0.256968D+01  0.383982D+00
  329.1201  0.285377D+01  0.281659D+01  0.243697D+02
  329.2706  0.302458D+01  0.297764D+01  0.307680D+02
  329.4209  0.307592D+01  0.307041D+01  0.361022D+01
  329.5712  0.312824D+01  0.311484D+01  0.878065D+01
  329.7214  0.311952D+01  0.313401D+01 -0.949702D+01
  329.8716  0.314424D+01  0.317000D+01 -0.168814D+02
   21 327.763 330.771 329.267 -3.104D-02  0.000D+00  1.625D+00  2.587D+01 10300  1.355D-02
  327.7632  0.247411D+01  0.238786D+01  0.616729D+02
  327.9143  0.232335D+01  0.235630D+01 -0.235663D+02
  328.0652  0.230006D+01  0.236422D+01 -0.458722D+02
  328.2162  0.231022D+01  0.238661D+01 -0.546246D+02
  328.3670  0.240246D+01  0.240101D+01  0.103692D+01
  328.5178  0.238897D+01  0.235845D+01  0.218280D+02
  328.6685  0.230626D+01  0.226605D+01  0.287562D+02
  328.8191  0.231732D+01  0.231407D+01  0.232295D+01
  328.9697  0.257022D+01  0.257464D+01 -0.316506D+01
  329.1201  0.285377D+01  0.283234D+01  0.140448D+02
  329.2706  0.302458D+01  0.298024D+01  0.290634D+02
  329.4209  0.307592D+01  0.307180D+01  0.270125D+01
  329.5712  0.312824D+01  0.311459D+01  0.894773D+01
  329.7214  0.311952D+01  0.313525D+01 -0.103103D+02
  329.8716  0.314424D+01  0.318377D+01 -0.259052D+02
  330.0217  0.324376D+01  0.324582D+01 -0.134600D+01
  330.1717  0.314748D+01  0.316740D+01 -0.130573D+02
  330.3217  0.294691D+01  0.292576D+01  0.138628D+02
  330.4716  0.263486D+01  0.267066D+01 -0.234683D+02
  330.6213  0.246063D+01  0.246229D+01 -0.119121D+01
  330.7711  0.243977D+01  0.240955D+01  0.216063D+02
   21 328.668 331.668 330.168 -8.320D-03  0.000D+00  1.617D+00  1.325D+01 10300  5.813D-03
  328.6685  0.230626D+01  0.229299D+01  0.949308D+01
  328.8191  0.231732D+01  0.230604D+01  0.806898D+01
  328.9697  0.257022D+01  0.258265D+01 -0.888893D+01
  329.1201  0.285377D+01  0.287572D+01 -0.143844D+02
  329.2706  0.302458D+01  0.301715D+01  0.486906D+01
  329.4209  0.307592D+01  0.310051D+01 -0.161195D+02
  329.5712  0.312824D+01  0.312707D+01  0.765043D+00
  329.7214  0.311952D+01  0.311947D+01  0.317592D-01
  329.8716  0.314424D+01  0.313950D+01  0.311141D+01
  330.0217  0.324376D+01  0.320742D+01  0.238223D+02
  330.1717  0.314748D+01  0.316200D+01 -0.951444D+01
  330.3217  0.294691D+01  0.291508D+01  0.208589D+02
  330.4716  0.263486D+01  0.266927D+01 -0.225582D+02
  330.6213  0.246063D+01  0.245973D+01  0.643458D+00
  330.7711  0.243977D+01  0.240476D+01  0.250350D+02
  330.9208  0.254648D+01  0.256638D+01 -0.130396D+02
  331.0704  0.269141D+01  0.269875D+01 -0.481345D+01
  331.2200  0.265859D+01  0.268214D+01 -0.154339D+02
  331.3695  0.255197D+01  0.256845D+01 -0.108011D+02
  331.5189  0.251043D+01  0.249903D+01  0.747445D+01
  331.6683  0.261301D+01  0.259658D+01  0.107702D+02
   21 329.571 332.563 331.067 -1.249D-04  0.000D+00  1.562D+00  2.204D+01 10300  9.326D-03
  329.5712  0.312824D+01  0.316287D+01 -0.226981D+02
  329.7214  0.311952D+01  0.312743D+01 -0.518290D+01
  329.8716  0.314424D+01  0.312690D+01  0.113691D+02
  330.0217  0.324376D+01  0.319005D+01  0.352063D+02
  330.1717  0.314748D+01  0.315904D+01 -0.757621D+01
  330.3217  0.294691D+01  0.291089D+01  0.236084D+02
  330.4716  0.263486D+01  0.266977D+01 -0.228832D+02
  330.6213  0.246063D+01  0.246058D+01  0.359656D-01
  330.7711  0.243977D+01  0.239462D+01  0.322798D+02
  330.9208  0.254648D+01  0.256797D+01 -0.140865D+02
  331.0704  0.269141D+01  0.272050D+01 -0.190692D+02
  331.2200  0.265859D+01  0.271474D+01 -0.368006D+02
  331.3695  0.255197D+01  0.259924D+01 -0.309880D+02
  331.5189  0.251043D+01  0.251448D+01 -0.265608D+01
  331.6683  0.261301D+01  0.260009D+01  0.846695D+01
  331.8176  0.279174D+01  0.276550D+01  0.171971D+02
  331.9668  0.286438D+01  0.282562D+01  0.254055D+02
  332.1159  0.278616D+01  0.274839D+01  0.247545D+02
  332.2650  0.259143D+01  0.259005D+01  0.904411D+00
  332.4141  0.256815D+01  0.254545D+01  0.148779D+02
  332.5630  0.270363D+01  0.276022D+01 -0.370918D+02
   21 330.472 333.455 331.964 -5.472D-03  0.000D+00  1.608D+00  1.713D+01 10300  7.508D-03
  330.4716  0.263486D+01  0.266606D+01 -0.204503D+02
  330.6213  0.246063D+01  0.244283D+01  0.127220D+02
  330.7711  0.243977D+01  0.237898D+01  0.434656D+02
  330.9208  0.254648D+01  0.255356D+01 -0.464102D+01
  331.0704  0.269141D+01  0.270242D+01 -0.721914D+01
  331.2200  0.265859D+01  0.269769D+01 -0.256286D+02
  331.3695  0.255197D+01  0.258883D+01 -0.241622D+02
  331.5189  0.251043D+01  0.251620D+01 -0.378335D+01
  331.6683  0.261301D+01  0.261507D+01 -0.135078D+01
  331.8176  0.279174D+01  0.278529D+01  0.422663D+01
  331.9668  0.286438D+01  0.284143D+01  0.150400D+02
  332.1159  0.278616D+01  0.275493D+01  0.204730D+02
  332.2650  0.259143D+01  0.258488D+01  0.429467D+01
  332.4141  0.256815D+01  0.253192D+01  0.237448D+02
  332.5630  0.270363D+01  0.272338D+01 -0.129435D+02
  332.7119  0.283804D+01  0.284718D+01 -0.599249D+01
  332.8608  0.273150D+01  0.274175D+01 -0.671485D+01
  333.0095  0.262416D+01  0.263986D+01 -0.102935D+02
  333.1582  0.266704D+01  0.270111D+01 -0.223330D+02
  333.3069  0.277528D+01  0.276233D+01  0.848840D+01
  333.4554  0.264573D+01  0.262448D+01  0.139299D+02
   21 331.369 334.346 332.857  3.459D-03  0.000D+00  1.638D+00  1.107D+01 10300  5.065D-03
  331.3695  0.255197D+01  0.253863D+01  0.874295D+01
  331.5189  0.251043D+01  0.250243D+01  0.524396D+01
  331.6683  0.261301D+01  0.261822D+01 -0.341442D+01
  331.8176  0.279174D+01  0.280652D+01 -0.969047D+01
  331.9668  0.286438D+01  0.287755D+01 -0.863639D+01
  332.1159  0.278616D+01  0.279453D+01 -0.548459D+01
  332.2650  0.259143D+01  0.261556D+01 -0.158119D+02
  332.4141  0.256815D+01  0.253597D+01  0.210914D+02
  332.5630  0.270363D+01  0.270547D+01 -0.120259D+01
  332.7119  0.283804D+01  0.282939D+01  0.566618D+01
  332.8608  0.273150D+01  0.272423D+01  0.476636D+01
  333.0095  0.262416D+01  0.261204D+01  0.794301D+01
  333.1582  0.266704D+01  0.266745D+01 -0.267816D+00
  333.3069  0.277528D+01  0.274812D+01  0.178054D+02
  333.4554  0.264573D+01  0.264920D+01 -0.226939D+01
  333.6039  0.238996D+01  0.239999D+01 -0.656993D+01
  333.7524  0.228451D+01  0.229024D+01 -0.375475D+01
  333.9008  0.239437D+01  0.243635D+01 -0.275145D+02
  334.0491  0.257237D+01  0.257664D+01 -0.279829D+01
  334.1973  0.260654D+01  0.261074D+01 -0.275460D+01
  334.3455  0.271388D+01  0.268779D+01  0.170978D+02
   19 332.265 334.938 333.601 -1.813D-03  0.000D+00  1.600D+00  1.224D+01 10300  5.699D-03
  332.2650  0.259143D+01  0.261004D+01 -0.121944D+02
  332.4141  0.256815D+01  0.254047D+01  0.181429D+02
  332.5630  0.270363D+01  0.271805D+01 -0.945198D+01
  332.7119  0.283804D+01  0.283580D+01  0.146537D+01
  332.8608  0.273150D+01  0.272474D+01  0.443131D+01
  333.0095  0.262416D+01  0.261613D+01  0.526236D+01
  333.1582  0.266704D+01  0.267693D+01 -0.648449D+01
  333.3069  0.277528D+01  0.275373D+01  0.141246D+02
  333.4554  0.264573D+01  0.264570D+01  0.224215D-01
  333.6039  0.238996D+01  0.239336D+01 -0.222587D+01
  333.7524  0.228451D+01  0.229188D+01 -0.483051D+01
  333.9008  0.239437D+01  0.244249D+01 -0.315407D+02
  334.0491  0.257237D+01  0.257689D+01 -0.296020D+01
  334.1973  0.260654D+01  0.260726D+01 -0.471575D+00
  334.3455  0.271388D+01  0.268633D+01  0.180592D+02
  334.4937  0.285413D+01  0.285081D+01  0.217765D+01
  334.6417  0.296866D+01  0.293399D+01  0.209790D+02
  334.7897  0.281700D+01  0.282687D+01 -0.647234D+01
  334.9376  0.257759D+01  0.259588D+01 -0.119857D+02
   13 333.158 334.938 334.048  1.122D-02  0.000D+00  1.586D+00  1.031D+01 10300  8.881D-03
  333.1582  0.266704D+01  0.268584D+01 -0.123239D+02
  333.3069  0.277528D+01  0.274701D+01  0.185306D+02
  333.4554  0.264573D+01  0.264590D+01 -0.109017D+00
  333.6039  0.238996D+01  0.239481D+01 -0.317712D+01
  333.7524  0.228451D+01  0.227359D+01  0.715654D+01
  333.9008  0.239437D+01  0.241840D+01 -0.157496D+02
  334.0491  0.257237D+01  0.257366D+01 -0.842258D+00
  334.1973  0.260654D+01  0.261769D+01 -0.731245D+01
  334.3455  0.271388D+01  0.269414D+01  0.129417D+02
  334.4937  0.285413D+01  0.285846D+01 -0.284161D+01
  334.6417  0.296866D+01  0.294641D+01  0.134623D+02
  334.7897  0.281700D+01  0.283642D+01 -0.127314D+02
  334.9376  0.257759D+01  0.257404D+01  0.232279D+01
