           0
 T F
nwave fwave lwave wave  shift    squeeze     sin      rms    exval
   21 263.972 271.180 267.576 -1.118D-01  0.000D+00  3.368D-03  2.482D+00 10000  4.371D-02
  263.9718  0.170187D-02  0.175081D-02 -0.273859D+01
  264.3434  0.172375D-02  0.168777D-02  0.196317D+01
  264.7136  0.146817D-02  0.144994D-02  0.109772D+01
  265.0824  0.145843D-02  0.138461D-02  0.499587D+01
  265.4500  0.147149D-02  0.145742D-02  0.104092D+01
  265.8164  0.134571D-02  0.141764D-02 -0.565647D+01
  266.1815  0.125154D-02  0.128678D-02 -0.295801D+01
  266.5455  0.123253D-02  0.120433D-02  0.243684D+01
  266.9082  0.118384D-02  0.119463D-02 -0.941753D+00
  267.2699  0.122061D-02  0.121706D-02  0.307088D+00
  267.6304  0.119220D-02  0.119746D-02 -0.459035D+00
  267.9898  0.115864D-02  0.114893D-02  0.855415D+00
  268.3482  0.116895D-02  0.114211D-02  0.239062D+01
  268.7055  0.116013D-02  0.112957D-02  0.266723D+01
  269.0618  0.109918D-02  0.111701D-02 -0.158807D+01
  269.4171  0.114283D-02  0.113596D-02  0.605956D+00
  269.7715  0.118212D-02  0.121976D-02 -0.331843D+01
  270.1249  0.135464D-02  0.134325D-02  0.984443D+00
  270.4774  0.138546D-02  0.138582D-02 -0.304119D-01
  270.8291  0.132566D-02  0.135749D-02 -0.272384D+01
  271.1798  0.133563D-02  0.130462D-02  0.265379D+01
   21 266.182 273.267 269.724 -2.350D-02  0.000D+00  3.467D-03  2.125D+00 10000  2.505D-02
  266.1815  0.125154D-02  0.128034D-02 -0.241721D+01
  266.5455  0.123253D-02  0.119125D-02  0.356780D+01
  266.9082  0.118384D-02  0.117914D-02  0.410301D+00
  267.2699  0.122061D-02  0.121079D-02  0.849318D+00
  267.6304  0.119220D-02  0.121666D-02 -0.213503D+01
  267.9898  0.115864D-02  0.116838D-02 -0.859257D+00
  268.3482  0.116895D-02  0.115726D-02  0.104069D+01
  268.7055  0.116013D-02  0.115263D-02  0.654439D+00
  269.0618  0.109918D-02  0.113444D-02 -0.314067D+01
  269.4171  0.114283D-02  0.113940D-02  0.302636D+00
  269.7715  0.118212D-02  0.119889D-02 -0.147885D+01
  270.1249  0.135464D-02  0.132025D-02  0.297300D+01
  270.4774  0.138546D-02  0.137842D-02  0.591166D+00
  270.8291  0.132566D-02  0.134371D-02 -0.154426D+01
  271.1798  0.133563D-02  0.128537D-02  0.430075D+01
  271.5297  0.117834D-02  0.116738D-02  0.966442D+00
  271.8788  0.957129D-03  0.994256D-03 -0.337590D+01
  272.2271  0.917263D-03  0.941520D-03 -0.220566D+01
  272.5746  0.103778D-02  0.106446D-02 -0.240144D+01
  272.9213  0.123138D-02  0.121357D-02  0.155498D+01
  273.2673  0.119449D-02  0.118301D-02  0.100197D+01
   21 268.348 275.329 271.838 -3.165D-03  0.000D+00  3.662D-03  2.087D+00 10000  1.894D-02
  268.3482  0.116895D-02  0.115205D-02  0.150527D+01
  268.7055  0.116013D-02  0.115928D-02  0.742243D-01
  269.0618  0.109918D-02  0.113742D-02 -0.340641D+01
  269.4171  0.114283D-02  0.114269D-02  0.121696D-01
  269.7715  0.118212D-02  0.119031D-02 -0.721849D+00
  270.1249  0.135464D-02  0.132537D-02  0.252973D+01
  270.4774  0.138546D-02  0.139021D-02 -0.399056D+00
  270.8291  0.132566D-02  0.134151D-02 -0.135617D+01
  271.1798  0.133563D-02  0.128841D-02  0.404073D+01
  271.5297  0.117834D-02  0.117653D-02  0.159843D+00
  271.8788  0.957129D-03  0.982871D-03 -0.234065D+01
  272.2271  0.917263D-03  0.912430D-03  0.439468D+00
  272.5746  0.103778D-02  0.104628D-02 -0.764768D+00
  272.9213  0.123138D-02  0.123211D-02 -0.633476D-01
  273.2673  0.119449D-02  0.122819D-02 -0.294158D+01
  273.6126  0.100983D-02  0.101332D-02 -0.307740D+00
  273.9572  0.844519D-03  0.816614D-03  0.251122D+01
  274.3010  0.773035D-03  0.718958D-03  0.481684D+01
  274.6443  0.700978D-03  0.707615D-03 -0.629713D+00
  274.9868  0.747260D-03  0.776761D-03 -0.268251D+01
  275.3288  0.921846D-03  0.916180D-03  0.504626D+00
   21 270.477 277.368 273.923  6.168D-03  0.000D+00  3.800D-03  2.112D+00 10000  1.826D-02
  270.4774  0.138546D-02  0.138636D-02 -0.753713D-01
  270.8291  0.132566D-02  0.134133D-02 -0.134117D+01
  271.1798  0.133563D-02  0.129123D-02  0.379956D+01
  271.5297  0.117834D-02  0.118336D-02 -0.442687D+00
  271.8788  0.957129D-03  0.987481D-03 -0.275986D+01
  272.2271  0.917263D-03  0.909282D-03  0.725782D+00
  272.5746  0.103778D-02  0.103967D-02 -0.169989D+00
  272.9213  0.123138D-02  0.122792D-02  0.302397D+00
  273.2673  0.119449D-02  0.123013D-02 -0.311095D+01
  273.6126  0.100983D-02  0.101439D-02 -0.402619D+00
  273.9572  0.844519D-03  0.814541D-03  0.269778D+01
  274.3010  0.773035D-03  0.714513D-03  0.521282D+01
  274.6443  0.700978D-03  0.701016D-03 -0.359237D-02
  274.9868  0.747260D-03  0.766652D-03 -0.176337D+01
  275.3288  0.921846D-03  0.906709D-03  0.134825D+01
  275.6701  0.103721D-02  0.105303D-02 -0.135414D+01
  276.0108  0.129656D-02  0.127756D-02  0.152170D+01
  276.3510  0.140413D-02  0.141956D-02 -0.122380D+01
  276.6906  0.147230D-02  0.148146D-02 -0.707623D+00
  277.0296  0.147378D-02  0.150576D-02 -0.242746D+01
  277.3681  0.155524D-02  0.151704D-02  0.277849D+01
   21 272.575 279.389 275.982  1.016D-02  0.000D+00  3.970D-03  1.893D+00 10000  1.751D-02
  272.5746  0.103778D-02  0.103158D-02  0.557895D+00
  272.9213  0.123138D-02  0.121929D-02  0.105533D+01
  273.2673  0.119449D-02  0.122872D-02 -0.298772D+01
  273.6126  0.100983D-02  0.102264D-02 -0.112992D+01
  273.9572  0.844519D-03  0.823483D-03  0.189311D+01
  274.3010  0.773035D-03  0.721532D-03  0.458758D+01
  274.6443  0.700978D-03  0.706775D-03 -0.549962D+00
  274.9868  0.747260D-03  0.771306D-03 -0.218655D+01
  275.3288  0.921846D-03  0.907969D-03  0.123602D+01
  275.6701  0.103721D-02  0.105602D-02 -0.161042D+01
  276.0108  0.129656D-02  0.127338D-02  0.185668D+01
  276.3510  0.140413D-02  0.141617D-02 -0.955021D+00
  276.6906  0.147230D-02  0.147769D-02 -0.416697D+00
  277.0296  0.147378D-02  0.150232D-02 -0.216582D+01
  277.3681  0.155524D-02  0.150989D-02  0.329834D+01
  277.7061  0.135934D-02  0.136416D-02 -0.359697D+00
  278.0435  0.114672D-02  0.115891D-02 -0.916876D+00
  278.3806  0.106264D-02  0.106502D-02 -0.182553D+00
  278.7171  0.975688D-03  0.978477D-03 -0.213542D+00
  279.0531  0.820462D-03  0.791188D-03  0.230216D+01
  279.3887  0.587452D-03  0.609039D-03 -0.182951D+01
   21 274.644 281.394 278.019  4.497D-03  0.000D+00  4.315D-03  1.378D+00 10000  1.696D-02
  274.6443  0.700978D-03  0.706792D-03 -0.551635D+00
  274.9868  0.747260D-03  0.764450D-03 -0.156311D+01
  275.3288  0.921846D-03  0.903906D-03  0.159800D+01
  275.6701  0.103721D-02  0.103901D-02 -0.154312D+00
  276.0108  0.129656D-02  0.126993D-02  0.213273D+01
  276.3510  0.140413D-02  0.140942D-02 -0.419397D+00
  276.6906  0.147230D-02  0.147337D-02 -0.831215D-01
  277.0296  0.147378D-02  0.150064D-02 -0.203837D+01
  277.3681  0.155524D-02  0.152561D-02  0.215487D+01
  277.7061  0.135934D-02  0.137457D-02 -0.113642D+01
  278.0435  0.114672D-02  0.115698D-02 -0.772023D+00
  278.3806  0.106264D-02  0.107450D-02 -0.908415D+00
  278.7171  0.975688D-03  0.992227D-03 -0.126644D+01
  279.0531  0.820462D-03  0.789238D-03  0.245552D+01
  279.3887  0.587452D-03  0.596755D-03 -0.788453D+00
  279.7239  0.547929D-03  0.515940D-03  0.276477D+01
  280.0586  0.526507D-03  0.512943D-03  0.119603D+01
  280.3929  0.591118D-03  0.592112D-03 -0.859495D-01
  280.7269  0.800644D-03  0.808870D-03 -0.697159D+00
  281.0604  0.112129D-02  0.111579D-02  0.444523D+00
  281.3935  0.144377D-02  0.145092D-02 -0.542409D+00
   21 276.691 283.385 280.038  5.604D-03  0.000D+00  4.845D-03  1.384D+00 10000  1.381D-02
  276.6906  0.147230D-02  0.146417D-02  0.627991D+00
  277.0296  0.147378D-02  0.148897D-02 -0.115246D+01
  277.3681  0.155524D-02  0.153189D-02  0.169796D+01
  277.7061  0.135934D-02  0.137659D-02 -0.128669D+01
  278.0435  0.114672D-02  0.114643D-02  0.218630D-01
  278.3806  0.106264D-02  0.107546D-02 -0.981764D+00
  278.7171  0.975688D-03  0.100165D-02 -0.198773D+01
  279.0531  0.820462D-03  0.789822D-03  0.240958D+01
  279.3887  0.587452D-03  0.591041D-03 -0.304197D+00
  279.7239  0.547929D-03  0.513445D-03  0.298039D+01
  280.0586  0.526507D-03  0.509913D-03  0.146314D+01
  280.3929  0.591118D-03  0.584199D-03  0.597979D+00
  280.7269  0.800644D-03  0.803189D-03 -0.215684D+00
  281.0604  0.112129D-02  0.111306D-02  0.665454D+00
  281.3935  0.144377D-02  0.144482D-02 -0.795435D-01
  281.7263  0.178000D-02  0.179037D-02 -0.748679D+00
  282.0587  0.202630D-02  0.205072D-02 -0.176197D+01
  282.3907  0.219561D-02  0.219963D-02 -0.282772D+00
  282.7224  0.229722D-02  0.229357D-02  0.261728D+00
  283.0538  0.248865D-02  0.245327D-02  0.243207D+01
  283.3848  0.244019D-02  0.245776D-02 -0.124656D+01
   21 278.717 285.364 282.041  1.547D-02  0.000D+00  5.136D-03  1.817D+00 10000  1.205D-02
  278.7171  0.975688D-03  0.984363D-03 -0.664288D+00
  279.0531  0.820462D-03  0.800986D-03  0.153160D+01
  279.3887  0.587452D-03  0.609256D-03 -0.184789D+01
  279.7239  0.547929D-03  0.528597D-03  0.167088D+01
  280.0586  0.526507D-03  0.523727D-03  0.245140D+00
  280.3929  0.591118D-03  0.597165D-03 -0.522661D+00
  280.7269  0.800644D-03  0.811069D-03 -0.883510D+00
  281.0604  0.112129D-02  0.111624D-02  0.408600D+00
  281.3935  0.144377D-02  0.144177D-02  0.151776D+00
  281.7263  0.178000D-02  0.177742D-02  0.186036D+00
  282.0587  0.202630D-02  0.203240D-02 -0.440187D+00
  282.3907  0.219561D-02  0.218374D-02  0.835643D+00
  282.7224  0.229722D-02  0.228865D-02  0.613467D+00
  283.0538  0.248865D-02  0.246163D-02  0.185734D+01
  283.3848  0.244019D-02  0.251153D-02 -0.506240D+01
  283.7155  0.242083D-02  0.244420D-02 -0.164531D+01
  284.0459  0.247800D-02  0.241522D-02  0.434918D+01
  284.3760  0.221222D-02  0.221578D-02 -0.258965D+00
  284.7057  0.180566D-02  0.178197D-02  0.178235D+01
  285.0352  0.115967D-02  0.117996D-02 -0.168696D+01
  285.3644  0.962399D-03  0.973311D-03 -0.952555D+00
   21 280.727 287.333 284.030 -2.882D-03  0.000D+00  5.418D-03  2.506D+00 10000  9.196D-03
  280.7269  0.800644D-03  0.829744D-03 -0.246622D+01
  281.0604  0.112129D-02  0.112219D-02 -0.724524D-01
  281.3935  0.144377D-02  0.143769D-02  0.461683D+00
  281.7263  0.178000D-02  0.176157D-02  0.132946D+01
  282.0587  0.202630D-02  0.201136D-02  0.107754D+01
  282.3907  0.219561D-02  0.216678D-02  0.202940D+01
  282.7224  0.229722D-02  0.228957D-02  0.547608D+00
  283.0538  0.248865D-02  0.247585D-02  0.879705D+00
  283.3848  0.244019D-02  0.252823D-02 -0.624809D+01
  283.7155  0.242083D-02  0.247434D-02 -0.376678D+01
  284.0459  0.247800D-02  0.243804D-02  0.276809D+01
  284.3760  0.221222D-02  0.221567D-02 -0.250823D+00
  284.7057  0.180566D-02  0.174955D-02  0.422248D+01
  285.0352  0.115967D-02  0.114302D-02  0.138390D+01
  285.3644  0.962399D-03  0.965951D-03 -0.310063D+00
  285.6933  0.156486D-02  0.152683D-02  0.288680D+01
  286.0219  0.240915D-02  0.238044D-02  0.200485D+01
  286.3502  0.294975D-02  0.296401D-02 -0.929033D+00
  286.6782  0.310371D-02  0.316325D-02 -0.382172D+01
  287.0060  0.331874D-02  0.334317D-02 -0.153444D+01
  287.3335  0.356515D-02  0.352355D-02  0.255707D+01
   21 282.722 289.293 286.008 -3.706D-03  0.000D+00  5.963D-03  3.187D+00 10300  8.902D-03
  282.7224  0.229722D-02  0.226848D-02  0.205649D+01
  283.0538  0.248865D-02  0.246755D-02  0.145062D+01
  283.3848  0.244019D-02  0.252148D-02 -0.576915D+01
  283.7155  0.242083D-02  0.246342D-02 -0.299801D+01
  284.0459  0.247800D-02  0.243640D-02  0.288175D+01
  284.3760  0.221222D-02  0.221372D-02 -0.109112D+00
  284.7057  0.180566D-02  0.174644D-02  0.445607D+01
  285.0352  0.115967D-02  0.112369D-02  0.299112D+01
  285.3644  0.962399D-03  0.938665D-03  0.207182D+01
  285.6933  0.156486D-02  0.151634D-02  0.368250D+01
  286.0219  0.240915D-02  0.238816D-02  0.146599D+01
  286.3502  0.294975D-02  0.297955D-02 -0.194180D+01
  286.6782  0.310371D-02  0.317598D-02 -0.463833D+01
  287.0060  0.331874D-02  0.337029D-02 -0.323733D+01
  287.3335  0.356515D-02  0.359492D-02 -0.183028D+01
  287.6607  0.333970D-02  0.331627D-02  0.147162D+01
  287.9876  0.274526D-02  0.270687D-02  0.235979D+01
  288.3143  0.269348D-02  0.270357D-02 -0.620161D+00
  288.6407  0.372633D-02  0.361278D-02  0.643632D+01
  288.9669  0.419281D-02  0.416713D-02  0.140093D+01
  289.2928  0.445744D-02  0.453304D-02 -0.412470D+01
   21 284.706 291.243 287.974 -6.342D-03  0.000D+00  6.564D-03  3.096D+00 10300  8.189D-03
  284.7057  0.180566D-02  0.180637D-02 -0.533959D-01
  285.0352  0.115967D-02  0.113275D-02  0.223785D+01
  285.3644  0.962399D-03  0.931140D-03  0.272865D+01
  285.6933  0.156486D-02  0.153166D-02  0.252022D+01
  286.0219  0.240915D-02  0.241863D-02 -0.662090D+00
  286.3502  0.294975D-02  0.300001D-02 -0.327465D+01
  286.6782  0.310371D-02  0.316982D-02 -0.424307D+01
  287.0060  0.331874D-02  0.335476D-02 -0.226260D+01
  287.3335  0.356515D-02  0.359138D-02 -0.161254D+01
  287.6607  0.333970D-02  0.329974D-02  0.250937D+01
  287.9876  0.274526D-02  0.266300D-02  0.505673D+01
  288.3143  0.269348D-02  0.265409D-02  0.242130D+01
  288.6407  0.372633D-02  0.361172D-02  0.649685D+01
  288.9669  0.419281D-02  0.414575D-02  0.256741D+01
  289.2928  0.445744D-02  0.449368D-02 -0.197723D+01
  289.6184  0.523872D-02  0.526801D-02 -0.159762D+01
  289.9438  0.620215D-02  0.622319D-02 -0.108015D+01
  290.2689  0.686544D-02  0.688789D-02 -0.108841D+01
  290.5937  0.697771D-02  0.705357D-02 -0.367882D+01
  290.9182  0.681389D-02  0.686715D-02 -0.258269D+01
  291.2425  0.705446D-02  0.694132D-02  0.548693D+01
   21 286.678 293.182 289.930  3.322D-03  0.000D+00  7.305D-03  3.226D+00 10300  1.073D-02
  286.6782  0.310371D-02  0.311643D-02 -0.816525D+00
  287.0060  0.331874D-02  0.331805D-02  0.432873D-01
  287.3335  0.356515D-02  0.360986D-02 -0.274874D+01
  287.6607  0.333970D-02  0.334294D-02 -0.203539D+00
  287.9876  0.274526D-02  0.268428D-02  0.374861D+01
  288.3143  0.269348D-02  0.262119D-02  0.444421D+01
  288.6407  0.372633D-02  0.363740D-02  0.504097D+01
  288.9669  0.419281D-02  0.417555D-02  0.941637D+00
  289.2928  0.445744D-02  0.449338D-02 -0.196057D+01
  289.6184  0.523872D-02  0.526150D-02 -0.124292D+01
  289.9438  0.620215D-02  0.623038D-02 -0.144927D+01
  290.2689  0.686544D-02  0.691039D-02 -0.217985D+01
  290.5937  0.697771D-02  0.709168D-02 -0.552719D+01
  290.9182  0.681389D-02  0.688567D-02 -0.348088D+01
  291.2425  0.705446D-02  0.698517D-02  0.336030D+01
  291.5665  0.708654D-02  0.698011D-02  0.516135D+01
  291.8903  0.697427D-02  0.689616D-02  0.378817D+01
  292.2137  0.698000D-02  0.690035D-02  0.386241D+01
  292.5369  0.640950D-02  0.645680D-02 -0.242875D+01
  292.8597  0.647136D-02  0.656211D-02 -0.465970D+01
  293.1823  0.773264D-02  0.771768D-02  0.687656D+00
   21 288.641 295.111 291.876  2.429D-03  0.000D+00  8.171D-03  2.367D+00 10300  7.283D-03
  288.6407  0.372633D-02  0.370702D-02  0.109442D+01
  288.9669  0.419281D-02  0.419435D-02 -0.839226D-01
  289.2928  0.445744D-02  0.446672D-02 -0.506224D+00
  289.6184  0.523872D-02  0.522864D-02  0.550316D+00
  289.9438  0.620215D-02  0.619976D-02  0.122826D+00
  290.2689  0.686544D-02  0.687850D-02 -0.633052D+00
  290.5937  0.697771D-02  0.706839D-02 -0.439770D+01
  290.9182  0.681389D-02  0.684929D-02 -0.171657D+01
  291.2425  0.705446D-02  0.698498D-02  0.336936D+01
  291.5665  0.708654D-02  0.699299D-02  0.453686D+01
  291.8903  0.697427D-02  0.691681D-02  0.278649D+01
  292.2137  0.698000D-02  0.695723D-02  0.110409D+01
  292.5369  0.640950D-02  0.647121D-02 -0.316851D+01
  292.8597  0.647136D-02  0.655315D-02 -0.419964D+01
  293.1823  0.773264D-02  0.777157D-02 -0.178824D+01
  293.5046  0.803049D-02  0.798995D-02  0.186262D+01
  293.8265  0.706821D-02  0.703337D-02  0.168943D+01
  294.1482  0.735117D-02  0.732551D-02  0.124405D+01
  294.4695  0.798123D-02  0.800508D-02 -0.109578D+01
  294.7906  0.754362D-02  0.760375D-02 -0.276241D+01
  295.1112  0.800644D-02  0.795949D-02  0.215704D+01
   21 290.594 297.028 293.811  6.534D-03  0.000D+00  9.351D-03  2.144D+00 10300  5.030D-03
  290.5937  0.697771D-02  0.701277D-02 -0.170014D+01
  290.9182  0.681389D-02  0.683321D-02 -0.937071D+00
  291.2425  0.705446D-02  0.699783D-02  0.274618D+01
  291.5665  0.708654D-02  0.702439D-02  0.301414D+01
  291.8903  0.697427D-02  0.694397D-02  0.146925D+01
  292.2137  0.698000D-02  0.699310D-02 -0.635417D+00
  292.5369  0.640950D-02  0.648715D-02 -0.398691D+01
  292.8597  0.647136D-02  0.653569D-02 -0.330293D+01
  293.1823  0.773264D-02  0.775986D-02 -0.125023D+01
  293.5046  0.803049D-02  0.799573D-02  0.159728D+01
  293.8265  0.706821D-02  0.700922D-02  0.286075D+01
  294.1482  0.735117D-02  0.729691D-02  0.263124D+01
  294.4695  0.798123D-02  0.801059D-02 -0.134871D+01
  294.7906  0.754362D-02  0.762290D-02 -0.364234D+01
  295.1112  0.800644D-02  0.799487D-02  0.531548D+00
  295.4315  0.904662D-02  0.897757D-02  0.301388D+01
  295.7516  0.941091D-02  0.942387D-02 -0.538534D+00
  296.0712  0.101888D-01  0.102167D-01 -0.116215D+01
  296.3904  0.993559D-02  0.991135D-02  0.100749D+01
  296.7093  0.793312D-02  0.794756D-02 -0.663648D+00
  297.0278  0.777045D-02  0.777226D-02 -0.834217D-01
   21 292.537 298.930 295.733  1.258D-02  0.000D+00  1.079D-02  2.661D+00 10300  3.622D-03
  292.5369  0.640950D-02  0.637439D-02  0.180316D+01
  292.8597  0.647136D-02  0.648351D-02 -0.623816D+00
  293.1823  0.773264D-02  0.773355D-02 -0.418628D-01
  293.5046  0.803049D-02  0.804102D-02 -0.483566D+00
  293.8265  0.706821D-02  0.708623D-02 -0.873838D+00
  294.1482  0.735117D-02  0.733691D-02  0.691573D+00
  294.4695  0.798123D-02  0.804083D-02 -0.273812D+01
  294.7906  0.754362D-02  0.766619D-02 -0.563115D+01
  295.1112  0.800644D-02  0.798191D-02  0.112666D+01
  295.4315  0.904662D-02  0.894228D-02  0.455415D+01
  295.7516  0.941091D-02  0.936981D-02  0.170870D+01
  296.0712  0.101888D-01  0.101295D-01  0.246308D+01
  296.3904  0.993559D-02  0.985189D-02  0.347900D+01
  296.7093  0.793312D-02  0.794315D-02 -0.460817D+00
  297.0278  0.777045D-02  0.773436D-02  0.165782D+01
  297.3459  0.915545D-02  0.925541D-02 -0.415533D+01
  297.6636  0.118567D-01  0.119866D-01 -0.493050D+01
  297.9809  0.121592D-01  0.122125D-01 -0.202309D+01
  298.2978  0.928834D-02  0.929033D-02 -0.829688D-01
  298.6142  0.859068D-02  0.852153D-02  0.301829D+01
  298.9301  0.113366D-01  0.112868D-01  0.189106D+01
   21 294.470 300.816 297.643  9.728D-03  0.000D+00  1.322D-02  4.941D+00 10000  6.925D-03
  294.4695  0.798123D-02  0.805031D-02 -0.317347D+01
  294.7906  0.754362D-02  0.762582D-02 -0.377623D+01
  295.1112  0.800644D-02  0.794461D-02  0.284070D+01
  295.4315  0.904662D-02  0.890324D-02  0.625796D+01
  295.7516  0.941091D-02  0.934669D-02  0.266978D+01
  296.0712  0.101888D-01  0.101388D-01  0.207638D+01
  296.3904  0.993559D-02  0.987697D-02  0.243647D+01
  296.7093  0.793312D-02  0.796947D-02 -0.166996D+01
  297.0278  0.777045D-02  0.779794D-02 -0.126288D+01
  297.3459  0.915545D-02  0.934773D-02 -0.799286D+01
  297.6636  0.118567D-01  0.120995D-01 -0.921606D+01
  297.9809  0.121592D-01  0.122512D-01 -0.349489D+01
  298.2978  0.928834D-02  0.924566D-02  0.177402D+01
  298.6142  0.859068D-02  0.844847D-02  0.620687D+01
  298.9301  0.113366D-01  0.111179D-01  0.829966D+01
  299.2456  0.132841D-01  0.127077D-01  0.698868D+01
  299.5606  0.129702D-01  0.125679D-01  0.487761D+01
  299.8752  0.131363D-01  0.130622D-01  0.898836D+00
  300.1891  0.109792D-01  0.112917D-01 -0.378828D+01
  300.5027  0.123550D-01  0.128488D-01 -0.590437D+01
  300.8156  0.144618D-01  0.148915D-01 -0.500203D+01
   21 296.390 302.681 299.536  9.232D-03  0.000D+00  1.663D-02  9.658D+00 10000  1.366D-02
  296.3904  0.993559D-02  0.966055D-02  0.114325D+02
  296.7093  0.793312D-02  0.797897D-02 -0.210670D+01
  297.0278  0.777045D-02  0.787925D-02 -0.499896D+01
  297.3459  0.915545D-02  0.945896D-02 -0.126161D+02
  297.6636  0.118567D-01  0.121695D-01 -0.118706D+02
  297.9809  0.121592D-01  0.122236D-01 -0.244708D+01
  298.2978  0.928834D-02  0.917262D-02  0.481022D+01
  298.6142  0.859068D-02  0.833347D-02  0.112263D+02
  298.9301  0.113366D-01  0.108904D-01  0.169353D+02
  299.2456  0.132841D-01  0.124334D-01  0.103136D+02
  299.5606  0.129702D-01  0.123693D-01  0.728550D+01
  299.8752  0.131363D-01  0.129534D-01  0.221734D+01
  300.1891  0.109792D-01  0.114161D-01 -0.529692D+01
  300.5027  0.123550D-01  0.132590D-01 -0.108090D+02
  300.8156  0.144618D-01  0.158061D-01 -0.156462D+02
  301.1280  0.175938D-01  0.185739D-01 -0.112576D+02
  301.4398  0.206295D-01  0.213937D-01 -0.866333D+01
  301.7511  0.193167D-01  0.201681D-01 -0.965204D+01
  302.0618  0.174242D-01  0.174003D-01  0.271323D+00
  302.3718  0.228027D-01  0.224152D-01  0.428144D+01
  302.6812  0.320853D-01  0.308089D-01  0.137560D+02
   21 298.298 304.523 301.411 -1.546D-02  0.000D+00  2.443D-02  8.404D+00 10300  1.562D-02
  298.2978  0.928834D-02  0.937132D-02 -0.344942D+01
  298.6142  0.859068D-02  0.870904D-02 -0.516593D+01
  298.9301  0.113366D-01  0.111546D-01  0.690846D+01
  299.2456  0.132841D-01  0.123204D-01  0.116836D+02
  299.5606  0.129702D-01  0.122803D-01  0.836476D+01
  299.8752  0.131363D-01  0.125144D-01  0.754047D+01
  300.1891  0.109792D-01  0.111871D-01 -0.252071D+01
  300.5027  0.123550D-01  0.130901D-01 -0.878946D+01
  300.8156  0.144618D-01  0.155138D-01 -0.122446D+02
  301.1280  0.175938D-01  0.183727D-01 -0.894631D+01
  301.4398  0.206295D-01  0.209541D-01 -0.367967D+01
  301.7511  0.193167D-01  0.196388D-01 -0.365111D+01
  302.0618  0.174242D-01  0.176747D-01 -0.284008D+01
  302.3718  0.228027D-01  0.233099D-01 -0.560415D+01
  302.6812  0.320853D-01  0.321056D-01 -0.218439D+00
  302.9900  0.416073D-01  0.403350D-01  0.138836D+02
  303.2980  0.488932D-01  0.475361D-01  0.148084D+02
  303.6054  0.517915D-01  0.512484D-01  0.592591D+01
  303.9121  0.497639D-01  0.506780D-01 -0.997519D+01
  304.2181  0.555261D-01  0.567860D-01 -0.137472D+02
  304.5233  0.677838D-01  0.673468D-01  0.423843D+01
   21 300.189 306.338 303.263  4.201D-03  0.000D+00  4.589D-02  2.249D+01 10000  2.991D-02
  300.1891  0.109792D-01  0.118121D-01 -0.100977D+02
  300.5027  0.123550D-01  0.127744D-01 -0.501451D+01
  300.8156  0.144618D-01  0.146548D-01 -0.224680D+01
  301.1280  0.175938D-01  0.170132D-01  0.666842D+01
  301.4398  0.206295D-01  0.195748D-01  0.119576D+02
  301.7511  0.193167D-01  0.187921D-01  0.594726D+01
  302.0618  0.174242D-01  0.169522D-01  0.535067D+01
  302.3718  0.228027D-01  0.223599D-01  0.489279D+01
  302.6812  0.320853D-01  0.315572D-01  0.569142D+01
  302.9900  0.416073D-01  0.405516D-01  0.115201D+02
  303.2980  0.488932D-01  0.485456D-01  0.379250D+01
  303.6054  0.517915D-01  0.533987D-01 -0.175372D+02
  303.9121  0.497639D-01  0.530378D-01 -0.357233D+02
  304.2181  0.555261D-01  0.590985D-01 -0.389799D+02
  304.5233  0.677838D-01  0.703199D-01 -0.245979D+02
  304.8278  0.802362D-01  0.772465D-01  0.289972D+02
  305.1314  0.976490D-01  0.911013D-01  0.571563D+02
  305.4343  0.102071D+00  0.990952D-01  0.259752D+02
  305.7363  0.901454D-01  0.893877D-01  0.661440D+01
  306.0375  0.932843D-01  0.934219D-01 -0.120121D+01
  306.3378  0.108921D+00  0.113797D+00 -0.386874D+02
   21 302.062 308.120 305.091 -8.965D-03  0.000D+00  8.633D-02  3.731D+01 10000  4.488D-02
  302.0618  0.174242D-01  0.170038D-01  0.476586D+01
  302.3718  0.228027D-01  0.229675D-01 -0.182082D+01
  302.6812  0.320853D-01  0.321986D-01 -0.122049D+01
  302.9900  0.416073D-01  0.408926D-01  0.779860D+01
  303.2980  0.488932D-01  0.484684D-01  0.463569D+01
  303.6054  0.517915D-01  0.525829D-01 -0.863489D+01
  303.9121  0.497639D-01  0.518411D-01 -0.226658D+02
  304.2181  0.555261D-01  0.580424D-01 -0.274570D+02
  304.5233  0.677838D-01  0.691524D-01 -0.132743D+02
  304.8278  0.802362D-01  0.759361D-01  0.417071D+02
  305.1314  0.976490D-01  0.907433D-01  0.602813D+02
  305.4343  0.102071D+00  0.988806D-01  0.278490D+02
  305.7363  0.901454D-01  0.896089D-01  0.468378D+01
  306.0375  0.932843D-01  0.963840D-01 -0.270574D+02
  306.3378  0.108921D+00  0.119554D+00 -0.843795D+02
  306.6372  0.118922D+00  0.127056D+00 -0.591641D+02
  306.9357  0.147585D+00  0.147453D+00  0.882922D+00
  307.2332  0.184713D+00  0.176532D+00  0.510103D+02
  307.5298  0.205161D+00  0.192872D+00  0.670495D+02
  307.8254  0.216067D+00  0.212525D+00  0.193234D+02
  308.1200  0.221096D+00  0.231032D+00 -0.510192D+02
   21 303.912 309.865 306.888 -6.060D-02  0.000D+00  1.530D-01  4.877D+01 10000  5.527D-02
  303.9121  0.497639D-01  0.485853D-01  0.128599D+02
  304.2181  0.555261D-01  0.579149D-01 -0.260655D+02
  304.5233  0.677838D-01  0.696438D-01 -0.180403D+02
  304.8278  0.802362D-01  0.779759D-01  0.219226D+02
  305.1314  0.976490D-01  0.937104D-01  0.343806D+02
  305.4343  0.102071D+00  0.980348D-01  0.352315D+02
  305.7363  0.901454D-01  0.889858D-01  0.101229D+02
  306.0375  0.932843D-01  0.998130D-01 -0.569900D+02
  306.3378  0.108921D+00  0.119398D+00 -0.831398D+02
  306.6372  0.118922D+00  0.126140D+00 -0.525045D+02
  306.9357  0.147585D+00  0.148141D+00 -0.373253D+01
  307.2332  0.184713D+00  0.172757D+00  0.745480D+02
  307.5298  0.205161D+00  0.187126D+00  0.983992D+02
  307.8254  0.216067D+00  0.205404D+00  0.581745D+02
  308.1200  0.221096D+00  0.221697D+00 -0.308300D+01
  308.4135  0.235943D+00  0.246518D+00 -0.485855D+02
  308.7060  0.250583D+00  0.262845D+00 -0.535168D+02
  308.9974  0.234362D+00  0.246807D+00 -0.517307D+02
  309.2876  0.228039D+00  0.237090D+00 -0.329229D+02
  309.5767  0.264640D+00  0.255388D+00  0.299097D+02
  309.8647  0.285042D+00  0.262439D+00  0.657687D+02
   15 305.736 309.865 307.800 -6.722D-02  0.000D+00  1.991D-01  5.274D+01 10000  8.564D-02
  305.7363  0.901454D-01  0.824868D-01  0.668542D+02
  306.0375  0.932843D-01  0.966976D-01 -0.297951D+02
  306.3378  0.108921D+00  0.118042D+00 -0.723786D+02
  306.6372  0.118922D+00  0.126105D+00 -0.522528D+02
  306.9357  0.147585D+00  0.149475D+00 -0.126959D+02
  307.2332  0.184713D+00  0.174284D+00  0.650250D+02
  307.5298  0.205161D+00  0.188422D+00  0.913251D+02
  307.8254  0.216067D+00  0.206450D+00  0.524715D+02
  308.1200  0.221096D+00  0.222088D+00 -0.509297D+01
  308.4135  0.235943D+00  0.246751D+00 -0.496542D+02
  308.7060  0.250583D+00  0.262046D+00 -0.500276D+02
  308.9974  0.234362D+00  0.245271D+00 -0.453441D+02
  309.2876  0.228039D+00  0.236272D+00 -0.299476D+02
  309.5767  0.264640D+00  0.255607D+00  0.292029D+02
  309.8647  0.285042D+00  0.263016D+00  0.640922D+02
   21 309.941 313.108 311.524 -5.141D-02  0.000D+00  5.065D-01  2.566D+01 10000  2.655D-02
  309.9413  0.367220D+00  0.342739D+00  0.276000D+02
  310.1003  0.338495D+00  0.346674D+00 -0.952500D+01
  310.2593  0.367931D+00  0.403463D+00 -0.432163D+02
  310.4182  0.465047D+00  0.491494D+00 -0.343675D+02
  310.5770  0.566831D+00  0.565871D+00  0.131678D+01
  310.7357  0.631270D+00  0.614187D+00  0.234324D+02
  310.8943  0.667814D+00  0.637434D+00  0.416718D+02
  311.0529  0.670506D+00  0.642384D+00  0.408438D+02
  311.2114  0.645704D+00  0.641594D+00  0.634314D+01
  311.3699  0.620788D+00  0.635959D+00 -0.234110D+02
  311.5282  0.597647D+00  0.615949D+00 -0.282409D+02
  311.6865  0.563108D+00  0.581037D+00 -0.295103D+02
  311.8447  0.537218D+00  0.546941D+00 -0.171460D+02
  312.0028  0.525820D+00  0.533412D+00 -0.133902D+02
  312.1608  0.545638D+00  0.552920D+00 -0.128425D+02
  312.3188  0.602974D+00  0.593569D+00  0.154819D+02
  312.4767  0.649370D+00  0.631404D+00  0.295731D+02
  312.6345  0.679900D+00  0.659107D+00  0.320860D+02
  312.7923  0.694907D+00  0.689604D+00  0.818250D+01
  312.9500  0.723088D+00  0.722175D+00  0.140828D+01
  313.1075  0.729389D+00  0.748455D+00 -0.294212D+02
   21 310.894 314.052 312.473  2.169D-02  0.000D+00  5.746D-01  4.304D+01 10304  5.281D-02
  310.8943  0.667814D+00  0.654872D+00  0.177516D+02
  311.0529  0.670506D+00  0.650496D+00  0.290623D+02
  311.2114  0.645704D+00  0.640317D+00  0.831360D+01
  311.3699  0.620788D+00  0.633852D+00 -0.201599D+02
  311.5282  0.597647D+00  0.620883D+00 -0.358555D+02
  311.6865  0.563108D+00  0.592845D+00 -0.489462D+02
  311.8447  0.537218D+00  0.556833D+00 -0.345923D+02
  312.0028  0.525820D+00  0.533193D+00 -0.130038D+02
  312.1608  0.545638D+00  0.539969D+00  0.999717D+01
  312.3188  0.602974D+00  0.578492D+00  0.402985D+02
  312.4767  0.649370D+00  0.623507D+00  0.425715D+02
  312.6345  0.679900D+00  0.651391D+00  0.439928D+02
  312.7923  0.694907D+00  0.672765D+00  0.341672D+02
  312.9500  0.723088D+00  0.696857D+00  0.404776D+02
  313.1075  0.729389D+00  0.712110D+00  0.266639D+02
  313.2651  0.708654D+00  0.714893D+00 -0.962772D+01
  313.4225  0.683738D+00  0.721115D+00 -0.576785D+02
  313.5799  0.691585D+00  0.748012D+00 -0.870746D+02
  313.7372  0.758200D+00  0.800629D+00 -0.654732D+02
  313.8944  0.847670D+00  0.852167D+00 -0.694015D+01
  314.0515  0.918294D+00  0.860720D+00  0.888445D+02
   21 311.845 314.993 313.419  4.515D-02  0.000D+00  6.471D-01  3.053D+01 10000  1.639D-02
  311.8447  0.537218D+00  0.535575D+00  0.289762D+01
  312.0028  0.525820D+00  0.534949D+00 -0.160996D+02
  312.1608  0.545638D+00  0.551785D+00 -0.108404D+02
  312.3188  0.602974D+00  0.596703D+00  0.103221D+02
  312.4767  0.649370D+00  0.647501D+00  0.307675D+01
  312.6345  0.679900D+00  0.674415D+00  0.846322D+01
  312.7923  0.694907D+00  0.687659D+00  0.111844D+02
  312.9500  0.723088D+00  0.703633D+00  0.300222D+02
  313.1075  0.729389D+00  0.711565D+00  0.275047D+02
  313.2651  0.708654D+00  0.706804D+00  0.285447D+01
  313.4225  0.683738D+00  0.704831D+00 -0.325504D+02
  313.5799  0.691585D+00  0.726507D+00 -0.538898D+02
  313.7372  0.758200D+00  0.782404D+00 -0.373499D+02
  313.8944  0.847670D+00  0.853888D+00 -0.959576D+01
  314.0515  0.918294D+00  0.900132D+00  0.280271D+02
  314.2086  0.897044D+00  0.885003D+00  0.185802D+02
  314.3656  0.788386D+00  0.799157D+00 -0.166207D+02
  314.5225  0.720568D+00  0.715437D+00  0.791797D+01
  314.6794  0.775040D+00  0.742779D+00  0.497829D+02
  314.8362  0.924767D+00  0.887857D+00  0.569568D+02
  314.9929  0.102140D+01  0.106518D+01 -0.675705D+02
   21 312.792 315.932 314.362 -9.970D-03  0.000D+00  7.619D-01  4.052D+01 10300  1.737D-02
  312.7923  0.694907D+00  0.722587D+00 -0.427135D+02
  312.9500  0.723088D+00  0.707436D+00  0.241524D+02
  313.1075  0.729389D+00  0.692946D+00  0.562358D+02
  313.2651  0.708654D+00  0.680150D+00  0.439845D+02
  313.4225  0.683738D+00  0.685206D+00 -0.226664D+01
  313.5799  0.691585D+00  0.724450D+00 -0.507154D+02
  313.7372  0.758200D+00  0.798507D+00 -0.621994D+02
  313.8944  0.847670D+00  0.877246D+00 -0.456406D+02
  314.0515  0.918294D+00  0.915055D+00  0.499843D+01
  314.2086  0.897044D+00  0.876291D+00  0.320250D+02
  314.3656  0.788386D+00  0.773330D+00  0.232330D+02
  314.5225  0.720568D+00  0.707839D+00  0.196413D+02
  314.6794  0.775040D+00  0.763352D+00  0.180367D+02
  314.8362  0.924767D+00  0.892889D+00  0.491914D+02
  314.9929  0.102140D+01  0.100099D+01  0.314917D+02
  315.1495  0.105462D+01  0.105056D+01  0.626755D+01
  315.3061  0.102942D+01  0.104996D+01 -0.317036D+02
  315.4625  0.969215D+00  0.100429D+01 -0.541204D+02
  315.6190  0.864910D+00  0.898603D+00 -0.519918D+02
  315.7753  0.749837D+00  0.751851D+00 -0.310736D+01
  315.9315  0.683909D+00  0.633492D+00  0.778010D+02
   21 313.737 316.868 315.302 -4.836D-02  0.000D+00  8.584D-01  3.204D+01 10300  1.119D-02
  313.7372  0.758200D+00  0.757443D+00  0.116840D+01
  313.8944  0.847670D+00  0.870156D+00 -0.346987D+02
  314.0515  0.918294D+00  0.918515D+00 -0.341125D+00
  314.2086  0.897044D+00  0.870569D+00  0.408536D+02
  314.3656  0.788386D+00  0.763923D+00  0.377489D+02
  314.5225  0.720568D+00  0.719874D+00  0.107127D+01
  314.6794  0.775040D+00  0.798349D+00 -0.359690D+02
  314.8362  0.924767D+00  0.923185D+00  0.244120D+01
  314.9929  0.102140D+01  0.101001D+01  0.175722D+02
  315.1495  0.105462D+01  0.104155D+01  0.201624D+02
  315.3061  0.102942D+01  0.103393D+01 -0.696524D+01
  315.4625  0.969215D+00  0.987848D+00 -0.287533D+02
  315.6190  0.864910D+00  0.888048D+00 -0.357047D+02
  315.7753  0.749837D+00  0.766031D+00 -0.249889D+02
  315.9315  0.683909D+00  0.696571D+00 -0.195381D+02
  316.0877  0.715527D+00  0.725537D+00 -0.154468D+02
  316.2438  0.842973D+00  0.830747D+00  0.188658D+02
  316.3999  0.976891D+00  0.949135D+00  0.428296D+02
  316.5558  0.108858D+01  0.104525D+01  0.629342D+02
  316.7117  0.115468D+01  0.113645D+01  0.250107D+02
  316.8676  0.120967D+01  0.126161D+01 -0.712440D+02
   21 314.679 317.801 316.240 -6.288D-02  0.000D+00  9.303D-01  3.337D+01 10300  1.939D-02
  314.6794  0.775040D+00  0.796937D+00 -0.337900D+02
  314.8362  0.924767D+00  0.921866D+00  0.447616D+01
  314.9929  0.102140D+01  0.100147D+01  0.307509D+02
  315.1495  0.105462D+01  0.102825D+01  0.406836D+02
  315.3061  0.102942D+01  0.102600D+01  0.527164D+01
  315.4625  0.969215D+00  0.986576D+00 -0.267895D+02
  315.6190  0.864910D+00  0.886955D+00 -0.340169D+02
  315.7753  0.749837D+00  0.760568D+00 -0.165588D+02
  315.9315  0.683909D+00  0.697391D+00 -0.208041D+02
  316.0877  0.715527D+00  0.741877D+00 -0.406614D+02
  316.2438  0.842973D+00  0.857636D+00 -0.226268D+02
  316.3999  0.976891D+00  0.971237D+00  0.872425D+01
  316.5558  0.108858D+01  0.104445D+01  0.640971D+02
  316.7117  0.115468D+01  0.110404D+01  0.694731D+02
  316.8676  0.120967D+01  0.118681D+01  0.313624D+02
  317.0233  0.129616D+01  0.131428D+01 -0.248476D+02
  317.1790  0.140081D+01  0.143290D+01 -0.440110D+02
  317.3346  0.146216D+01  0.146935D+01 -0.887591D+01
  317.4901  0.143621D+01  0.145022D+01 -0.172992D+02
  317.6456  0.137767D+01  0.139107D+01 -0.183833D+02
  317.8010  0.126512D+01  0.123618D+01  0.396929D+02
   21 315.619 318.732 317.175 -3.307D-02  0.000D+00  1.001D+00  3.049D+01 10300  1.289D-02
  315.6190  0.864910D+00  0.855406D+00  0.146661D+02
  315.7753  0.749837D+00  0.756431D+00 -0.101755D+02
  315.9315  0.683909D+00  0.689845D+00 -0.915900D+01
  316.0877  0.715527D+00  0.730954D+00 -0.238048D+02
  316.2438  0.842973D+00  0.856746D+00 -0.212544D+02
  316.3999  0.976891D+00  0.989464D+00 -0.194026D+02
  316.5558  0.108858D+01  0.106484D+01  0.344847D+02
  316.7117  0.115468D+01  0.111555D+01  0.536759D+02
  316.8676  0.120967D+01  0.117914D+01  0.418793D+02
  317.0233  0.129616D+01  0.129481D+01  0.186135D+01
  317.1790  0.140081D+01  0.142500D+01 -0.331828D+02
  317.3346  0.146216D+01  0.146772D+01 -0.686987D+01
  317.4901  0.143621D+01  0.144683D+01 -0.131084D+02
  317.6456  0.137767D+01  0.141441D+01 -0.503928D+02
  317.8010  0.126512D+01  0.129063D+01 -0.350010D+02
  317.9563  0.111241D+01  0.108466D+01  0.380624D+02
  318.1115  0.997855D+00  0.968506D+00  0.402568D+02
  318.2667  0.102558D+01  0.100271D+01  0.313636D+02
  318.4218  0.115663D+01  0.113202D+01  0.337626D+02
  318.5768  0.130659D+01  0.130264D+01  0.512335D+01
  318.7317  0.146118D+01  0.149349D+01 -0.398832D+02
   21 316.556 319.660 318.108 -2.338D-02  0.000D+00  1.109D+00  4.590D+01 10300  1.233D-02
  316.5558  0.108858D+01  0.115242D+01 -0.927189D+02
  316.7117  0.115468D+01  0.114579D+01  0.121987D+02
  316.8676  0.120967D+01  0.116718D+01  0.582879D+02
  317.0233  0.129616D+01  0.125471D+01  0.568528D+02
  317.1790  0.140081D+01  0.137838D+01  0.307697D+02
  317.3346  0.146216D+01  0.143125D+01  0.381561D+02
  317.4901  0.143621D+01  0.142583D+01  0.128092D+02
  317.6456  0.137767D+01  0.141953D+01 -0.574120D+02
  317.8010  0.126512D+01  0.132488D+01 -0.819755D+02
  317.9563  0.111241D+01  0.112681D+01 -0.197516D+02
  318.1115  0.997855D+00  0.100483D+01 -0.957432D+01
  318.2667  0.102558D+01  0.103582D+01 -0.140547D+02
  318.4218  0.115663D+01  0.116020D+01 -0.489399D+01
  318.5768  0.130659D+01  0.131263D+01 -0.785490D+01
  318.7317  0.146118D+01  0.146262D+01 -0.177424D+01
  318.8866  0.161091D+01  0.159792D+01  0.160386D+02
  319.0414  0.162540D+01  0.159344D+01  0.394513D+02
  319.1961  0.145735D+01  0.138677D+01  0.871247D+02
  319.3508  0.125681D+01  0.123385D+01  0.298350D+02
  319.5054  0.121775D+01  0.126733D+01 -0.680067D+02
  319.6599  0.132566D+01  0.134438D+01 -0.243263D+02
   21 317.490 320.586 319.038 -8.606D-03  0.000D+00  1.213D+00  7.110D+01 10300  2.077D-02
  317.4901  0.143621D+01  0.132185D+01  0.141180D+03
  317.6456  0.137767D+01  0.138812D+01 -0.143331D+02
  317.8010  0.126512D+01  0.134977D+01 -0.116110D+03
  317.9563  0.111241D+01  0.117588D+01 -0.870632D+02
  318.1115  0.997855D+00  0.104245D+01 -0.611705D+02
  318.2667  0.102558D+01  0.105489D+01 -0.402001D+02
  318.4218  0.115663D+01  0.116300D+01 -0.873252D+01
  318.5768  0.130659D+01  0.129993D+01  0.865722D+01
  318.7317  0.146118D+01  0.143140D+01  0.367659D+02
  318.8866  0.161091D+01  0.154910D+01  0.763059D+02
  319.0414  0.162540D+01  0.154981D+01  0.933160D+02
  319.1961  0.145735D+01  0.136392D+01  0.115338D+03
  319.3508  0.125681D+01  0.121035D+01  0.603781D+02
  319.5054  0.121775D+01  0.124653D+01 -0.394859D+02
  319.6599  0.132566D+01  0.136186D+01 -0.470413D+02
  319.8144  0.145104D+01  0.149081D+01 -0.490933D+02
  319.9688  0.151611D+01  0.158200D+01 -0.813369D+02
  320.1230  0.155524D+01  0.160716D+01 -0.640977D+02
  320.2773  0.162655D+01  0.165992D+01 -0.411935D+02
  320.4314  0.178017D+01  0.175796D+01  0.261141D+02
  320.5855  0.191191D+01  0.183554D+01  0.857100D+02
   21 318.422 321.509 319.965  6.099D-02  0.000D+00  1.204D+00  4.813D+01 10300  1.557D-02
  318.4218  0.115663D+01  0.121509D+01 -0.801875D+02
  318.5768  0.130659D+01  0.131711D+01 -0.136704D+02
  318.7317  0.146118D+01  0.143178D+01  0.363027D+02
  318.8866  0.161091D+01  0.153568D+01  0.928774D+02
  319.0414  0.162540D+01  0.157418D+01  0.632282D+02
  319.1961  0.145735D+01  0.146376D+01 -0.791435D+01
  319.3508  0.125681D+01  0.128979D+01 -0.428507D+02
  319.5054  0.121775D+01  0.123958D+01 -0.299429D+02
  319.6599  0.132566D+01  0.132015D+01  0.716116D+01
  319.8144  0.145104D+01  0.144493D+01  0.755387D+01
  319.9688  0.151611D+01  0.155998D+01 -0.541575D+02
  320.1230  0.155524D+01  0.162325D+01 -0.839596D+02
  320.2773  0.162655D+01  0.167132D+01 -0.552767D+02
  320.4314  0.178017D+01  0.175597D+01  0.284503D+02
  320.5855  0.191191D+01  0.184813D+01  0.715775D+02
  320.7395  0.194250D+01  0.188375D+01  0.659248D+02
  320.8935  0.184209D+01  0.181938D+01  0.254886D+02
  321.0474  0.166722D+01  0.166735D+01 -0.166685D+00
  321.2012  0.150248D+01  0.151442D+01 -0.147357D+02
  321.3549  0.143718D+01  0.144923D+01 -0.148729D+02
  321.5085  0.148925D+01  0.151198D+01 -0.280595D+02
   21 319.351 322.429 320.890  2.956D-02  0.000D+00  1.346D+00  4.430D+01 10300  1.617D-02
  319.3508  0.125681D+01  0.125898D+01 -0.281592D+01
  319.5054  0.121775D+01  0.123146D+01 -0.188036D+02
  319.6599  0.132566D+01  0.129620D+01  0.382902D+02
  319.8144  0.145104D+01  0.140587D+01  0.557701D+02
  319.9688  0.151611D+01  0.151587D+01  0.306048D+00
  320.1230  0.155524D+01  0.160841D+01 -0.656452D+02
  320.2773  0.162655D+01  0.169735D+01 -0.874034D+02
  320.4314  0.178017D+01  0.179272D+01 -0.147559D+02
  320.5855  0.191191D+01  0.186984D+01  0.472092D+02
  320.7395  0.194250D+01  0.188178D+01  0.681467D+02
  320.8935  0.184209D+01  0.180473D+01  0.419290D+02
  321.0474  0.166722D+01  0.166584D+01  0.169709D+01
  321.2012  0.150248D+01  0.153003D+01 -0.340047D+02
  321.3549  0.143718D+01  0.146243D+01 -0.311655D+02
  321.5085  0.148925D+01  0.148856D+01  0.857224D+00
  321.6622  0.160661D+01  0.158593D+01  0.255305D+02
  321.8157  0.173824D+01  0.170712D+01  0.349218D+02
  321.9691  0.177788D+01  0.178445D+01 -0.737726D+01
  322.1225  0.171023D+01  0.176700D+01 -0.637044D+02
  322.2758  0.161417D+01  0.165520D+01 -0.482390D+02
  322.4290  0.155180D+01  0.149143D+01  0.709760D+02
   21 320.277 323.347 321.812 -3.018D-02  0.000D+00  1.360D+00  3.849D+01   300  1.578D-02
  320.2773  0.162655D+01  0.162149D+01  0.624778D+01
  320.4314  0.178017D+01  0.179939D+01 -0.225941D+02
  320.5855  0.191191D+01  0.190842D+01  0.391686D+01
  320.7395  0.194250D+01  0.191202D+01  0.342086D+02
  320.8935  0.184209D+01  0.181573D+01  0.295791D+02
  321.0474  0.166722D+01  0.166722D+01 -0.574219D-02
  321.2012  0.150248D+01  0.154185D+01 -0.485976D+02
  321.3549  0.143718D+01  0.148864D+01 -0.635178D+02
  321.5085  0.148925D+01  0.151899D+01 -0.367135D+02
  321.6622  0.160661D+01  0.160190D+01  0.581700D+01
  321.8157  0.173824D+01  0.169072D+01  0.533350D+02
  321.9691  0.177788D+01  0.173194D+01  0.515595D+02
  322.1225  0.171023D+01  0.170590D+01  0.485695D+01
  322.2758  0.161417D+01  0.162934D+01 -0.178315D+02
  322.4290  0.155180D+01  0.153538D+01  0.193064D+02
  322.5822  0.148129D+01  0.144616D+01  0.433695D+02
  322.7353  0.136564D+01  0.137835D+01 -0.156893D+02
  322.8884  0.128935D+01  0.136463D+01 -0.929407D+02
  323.0413  0.138953D+01  0.142266D+01 -0.389564D+02
  323.1942  0.156973D+01  0.153607D+01  0.395726D+02
  323.3470  0.168766D+01  0.166484D+01  0.256128D+02
   21 321.201 324.262 322.732 -7.689D-02  0.000D+00  1.350D+00  4.355D+01 10000  2.005D-02
  321.2012  0.150248D+01  0.152365D+01 -0.261347D+02
  321.3549  0.143718D+01  0.145044D+01 -0.163678D+02
  321.5085  0.148925D+01  0.149139D+01 -0.264420D+01
  321.6622  0.160661D+01  0.159346D+01  0.162421D+02
  321.8157  0.173824D+01  0.170016D+01  0.427385D+02
  321.9691  0.177788D+01  0.174455D+01  0.374029D+02
  322.1225  0.171023D+01  0.170357D+01  0.747331D+01
  322.2758  0.161417D+01  0.162418D+01 -0.117675D+02
  322.4290  0.155180D+01  0.155017D+01  0.191244D+01
  322.5822  0.148129D+01  0.146622D+01  0.186010D+02
  322.7353  0.136564D+01  0.139060D+01 -0.308109D+02
  322.8884  0.128935D+01  0.138141D+01 -0.113649D+03
  323.0413  0.138953D+01  0.146533D+01 -0.891217D+02
  323.1942  0.156973D+01  0.157303D+01 -0.388876D+01
  323.3470  0.168766D+01  0.162180D+01  0.739141D+02
  323.4998  0.170130D+01  0.164004D+01  0.687470D+02
  323.6524  0.172570D+01  0.170018D+01  0.286389D+02
  323.8051  0.182714D+01  0.181370D+01  0.144221D+02
  323.9576  0.195808D+01  0.194456D+01  0.145141D+02
  324.1100  0.204594D+01  0.205209D+01 -0.632019D+01
  324.2625  0.207533D+01  0.211364D+01 -0.394118D+02
   21 322.122 325.175 323.649 -5.548D-02  0.000D+00  1.518D+00  4.004D+01 10300  2.119D-02
  322.1225  0.171023D+01  0.169251D+01  0.198920D+02
  322.2758  0.161417D+01  0.160467D+01  0.111777D+02
  322.4290  0.155180D+01  0.155178D+01  0.220030D-01
  322.5822  0.148129D+01  0.147841D+01  0.355253D+01
  322.7353  0.136564D+01  0.138060D+01 -0.184674D+02
  322.8884  0.128935D+01  0.134820D+01 -0.726486D+02
  323.0413  0.138953D+01  0.144447D+01 -0.645919D+02
  323.1942  0.156973D+01  0.159731D+01 -0.324285D+02
  323.3470  0.168766D+01  0.164891D+01  0.434956D+02
  323.4998  0.170130D+01  0.163063D+01  0.793033D+02
  323.6524  0.172570D+01  0.167800D+01  0.535268D+02
  323.8051  0.182714D+01  0.179641D+01  0.329880D+02
  323.9576  0.195808D+01  0.193307D+01  0.268487D+02
  324.1100  0.204594D+01  0.204755D+01 -0.165448D+01
  324.2625  0.207533D+01  0.209439D+01 -0.196122D+02
  324.4148  0.208925D+01  0.211103D+01 -0.224136D+02
  324.5670  0.208294D+01  0.210962D+01 -0.274429D+02
  324.7192  0.198912D+01  0.200789D+01 -0.193078D+02
  324.8714  0.184237D+01  0.186762D+01 -0.283309D+02
  325.0234  0.176482D+01  0.179923D+01 -0.386164D+02
  325.1754  0.184467D+01  0.178090D+01  0.715601D+02
   21 323.041 326.086 324.564 -4.557D-02  0.000D+00  1.509D+00  2.075D+01 10300  1.038D-02
  323.0413  0.138953D+01  0.137619D+01  0.156815D+02
  323.1942  0.156973D+01  0.159575D+01 -0.305974D+02
  323.3470  0.168766D+01  0.169024D+01 -0.288611D+01
  323.4998  0.170130D+01  0.167940D+01  0.245695D+02
  323.6524  0.172570D+01  0.172281D+01  0.324342D+01
  323.8051  0.182714D+01  0.183479D+01 -0.821657D+01
  323.9576  0.195808D+01  0.195617D+01  0.205090D+01
  324.1100  0.204594D+01  0.205339D+01 -0.766272D+01
  324.2625  0.207533D+01  0.207767D+01 -0.241542D+01
  324.4148  0.208925D+01  0.207132D+01  0.184408D+02
  324.5670  0.208294D+01  0.206774D+01  0.156423D+02
  324.7192  0.198912D+01  0.197351D+01  0.160653D+02
  324.8714  0.184237D+01  0.184648D+01 -0.461267D+01
  325.0234  0.176482D+01  0.181602D+01 -0.574569D+02
  325.1754  0.184467D+01  0.186841D+01 -0.266525D+02
  325.3273  0.198477D+01  0.197380D+01  0.112812D+02
  325.4792  0.217768D+01  0.215788D+01  0.203759D+02
  325.6309  0.237404D+01  0.237357D+01  0.477889D+00
  325.7826  0.256924D+01  0.254350D+01  0.254275D+02
  325.9343  0.271444D+01  0.269849D+01  0.151495D+02
  326.0858  0.279887D+01  0.282886D+01 -0.284719D+02
   21 323.958 326.994 325.476  1.543D-02  0.000D+00  1.497D+00  4.406D+01   300  1.473D-02
  323.9576  0.195808D+01  0.200761D+01 -0.531776D+02
  324.1100  0.204594D+01  0.205823D+01 -0.126394D+02
  324.2625  0.207533D+01  0.207193D+01  0.349332D+01
  324.4148  0.208925D+01  0.200129D+01  0.904797D+02
  324.5670  0.208294D+01  0.202498D+01  0.596358D+02
  324.7192  0.198912D+01  0.201225D+01 -0.237894D+02
  324.8714  0.184237D+01  0.184217D+01  0.231163D+00
  325.0234  0.176482D+01  0.179142D+01 -0.298502D+02
  325.1754  0.184467D+01  0.186874D+01 -0.270187D+02
  325.3273  0.198477D+01  0.197784D+01  0.712728D+01
  325.4792  0.217768D+01  0.214424D+01  0.344060D+02
  325.6309  0.237404D+01  0.243027D+01 -0.578464D+02
  325.7826  0.256924D+01  0.260973D+01 -0.399895D+02
  325.9343  0.271444D+01  0.272066D+01 -0.590474D+01
  326.0858  0.279887D+01  0.281837D+01 -0.185144D+02
  326.2373  0.281050D+01  0.279798D+01  0.118913D+02
  326.3888  0.272710D+01  0.272464D+01  0.233845D+01
  326.5402  0.270940D+01  0.261076D+01  0.936771D+02
  326.6914  0.279005D+01  0.272042D+01  0.661218D+02
  326.8427  0.289608D+01  0.292219D+01 -0.248006D+02
  326.9938  0.284177D+01  0.290299D+01 -0.581273D+02
   21 324.871 327.899 326.385  2.404D-02  0.000D+00  1.649D+00  2.767D+01 10300  1.310D-02
  324.8714  0.184237D+01  0.181588D+01  0.297304D+02
  325.0234  0.176482D+01  0.178396D+01 -0.214808D+02
  325.1754  0.184467D+01  0.185368D+01 -0.101223D+02
  325.3273  0.198477D+01  0.197646D+01  0.854307D+01
  325.4792  0.217768D+01  0.215956D+01  0.186443D+02
  325.6309  0.237404D+01  0.240342D+01 -0.302337D+02
  325.7826  0.256924D+01  0.259930D+01 -0.296869D+02
  325.9343  0.271444D+01  0.272500D+01 -0.100261D+02
  326.0858  0.279887D+01  0.280304D+01 -0.395246D+01
  326.2373  0.281050D+01  0.279681D+01  0.130027D+02
  326.3888  0.272710D+01  0.272570D+01  0.133440D+01
  326.5402  0.270940D+01  0.265931D+01  0.475719D+02
  326.6914  0.279005D+01  0.272835D+01  0.585913D+02
  326.8427  0.289608D+01  0.286462D+01  0.298671D+02
  326.9938  0.284177D+01  0.286746D+01 -0.243945D+02
  327.1449  0.269503D+01  0.274703D+01 -0.493854D+02
  327.2960  0.263534D+01  0.267568D+01 -0.383023D+02
  327.4469  0.268157D+01  0.270369D+01 -0.210134D+02
  327.5978  0.269073D+01  0.268799D+01  0.260683D+01
  327.7486  0.258860D+01  0.257270D+01  0.151042D+02
  327.8994  0.245045D+01  0.243039D+01  0.190447D+02
   21 325.783 328.802 327.293 -2.326D-02  0.000D+00  1.640D+00  5.508D+01 10304  9.476D-02
  325.7826  0.256924D+01  0.256429D+01  0.488658D+01
  325.9343  0.271444D+01  0.270517D+01  0.881113D+01
  326.0858  0.279887D+01  0.278071D+01  0.172467D+02
  326.2373  0.281050D+01  0.280185D+01  0.821903D+01
  326.3888  0.272710D+01  0.279515D+01 -0.646202D+02
  326.5402  0.270940D+01  0.278929D+01 -0.758629D+02
  326.6914  0.279005D+01  0.279146D+01 -0.133378D+01
  326.8427  0.289608D+01  0.278874D+01  0.101930D+03
  326.9938  0.284177D+01  0.276691D+01  0.710900D+02
  327.1449  0.269503D+01  0.272978D+01 -0.330013D+02
  327.2960  0.263534D+01  0.269201D+01 -0.538156D+02
  327.4469  0.268157D+01  0.265678D+01  0.235335D+02
  327.5978  0.269073D+01  0.261925D+01  0.678769D+02
  327.7486  0.258860D+01  0.257432D+01  0.135596D+02
  327.8994  0.245045D+01  0.252741D+01 -0.730909D+02
  328.0500  0.239128D+01  0.248800D+01 -0.918498D+02
  328.2006  0.241820D+01  0.245700D+01 -0.368432D+02
  328.3512  0.249564D+01  0.243000D+01  0.623325D+02
  328.5016  0.250509D+01  0.241524D+01  0.853196D+02
  328.6521  0.244821D+01  0.243579D+01  0.117953D+02
  328.8024  0.247238D+01  0.252065D+01 -0.458324D+02
   21 326.691 329.703 328.197 -1.308D-01  0.000D+00  1.580D+00  6.675D+01 10304  9.817D-02
  326.6914  0.279005D+01  0.288181D+01 -0.871302D+02
  326.8427  0.289608D+01  0.283072D+01  0.620581D+02
  326.9938  0.284177D+01  0.277455D+01  0.638398D+02
  327.1449  0.269503D+01  0.272279D+01 -0.263633D+02
  327.2960  0.263534D+01  0.267846D+01 -0.409420D+02
  327.4469  0.268157D+01  0.263960D+01  0.398484D+02
  327.5978  0.269073D+01  0.259927D+01  0.868508D+02
  327.7486  0.258860D+01  0.255743D+01  0.296035D+02
  327.8994  0.245045D+01  0.252035D+01 -0.663816D+02
  328.0500  0.239128D+01  0.248924D+01 -0.930236D+02
  328.2006  0.241820D+01  0.246209D+01 -0.416771D+02
  328.3512  0.249564D+01  0.244023D+01  0.526164D+02
  328.5016  0.250509D+01  0.244216D+01  0.597604D+02
  328.6521  0.244821D+01  0.249061D+01 -0.402606D+02
  328.8024  0.247238D+01  0.259708D+01 -0.118412D+03
  328.9527  0.270608D+01  0.274906D+01 -0.393058D+02
  329.1029  0.300307D+01  0.291753D+01  0.754288D+02
  329.2531  0.320177D+01  0.307496D+01  0.107969D+03
  329.4031  0.328070D+01  0.321043D+01  0.578343D+02
  329.5531  0.332664D+01  0.333081D+01 -0.343462D+01
  329.7031  0.333621D+01  0.343518D+01 -0.814554D+02
   21 327.598 330.601 329.100 -3.525D-02  0.000D+00  1.706D+00  3.801D+01 10000  2.169D-02
  327.5978  0.269073D+01  0.263452D+01  0.533752D+02
  327.7486  0.258860D+01  0.255715D+01  0.298647D+02
  327.8994  0.245045D+01  0.249934D+01 -0.464268D+02
  328.0500  0.239128D+01  0.248126D+01 -0.854450D+02
  328.2006  0.241820D+01  0.248767D+01 -0.659765D+02
  328.3512  0.249564D+01  0.249017D+01  0.519748D+01
  328.5016  0.250509D+01  0.245528D+01  0.472981D+02
  328.6521  0.244821D+01  0.240609D+01  0.399958D+02
  328.8024  0.247238D+01  0.246691D+01  0.519586D+01
  328.9527  0.270608D+01  0.269376D+01  0.112656D+02
  329.1029  0.300307D+01  0.295825D+01  0.395199D+02
  329.2531  0.320177D+01  0.315003D+01  0.440486D+02
  329.4031  0.328070D+01  0.326894D+01  0.968205D+01
  329.5531  0.332664D+01  0.333686D+01 -0.840974D+01
  329.7031  0.333621D+01  0.337732D+01 -0.338368D+02
  329.8529  0.336404D+01  0.342604D+01 -0.510265D+02
  330.0027  0.343375D+01  0.345818D+01 -0.201083D+02
  330.1525  0.336359D+01  0.336775D+01 -0.342869D+01
  330.3022  0.314741D+01  0.313344D+01  0.118951D+02
  330.4518  0.284286D+01  0.284715D+01 -0.365234D+01
  330.6013  0.263798D+01  0.260603D+01  0.281695D+02
   21 328.502 331.497 329.999 -1.331D-02  0.000D+00  1.736D+00  2.367D+01   300  7.190D-03
  328.5016  0.250509D+01  0.251786D+01 -0.121304D+02
  328.6521  0.244821D+01  0.243371D+01  0.137713D+02
  328.8024  0.247238D+01  0.242957D+01  0.406575D+02
  328.9527  0.270608D+01  0.271575D+01 -0.884543D+01
  329.1029  0.300307D+01  0.304489D+01 -0.368765D+02
  329.2531  0.320177D+01  0.320517D+01 -0.289425D+01
  329.4031  0.328070D+01  0.329852D+01 -0.146676D+02
  329.5531  0.332664D+01  0.333422D+01 -0.623887D+01
  329.7031  0.333621D+01  0.332454D+01  0.960235D+01
  329.8529  0.336404D+01  0.333963D+01  0.200937D+02
  330.0027  0.343375D+01  0.341254D+01  0.174576D+02
  330.1525  0.336359D+01  0.338774D+01 -0.198771D+02
  330.3022  0.314741D+01  0.313024D+01  0.146228D+02
  330.4518  0.284286D+01  0.286326D+01 -0.173630D+02
  330.6013  0.263798D+01  0.263318D+01  0.422573D+01
  330.7508  0.260498D+01  0.254498D+01  0.529099D+02
  330.9001  0.270133D+01  0.270738D+01 -0.533423D+01
  331.0495  0.283209D+01  0.286531D+01 -0.292845D+02
  331.1988  0.282568D+01  0.286406D+01 -0.326772D+02
  331.3480  0.273335D+01  0.274878D+01 -0.136051D+02
  331.4971  0.270408D+01  0.266145D+01  0.375843D+02
   21 329.403 332.391 330.897 -1.629D-02  0.000D+00  1.665D+00  2.522D+01 10300  9.938D-03
  329.4031  0.328070D+01  0.330930D+01 -0.235393D+02
  329.5531  0.332664D+01  0.333499D+01 -0.687495D+01
  329.7031  0.333621D+01  0.332729D+01  0.733792D+01
  329.8529  0.336404D+01  0.334413D+01  0.163848D+02
  330.0027  0.343375D+01  0.339862D+01  0.289169D+02
  330.1525  0.336359D+01  0.335359D+01  0.822512D+01
  330.3022  0.314741D+01  0.312421D+01  0.197570D+02
  330.4518  0.284286D+01  0.286484D+01 -0.187085D+02
  330.6013  0.263798D+01  0.265153D+01 -0.119522D+02
  330.7508  0.260498D+01  0.258521D+01  0.174389D+02
  330.9001  0.270133D+01  0.272407D+01 -0.200500D+02
  331.0495  0.283209D+01  0.286581D+01 -0.297276D+02
  331.1988  0.282568D+01  0.286767D+01 -0.357469D+02
  331.3480  0.273335D+01  0.276757D+01 -0.301817D+02
  331.4971  0.270408D+01  0.269685D+01  0.636976D+01
  331.6462  0.279841D+01  0.277596D+01  0.191200D+02
  331.7952  0.297455D+01  0.293927D+01  0.290373D+02
  331.9442  0.307662D+01  0.302496D+01  0.425172D+02
  332.0930  0.302146D+01  0.298029D+01  0.338780D+02
  332.2418  0.285644D+01  0.286650D+01 -0.828189D+01
  332.3906  0.280512D+01  0.286706D+01 -0.509774D+02
   21 330.302 333.282 331.792 -1.904D-02  0.000D+00  1.716D+00  1.941D+01 10300  8.062D-03
  330.3022  0.314741D+01  0.315815D+01 -0.914359D+01
  330.4518  0.284286D+01  0.285657D+01 -0.116690D+02
  330.6013  0.263798D+01  0.262307D+01  0.131482D+02
  330.7508  0.260498D+01  0.255255D+01  0.462347D+02
  330.9001  0.270133D+01  0.269356D+01  0.684627D+01
  331.0495  0.283209D+01  0.284119D+01 -0.801883D+01
  331.1988  0.282568D+01  0.285464D+01 -0.246595D+02
  331.3480  0.273335D+01  0.276948D+01 -0.318632D+02
  331.4971  0.270408D+01  0.271434D+01 -0.904589D+01
  331.6462  0.279841D+01  0.280682D+01 -0.715216D+01
  331.7952  0.297455D+01  0.297475D+01 -0.169272D+00
  331.9442  0.307662D+01  0.305130D+01  0.208341D+02
  332.0930  0.302146D+01  0.298312D+01  0.315540D+02
  332.2418  0.285644D+01  0.283441D+01  0.181320D+02
  332.3906  0.280512D+01  0.278848D+01  0.136900D+02
  332.5392  0.292311D+01  0.294371D+01 -0.169561D+02
  332.6879  0.304660D+01  0.306903D+01 -0.184544D+02
  332.8364  0.298887D+01  0.299349D+01 -0.380853D+01
  332.9849  0.287883D+01  0.289212D+01 -0.109355D+02
  333.1333  0.289459D+01  0.291387D+01 -0.158725D+02
  333.2816  0.296802D+01  0.293944D+01  0.235160D+02
   21 331.199 334.170 332.685 -9.375D-04  0.000D+00  1.784D+00  1.814D+01 10300  7.124D-03
  331.1988  0.282568D+01  0.278316D+01  0.361990D+02
  331.3480  0.273335D+01  0.275538D+01 -0.194305D+02
  331.4971  0.270408D+01  0.271717D+01 -0.115495D+02
  331.6462  0.279841D+01  0.281185D+01 -0.114362D+02
  331.7952  0.297455D+01  0.299553D+01 -0.172696D+02
  331.9442  0.307662D+01  0.308942D+01 -0.105348D+02
  332.0930  0.302146D+01  0.302578D+01 -0.355420D+01
  332.2418  0.285644D+01  0.285966D+01 -0.265316D+01
  332.3906  0.280512D+01  0.276995D+01  0.289384D+02
  332.5392  0.292311D+01  0.290180D+01  0.175372D+02
  332.6879  0.304660D+01  0.304213D+01  0.368357D+01
  332.8364  0.298887D+01  0.297747D+01  0.937682D+01
  332.9849  0.287883D+01  0.286541D+01  0.110520D+02
  333.1333  0.289459D+01  0.289123D+01  0.275919D+01
  333.2816  0.296802D+01  0.296401D+01  0.329966D+01
  333.4299  0.288078D+01  0.288554D+01 -0.391274D+01
  333.5781  0.263248D+01  0.264906D+01 -0.141174D+02
  333.7263  0.248499D+01  0.250333D+01 -0.161769D+02
  333.8744  0.255320D+01  0.259464D+01 -0.352784D+02
  334.0224  0.272407D+01  0.272972D+01 -0.464957D+01
  334.1703  0.281732D+01  0.277181D+01  0.374510D+02
   20 332.093 334.909 333.501 -8.120D-03  0.000D+00  1.734D+00  1.761D+01 10300  6.667D-03
  332.0930  0.302146D+01  0.302664D+01 -0.426805D+01
  332.2418  0.285644D+01  0.286520D+01 -0.720831D+01
  332.3906  0.280512D+01  0.278745D+01  0.145430D+02
  332.5392  0.292311D+01  0.292683D+01 -0.306447D+01
  332.6879  0.304660D+01  0.305674D+01 -0.833838D+01
  332.8364  0.298887D+01  0.297901D+01  0.811445D+01
  332.9849  0.287883D+01  0.286614D+01  0.104506D+02
  333.1333  0.289459D+01  0.289324D+01  0.111168D+01
  333.2816  0.296802D+01  0.295836D+01  0.795062D+01
  333.4299  0.288078D+01  0.286799D+01  0.105273D+02
  333.5781  0.263248D+01  0.263062D+01  0.158410D+01
  333.7263  0.248499D+01  0.250033D+01 -0.135276D+02
  333.8744  0.255320D+01  0.260746D+01 -0.461928D+02
  334.0224  0.272407D+01  0.275296D+01 -0.237757D+02
  334.1703  0.281732D+01  0.281322D+01  0.337308D+01
  334.3182  0.292586D+01  0.289697D+01  0.237768D+02
  334.4661  0.308510D+01  0.305908D+01  0.207229D+02
  334.6138  0.320653D+01  0.317017D+01  0.280484D+02
  334.7615  0.310428D+01  0.310487D+01 -0.451863D+00
  334.9091  0.288072D+01  0.291546D+01 -0.285836D+02
   14 332.985 334.909 333.947  5.369D-03  0.000D+00  1.710D+00  1.590D+01 10300  1.029D-02
  332.9849  0.287883D+01  0.290248D+01 -0.194615D+02
  333.1333  0.289459D+01  0.288772D+01  0.564703D+01
  333.2816  0.296802D+01  0.294030D+01  0.228111D+02
  333.4299  0.288078D+01  0.286163D+01  0.157589D+02
  333.5781  0.263248D+01  0.263220D+01  0.235231D+00
  333.7263  0.248499D+01  0.248844D+01 -0.304945D+01
  333.8744  0.255320D+01  0.258798D+01 -0.296104D+02
  334.0224  0.272407D+01  0.274975D+01 -0.211401D+02
  334.1703  0.281732D+01  0.282482D+01 -0.617121D+01
  334.3182  0.292586D+01  0.290769D+01  0.149570D+02
  334.4661  0.308510D+01  0.306761D+01  0.139291D+02
  334.6138  0.320653D+01  0.318081D+01  0.198388D+02
  334.7615  0.310428D+01  0.311379D+01 -0.733167D+01
  334.9091  0.288072D+01  0.289427D+01 -0.111478D+02
