           0
 T F
nwave fwave lwave wave  shift    squeeze     sin      rms    exval
   21 263.983 271.167 267.575 -9.570D-03  0.000D+00  5.279D-03  3.247D+00 10004  6.047D-02
  263.9830  0.241300D-02  0.255966D-02 -0.600148D+01
  264.3531  0.269430D-02  0.260226D-02  0.342050D+01
  264.7219  0.232788D-02  0.232714D-02  0.313543D-01
  265.0894  0.234888D-02  0.215924D-02  0.857963D+01
  265.4557  0.229136D-02  0.221552D-02  0.375797D+01
  265.8207  0.211055D-02  0.220892D-02 -0.530761D+01
  266.1845  0.199275D-02  0.205369D-02 -0.341405D+01
  266.5472  0.190187D-02  0.190940D-02 -0.438739D+00
  266.9087  0.186974D-02  0.186475D-02  0.297900D+00
  267.2690  0.187523D-02  0.188498D-02 -0.586960D+00
  267.6283  0.188265D-02  0.187798D-02  0.292885D+00
  267.9865  0.176499D-02  0.181854D-02 -0.342171D+01
  268.3437  0.185766D-02  0.178665D-02  0.438333D+01
  268.6999  0.179245D-02  0.177225D-02  0.127916D+01
  269.0551  0.174151D-02  0.175295D-02 -0.730696D+00
  269.4093  0.176623D-02  0.176991D-02 -0.227380D+00
  269.7626  0.185546D-02  0.186552D-02 -0.615653D+00
  270.1150  0.205961D-02  0.203437D-02  0.150688D+01
  270.4665  0.216505D-02  0.214541D-02  0.115388D+01
  270.8171  0.209050D-02  0.213810D-02 -0.279607D+01
  271.1669  0.208007D-02  0.206752D-02  0.731299D+00
   21 266.185 273.249 269.717  1.880D-03  0.000D+00  5.407D-03  2.163D+00 10000  2.824D-02
  266.1845  0.199275D-02  0.201746D-02 -0.138428D+01
  266.5472  0.190187D-02  0.187861D-02  0.135520D+01
  266.9087  0.186974D-02  0.184292D-02  0.160150D+01
  267.2690  0.187523D-02  0.187560D-02 -0.222921D-01
  267.6283  0.188265D-02  0.188219D-02  0.286444D-01
  267.9865  0.176499D-02  0.182696D-02 -0.395958D+01
  268.3437  0.185766D-02  0.179999D-02  0.355960D+01
  268.6999  0.179245D-02  0.179137D-02  0.684281D-01
  269.0551  0.174151D-02  0.177072D-02 -0.186618D+01
  269.4093  0.176623D-02  0.178205D-02 -0.977048D+00
  269.7626  0.185546D-02  0.187006D-02 -0.893475D+00
  270.1150  0.205961D-02  0.203547D-02  0.144129D+01
  270.4665  0.216505D-02  0.213886D-02  0.153839D+01
  270.8171  0.209050D-02  0.211217D-02 -0.127289D+01
  271.1669  0.208007D-02  0.202245D-02  0.335742D+01
  271.5159  0.189308D-02  0.185108D-02  0.252843D+01
  271.8641  0.155961D-02  0.161209D-02 -0.332442D+01
  272.2115  0.145403D-02  0.151304D-02 -0.377016D+01
  272.5582  0.162468D-02  0.165549D-02 -0.191819D+01
  272.9041  0.190008D-02  0.186147D-02  0.228686D+01
  273.2493  0.186178D-02  0.185062D-02  0.661053D+00
   21 268.344 275.307 271.825 -4.565D-03  0.000D+00  5.741D-03  1.839D+00 10000  1.672D-02
  268.3437  0.185766D-02  0.180492D-02  0.325548D+01
  268.6999  0.179245D-02  0.181095D-02 -0.117178D+01
  269.0551  0.174151D-02  0.178348D-02 -0.268105D+01
  269.4093  0.176623D-02  0.178862D-02 -0.138255D+01
  269.7626  0.185546D-02  0.186861D-02 -0.804724D+00
  270.1150  0.205961D-02  0.205926D-02  0.209345D-01
  270.4665  0.216505D-02  0.216169D-02  0.197504D+00
  270.8171  0.209050D-02  0.210468D-02 -0.832563D+00
  271.1669  0.208007D-02  0.201464D-02  0.381267D+01
  271.5159  0.189308D-02  0.184311D-02  0.300791D+01
  271.8641  0.155961D-02  0.156500D-02 -0.341406D+00
  272.2115  0.145403D-02  0.145273D-02  0.832833D-01
  272.5582  0.162468D-02  0.163493D-02 -0.638286D+00
  272.9041  0.190008D-02  0.190027D-02 -0.112429D-01
  273.2493  0.186178D-02  0.190877D-02 -0.278272D+01
  273.5939  0.156345D-02  0.160666D-02 -0.264461D+01
  273.9377  0.130892D-02  0.129928D-02  0.605242D+00
  274.2809  0.115392D-02  0.113360D-02  0.132130D+01
  274.6235  0.114582D-02  0.110404D-02  0.260093D+01
  274.9655  0.118439D-02  0.119875D-02 -0.893412D+00
  275.3069  0.139788D-02  0.139337D-02  0.278354D+00
   21 270.466 277.343 273.905 -4.146D-03  0.000D+00  5.916D-03  1.605D+00 10000  1.335D-02
  270.4665  0.216505D-02  0.217378D-02 -0.512694D+00
  270.8171  0.209050D-02  0.211750D-02 -0.158556D+01
  271.1669  0.208007D-02  0.203538D-02  0.260409D+01
  271.5159  0.189308D-02  0.186558D-02  0.165579D+01
  271.8641  0.155961D-02  0.156895D-02 -0.591722D+00
  272.2115  0.145403D-02  0.144495D-02  0.580275D+00
  272.5582  0.162468D-02  0.163351D-02 -0.549741D+00
  272.9041  0.190008D-02  0.190883D-02 -0.517944D+00
  273.2493  0.186178D-02  0.191445D-02 -0.311904D+01
  273.5939  0.156345D-02  0.159408D-02 -0.187456D+01
  273.9377  0.130892D-02  0.128115D-02  0.174330D+01
  274.2809  0.115392D-02  0.111756D-02  0.236454D+01
  274.6235  0.114582D-02  0.109132D-02  0.339298D+01
  274.9655  0.118439D-02  0.118876D-02 -0.271732D+00
  275.3069  0.139788D-02  0.139768D-02  0.125798D-01
  275.6476  0.162468D-02  0.163260D-02 -0.472614D+00
  275.9879  0.198493D-02  0.197035D-02  0.810382D+00
  276.3275  0.221283D-02  0.220941D-02  0.181556D+00
  276.6667  0.228422D-02  0.232352D-02 -0.203020D+01
  277.0053  0.236906D-02  0.238145D-02 -0.626326D+00
  277.3434  0.243730D-02  0.241209D-02  0.127507D+01
   21 272.558 279.362 275.960  2.958D-03  0.000D+00  6.231D-03  1.485D+00 10000  1.316D-02
  272.5582  0.162468D-02  0.161966D-02  0.312583D+00
  272.9041  0.190008D-02  0.188648D-02  0.805335D+00
  273.2493  0.186178D-02  0.189878D-02 -0.219140D+01
  273.5939  0.156345D-02  0.158997D-02 -0.162307D+01
  273.9377  0.130892D-02  0.128150D-02  0.172151D+01
  274.2809  0.115392D-02  0.111829D-02  0.231695D+01
  274.6235  0.114582D-02  0.109318D-02  0.327690D+01
  274.9655  0.118439D-02  0.119172D-02 -0.456169D+00
  275.3069  0.139788D-02  0.140268D-02 -0.296287D+00
  275.6476  0.162468D-02  0.164263D-02 -0.107143D+01
  275.9879  0.198493D-02  0.198055D-02  0.243423D+00
  276.3275  0.221283D-02  0.222351D-02 -0.567908D+00
  276.6667  0.228422D-02  0.233446D-02 -0.259544D+01
  277.0053  0.236906D-02  0.238225D-02 -0.666926D+00
  277.3434  0.243730D-02  0.239518D-02  0.213032D+01
  277.6811  0.219429D-02  0.218148D-02  0.639180D+00
  278.0182  0.185148D-02  0.185665D-02 -0.266884D+00
  278.3549  0.171035D-02  0.168648D-02  0.125079D+01
  278.6912  0.155425D-02  0.154028D-02  0.743070D+00
  279.0270  0.123917D-02  0.124790D-02 -0.481676D+00
  279.3624  0.923957D-03  0.952417D-03 -0.163230D+01
   21 274.624 281.367 277.995 -1.050D-03  0.000D+00  6.770D-03  1.528D+00 10000  1.903D-02
  274.6235  0.114582D-02  0.111166D-02  0.212665D+01
  274.9655  0.118439D-02  0.119979D-02 -0.958590D+00
  275.3069  0.139788D-02  0.141211D-02 -0.878693D+00
  275.6476  0.162468D-02  0.163392D-02 -0.551473D+00
  275.9879  0.198493D-02  0.198186D-02  0.170462D+00
  276.3275  0.221283D-02  0.221502D-02 -0.116549D+00
  276.6667  0.228422D-02  0.232132D-02 -0.191674D+01
  277.0053  0.236906D-02  0.236591D-02  0.159425D+00
  277.3434  0.243730D-02  0.239635D-02  0.207139D+01
  277.6811  0.219429D-02  0.217801D-02  0.812168D+00
  278.0182  0.185148D-02  0.184239D-02  0.469719D+00
  278.3549  0.171035D-02  0.168925D-02  0.110541D+01
  278.6912  0.155425D-02  0.155711D-02 -0.151826D+00
  279.0270  0.123917D-02  0.125469D-02 -0.856298D+00
  279.3624  0.923957D-03  0.951170D-03 -0.156076D+01
  279.6974  0.754542D-03  0.810847D-03 -0.325491D+01
  280.0320  0.838563D-03  0.798387D-03  0.230421D+01
  280.3662  0.860666D-03  0.913453D-03 -0.305155D+01
  280.7000  0.126457D-02  0.123160D-02  0.181935D+01
  281.0334  0.168770D-02  0.169760D-02 -0.530255D+00
  281.3665  0.222464D-02  0.221252D-02  0.617201D+00
   21 276.667 283.358 280.012 -1.256D-02  0.000D+00  7.550D-03  1.391D+00 10300  1.372D-02
  276.6667  0.228422D-02  0.231327D-02 -0.150057D+01
  277.0053  0.236906D-02  0.236224D-02  0.344967D+00
  277.3434  0.243730D-02  0.241475D-02  0.114020D+01
  277.6811  0.219429D-02  0.218253D-02  0.587104D+00
  278.0182  0.185148D-02  0.182990D-02  0.111502D+01
  278.3549  0.171035D-02  0.169708D-02  0.695338D+00
  278.6912  0.155425D-02  0.157162D-02 -0.923511D+00
  279.0270  0.123917D-02  0.124970D-02 -0.580973D+00
  279.3624  0.923957D-03  0.939023D-03 -0.864129D+00
  279.6974  0.754542D-03  0.807190D-03 -0.304352D+01
  280.0320  0.838563D-03  0.797796D-03  0.233812D+01
  280.3662  0.860666D-03  0.912883D-03 -0.301858D+01
  280.7000  0.126457D-02  0.124302D-02  0.118900D+01
  281.0334  0.168770D-02  0.171785D-02 -0.161510D+01
  281.3665  0.222464D-02  0.223521D-02 -0.538575D+00
  281.6993  0.277942D-02  0.277211D-02  0.355211D+00
  282.0316  0.320213D-02  0.318913D-02  0.607359D+00
  282.3637  0.346312D-02  0.344379D-02  0.902572D+00
  282.6954  0.363473D-02  0.362050D-02  0.664692D+00
  283.0269  0.389833D-02  0.388136D-02  0.777249D+00
  283.3579  0.389956D-02  0.393431D-02 -0.157194D+01
   21 278.691 285.338 282.015 -4.141D-03  0.000D+00  8.038D-03  2.146D+00 10000  1.402D-02
  278.6912  0.155425D-02  0.153384D-02  0.108533D+01
  279.0270  0.123917D-02  0.124301D-02 -0.211567D+00
  279.3624  0.923957D-03  0.942260D-03 -0.104975D+01
  279.6974  0.754542D-03  0.810457D-03 -0.323240D+01
  280.0320  0.838563D-03  0.800284D-03  0.219544D+01
  280.3662  0.860666D-03  0.912312D-03 -0.298554D+01
  280.7000  0.126457D-02  0.123591D-02  0.158166D+01
  281.0334  0.168770D-02  0.170644D-02 -0.100382D+01
  281.3665  0.222464D-02  0.221837D-02  0.319364D+00
  281.6993  0.277942D-02  0.275139D-02  0.136112D+01
  282.0316  0.320213D-02  0.317084D-02  0.146114D+01
  282.3637  0.346312D-02  0.343526D-02  0.130085D+01
  282.6954  0.363473D-02  0.362770D-02  0.328442D+00
  283.0269  0.389833D-02  0.391495D-02 -0.761309D+00
  283.3579  0.389956D-02  0.402117D-02 -0.550174D+01
  283.6887  0.390176D-02  0.393442D-02 -0.148665D+01
  284.0192  0.399580D-02  0.388623D-02  0.492660D+01
  284.3494  0.358586D-02  0.357308D-02  0.604484D+00
  284.6792  0.288884D-02  0.287739D-02  0.563692D+00
  285.0088  0.191862D-02  0.192101D-02 -0.132040D+00
  285.3381  0.154258D-02  0.157227D-02 -0.167607D+01
   21 280.700 287.308 284.004  8.413D-03  0.000D+00  8.590D-03  2.302D+00 10300  8.044D-03
  280.7000  0.126457D-02  0.126063D-02  0.217350D+00
  281.0334  0.168770D-02  0.172206D-02 -0.184047D+01
  281.3665  0.222464D-02  0.222473D-02 -0.495417D-02
  281.6993  0.277942D-02  0.275032D-02  0.141290D+01
  282.0316  0.320213D-02  0.316928D-02  0.153405D+01
  282.3637  0.346312D-02  0.343813D-02  0.116700D+01
  282.6954  0.363473D-02  0.363190D-02  0.132198D+00
  283.0269  0.389833D-02  0.391512D-02 -0.769104D+00
  283.3579  0.389956D-02  0.403222D-02 -0.600155D+01
  283.6887  0.390176D-02  0.394447D-02 -0.194412D+01
  284.0192  0.399580D-02  0.388267D-02  0.508680D+01
  284.3494  0.358586D-02  0.356468D-02  0.100182D+01
  284.6792  0.288884D-02  0.286866D-02  0.993399D+00
  285.0088  0.191862D-02  0.191454D-02  0.224973D+00
  285.3381  0.154258D-02  0.152079D-02  0.123042D+01
  285.6672  0.233639D-02  0.227818D-02  0.311730D+01
  285.9959  0.358133D-02  0.360674D-02 -0.120996D+01
  286.3244  0.459507D-02  0.460172D-02 -0.302848D+00
  286.6526  0.494653D-02  0.498894D-02 -0.193053D+01
  286.9805  0.520189D-02  0.526799D-02 -0.267499D+01
  287.3081  0.568378D-02  0.560061D-02  0.318825D+01
   21 282.695 289.268 285.982  1.300D-03  0.000D+00  9.415D-03  2.770D+00 10300  7.575D-03
  282.6954  0.363473D-02  0.359468D-02  0.187019D+01
  283.0269  0.389833D-02  0.389768D-02  0.296831D-01
  283.3579  0.389956D-02  0.402155D-02 -0.551906D+01
  283.6887  0.390176D-02  0.393940D-02 -0.171343D+01
  284.0192  0.399580D-02  0.388400D-02  0.502703D+01
  284.3494  0.358586D-02  0.356028D-02  0.121000D+01
  284.6792  0.288884D-02  0.285387D-02  0.172131D+01
  285.0088  0.191862D-02  0.189178D-02  0.148097D+01
  285.3381  0.154258D-02  0.151439D-02  0.159168D+01
  285.6672  0.233639D-02  0.229876D-02  0.201554D+01
  285.9959  0.358133D-02  0.363557D-02 -0.258243D+01
  286.3244  0.459507D-02  0.461986D-02 -0.112870D+01
  286.6526  0.494653D-02  0.499622D-02 -0.226215D+01
  286.9805  0.520189D-02  0.528611D-02 -0.340823D+01
  287.3081  0.568378D-02  0.563486D-02  0.187525D+01
  287.6355  0.532133D-02  0.528675D-02  0.139930D+01
  287.9626  0.437129D-02  0.439887D-02 -0.112868D+01
  288.2894  0.428658D-02  0.428103D-02  0.228476D+00
  288.6159  0.575242D-02  0.558440D-02  0.679890D+01
  288.9422  0.654321D-02  0.658454D-02 -0.158443D+01
  289.2682  0.715963D-02  0.722435D-02 -0.235688D+01
   21 284.679 291.218 287.949 -3.322D-03  0.000D+00  1.042D-02  2.627D+00 10000  6.975D-03
  284.6792  0.288884D-02  0.288194D-02  0.339723D+00
  285.0088  0.191862D-02  0.188033D-02  0.211293D+01
  285.3381  0.154258D-02  0.149653D-02  0.260047D+01
  285.6672  0.233639D-02  0.230705D-02  0.157129D+01
  285.9959  0.358133D-02  0.365762D-02 -0.363209D+01
  286.3244  0.459507D-02  0.463243D-02 -0.170075D+01
  286.6526  0.494653D-02  0.498746D-02 -0.186343D+01
  286.9805  0.520189D-02  0.527432D-02 -0.293090D+01
  287.3081  0.568378D-02  0.563906D-02  0.171408D+01
  287.6355  0.532133D-02  0.527590D-02  0.183826D+01
  287.9626  0.437129D-02  0.435941D-02  0.486306D+00
  288.2894  0.428658D-02  0.424195D-02  0.183664D+01
  288.6159  0.575242D-02  0.559247D-02  0.647236D+01
  288.9422  0.654321D-02  0.655752D-02 -0.548643D+00
  289.2682  0.715963D-02  0.715117D-02  0.308238D+00
  289.5939  0.831012D-02  0.830727D-02  0.987543D-01
  289.9193  0.978598D-02  0.980218D-02 -0.536293D+00
  290.2444  0.108060D-01  0.108993D-01 -0.295225D+01
  290.5692  0.111424D-01  0.112311D-01 -0.280937D+01
  290.8938  0.109159D-01  0.109912D-01 -0.238465D+01
  291.2180  0.111904D-01  0.110155D-01  0.530905D+01
   21 286.653 293.157 289.905 -3.939D-03  0.000D+00  1.161D-02  2.750D+00 10300  9.637D-03
  286.6526  0.494653D-02  0.494922D-02 -0.122391D+00
  286.9805  0.520189D-02  0.525961D-02 -0.233570D+01
  287.3081  0.568378D-02  0.567063D-02  0.503931D+00
  287.6355  0.532133D-02  0.531034D-02  0.444947D+00
  287.9626  0.437129D-02  0.436022D-02  0.453044D+00
  288.2894  0.428658D-02  0.422032D-02  0.272679D+01
  288.6159  0.575242D-02  0.563354D-02  0.481074D+01
  288.9422  0.654321D-02  0.658330D-02 -0.153699D+01
  289.2682  0.715963D-02  0.714307D-02  0.603143D+00
  289.5939  0.831012D-02  0.830446D-02  0.196226D+00
  289.9193  0.978598D-02  0.981192D-02 -0.859059D+00
  290.2444  0.108060D-01  0.109177D-01 -0.353737D+01
  290.5692  0.111424D-01  0.112579D-01 -0.365888D+01
  290.8938  0.109159D-01  0.110173D-01 -0.321112D+01
  291.2180  0.111904D-01  0.110987D-01  0.278508D+01
  291.5420  0.112234D-01  0.111158D-01  0.326566D+01
  291.8656  0.110683D-01  0.109862D-01  0.259971D+01
  292.1889  0.110985D-01  0.109354D-01  0.494786D+01
  292.5119  0.103132D-01  0.103316D-01 -0.583936D+00
  292.8346  0.102706D-01  0.104492D-01 -0.565537D+01
  293.1569  0.120334D-01  0.120112D-01  0.674816D+00
   21 288.616 295.083 291.850 -1.323D-03  0.000D+00  1.297D-02  2.491D+00 10300  9.290D-03
  288.6159  0.575242D-02  0.571275D-02  0.160537D+01
  288.9422  0.654321D-02  0.662298D-02 -0.305814D+01
  289.2682  0.715963D-02  0.712472D-02  0.127170D+01
  289.5939  0.831012D-02  0.826064D-02  0.171610D+01
  289.9193  0.978598D-02  0.976093D-02  0.829273D+00
  290.2444  0.108060D-01  0.108690D-01 -0.199281D+01
  290.5692  0.111424D-01  0.112239D-01 -0.258186D+01
  290.8938  0.109159D-01  0.109792D-01 -0.200656D+01
  291.2180  0.111904D-01  0.110898D-01  0.305368D+01
  291.5420  0.112234D-01  0.111338D-01  0.271840D+01
  291.8656  0.110683D-01  0.110143D-01  0.170899D+01
  292.1889  0.110985D-01  0.110010D-01  0.295840D+01
  292.5119  0.103132D-01  0.103811D-01 -0.215262D+01
  292.8346  0.102706D-01  0.104669D-01 -0.621495D+01
  293.1569  0.120334D-01  0.120814D-01 -0.145530D+01
  293.4789  0.126443D-01  0.125592D-01  0.248175D+01
  293.8005  0.113991D-01  0.113515D-01  0.144670D+01
  294.1218  0.116037D-01  0.115515D-01  0.158446D+01
  294.4427  0.124906D-01  0.124913D-01 -0.205003D-01
  294.7632  0.120567D-01  0.121649D-01 -0.328204D+01
  295.0833  0.125990D-01  0.125384D-01  0.176672D+01
   21 290.569 296.995 293.782 -1.430D-03  0.000D+00  1.477D-02  2.276D+00 10300  6.541D-03
  290.5692  0.111424D-01  0.111559D-01 -0.426803D+00
  290.8938  0.109159D-01  0.109661D-01 -0.159221D+01
  291.2180  0.111904D-01  0.111133D-01  0.234198D+01
  291.5420  0.112234D-01  0.111734D-01  0.151666D+01
  291.8656  0.110683D-01  0.110539D-01  0.453621D+00
  292.1889  0.110985D-01  0.110362D-01  0.189078D+01
  292.5119  0.103132D-01  0.103967D-01 -0.264403D+01
  292.8346  0.102706D-01  0.104642D-01 -0.612975D+01
  293.1569  0.120334D-01  0.120719D-01 -0.116763D+01
  293.4789  0.126443D-01  0.125370D-01  0.312858D+01
  293.8005  0.113991D-01  0.113148D-01  0.255860D+01
  294.1218  0.116037D-01  0.115216D-01  0.249024D+01
  294.4427  0.124906D-01  0.124825D-01  0.234655D+00
  294.7632  0.120567D-01  0.121779D-01 -0.367784D+01
  295.0833  0.125990D-01  0.125993D-01 -0.688801D-02
  295.4030  0.140886D-01  0.140132D-01  0.211398D+01
  295.7223  0.147833D-01  0.148405D-01 -0.160143D+01
  296.0411  0.159503D-01  0.159069D-01  0.116897D+01
  296.3596  0.154807D-01  0.155053D-01 -0.663860D+00
  296.6775  0.128695D-01  0.129174D-01 -0.139685D+01
  296.9951  0.123327D-01  0.122887D-01  0.128226D+01
   21 292.512 298.890 295.701  2.764D-03  0.000D+00  1.704D-02  2.668D+00 10340  5.114D-03
  292.5119  0.103132D-01  0.102649D-01  0.152706D+01
  292.8346  0.102706D-01  0.103799D-01 -0.346169D+01
  293.1569  0.120334D-01  0.120247D-01  0.263590D+00
  293.4789  0.126443D-01  0.125616D-01  0.241056D+01
  293.8005  0.113991D-01  0.113665D-01  0.990280D+00
  294.1218  0.116037D-01  0.115594D-01  0.134379D+01
  294.4427  0.124906D-01  0.125324D-01 -0.121761D+01
  294.7632  0.120567D-01  0.122340D-01 -0.537891D+01
  295.0833  0.125990D-01  0.126159D-01 -0.490348D+00
  295.4030  0.140886D-01  0.140165D-01  0.202055D+01
  295.7223  0.147833D-01  0.148184D-01 -0.984503D+00
  296.0411  0.159503D-01  0.158534D-01  0.261449D+01
  296.3596  0.154807D-01  0.154561D-01  0.663829D+00
  296.6775  0.128695D-01  0.128644D-01  0.147641D+00
  296.9951  0.123327D-01  0.121771D-01  0.453196D+01
  297.3121  0.142493D-01  0.142551D-01 -0.163235D+00
  297.6286  0.177584D-01  0.179061D-01 -0.371085D+01
  297.9447  0.183432D-01  0.184692D-01 -0.316388D+01
  298.2602  0.148959D-01  0.146026D-01  0.242720D+01
  298.5752  0.135257D-01  0.129458D-01  0.485580D+01
  298.8896  0.163827D-01  0.160077D-01  0.310409D+01
   21 294.443 300.764 297.603  1.174D-03  0.000D+00  2.021D-02  4.191D+00 10300  8.443D-03
  294.4427  0.124906D-01  0.125246D-01 -0.990123D+00
  294.7632  0.120567D-01  0.121531D-01 -0.292538D+01
  295.0833  0.125990D-01  0.125354D-01  0.185398D+01
  295.4030  0.140886D-01  0.139692D-01  0.334541D+01
  295.7223  0.147833D-01  0.147758D-01  0.208979D+00
  296.0411  0.159503D-01  0.158704D-01  0.215484D+01
  296.3596  0.154807D-01  0.155158D-01 -0.944953D+00
  296.6775  0.128695D-01  0.128710D-01 -0.439675D-01
  296.9951  0.123327D-01  0.122107D-01  0.355483D+01
  297.3121  0.142493D-01  0.143146D-01 -0.183137D+01
  297.6286  0.177584D-01  0.180201D-01 -0.657273D+01
  297.9447  0.183432D-01  0.185139D-01 -0.428728D+01
  298.2602  0.148959D-01  0.144575D-01  0.362841D+01
  298.5752  0.135257D-01  0.127068D-01  0.685615D+01
  298.8896  0.163827D-01  0.156761D-01  0.584908D+01
  299.2035  0.190695D-01  0.180030D-01  0.872780D+01
  299.5168  0.186782D-01  0.177952D-01  0.722692D+01
  299.8294  0.181304D-01  0.179409D-01  0.153403D+01
  300.1415  0.158459D-01  0.158471D-01 -0.974018D-02
  300.4529  0.163251D-01  0.166769D-01 -0.284710D+01
  300.7637  0.184187D-01  0.190898D-01 -0.531346D+01
   21 296.360 302.613 299.486  6.518D-03  0.000D+00  2.315D-02  6.636D+00 10000  1.507D-02
  296.3596  0.154807D-01  0.152860D-01  0.525352D+01
  296.6775  0.128695D-01  0.129664D-01 -0.282254D+01
  296.9951  0.123327D-01  0.123282D-01  0.129848D+00
  297.3121  0.142493D-01  0.143990D-01 -0.419568D+01
  297.6286  0.177584D-01  0.179637D-01 -0.515634D+01
  297.9447  0.183432D-01  0.184082D-01 -0.163225D+01
  298.2602  0.148959D-01  0.144411D-01  0.376451D+01
  298.5752  0.135257D-01  0.125867D-01  0.786214D+01
  298.8896  0.163827D-01  0.152419D-01  0.944249D+01
  299.2035  0.190695D-01  0.174701D-01  0.130896D+02
  299.5168  0.186782D-01  0.173528D-01  0.108472D+02
  299.8294  0.181304D-01  0.174737D-01  0.531508D+01
  300.1415  0.158459D-01  0.157069D-01  0.112476D+01
  300.4529  0.163251D-01  0.166123D-01 -0.232502D+01
  300.7637  0.184187D-01  0.193419D-01 -0.730901D+01
  301.0738  0.210492D-01  0.219108D-01 -0.674848D+01
  301.3831  0.233076D-01  0.244744D-01 -0.904147D+01
  301.6918  0.221516D-01  0.233567D-01 -0.933819D+01
  301.9998  0.202213D-01  0.199897D-01  0.179499D+01
  302.3069  0.234600D-01  0.226374D-01  0.630714D+01
  302.6133  0.309628D-01  0.300954D-01  0.651354D+01
   21 298.260 304.434 301.347 -4.666D-02  0.000D+00  2.845D-02  4.738D+00 10000  1.835D-02
  298.2602  0.148959D-01  0.154131D-01 -0.428120D+01
  298.5752  0.135257D-01  0.140297D-01 -0.421925D+01
  298.8896  0.163827D-01  0.165209D-01 -0.114351D+01
  299.2035  0.190695D-01  0.179793D-01  0.892209D+01
  299.5168  0.186782D-01  0.177863D-01  0.729978D+01
  299.8294  0.181304D-01  0.172831D-01  0.685787D+01
  300.1415  0.158459D-01  0.157952D-01  0.410754D+00
  300.4529  0.163251D-01  0.170254D-01 -0.566786D+01
  300.7637  0.184187D-01  0.194689D-01 -0.831463D+01
  301.0738  0.210492D-01  0.220284D-01 -0.766912D+01
  301.3831  0.233076D-01  0.238309D-01 -0.405474D+01
  301.6918  0.221516D-01  0.221595D-01 -0.609774D-01
  301.9998  0.202213D-01  0.199218D-01  0.232129D+01
  302.3069  0.234600D-01  0.233829D-01  0.590801D+00
  302.6133  0.309628D-01  0.305109D-01  0.339407D+01
  302.9190  0.379564D-01  0.371544D-01  0.596057D+01
  303.2238  0.427629D-01  0.423320D-01  0.313833D+01
  303.5277  0.444515D-01  0.446490D-01 -0.142422D+01
  303.8307  0.437266D-01  0.438916D-01 -0.117788D+01
  304.1329  0.458409D-01  0.463034D-01 -0.336896D+01
  304.4342  0.523621D-01  0.523438D-01  0.133628D+00
   21 300.141 306.221 303.181 -3.933D-02  0.000D+00  4.125D-02  6.549D+00 10000  1.980D-02
  300.1415  0.158459D-01  0.158181D-01  0.225336D+00
  300.4529  0.163251D-01  0.166141D-01 -0.233887D+01
  300.7637  0.184187D-01  0.187882D-01 -0.292497D+01
  301.0738  0.210492D-01  0.211810D-01 -0.103212D+01
  301.3831  0.233076D-01  0.230169D-01  0.225244D+01
  301.6918  0.221516D-01  0.216412D-01  0.395522D+01
  301.9998  0.202213D-01  0.196077D-01  0.475476D+01
  302.3069  0.234600D-01  0.230774D-01  0.293330D+01
  302.6133  0.309628D-01  0.303998D-01  0.422792D+01
  302.9190  0.379564D-01  0.374140D-01  0.403089D+01
  303.2238  0.427629D-01  0.429736D-01 -0.153524D+01
  303.5277  0.444515D-01  0.456376D-01 -0.855416D+01
  303.8307  0.437266D-01  0.450168D-01 -0.921337D+01
  304.1329  0.458409D-01  0.473383D-01 -0.109068D+02
  304.4342  0.523621D-01  0.533113D-01 -0.691355D+01
  304.7345  0.595424D-01  0.582421D-01  0.861010D+01
  305.0339  0.671619D-01  0.648427D-01  0.153569D+02
  305.3323  0.706491D-01  0.694793D-01  0.774565D+01
  305.6296  0.652399D-01  0.649730D-01  0.176703D+01
  305.9259  0.634002D-01  0.637203D-01 -0.194289D+01
  306.2212  0.706216D-01  0.722313D-01 -0.977076D+01
   21 302.000 307.969 304.984 -3.784D-02  0.000D+00  6.178D-02  1.628D+01 10000  4.733D-02
  301.9998  0.202213D-01  0.189449D-01  0.989089D+01
  302.3069  0.234600D-01  0.232246D-01  0.180499D+01
  302.6133  0.309628D-01  0.311756D-01 -0.159726D+01
  302.9190  0.379564D-01  0.383816D-01 -0.316072D+01
  303.2238  0.427629D-01  0.437400D-01 -0.711735D+01
  303.5277  0.444515D-01  0.459774D-01 -0.110046D+02
  303.8307  0.437266D-01  0.444710D-01 -0.531588D+01
  304.1329  0.458409D-01  0.462648D-01 -0.308786D+01
  304.4342  0.523621D-01  0.520127D-01  0.254489D+01
  304.7345  0.595424D-01  0.565140D-01  0.200530D+02
  305.0339  0.671619D-01  0.633375D-01  0.253241D+02
  305.3323  0.706491D-01  0.689553D-01  0.112154D+02
  305.6296  0.652399D-01  0.650239D-01  0.142991D+01
  305.9259  0.634002D-01  0.648373D-01 -0.872337D+01
  306.2212  0.706216D-01  0.764549D-01 -0.354079D+02
  306.5153  0.794630D-01  0.850752D-01 -0.314453D+02
  306.8083  0.936862D-01  0.948556D-01 -0.608415D+01
  307.1002  0.116545D+00  0.112814D+00  0.169846D+02
  307.3908  0.134461D+00  0.127710D+00  0.289267D+02
  307.6803  0.144442D+00  0.140732D+00  0.142219D+02
  307.9685  0.150112D+00  0.155470D+00 -0.195149D+02
   21 303.831 309.670 306.750 -1.100D-01  0.000D+00  1.004D-01  2.179D+01 10304  6.670D-02
  303.8307  0.437266D-01  0.435850D-01  0.101159D+01
  304.1329  0.458409D-01  0.471109D-01 -0.925079D+01
  304.4342  0.523621D-01  0.530295D-01 -0.486112D+01
  304.7345  0.595424D-01  0.579668D-01  0.104327D+02
  305.0339  0.671619D-01  0.652217D-01  0.128475D+02
  305.3323  0.706491D-01  0.683143D-01  0.154602D+02
  305.6296  0.652399D-01  0.638436D-01  0.924577D+01
  305.9259  0.634002D-01  0.664799D-01 -0.186935D+02
  306.2212  0.706216D-01  0.773447D-01 -0.408084D+02
  306.5153  0.794630D-01  0.844285D-01 -0.278218D+02
  306.8083  0.936862D-01  0.954982D-01 -0.942763D+01
  307.1002  0.116545D+00  0.111591D+00  0.225504D+02
  307.3908  0.134461D+00  0.123908D+00  0.452156D+02
  307.6803  0.144442D+00  0.135808D+00  0.330985D+02
  307.9685  0.150112D+00  0.148590D+00  0.554342D+01
  308.2555  0.158020D+00  0.163765D+00 -0.190207D+02
  308.5411  0.171721D+00  0.179046D+00 -0.222303D+02
  308.8254  0.172394D+00  0.179498D+00 -0.191649D+02
  309.1084  0.164390D+00  0.172294D+00 -0.198531D+02
  309.3900  0.179437D+00  0.177212D+00  0.491078D+01
  309.6701  0.206057D+00  0.188574D+00  0.326530D+02
   16 305.630 309.949 307.789 -1.810D-01  0.000D+00  1.382D-01  2.345D+01 10302  1.001D-01
  305.6296  0.652399D-01  0.610381D-01  0.278226D+02
  305.9259  0.634002D-01  0.658009D-01 -0.145724D+02
  306.2212  0.706216D-01  0.756053D-01 -0.302507D+02
  306.5153  0.794630D-01  0.826291D-01 -0.177393D+02
  306.8083  0.936862D-01  0.957780D-01 -0.108834D+02
  307.1002  0.116545D+00  0.111621D+00  0.224153D+02
  307.3908  0.134461D+00  0.123890D+00  0.452942D+02
  307.6803  0.144442D+00  0.136909D+00  0.288780D+02
  307.9685  0.150112D+00  0.150492D+00 -0.138208D+01
  308.2555  0.158020D+00  0.167036D+00 -0.298525D+02
  308.5411  0.171721D+00  0.179811D+00 -0.245518D+02
  308.8254  0.172394D+00  0.176546D+00 -0.112003D+02
  309.1084  0.164390D+00  0.171021D+00 -0.166539D+02
  309.3900  0.179437D+00  0.178151D+00  0.283753D+01
  309.6701  0.206057D+00  0.187944D+00  0.338304D+02
  309.9487  0.212537D+00  0.209507D+00  0.490476D+01
   10 307.391 309.949 308.670 -7.877D-02  0.000D+00  1.711D-01  9.329D+00 10302  9.667D-02
  307.3908  0.134461D+00  0.135449D+00 -0.423272D+01
  307.6803  0.144442D+00  0.142389D+00  0.787053D+01
  307.9685  0.150112D+00  0.149725D+00  0.140963D+01
  308.2555  0.158020D+00  0.159442D+00 -0.470880D+01
  308.5411  0.171721D+00  0.171622D+00  0.302581D+00
  308.8254  0.172394D+00  0.173149D+00 -0.203649D+01
  309.1084  0.164390D+00  0.168045D+00 -0.918103D+01
  309.3900  0.179437D+00  0.176092D+00  0.738286D+01
  309.6701  0.206057D+00  0.195513D+00  0.196939D+02
  309.9487  0.212537D+00  0.222018D+00 -0.153454D+02
   21 309.995 313.152 311.574 -1.158D-01  0.000D+00  3.805D-01  1.942D+01 10304  4.773D-02
  309.9952  0.276013D+00  0.257238D+00  0.184192D+02
  310.1538  0.264234D+00  0.285729D+00 -0.220321D+02
  310.3123  0.303155D+00  0.334589D+00 -0.335545D+02
  310.4706  0.378424D+00  0.386578D+00 -0.917978D+01
  310.6290  0.439477D+00  0.426562D+00  0.147817D+02
  310.7872  0.473051D+00  0.451185D+00  0.268141D+02
  310.9454  0.483601D+00  0.462823D+00  0.259434D+02
  311.1035  0.477904D+00  0.466684D+00  0.141808D+02
  311.2615  0.459404D+00  0.464926D+00 -0.706531D+01
  311.4195  0.444920D+00  0.455787D+00 -0.151265D+02
  311.5774  0.427965D+00  0.438799D+00 -0.152873D+02
  311.7352  0.411559D+00  0.420373D+00 -0.123526D+02
  311.8930  0.401722D+00  0.411676D+00 -0.142412D+02
  312.0507  0.403733D+00  0.420320D+00 -0.235662D+02
  312.2083  0.435907D+00  0.444729D+00 -0.127998D+02
  312.3658  0.481961D+00  0.474410D+00  0.108781D+02
  312.5233  0.519503D+00  0.502144D+00  0.255449D+02
  312.6807  0.543528D+00  0.528058D+00  0.227657D+02
  312.8380  0.563641D+00  0.553858D+00  0.143957D+02
  312.9953  0.582793D+00  0.578483D+00  0.634185D+01
  313.1525  0.583136D+00  0.604071D+00 -0.308071D+02
   21 310.945 314.094 312.520  4.674D-02  0.000D+00  4.533D-01  3.981D+01 10304  8.267D-02
  310.9454  0.483601D+00  0.458378D+00  0.314935D+02
  311.1035  0.477904D+00  0.462103D+00  0.199711D+02
  311.2615  0.459404D+00  0.462075D+00 -0.341772D+01
  311.4195  0.444920D+00  0.461321D+00 -0.228303D+02
  311.5774  0.427965D+00  0.454970D+00 -0.381072D+02
  311.7352  0.411559D+00  0.439805D+00 -0.395868D+02
  311.8930  0.401722D+00  0.422319D+00 -0.294676D+02
  312.0507  0.403733D+00  0.414306D+00 -0.150213D+02
  312.2083  0.435907D+00  0.426434D+00  0.137446D+02
  312.3658  0.481961D+00  0.456576D+00  0.365716D+02
  312.5233  0.519503D+00  0.489818D+00  0.436827D+02
  312.6807  0.543528D+00  0.516285D+00  0.400896D+02
  312.8380  0.563641D+00  0.537920D+00  0.378504D+02
  312.9953  0.582793D+00  0.557482D+00  0.372463D+02
  313.1525  0.583136D+00  0.570975D+00  0.178956D+02
  313.3096  0.562749D+00  0.578760D+00 -0.235625D+02
  313.4666  0.545587D+00  0.591282D+00 -0.672432D+02
  313.6236  0.564053D+00  0.618580D+00 -0.748915D+02
  313.7805  0.624254D+00  0.659165D+00 -0.479489D+02
  313.9374  0.701411D+00  0.692256D+00  0.117877D+02
  314.0941  0.750560D+00  0.690725D+00  0.770458D+02
   21 311.893 315.033 313.463  6.390D-02  0.000D+00  5.223D-01  2.859D+01 10000  2.409D-02
  311.8930  0.401722D+00  0.403612D+00 -0.270445D+01
  312.0507  0.403733D+00  0.414792D+00 -0.157118D+02
  312.2083  0.435907D+00  0.438017D+00 -0.306131D+01
  312.3658  0.481961D+00  0.477281D+00  0.674190D+01
  312.5233  0.519503D+00  0.515836D+00  0.539608D+01
  312.6807  0.543528D+00  0.538236D+00  0.778816D+01
  312.8380  0.563641D+00  0.552065D+00  0.170347D+02
  312.9953  0.582793D+00  0.564358D+00  0.271287D+02
  313.1525  0.583136D+00  0.569672D+00  0.198135D+02
  313.3096  0.562749D+00  0.567964D+00 -0.767420D+01
  313.4666  0.545587D+00  0.572101D+00 -0.390168D+02
  313.6236  0.564053D+00  0.596160D+00 -0.440974D+02
  313.7805  0.624254D+00  0.644854D+00 -0.282928D+02
  313.9374  0.701411D+00  0.700447D+00  0.124125D+01
  314.0941  0.750560D+00  0.733263D+00  0.222724D+02
  314.2509  0.722210D+00  0.717434D+00  0.614959D+01
  314.4075  0.649172D+00  0.657672D+00 -0.109451D+02
  314.5640  0.627343D+00  0.614461D+00  0.165875D+02
  314.7205  0.706010D+00  0.658546D+00  0.611152D+02
  314.8770  0.822637D+00  0.789307D+00  0.429165D+02
  315.0333  0.893204D+00  0.945378D+00 -0.671809D+02
   21 312.838 315.970 314.404 -2.715D-02  0.000D+00  6.432D-01  3.662D+01 10300  2.320D-02
  312.8380  0.563641D+00  0.584559D+00 -0.307829D+02
  312.9953  0.582793D+00  0.565736D+00  0.251010D+02
  313.1525  0.583136D+00  0.549846D+00  0.489891D+02
  313.3096  0.562749D+00  0.543286D+00  0.286400D+02
  313.4666  0.545587D+00  0.557846D+00 -0.180388D+02
  313.6236  0.564053D+00  0.602368D+00 -0.526238D+02
  313.7805  0.624254D+00  0.667347D+00 -0.591863D+02
  313.9374  0.701411D+00  0.723620D+00 -0.285970D+02
  314.0941  0.750560D+00  0.737783D+00  0.164524D+02
  314.2509  0.722210D+00  0.691730D+00  0.392472D+02
  314.4075  0.649172D+00  0.623273D+00  0.333479D+02
  314.5640  0.627343D+00  0.612220D+00  0.194731D+02
  314.7205  0.706010D+00  0.688427D+00  0.226402D+02
  314.8770  0.822637D+00  0.797242D+00  0.326999D+02
  315.0333  0.893204D+00  0.876828D+00  0.210865D+02
  315.1896  0.907345D+00  0.909344D+00 -0.257432D+01
  315.3458  0.874258D+00  0.899784D+00 -0.328675D+02
  315.5019  0.803623D+00  0.845216D+00 -0.535560D+02
  315.6580  0.708207D+00  0.741233D+00 -0.425259D+02
  315.8140  0.626519D+00  0.623314D+00  0.412783D+01
  315.9699  0.599405D+00  0.545368D+00  0.695797D+02
   21 313.781 316.904 315.342 -6.944D-02  0.000D+00  7.458D-01  3.166D+01 10000  1.723D-02
  313.7805  0.624254D+00  0.634152D+00 -0.135939D+02
  313.9374  0.701411D+00  0.717950D+00 -0.212966D+02
  314.0941  0.750560D+00  0.738019D+00  0.161483D+02
  314.2509  0.722210D+00  0.689205D+00  0.424975D+02
  314.4075  0.649172D+00  0.629855D+00  0.248731D+02
  314.5640  0.627343D+00  0.639304D+00 -0.154016D+02
  314.7205  0.706010D+00  0.723792D+00 -0.228971D+02
  314.8770  0.822637D+00  0.819297D+00  0.430085D+01
  315.0333  0.893204D+00  0.878725D+00  0.186437D+02
  315.1896  0.907345D+00  0.896639D+00  0.137844D+02
  315.3458  0.874258D+00  0.879727D+00 -0.704240D+01
  315.5019  0.803623D+00  0.824274D+00 -0.265915D+02
  315.6580  0.708207D+00  0.733014D+00 -0.319421D+02
  315.8140  0.626519D+00  0.648345D+00 -0.281026D+02
  315.9699  0.599405D+00  0.623245D+00 -0.306969D+02
  316.1258  0.661254D+00  0.674384D+00 -0.169073D+02
  316.2816  0.783510D+00  0.770444D+00  0.168242D+02
  316.4373  0.908374D+00  0.868397D+00  0.514752D+02
  316.5930  0.100496D+01  0.954819D+00  0.645598D+02
  316.7485  0.106578D+01  0.105045D+01  0.185779D+02
  316.9041  0.112090D+01  0.118371D+01 -0.718958D+02
   21 314.721 317.836 316.278 -8.446D-02  0.000D+00  8.275D-01  3.212D+01 10300  2.716D-02
  314.7205  0.706010D+00  0.724839D+00 -0.242449D+02
  314.8770  0.822637D+00  0.818454D+00  0.538650D+01
  315.0333  0.893204D+00  0.870065D+00  0.297943D+02
  315.1896  0.907345D+00  0.885259D+00  0.284386D+02
  315.3458  0.874258D+00  0.874734D+00 -0.612497D+00
  315.5019  0.803623D+00  0.823782D+00 -0.259575D+02
  315.6580  0.708207D+00  0.728496D+00 -0.261255D+02
  315.8140  0.626519D+00  0.639585D+00 -0.168229D+02
  315.9699  0.599405D+00  0.623666D+00 -0.312393D+02
  316.1258  0.661254D+00  0.691335D+00 -0.387330D+02
  316.2816  0.783510D+00  0.798017D+00 -0.186799D+02
  316.4373  0.908374D+00  0.887925D+00  0.263306D+02
  316.5930  0.100496D+01  0.950798D+00  0.697363D+02
  316.7485  0.106578D+01  0.101426D+01  0.624364D+02
  316.9041  0.112090D+01  0.110787D+01  0.149148D+02
  317.0595  0.119799D+01  0.122670D+01 -0.328640D+02
  317.2148  0.128290D+01  0.131068D+01 -0.317945D+02
  317.3702  0.131290D+01  0.132703D+01 -0.161772D+02
  317.5254  0.128132D+01  0.130279D+01 -0.245725D+02
  317.6805  0.121185D+01  0.122162D+01 -0.111820D+02
  317.8357  0.110333D+01  0.106302D+01  0.461341D+02
   21 315.658 318.765 317.211 -5.281D-02  0.000D+00  9.048D-01  3.102D+01 10300  1.683D-02
  315.6580  0.708207D+00  0.703293D+00  0.632640D+01
  315.8140  0.626519D+00  0.626220D+00  0.385225D+00
  315.9699  0.599405D+00  0.606817D+00 -0.954419D+01
  316.1258  0.661254D+00  0.680655D+00 -0.249819D+02
  316.2816  0.783510D+00  0.807540D+00 -0.309425D+02
  316.4373  0.908374D+00  0.911596D+00 -0.414847D+01
  316.5930  0.100496D+01  0.969235D+00  0.459969D+02
  316.7485  0.106578D+01  0.101840D+01  0.574125D+02
  316.9041  0.112090D+01  0.109160D+01  0.335354D+02
  317.0595  0.119799D+01  0.121261D+01 -0.167424D+02
  317.2148  0.128290D+01  0.131074D+01 -0.318599D+02
  317.3702  0.131290D+01  0.132281D+01 -0.113445D+02
  317.5254  0.128132D+01  0.130411D+01 -0.260824D+02
  317.6805  0.121185D+01  0.125888D+01 -0.538313D+02
  317.8357  0.110333D+01  0.111255D+01 -0.105529D+02
  317.9907  0.981069D+00  0.942062D+00  0.472720D+02
  318.1456  0.923751D+00  0.890291D+00  0.405494D+02
  318.3005  0.987933D+00  0.963083D+00  0.301163D+02
  318.4554  0.112824D+01  0.110660D+01  0.247746D+02
  318.6101  0.128221D+01  0.127935D+01  0.310926D+01
  318.7648  0.144188D+01  0.147656D+01 -0.375993D+02
   21 316.593 319.691 318.142 -3.031D-02  0.000D+00  1.039D+00  4.405D+01 10300  1.505D-02
  316.5930  0.100496D+01  0.107240D+01 -0.868407D+02
  316.7485  0.106578D+01  0.105283D+01  0.156951D+02
  316.9041  0.112090D+01  0.107228D+01  0.556499D+02
  317.0595  0.119799D+01  0.115683D+01  0.471010D+02
  317.2148  0.128290D+01  0.125042D+01  0.371688D+02
  317.3702  0.131290D+01  0.127865D+01  0.391922D+02
  317.5254  0.128132D+01  0.128002D+01  0.149040D+01
  317.6805  0.121185D+01  0.126948D+01 -0.659602D+02
  317.8357  0.110333D+01  0.116244D+01 -0.676590D+02
  317.9907  0.981069D+00  0.999462D+00 -0.222898D+02
  318.1456  0.923751D+00  0.934658D+00 -0.132183D+02
  318.3005  0.987933D+00  0.999715D+00 -0.142780D+02
  318.4554  0.112824D+01  0.113541D+01 -0.820299D+01
  318.6101  0.128221D+01  0.128837D+01 -0.667537D+01
  318.7648  0.144188D+01  0.143918D+01  0.292576D+01
  318.9194  0.156771D+01  0.155170D+01  0.164920D+02
  319.0739  0.154540D+01  0.149389D+01  0.530607D+02
  319.2284  0.136541D+01  0.128915D+01  0.826913D+02
  319.3828  0.119483D+01  0.118875D+01  0.695314D+01
  319.5371  0.117334D+01  0.123279D+01 -0.680387D+02
  319.6914  0.127713D+01  0.129035D+01 -0.143323D+02
   21 317.525 320.616 319.070 -7.293D-03  0.000D+00  1.160D+00  7.155D+01 10000  2.633D-02
  317.5254  0.128132D+01  0.115649D+01  0.142880D+03
  317.6805  0.121185D+01  0.124099D+01 -0.333541D+02
  317.8357  0.110333D+01  0.120396D+01 -0.115183D+03
  317.9907  0.981069D+00  0.105996D+01 -0.956016D+02
  318.1456  0.923751D+00  0.976082D+00 -0.634188D+02
  318.3005  0.987933D+00  0.101828D+01 -0.367744D+02
  318.4554  0.112824D+01  0.113497D+01 -0.770115D+01
  318.6101  0.128221D+01  0.126851D+01  0.148584D+02
  318.7648  0.144188D+01  0.139473D+01  0.511272D+02
  318.9194  0.156771D+01  0.149247D+01  0.774956D+02
  319.0739  0.154540D+01  0.145212D+01  0.960872D+02
  319.2284  0.136541D+01  0.126411D+01  0.109842D+03
  319.3828  0.119483D+01  0.115278D+01  0.481316D+02
  319.5371  0.117334D+01  0.120769D+01 -0.393140D+02
  319.6914  0.127713D+01  0.131844D+01 -0.447900D+02
  319.8456  0.138017D+01  0.143779D+01 -0.624776D+02
  319.9997  0.143625D+01  0.151089D+01 -0.768808D+02
  320.1538  0.147387D+01  0.153947D+01 -0.675760D+02
  320.3078  0.158123D+01  0.160676D+01 -0.262988D+02
  320.4617  0.174138D+01  0.171056D+01  0.302291D+02
  320.6155  0.187166D+01  0.178801D+01  0.783343D+02
   21 318.455 321.537 319.996  8.071D-02  0.000D+00  1.150D+00  4.719D+01   300  1.918D-02
  318.4554  0.112824D+01  0.120317D+01 -0.857532D+02
  318.6101  0.128221D+01  0.129265D+01 -0.113211D+02
  318.7648  0.144188D+01  0.139419D+01  0.517137D+02
  318.9194  0.156771D+01  0.147904D+01  0.913367D+02
  319.0739  0.154540D+01  0.149178D+01  0.552297D+02
  319.2284  0.136541D+01  0.138024D+01 -0.160817D+02
  319.3828  0.119483D+01  0.123251D+01 -0.431337D+02
  319.5371  0.117334D+01  0.119443D+01 -0.241301D+02
  319.6914  0.127713D+01  0.126839D+01  0.948406D+01
  319.8456  0.138017D+01  0.138407D+01 -0.423067D+01
  319.9997  0.143625D+01  0.148986D+01 -0.552201D+02
  320.1538  0.147387D+01  0.155609D+01 -0.846962D+02
  320.3078  0.158123D+01  0.161433D+01 -0.340983D+02
  320.4617  0.174138D+01  0.170286D+01  0.377851D+02
  320.6155  0.187166D+01  0.179426D+01  0.724823D+02
  320.7693  0.189068D+01  0.183145D+01  0.554643D+02
  320.9230  0.179341D+01  0.177715D+01  0.159494D+02
  321.0767  0.163704D+01  0.164547D+01 -0.827696D+01
  321.2303  0.150297D+01  0.151717D+01 -0.146262D+02
  321.3838  0.146721D+01  0.147346D+01 -0.643782D+01
  321.5372  0.152926D+01  0.155454D+01 -0.260316D+02
   21 319.383 322.456 320.920  4.357D-02  0.000D+00  1.335D+00  4.710D+01 10300  2.696D-02
  319.3828  0.119483D+01  0.119101D+01  0.437193D+01
  319.5371  0.117334D+01  0.118910D+01 -0.180384D+02
  319.6914  0.127713D+01  0.124556D+01  0.342360D+02
  319.8456  0.138017D+01  0.133976D+01  0.438108D+02
  319.9997  0.143625D+01  0.144609D+01 -0.101397D+02
  320.1538  0.147387D+01  0.155091D+01 -0.793599D+02
  320.3078  0.158123D+01  0.165137D+01 -0.722489D+02
  320.4617  0.174138D+01  0.174115D+01  0.222592D+00
  320.6155  0.187166D+01  0.180160D+01  0.656083D+02
  320.7693  0.189068D+01  0.180719D+01  0.781868D+02
  320.9230  0.179341D+01  0.174928D+01  0.432916D+02
  321.0767  0.163704D+01  0.165100D+01 -0.137026D+02
  321.2303  0.150297D+01  0.155784D+01 -0.565160D+02
  321.3838  0.146721D+01  0.151469D+01 -0.489123D+02
  321.5372  0.152926D+01  0.153642D+01 -0.737444D+01
  321.6906  0.165166D+01  0.161106D+01  0.398247D+02
  321.8439  0.174666D+01  0.169343D+01  0.498514D+02
  321.9971  0.173849D+01  0.173704D+01  0.136254D+01
  322.1503  0.164287D+01  0.170634D+01 -0.622635D+02
  322.3034  0.155844D+01  0.160094D+01 -0.437774D+02
  322.4564  0.150043D+01  0.144265D+01  0.595183D+02
   21 320.308 323.373 321.840 -5.341D-02  0.000D+00  1.344D+00  5.236D+01 10304  3.724D-02
  320.3078  0.158123D+01  0.159391D+01 -0.130628D+02
  320.4617  0.174138D+01  0.175450D+01 -0.128781D+02
  320.6155  0.187166D+01  0.183545D+01  0.339097D+02
  320.7693  0.189068D+01  0.183116D+01  0.557334D+02
  320.9230  0.179341D+01  0.175973D+01  0.330452D+02
  321.0767  0.163704D+01  0.166236D+01 -0.248385D+02
  321.2303  0.150297D+01  0.158595D+01 -0.854735D+02
  321.3838  0.146721D+01  0.155752D+01 -0.930313D+02
  321.5372  0.152926D+01  0.157848D+01 -0.506938D+02
  321.6906  0.165166D+01  0.162420D+01  0.269330D+02
  321.8439  0.174666D+01  0.166032D+01  0.808602D+02
  321.9971  0.173849D+01  0.166228D+01  0.713715D+02
  322.1503  0.164287D+01  0.162217D+01  0.203087D+02
  322.3034  0.155844D+01  0.155275D+01  0.586513D+01
  322.4564  0.150043D+01  0.147317D+01  0.280811D+02
  322.6094  0.142019D+01  0.140585D+01  0.147735D+02
  322.7623  0.131015D+01  0.137024D+01 -0.619007D+02
  322.9151  0.128317D+01  0.138194D+01 -0.101741D+03
  323.0678  0.141909D+01  0.144323D+01 -0.248629D+02
  323.2205  0.160841D+01  0.154810D+01  0.591710D+02
  323.3731  0.171763D+01  0.169102D+01  0.249155D+02
   21 321.230 324.287 322.759 -1.098D-01  0.000D+00  1.341D+00  4.689D+01 10300  3.075D-02
  321.2303  0.150297D+01  0.153086D+01 -0.287266D+02
  321.3838  0.146721D+01  0.148707D+01 -0.204571D+02
  321.5372  0.152926D+01  0.153645D+01 -0.739870D+01
  321.6906  0.165166D+01  0.162454D+01  0.266025D+02
  321.8439  0.174666D+01  0.169318D+01  0.500835D+02
  321.9971  0.173849D+01  0.169527D+01  0.404789D+02
  322.1503  0.164287D+01  0.163851D+01  0.428319D+01
  322.3034  0.155844D+01  0.156283D+01 -0.452812D+01
  322.4564  0.150043D+01  0.148833D+01  0.124698D+02
  322.6094  0.142019D+01  0.141308D+01  0.732413D+01
  322.7623  0.131015D+01  0.137038D+01 -0.620386D+02
  322.9151  0.128317D+01  0.140359D+01 -0.124045D+03
  323.0678  0.141909D+01  0.149850D+01 -0.818005D+02
  323.2205  0.160841D+01  0.158786D+01  0.201608D+02
  323.3731  0.171763D+01  0.163477D+01  0.775882D+02
  323.5257  0.174714D+01  0.168074D+01  0.621831D+02
  323.6782  0.180398D+01  0.177160D+01  0.303232D+02
  323.8306  0.192184D+01  0.190104D+01  0.194770D+02
  323.9829  0.205309D+01  0.203392D+01  0.171743D+02
  324.1352  0.212702D+01  0.213422D+01 -0.645048D+01
  324.2874  0.214624D+01  0.219501D+01 -0.436815D+02
   21 322.150 325.199 323.675 -7.531D-02  0.000D+00  1.554D+00  4.429D+01 10300  2.439D-02
  322.1503  0.164287D+01  0.161880D+01  0.236169D+02
  322.3034  0.155844D+01  0.154152D+01  0.174262D+02
  322.4564  0.150043D+01  0.150786D+01 -0.764991D+01
  322.6094  0.142019D+01  0.142372D+01 -0.363637D+01
  322.7623  0.131015D+01  0.133530D+01 -0.259077D+02
  322.9151  0.128317D+01  0.134030D+01 -0.588459D+02
  323.0678  0.141909D+01  0.149272D+01 -0.758441D+02
  323.2205  0.160841D+01  0.165112D+01 -0.419012D+02
  323.3731  0.171763D+01  0.166307D+01  0.510878D+02
  323.5257  0.174714D+01  0.164803D+01  0.928150D+02
  323.6782  0.180398D+01  0.173592D+01  0.637349D+02
  323.8306  0.192184D+01  0.187852D+01  0.405723D+02
  323.9829  0.205309D+01  0.202642D+01  0.238903D+02
  324.1352  0.212702D+01  0.213456D+01 -0.675177D+01
  324.2874  0.214624D+01  0.215974D+01 -0.120884D+02
  324.4395  0.215544D+01  0.218133D+01 -0.231903D+02
  324.5916  0.211865D+01  0.216612D+01 -0.425243D+02
  324.7436  0.199927D+01  0.201693D+01 -0.165321D+02
  324.8956  0.183336D+01  0.187206D+01 -0.362441D+02
  325.0474  0.178366D+01  0.181984D+01 -0.338778D+02
  325.1992  0.187462D+01  0.179301D+01  0.764169D+02
   21 323.068 326.109 324.588 -5.784D-02  0.000D+00  1.540D+00  1.991D+01 10300  1.129D-02
  323.0678  0.141909D+01  0.140539D+01  0.141119D+02
  323.2205  0.160841D+01  0.163789D+01 -0.289217D+02
  323.3731  0.171763D+01  0.171799D+01 -0.344075D+00
  323.5257  0.174714D+01  0.172376D+01  0.218928D+02
  323.6782  0.180398D+01  0.180157D+01  0.226083D+01
  323.8306  0.192184D+01  0.192977D+01 -0.742055D+01
  323.9829  0.205309D+01  0.205558D+01 -0.222860D+01
  324.1352  0.212702D+01  0.213839D+01 -0.101862D+02
  324.2874  0.214624D+01  0.214201D+01  0.379535D+01
  324.4395  0.215544D+01  0.213134D+01  0.215870D+02
  324.5916  0.211865D+01  0.210454D+01  0.126403D+02
  324.7436  0.199927D+01  0.197675D+01  0.210905D+02
  324.8956  0.183336D+01  0.185418D+01 -0.194919D+02
  325.0474  0.178366D+01  0.184030D+01 -0.530408D+02
  325.1992  0.187462D+01  0.189946D+01 -0.232673D+02
  325.3510  0.204005D+01  0.201746D+01  0.202378D+02
  325.5026  0.223033D+01  0.221830D+01  0.103326D+02
  325.6542  0.243558D+01  0.243361D+01  0.168899D+01
  325.8057  0.263671D+01  0.260954D+01  0.233240D+02
  325.9572  0.280029D+01  0.278657D+01  0.113084D+02
  326.1086  0.290662D+01  0.293819D+01 -0.250187D+02
   21 323.983 327.016 325.499  2.042D-02  0.000D+00  1.524D+00  4.777D+01   300  1.830D-02
  323.9829  0.205309D+01  0.211982D+01 -0.597671D+02
  324.1352  0.212702D+01  0.215317D+01 -0.234220D+02
  324.2874  0.214624D+01  0.212685D+01  0.173664D+02
  324.4395  0.215544D+01  0.204066D+01  0.102817D+03
  324.5916  0.211865D+01  0.206347D+01  0.494251D+02
  324.7436  0.199927D+01  0.201811D+01 -0.176398D+02
  324.8956  0.183336D+01  0.184040D+01 -0.659403D+01
  325.0474  0.178366D+01  0.181280D+01 -0.272859D+02
  325.1992  0.187462D+01  0.189983D+01 -0.236124D+02
  325.3510  0.204005D+01  0.201736D+01  0.203242D+02
  325.5026  0.223033D+01  0.221012D+01  0.173526D+02
  325.6542  0.243558D+01  0.251332D+01 -0.667294D+02
  325.8057  0.263671D+01  0.268859D+01 -0.445367D+02
  325.9572  0.280029D+01  0.281958D+01 -0.158944D+02
  326.1086  0.290662D+01  0.292018D+01 -0.107413D+02
  326.2599  0.291287D+01  0.290166D+01  0.887877D+01
  326.4112  0.285665D+01  0.282858D+01  0.222422D+02
  326.5624  0.286379D+01  0.272837D+01  0.107301D+03
  326.7135  0.296373D+01  0.288183D+01  0.648944D+02
  326.8646  0.303979D+01  0.308146D+01 -0.330163D+02
  327.0156  0.295536D+01  0.303448D+01 -0.626945D+02
   21 324.896 327.920 326.408  2.977D-02  0.000D+00  1.720D+00  3.450D+01 10300  1.697D-02
  324.8956  0.183336D+01  0.181139D+01  0.205791D+02
  325.0474  0.178366D+01  0.179256D+01 -0.832943D+01
  325.1992  0.187462D+01  0.188083D+01 -0.582258D+01
  325.3510  0.204005D+01  0.201343D+01  0.238408D+02
  325.5026  0.223033D+01  0.221563D+01  0.126171D+02
  325.6542  0.243558D+01  0.248734D+01 -0.444359D+02
  325.8057  0.263671D+01  0.268711D+01 -0.432640D+02
  325.9572  0.280029D+01  0.282122D+01 -0.172486D+02
  326.1086  0.290662D+01  0.291170D+01 -0.402742D+01
  326.2599  0.291287D+01  0.290405D+01  0.698826D+01
  326.4112  0.285665D+01  0.283008D+01  0.210499D+02
  326.5624  0.286379D+01  0.276104D+01  0.814148D+02
  326.7135  0.296373D+01  0.286852D+01  0.754412D+02
  326.8646  0.303979D+01  0.303005D+01  0.772100D+01
  327.0156  0.295536D+01  0.301014D+01 -0.434091D+02
  327.1665  0.279974D+01  0.285570D+01 -0.443398D+02
  327.3173  0.275354D+01  0.278479D+01 -0.247636D+02
  327.4681  0.278711D+01  0.282276D+01 -0.282475D+02
  327.6188  0.276700D+01  0.278164D+01 -0.116022D+02
  327.7695  0.262655D+01  0.262279D+01  0.309566D+01
  327.9201  0.248569D+01  0.244371D+01  0.360325D+02
   21 325.806 328.822 327.314 -3.164D-02  0.000D+00  1.700D+00  4.717D+01 10304  8.476D-02
  325.8057  0.263671D+01  0.261445D+01  0.191107D+02
  325.9572  0.280029D+01  0.279610D+01  0.345141D+01
  326.1086  0.290662D+01  0.289621D+01  0.825066D+01
  326.2599  0.291287D+01  0.293015D+01 -0.136958D+02
  326.4112  0.285665D+01  0.293275D+01 -0.603058D+02
  326.5624  0.286379D+01  0.293478D+01 -0.562555D+02
  326.7135  0.296373D+01  0.294294D+01  0.164766D+02
  326.8646  0.303979D+01  0.293441D+01  0.834974D+02
  327.0156  0.295536D+01  0.289671D+01  0.464679D+02
  327.1665  0.279974D+01  0.284100D+01 -0.326942D+02
  327.3173  0.275354D+01  0.278756D+01 -0.269564D+02
  327.4681  0.278711D+01  0.273862D+01  0.384236D+02
  327.6188  0.276700D+01  0.268419D+01  0.656142D+02
  327.7695  0.262655D+01  0.262454D+01  0.165214D+01
  327.9201  0.248569D+01  0.256831D+01 -0.709225D+02
  328.0706  0.242755D+01  0.252677D+01 -0.851733D+02
  328.2210  0.247038D+01  0.250052D+01 -0.258702D+02
  328.3714  0.255166D+01  0.248331D+01  0.563208D+02
  328.5217  0.257486D+01  0.248561D+01  0.707172D+02
  328.6720  0.254761D+01  0.253958D+01  0.636245D+01
  328.8222  0.263842D+01  0.268113D+01 -0.338402D+02
   21 326.714 329.722 328.218 -2.012D-01  0.000D+00  1.618D+00  6.062D+01 10300  9.987D-02
  326.7135  0.296373D+01  0.306145D+01 -0.774269D+02
  326.8646  0.303979D+01  0.297847D+01  0.485895D+02
  327.0156  0.295536D+01  0.289838D+01  0.451508D+02
  327.1665  0.279974D+01  0.282927D+01 -0.233956D+02
  327.3173  0.275354D+01  0.277032D+01 -0.132911D+02
  327.4681  0.278711D+01  0.271507D+01  0.570804D+02
  327.6188  0.276700D+01  0.265912D+01  0.854784D+02
  327.7695  0.262655D+01  0.260848D+01  0.148884D+02
  327.9201  0.248569D+01  0.256734D+01 -0.700932D+02
  328.0706  0.242755D+01  0.253338D+01 -0.908472D+02
  328.2210  0.247038D+01  0.250391D+01 -0.287794D+02
  328.3714  0.255166D+01  0.249326D+01  0.481221D+02
  328.5217  0.257486D+01  0.252176D+01  0.420772D+02
  328.6720  0.254761D+01  0.261136D+01 -0.505134D+02
  328.8222  0.263842D+01  0.275818D+01 -0.948944D+02
  328.9723  0.290202D+01  0.293701D+01 -0.266992D+02
  329.1223  0.320955D+01  0.311705D+01  0.705784D+02
  329.2723  0.341171D+01  0.327897D+01  0.976658D+02
  329.4222  0.350486D+01  0.342454D+01  0.590946D+02
  329.5721  0.354797D+01  0.355764D+01 -0.687115D+01
  329.7219  0.355655D+01  0.367311D+01 -0.828105D+02
   21 327.619 330.619 329.119 -6.541D-02  0.000D+00  1.794D+00  3.927D+01 10300  2.560D-02
  327.6188  0.276700D+01  0.268704D+01  0.633555D+02
  327.7695  0.262655D+01  0.259881D+01  0.228609D+02
  327.9201  0.248569D+01  0.254519D+01 -0.510776D+02
  328.0706  0.242755D+01  0.253049D+01 -0.883629D+02
  328.2210  0.247038D+01  0.253667D+01 -0.569047D+02
  328.3714  0.255166D+01  0.253233D+01  0.159277D+02
  328.5217  0.257486D+01  0.250044D+01  0.589671D+02
  328.6720  0.254761D+01  0.250109D+01  0.368590D+02
  328.8222  0.263842D+01  0.263692D+01  0.119545D+01
  328.9723  0.290202D+01  0.289722D+01  0.366531D+01
  329.1223  0.320955D+01  0.316109D+01  0.369765D+02
  329.2723  0.341171D+01  0.335389D+01  0.425436D+02
  329.4222  0.350486D+01  0.347978D+01  0.184550D+02
  329.5721  0.354797D+01  0.355823D+01 -0.729181D+01
  329.7219  0.355655D+01  0.361611D+01 -0.423128D+02
  329.8716  0.360240D+01  0.367216D+01 -0.495602D+02
  330.0212  0.363398D+01  0.366678D+01 -0.225280D+02
  330.1708  0.352490D+01  0.351884D+01  0.415961D+01
  330.3203  0.325904D+01  0.324853D+01  0.773622D+01
  330.4698  0.295035D+01  0.295123D+01 -0.650164D+00
  330.6192  0.275732D+01  0.272295D+01  0.262262D+02
   21 328.522 331.514 330.018 -1.756D-02  0.000D+00  1.840D+00  1.949D+01   300  7.342D-03
  328.5217  0.257486D+01  0.257408D+01  0.614527D+00
  328.6720  0.254761D+01  0.253141D+01  0.128375D+02
  328.8222  0.263842D+01  0.260826D+01  0.239001D+02
  328.9723  0.290202D+01  0.292869D+01 -0.203480D+02
  329.1223  0.320955D+01  0.324890D+01 -0.300297D+02
  329.2723  0.341171D+01  0.342155D+01 -0.724352D+01
  329.4222  0.350486D+01  0.351712D+01 -0.902627D+01
  329.5721  0.354797D+01  0.354754D+01  0.299762D+00
  329.7219  0.355655D+01  0.354173D+01  0.105241D+02
  329.8716  0.360240D+01  0.356407D+01  0.272280D+02
  330.0212  0.363398D+01  0.361594D+01  0.123847D+02
  330.1708  0.352490D+01  0.353137D+01 -0.444017D+01
  330.3203  0.325904D+01  0.325775D+01  0.949005D+00
  330.4698  0.295035D+01  0.297543D+01 -0.184581D+02
  330.6192  0.275732D+01  0.274724D+01  0.769134D+01
  330.7685  0.274331D+01  0.269546D+01  0.365149D+02
  330.9177  0.284154D+01  0.284922D+01 -0.564856D+01
  331.0669  0.293682D+01  0.297486D+01 -0.279891D+02
  331.2160  0.291046D+01  0.295344D+01 -0.316251D+02
  331.3651  0.283392D+01  0.284209D+01 -0.600521D+01
  331.5141  0.283516D+01  0.278853D+01  0.343092D+02
   21 329.422 332.407 330.914 -1.994D-02  0.000D+00  1.738D+00  2.865D+01 10300  1.276D-02
  329.4222  0.350486D+01  0.354624D+01 -0.304518D+02
  329.5721  0.354797D+01  0.355691D+01 -0.635172D+01
  329.7219  0.355655D+01  0.354183D+01  0.104579D+02
  329.8716  0.360240D+01  0.355743D+01  0.319489D+02
  330.0212  0.363398D+01  0.359751D+01  0.250404D+02
  330.1708  0.352490D+01  0.350757D+01  0.119034D+02
  330.3203  0.325904D+01  0.324781D+01  0.826168D+01
  330.4698  0.295035D+01  0.297399D+01 -0.173986D+02
  330.6192  0.275732D+01  0.276096D+01 -0.278132D+01
  330.7685  0.274331D+01  0.272139D+01  0.167262D+02
  330.9177  0.284154D+01  0.287053D+01 -0.213303D+02
  331.0669  0.293682D+01  0.299457D+01 -0.424901D+02
  331.2160  0.291046D+01  0.297686D+01 -0.488550D+02
  331.3651  0.283392D+01  0.287211D+01 -0.280929D+02
  331.5141  0.283516D+01  0.282151D+01  0.100467D+02
  331.6630  0.296572D+01  0.292598D+01  0.292421D+02
  331.8118  0.314543D+01  0.309443D+01  0.362358D+02
  331.9606  0.323302D+01  0.317479D+01  0.413670D+02
  332.1093  0.316740D+01  0.312624D+01  0.302867D+02
  332.2580  0.302393D+01  0.302822D+01 -0.315199D+01
  332.4066  0.299805D+01  0.307975D+01 -0.580374D+02
   21 330.320 333.297 331.809 -2.452D-02  0.000D+00  1.805D+00  2.254D+01 10300  1.083D-02
  330.3203  0.325904D+01  0.328201D+01 -0.169014D+02
  330.4698  0.295035D+01  0.295799D+01 -0.562764D+01
  330.6192  0.275732D+01  0.272342D+01  0.258659D+02
  330.7685  0.274331D+01  0.268144D+01  0.472109D+02
  330.9177  0.284154D+01  0.283268D+01  0.652354D+01
  331.0669  0.293682D+01  0.296339D+01 -0.195453D+02
  331.2160  0.291046D+01  0.296043D+01 -0.367653D+02
  331.3651  0.283392D+01  0.287569D+01 -0.307333D+02
  331.5141  0.283516D+01  0.284697D+01 -0.868712D+01
  331.6630  0.296572D+01  0.296802D+01 -0.169158D+01
  331.8118  0.314543D+01  0.313934D+01  0.433007D+01
  331.9606  0.323302D+01  0.320510D+01  0.198394D+02
  332.1093  0.316740D+01  0.312540D+01  0.308995D+02
  332.2580  0.302393D+01  0.298355D+01  0.297152D+02
  332.4066  0.299805D+01  0.297600D+01  0.156675D+02
  332.5551  0.311791D+01  0.314910D+01 -0.221629D+02
  332.7036  0.321298D+01  0.325113D+01 -0.271028D+02
  332.8519  0.314777D+01  0.315925D+01 -0.788424D+01
  333.0003  0.305139D+01  0.306915D+01 -0.126197D+02
  333.1485  0.307851D+01  0.309299D+01 -0.102895D+02
  333.2967  0.311955D+01  0.308493D+01  0.245984D+02
   21 331.216 334.185 332.700 -7.828D-05  0.000D+00  1.890D+00  1.872D+01 10300  8.955D-03
  331.2160  0.291046D+01  0.286443D+01  0.338688D+02
  331.3651  0.283392D+01  0.285679D+01 -0.168260D+02
  331.5141  0.283516D+01  0.285326D+01 -0.133200D+02
  331.6630  0.296572D+01  0.297719D+01 -0.844075D+01
  331.8118  0.314543D+01  0.316654D+01 -0.149918D+02
  331.9606  0.323302D+01  0.325314D+01 -0.142871D+02
  332.1093  0.316740D+01  0.318006D+01 -0.931363D+01
  332.2580  0.302393D+01  0.301880D+01  0.377359D+01
  332.4066  0.299805D+01  0.295713D+01  0.290738D+02
  332.5551  0.311791D+01  0.309401D+01  0.169779D+02
  332.7036  0.321298D+01  0.321119D+01  0.126835D+01
  332.8519  0.314777D+01  0.313679D+01  0.754230D+01
  333.0003  0.305139D+01  0.303713D+01  0.101324D+02
  333.1485  0.307851D+01  0.306622D+01  0.872887D+01
  333.2967  0.311955D+01  0.311600D+01  0.252423D+01
  333.4449  0.300574D+01  0.300948D+01 -0.265500D+01
  333.5929  0.275409D+01  0.277015D+01 -0.118137D+02
  333.7409  0.262181D+01  0.264580D+01 -0.176519D+02
  333.8889  0.268922D+01  0.273882D+01 -0.364923D+02
  334.0367  0.284422D+01  0.286109D+01 -0.119860D+02
  334.1845  0.296778D+01  0.290738D+01  0.429067D+02
   20 332.109 334.923 333.516 -8.270D-03  0.000D+00  1.823D+00  1.860D+01 10300  8.672D-03
  332.1093  0.316740D+01  0.317614D+01 -0.642908D+01
  332.2580  0.302393D+01  0.302619D+01 -0.166272D+01
  332.4066  0.299805D+01  0.298102D+01  0.121035D+02
  332.5551  0.311791D+01  0.312165D+01 -0.266065D+01
  332.7036  0.321298D+01  0.322480D+01 -0.839987D+01
  332.8519  0.314777D+01  0.314032D+01  0.511381D+01
  333.0003  0.305139D+01  0.304196D+01  0.669830D+01
  333.1485  0.307851D+01  0.306901D+01  0.674240D+01
  333.2967  0.311955D+01  0.310610D+01  0.955525D+01
  333.4449  0.300574D+01  0.298704D+01  0.132850D+02
  333.5929  0.275409D+01  0.275208D+01  0.147827D+01
  333.7409  0.262181D+01  0.264599D+01 -0.177867D+02
  333.8889  0.268922D+01  0.275307D+01 -0.469782D+02
  334.0367  0.284422D+01  0.288707D+01 -0.304437D+02
  334.1845  0.296778D+01  0.295705D+01  0.762461D+01
  334.3322  0.309889D+01  0.305911D+01  0.273190D+02
  334.4799  0.326659D+01  0.322460D+01  0.288339D+02
  334.6275  0.336173D+01  0.332771D+01  0.226099D+02
  334.7750  0.324806D+01  0.325883D+01 -0.739741D+01
  334.9225  0.306601D+01  0.310203D+01 -0.247377D+02
   14 333.000 334.923 333.961  8.007D-03  0.000D+00  1.793D+00  1.766D+01 10300  1.399D-02
  333.0003  0.305139D+01  0.308293D+01 -0.224093D+02
  333.1485  0.307851D+01  0.306324D+01  0.108450D+02
  333.2967  0.311955D+01  0.308857D+01  0.220135D+02
  333.4449  0.300574D+01  0.298276D+01  0.163272D+02
  333.5929  0.275409D+01  0.275289D+01  0.884437D+00
  333.7409  0.262181D+01  0.263064D+01 -0.649656D+01
  333.8889  0.268922D+01  0.273059D+01 -0.304415D+02
  334.0367  0.284422D+01  0.288307D+01 -0.275992D+02
  334.1845  0.296778D+01  0.296869D+01 -0.642628D+00
  334.3322  0.309889D+01  0.307027D+01  0.196588D+02
  334.4799  0.326659D+01  0.323544D+01  0.213913D+02
  334.6275  0.336173D+01  0.334229D+01  0.129201D+02
  334.7750  0.324806D+01  0.326980D+01 -0.149316D+02
  334.9225  0.306601D+01  0.307412D+01 -0.556934D+01
