           0
 T F
nwave fwave lwave wave  shift    squeeze     sin      rms    exval
   21 263.630 270.776 267.203 -1.069D-01  0.000D+00  3.952D-03  1.973D+00 10000  2.627D-02
  263.6297  0.120698D-02  0.118635D-02  0.919466D+00
  263.9956  0.147331D-02  0.149083D-02 -0.775855D+00
  264.3606  0.155550D-02  0.150625D-02  0.215063D+01
  264.7246  0.119819D-02  0.126792D-02 -0.367399D+01
  265.0876  0.132822D-02  0.128695D-02  0.228796D+01
  265.4496  0.149464D-02  0.150548D-02 -0.628349D+00
  265.8107  0.148805D-02  0.151204D-02 -0.147012D+01
  266.1708  0.136257D-02  0.138078D-02 -0.113807D+01
  266.5301  0.139426D-02  0.132267D-02  0.451864D+01
  266.8885  0.134940D-02  0.134840D-02  0.642126D-01
  267.2460  0.136822D-02  0.141837D-02 -0.329596D+01
  267.6026  0.142829D-02  0.143056D-02 -0.148902D+00
  267.9584  0.133795D-02  0.133340D-02  0.304927D+00
  268.3134  0.139457D-02  0.135659D-02  0.252239D+01
  268.6676  0.135708D-02  0.134302D-02  0.953962D+00
  269.0209  0.132085D-02  0.130259D-02  0.125187D+01
  269.3735  0.130062D-02  0.130833D-02 -0.528906D+00
  269.7254  0.132571D-02  0.136454D-02 -0.269050D+01
  270.0764  0.152617D-02  0.154986D-02 -0.157345D+01
  270.4268  0.160177D-02  0.160044D-02  0.881838D-01
  270.7764  0.154531D-02  0.152015D-02  0.168810D+01
   21 265.811 272.860 269.335 -1.317D-02  0.000D+00  4.006D-03  1.660D+00 10000  2.040D-02
  265.8107  0.148805D-02  0.150985D-02 -0.133597D+01
  266.1708  0.136257D-02  0.139574D-02 -0.207338D+01
  266.5301  0.139426D-02  0.131017D-02  0.530761D+01
  266.8885  0.134940D-02  0.132736D-02  0.141923D+01
  267.2460  0.136822D-02  0.138734D-02 -0.125685D+01
  267.6026  0.142829D-02  0.144788D-02 -0.128751D+01
  267.9584  0.133795D-02  0.135211D-02 -0.950556D+00
  268.3134  0.139457D-02  0.135583D-02  0.257307D+01
  268.6676  0.135708D-02  0.136856D-02 -0.778173D+00
  269.0209  0.132085D-02  0.131962D-02  0.843753D-01
  269.3735  0.130062D-02  0.132612D-02 -0.174838D+01
  269.7254  0.132571D-02  0.134440D-02 -0.129531D+01
  270.0764  0.152617D-02  0.151837D-02  0.518127D+00
  270.4268  0.160177D-02  0.161315D-02 -0.755740D+00
  270.7764  0.154531D-02  0.153736D-02  0.533274D+00
  271.1254  0.150688D-02  0.148069D-02  0.175732D+01
  271.4736  0.138390D-02  0.137434D-02  0.642094D+00
  271.8212  0.112761D-02  0.112657D-02  0.731153D-01
  272.1681  0.978913D-03  0.986723D-03 -0.559472D+00
  272.5143  0.113137D-02  0.112783D-02  0.245354D+00
  272.8599  0.135348D-02  0.136379D-02 -0.699374D+00
   21 267.958 274.921 271.440 -6.785D-04  0.000D+00  4.108D-03  1.085D+00 10000  9.852D-03
  267.9584  0.133795D-02  0.135054D-02 -0.845393D+00
  268.3134  0.139457D-02  0.135393D-02  0.269914D+01
  268.6676  0.135708D-02  0.137135D-02 -0.967878D+00
  269.0209  0.132085D-02  0.132132D-02 -0.324102D-01
  269.3735  0.130062D-02  0.132725D-02 -0.182594D+01
  269.7254  0.132571D-02  0.133943D-02 -0.950840D+00
  270.0764  0.152617D-02  0.151039D-02  0.104772D+01
  270.4268  0.160177D-02  0.161067D-02 -0.590964D+00
  270.7764  0.154531D-02  0.153657D-02  0.585994D+00
  271.1254  0.150688D-02  0.147822D-02  0.192317D+01
  271.4736  0.138390D-02  0.137894D-02  0.333078D+00
  271.8212  0.112761D-02  0.113548D-02 -0.551146D+00
  272.1681  0.978913D-03  0.986651D-03 -0.554266D+00
  272.5143  0.113137D-02  0.112803D-02  0.231977D+00
  272.8599  0.135348D-02  0.137443D-02 -0.142108D+01
  273.2049  0.145543D-02  0.144747D-02  0.523111D+00
  273.5493  0.118988D-02  0.118989D-02 -0.482171D-03
  273.8931  0.929662D-03  0.941345D-03 -0.846400D+00
  274.2363  0.816571D-03  0.814951D-03  0.118781D+00
  274.5789  0.814062D-03  0.794666D-03  0.142133D+01
  274.9209  0.837903D-03  0.844742D-03 -0.484458D+00
   21 270.076 276.962 273.519  6.862D-03  0.000D+00  4.261D-03  8.400D-01 10000  7.296D-03
  270.0764  0.152617D-02  0.152073D-02  0.361185D+00
  270.4268  0.160177D-02  0.162025D-02 -0.122710D+01
  270.7764  0.154531D-02  0.154316D-02  0.144127D+00
  271.1254  0.150688D-02  0.148085D-02  0.174666D+01
  271.4736  0.138390D-02  0.138364D-02  0.178963D-01
  271.8212  0.112761D-02  0.114081D-02 -0.924660D+00
  272.1681  0.978913D-03  0.984881D-03 -0.427465D+00
  272.5143  0.113137D-02  0.112253D-02  0.612493D+00
  272.8599  0.135348D-02  0.136821D-02 -0.999509D+00
  273.2049  0.145543D-02  0.144965D-02  0.380119D+00
  273.5493  0.118988D-02  0.119336D-02 -0.241539D+00
  273.8931  0.929662D-03  0.941405D-03 -0.850784D+00
  274.2363  0.816571D-03  0.810772D-03  0.424978D+00
  274.5789  0.814062D-03  0.786463D-03  0.202246D+01
  274.9209  0.837903D-03  0.829165D-03  0.619008D+00
  275.2624  0.100542D-02  0.101006D-02 -0.321421D+00
  275.6034  0.112682D-02  0.113263D-02 -0.393648D+00
  275.9438  0.139473D-02  0.141391D-02 -0.118743D+01
  276.2837  0.159816D-02  0.158825D-02  0.602005D+00
  276.6231  0.167141D-02  0.166699D-02  0.261379D+00
  276.9620  0.166263D-02  0.166484D-02 -0.127172D+00
   21 272.168 278.985 275.577  1.239D-02  0.000D+00  4.446D-03  8.044D-01 10300  7.452D-03
  272.1681  0.978913D-03  0.979904D-03 -0.709771D-01
  272.5143  0.113137D-02  0.111726D-02  0.977954D+00
  272.8599  0.135348D-02  0.136429D-02 -0.733697D+00
  273.2049  0.145543D-02  0.145289D-02  0.166901D+00
  273.5493  0.118988D-02  0.120006D-02 -0.705601D+00
  273.8931  0.929662D-03  0.945825D-03 -0.117103D+01
  274.2363  0.816571D-03  0.812394D-03  0.306099D+00
  274.5789  0.814062D-03  0.785916D-03  0.206257D+01
  274.9209  0.837903D-03  0.826553D-03  0.804027D+00
  275.2624  0.100542D-02  0.100503D-02  0.268118D-01
  275.6034  0.112682D-02  0.112846D-02 -0.110773D+00
  275.9438  0.139473D-02  0.140718D-02 -0.770665D+00
  276.2837  0.159816D-02  0.158772D-02  0.633912D+00
  276.6231  0.167141D-02  0.167215D-02 -0.431396D-01
  276.9620  0.166263D-02  0.167773D-02 -0.867203D+00
  277.3004  0.171376D-02  0.173078D-02 -0.927018D+00
  277.6384  0.162828D-02  0.159954D-02  0.159341D+01
  277.9758  0.130517D-02  0.130592D-02 -0.437374D-01
  278.3128  0.118251D-02  0.118525D-02 -0.158883D+00
  278.6494  0.112855D-02  0.112810D-02  0.269647D-01
  278.9855  0.913976D-03  0.915501D-03 -0.908503D-01
   21 274.236 280.993 277.615  8.688D-03  0.000D+00  4.685D-03  9.477D-01 10000  1.738D-02
  274.2363  0.816571D-03  0.825136D-03 -0.627623D+00
  274.5789  0.814062D-03  0.794895D-03  0.140458D+01
  274.9209  0.837903D-03  0.836228D-03  0.118681D+00
  275.2624  0.100542D-02  0.100955D-02 -0.286112D+00
  275.6034  0.112682D-02  0.113539D-02 -0.580679D+00
  275.9438  0.139473D-02  0.140800D-02 -0.821361D+00
  276.2837  0.159816D-02  0.158595D-02  0.741405D+00
  276.6231  0.167141D-02  0.166696D-02  0.262796D+00
  276.9620  0.166263D-02  0.167486D-02 -0.702446D+00
  277.3004  0.171376D-02  0.172379D-02 -0.546084D+00
  277.6384  0.162828D-02  0.159127D-02  0.205152D+01
  277.9758  0.130517D-02  0.130545D-02 -0.165212D-01
  278.3128  0.118251D-02  0.118724D-02 -0.274464D+00
  278.6494  0.112855D-02  0.112882D-02 -0.160181D-01
  278.9855  0.913976D-03  0.918407D-03 -0.264000D+00
  279.3211  0.650308D-03  0.678843D-03 -0.181925D+01
  279.6564  0.577372D-03  0.571297D-03  0.383496D+00
  279.9912  0.536591D-03  0.557043D-03 -0.134424D+01
  280.3256  0.639015D-03  0.620566D-03  0.117621D+01
  280.6596  0.862686D-03  0.837785D-03  0.157182D+01
  280.9933  0.118972D-02  0.120095D-02 -0.708677D+00
   21 276.284 282.987 279.635 -1.415D-02  0.000D+00  5.243D-03  1.209D+00 10000  1.426D-02
  276.2837  0.159816D-02  0.159619D-02  0.119699D+00
  276.6231  0.167141D-02  0.166880D-02  0.154618D+00
  276.9620  0.166263D-02  0.168290D-02 -0.116439D+01
  277.3004  0.171376D-02  0.172376D-02 -0.544623D+00
  277.6384  0.162828D-02  0.157783D-02  0.279692D+01
  277.9758  0.130517D-02  0.130776D-02 -0.150405D+00
  278.3128  0.118251D-02  0.119857D-02 -0.930749D+00
  278.6494  0.112855D-02  0.112802D-02  0.317435D-01
  278.9855  0.913976D-03  0.910781D-03  0.190419D+00
  279.3211  0.650308D-03  0.677927D-03 -0.176084D+01
  279.6564  0.577372D-03  0.573699D-03  0.231888D+00
  279.9912  0.536591D-03  0.560253D-03 -0.155523D+01
  280.3256  0.639015D-03  0.627822D-03  0.713583D+00
  280.6596  0.862686D-03  0.845485D-03  0.108580D+01
  280.9933  0.118972D-02  0.118339D-02  0.399509D+00
  281.3265  0.154076D-02  0.154868D-02 -0.476348D+00
  281.6594  0.196300D-02  0.193990D-02  0.130354D+01
  281.9918  0.221004D-02  0.225131D-02 -0.232840D+01
  282.3239  0.244924D-02  0.244368D-02  0.305785D+00
  282.6557  0.259417D-02  0.255630D-02  0.204608D+01
  282.9871  0.271621D-02  0.273680D-02 -0.110333D+01
   21 278.313 284.968 281.641 -2.426D-02  0.000D+00  5.630D-03  1.775D+00 10000  1.960D-02
  278.3128  0.118251D-02  0.116262D-02  0.115269D+01
  278.6494  0.112855D-02  0.111652D-02  0.716517D+00
  278.9855  0.913976D-03  0.919166D-03 -0.309232D+00
  279.3211  0.650308D-03  0.696731D-03 -0.295964D+01
  279.6564  0.577372D-03  0.592166D-03 -0.933842D+00
  279.9912  0.536591D-03  0.578399D-03 -0.274791D+01
  280.3256  0.639015D-03  0.650032D-03 -0.702384D+00
  280.6596  0.862686D-03  0.868489D-03 -0.366324D+00
  280.9933  0.118972D-02  0.119604D-02 -0.398727D+00
  281.3265  0.154076D-02  0.155052D-02 -0.587293D+00
  281.6594  0.196300D-02  0.192046D-02  0.240038D+01
  281.9918  0.221004D-02  0.221418D-02 -0.233093D+00
  282.3239  0.244924D-02  0.240143D-02  0.262782D+01
  282.6557  0.259417D-02  0.253534D-02  0.317880D+01
  282.9871  0.271621D-02  0.273899D-02 -0.122048D+01
  283.3181  0.278146D-02  0.284105D-02 -0.316619D+01
  283.6488  0.275197D-02  0.280336D-02 -0.268537D+01
  283.9792  0.279808D-02  0.280097D-02 -0.152016D+00
  284.3092  0.264798D-02  0.262788D-02  0.107637D+01
  284.6389  0.220957D-02  0.217674D-02  0.178905D+01
  284.9683  0.149903D-02  0.150016D-02 -0.663574D-01
   21 280.326 286.938 283.632  1.014D-02  0.000D+00  6.050D-03  2.113D+00 10000  9.312D-03
  280.3256  0.639015D-03  0.689915D-03 -0.324508D+01
  280.6596  0.862686D-03  0.881816D-03 -0.120756D+01
  280.9933  0.118972D-02  0.119500D-02 -0.332909D+00
  281.3265  0.154076D-02  0.153741D-02  0.201443D+00
  281.6594  0.196300D-02  0.190220D-02  0.343067D+01
  281.9918  0.221004D-02  0.220426D-02  0.326179D+00
  282.3239  0.244924D-02  0.240584D-02  0.238525D+01
  282.6557  0.259417D-02  0.254595D-02  0.260555D+01
  282.9871  0.271621D-02  0.274845D-02 -0.172777D+01
  283.3181  0.278146D-02  0.287059D-02 -0.473559D+01
  283.6488  0.275197D-02  0.282757D-02 -0.395076D+01
  283.9792  0.279808D-02  0.280176D-02 -0.193638D+00
  284.3092  0.264798D-02  0.261833D-02  0.158807D+01
  284.6389  0.220957D-02  0.216062D-02  0.266774D+01
  284.9683  0.149903D-02  0.148032D-02  0.110478D+01
  285.2974  0.110706D-02  0.110758D-02 -0.326978D-01
  285.6261  0.158609D-02  0.155809D-02  0.162260D+01
  285.9545  0.251434D-02  0.250640D-02  0.418232D+00
  286.2827  0.329138D-02  0.327707D-02  0.712644D+00
  286.6105  0.359411D-02  0.359087D-02  0.155076D+00
  286.9380  0.372100D-02  0.375036D-02 -0.140731D+01
   21 282.324 288.897 285.610  4.506D-03  0.000D+00  6.664D-03  2.586D+00 10300  8.658D-03
  282.3239  0.244924D-02  0.239478D-02  0.299352D+01
  282.6557  0.259417D-02  0.254606D-02  0.259943D+01
  282.9871  0.271621D-02  0.276155D-02 -0.242942D+01
  283.3181  0.278146D-02  0.288306D-02 -0.539792D+01
  283.6488  0.275197D-02  0.282753D-02 -0.394852D+01
  283.9792  0.279808D-02  0.279866D-02 -0.304452D-01
  284.3092  0.264798D-02  0.260273D-02  0.242423D+01
  284.6389  0.220957D-02  0.213585D-02  0.401735D+01
  284.9683  0.149903D-02  0.144388D-02  0.325611D+01
  285.2974  0.110706D-02  0.107278D-02  0.216373D+01
  285.6261  0.158609D-02  0.153855D-02  0.275501D+01
  285.9545  0.251434D-02  0.249641D-02  0.944599D+00
  286.2827  0.329138D-02  0.327021D-02  0.105448D+01
  286.6105  0.359411D-02  0.359202D-02  0.999454D-01
  286.9380  0.372100D-02  0.378453D-02 -0.304519D+01
  287.2652  0.403612D-02  0.407445D-02 -0.179711D+01
  287.5921  0.391691D-02  0.391203D-02  0.232167D+00
  287.9188  0.327178D-02  0.328733D-02 -0.780766D+00
  288.2451  0.299038D-02  0.304365D-02 -0.271663D+01
  288.5711  0.397055D-02  0.391999D-02  0.242348D+01
  288.8969  0.475873D-02  0.474025D-02  0.841739D+00
   21 284.309 290.846 287.577  1.044D-03  0.000D+00  7.411D-03  1.866D+00 10300  5.828D-03
  284.3092  0.264798D-02  0.269372D-02 -0.245055D+01
  284.6389  0.220957D-02  0.218892D-02  0.112557D+01
  284.9683  0.149903D-02  0.144807D-02  0.300826D+01
  285.2974  0.110706D-02  0.105182D-02  0.348700D+01
  285.6261  0.158609D-02  0.154038D-02  0.264919D+01
  285.9545  0.251434D-02  0.252677D-02 -0.654995D+00
  286.2827  0.329138D-02  0.330101D-02 -0.479744D+00
  286.6105  0.359411D-02  0.360188D-02 -0.372828D+00
  286.9380  0.372100D-02  0.377744D-02 -0.270563D+01
  287.2652  0.403612D-02  0.409113D-02 -0.257891D+01
  287.5921  0.391691D-02  0.391603D-02  0.417299D-01
  287.9188  0.327178D-02  0.325618D-02  0.782822D+00
  288.2451  0.299038D-02  0.297898D-02  0.581477D+00
  288.5711  0.397055D-02  0.391227D-02  0.279373D+01
  288.8969  0.475873D-02  0.471025D-02  0.220802D+01
  289.2224  0.512514D-02  0.510742D-02  0.784598D+00
  289.5476  0.586313D-02  0.587440D-02 -0.449363D+00
  289.8725  0.694854D-02  0.697505D-02 -0.105612D+01
  290.1971  0.780809D-02  0.785021D-02 -0.157943D+01
  290.5215  0.815473D-02  0.818729D-02 -0.122079D+01
  290.8456  0.807003D-02  0.802140D-02  0.182393D+01
   21 286.283 292.784 289.533  3.824D-03  0.000D+00  8.286D-03  2.306D+00 10300  8.865D-03
  286.2827  0.329138D-02  0.327566D-02  0.783182D+00
  286.6105  0.359411D-02  0.358059D-02  0.647755D+00
  286.9380  0.372100D-02  0.374884D-02 -0.133469D+01
  287.2652  0.403612D-02  0.410171D-02 -0.307488D+01
  287.5921  0.391691D-02  0.393397D-02 -0.811632D+00
  287.9188  0.327178D-02  0.325098D-02  0.104392D+01
  288.2451  0.299038D-02  0.291968D-02  0.360630D+01
  288.5711  0.397055D-02  0.391501D-02  0.266237D+01
  288.8969  0.475873D-02  0.472024D-02  0.175268D+01
  289.2224  0.512514D-02  0.508422D-02  0.181181D+01
  289.5476  0.586313D-02  0.585659D-02  0.260660D+00
  289.8725  0.694854D-02  0.698847D-02 -0.159115D+01
  290.1971  0.780809D-02  0.789379D-02 -0.321399D+01
  290.5215  0.815473D-02  0.826532D-02 -0.414725D+01
  290.8456  0.807003D-02  0.810563D-02 -0.133477D+01
  291.1693  0.814532D-02  0.813007D-02  0.572189D+00
  291.4928  0.833825D-02  0.822192D-02  0.436266D+01
  291.8161  0.812650D-02  0.809636D-02  0.113029D+01
  292.1390  0.820336D-02  0.813481D-02  0.257070D+01
  292.4617  0.772967D-02  0.771623D-02  0.535494D+00
  292.7841  0.747557D-02  0.756172D-02 -0.343291D+01
   21 288.245 294.712 291.479  7.644D-03  0.000D+00  9.311D-03  1.904D+00 10300  7.065D-03
  288.2451  0.299038D-02  0.296972D-02  0.105376D+01
  288.5711  0.397055D-02  0.399529D-02 -0.118580D+01
  288.8969  0.475873D-02  0.478010D-02 -0.973027D+00
  289.2224  0.512514D-02  0.508365D-02  0.183681D+01
  289.5476  0.586313D-02  0.582695D-02  0.144134D+01
  289.8725  0.694854D-02  0.695265D-02 -0.163670D+00
  290.1971  0.780809D-02  0.785639D-02 -0.181141D+01
  290.5215  0.815473D-02  0.823558D-02 -0.303190D+01
  290.8456  0.807003D-02  0.806517D-02  0.182259D+00
  291.1693  0.814532D-02  0.810506D-02  0.151015D+01
  291.4928  0.833825D-02  0.823098D-02  0.402277D+01
  291.8161  0.812650D-02  0.810345D-02  0.864543D+00
  292.1390  0.820336D-02  0.819239D-02  0.411254D+00
  292.4617  0.772967D-02  0.776847D-02 -0.154627D+01
  292.7841  0.747557D-02  0.757319D-02 -0.388995D+01
  293.1061  0.873509D-02  0.875534D-02 -0.759730D+00
  293.4279  0.957424D-02  0.950383D-02  0.249404D+01
  293.7495  0.850608D-02  0.854411D-02 -0.142609D+01
  294.0707  0.843550D-02  0.842607D-02  0.353769D+00
  294.3916  0.935308D-02  0.928239D-02  0.250404D+01
  294.7123  0.910839D-02  0.915316D-02 -0.158543D+01
   21 290.197 296.630 293.413  3.688D-03  0.000D+00  1.069D-02  1.650D+00 10300  4.959D-03
  290.1971  0.780809D-02  0.777249D-02  0.133526D+01
  290.5215  0.815473D-02  0.822308D-02 -0.256297D+01
  290.8456  0.807003D-02  0.806095D-02  0.340522D+00
  291.1693  0.814532D-02  0.813740D-02  0.296970D+00
  291.4928  0.833825D-02  0.828169D-02  0.212110D+01
  291.8161  0.812650D-02  0.812024D-02  0.234842D+00
  292.1390  0.820336D-02  0.823126D-02 -0.104631D+01
  292.4617  0.772967D-02  0.775610D-02 -0.105348D+01
  292.7841  0.747557D-02  0.751007D-02 -0.137479D+01
  293.1061  0.873509D-02  0.875940D-02 -0.911675D+00
  293.4279  0.957424D-02  0.952967D-02  0.157883D+01
  293.7495  0.850608D-02  0.845864D-02  0.177914D+01
  294.0707  0.843550D-02  0.838420D-02  0.192372D+01
  294.3916  0.935308D-02  0.934337D-02  0.343979D+00
  294.7123  0.910839D-02  0.921251D-02 -0.368763D+01
  295.0326  0.916643D-02  0.919992D-02 -0.118615D+01
  295.3527  0.106016D-01  0.105501D-01  0.173036D+01
  295.6724  0.111286D-01  0.111237D-01  0.166331D+00
  295.9919  0.120478D-01  0.121039D-01 -0.178807D+01
  296.3110  0.124415D-01  0.123586D-01  0.264328D+01
  296.6298  0.101844D-01  0.102205D-01 -0.121166D+01
   21 292.139 298.536 295.337  6.932D-03  0.000D+00  1.245D-02  2.956D+00 10000  4.370D-03
  292.1390  0.820336D-02  0.815342D-02  0.187281D+01
  292.4617  0.772967D-02  0.772797D-02  0.675890D-01
  292.7841  0.747557D-02  0.745571D-02  0.791075D+00
  293.1061  0.873509D-02  0.881003D-02 -0.281052D+01
  293.4279  0.957424D-02  0.968065D-02 -0.376889D+01
  293.7495  0.850608D-02  0.846364D-02  0.159186D+01
  294.0707  0.843550D-02  0.836632D-02  0.259432D+01
  294.3916  0.935308D-02  0.939910D-02 -0.162978D+01
  294.7123  0.910839D-02  0.922145D-02 -0.400419D+01
  295.0326  0.916643D-02  0.907986D-02  0.306626D+01
  295.3527  0.106016D-01  0.105486D-01  0.177764D+01
  295.6724  0.111286D-01  0.110180D-01  0.371147D+01
  295.9919  0.120478D-01  0.120446D-01  0.102103D+00
  296.3110  0.124415D-01  0.124338D-01  0.244207D+00
  296.6298  0.101844D-01  0.101520D-01  0.108550D+01
  296.9483  0.936563D-02  0.931666D-02  0.173444D+01
  297.2665  0.108244D-01  0.108765D-01 -0.174931D+01
  297.5843  0.142814D-01  0.144246D-01 -0.434910D+01
  297.9019  0.161322D-01  0.162699D-01 -0.398913D+01
  298.2190  0.126862D-01  0.127252D-01 -0.118493D+01
  298.5359  0.108212D-01  0.105915D-01  0.770771D+01
   21 294.071 300.429 297.250  3.095D-03  0.000D+00  1.575D-02  8.645D+00 10000  9.367D-03
  294.0707  0.843550D-02  0.846873D-02 -0.124629D+01
  294.3916  0.935308D-02  0.948801D-02 -0.477909D+01
  294.7123  0.910839D-02  0.919544D-02 -0.308321D+01
  295.0326  0.916643D-02  0.896340D-02  0.719122D+01
  295.3527  0.106016D-01  0.105227D-01  0.264733D+01
  295.6724  0.111286D-01  0.109078D-01  0.741175D+01
  295.9919  0.120478D-01  0.119961D-01  0.164650D+01
  296.3110  0.124415D-01  0.124795D-01 -0.121213D+01
  296.6298  0.101844D-01  0.100475D-01  0.459438D+01
  296.9483  0.936563D-02  0.931754D-02  0.170336D+01
  297.2665  0.108244D-01  0.109372D-01 -0.378656D+01
  297.5843  0.142814D-01  0.146886D-01 -0.123641D+02
  297.9019  0.161322D-01  0.166769D-01 -0.157837D+02
  298.2190  0.126862D-01  0.128168D-01 -0.396453D+01
  298.5359  0.108212D-01  0.106287D-01  0.645905D+01
  298.8524  0.142578D-01  0.141204D-01  0.417235D+01
  299.1685  0.181917D-01  0.178752D-01  0.840861D+01
  299.4843  0.181807D-01  0.172744D-01  0.240746D+02
  299.7997  0.195767D-01  0.194196D-01  0.400632D+01
  300.1148  0.163157D-01  0.166533D-01 -0.935631D+01
  300.4294  0.177698D-01  0.182289D-01 -0.121978D+02
   21 295.992 302.309 299.151  5.189D-03  0.000D+00  2.188D-02  1.334D+01 10000  1.343D-02
  295.9919  0.120478D-01  0.118171D-01  0.735436D+01
  296.3110  0.124415D-01  0.125388D-01 -0.310327D+01
  296.6298  0.101844D-01  0.101334D-01  0.171282D+01
  296.9483  0.936563D-02  0.938771D-02 -0.781841D+00
  297.2665  0.108244D-01  0.109655D-01 -0.473735D+01
  297.5843  0.142814D-01  0.146642D-01 -0.116211D+02
  297.9019  0.161322D-01  0.166212D-01 -0.141703D+02
  298.2190  0.126862D-01  0.126559D-01  0.920013D+00
  298.5359  0.108212D-01  0.103981D-01  0.141968D+02
  298.8524  0.142578D-01  0.138401D-01  0.126811D+02
  299.1685  0.181917D-01  0.176603D-01  0.141166D+02
  299.4843  0.181807D-01  0.170819D-01  0.291880D+02
  299.7997  0.195767D-01  0.195330D-01  0.111493D+01
  300.1148  0.163157D-01  0.169054D-01 -0.163462D+02
  300.4294  0.177698D-01  0.188209D-01 -0.279221D+02
  300.7437  0.217930D-01  0.238899D-01 -0.188291D+02
  301.0576  0.267605D-01  0.276517D-01 -0.789143D+01
  301.3711  0.339177D-01  0.336399D-01  0.239301D+01
  301.6842  0.339459D-01  0.335568D-01  0.330766D+01
  301.9969  0.274679D-01  0.267843D-01  0.588972D+01
  302.3092  0.354235D-01  0.330927D-01  0.195520D+02
   21 297.902 304.173 301.038 -2.651D-03  0.000D+00  3.556D-02  1.830D+01 10000  1.999D-02
  297.9019  0.161322D-01  0.165350D-01 -0.116708D+02
  298.2190  0.126862D-01  0.126801D-01  0.183758D+00
  298.5359  0.108212D-01  0.105771D-01  0.818994D+01
  298.8524  0.142578D-01  0.141015D-01  0.474717D+01
  299.1685  0.181917D-01  0.177351D-01  0.121293D+02
  299.4843  0.181807D-01  0.171721D-01  0.267922D+02
  299.7997  0.195767D-01  0.194686D-01  0.275570D+01
  300.1148  0.163157D-01  0.168374D-01 -0.144607D+02
  300.4294  0.177698D-01  0.189817D-01 -0.321938D+02
  300.7437  0.217930D-01  0.240157D-01 -0.199587D+02
  301.0576  0.267605D-01  0.281312D-01 -0.121369D+02
  301.3711  0.339177D-01  0.343966D-01 -0.412591D+01
  301.6842  0.339459D-01  0.344838D-01 -0.457244D+01
  301.9969  0.274679D-01  0.280971D-01 -0.542035D+01
  302.3092  0.354235D-01  0.356282D-01 -0.171766D+01
  302.6210  0.518082D-01  0.511133D-01  0.553812D+01
  302.9324  0.696736D-01  0.664585D-01  0.256226D+02
  303.2433  0.833198D-01  0.785907D-01  0.376878D+02
  303.5538  0.917898D-01  0.892477D-01  0.202588D+02
  303.8639  0.828806D-01  0.849805D-01 -0.167350D+02
  304.1734  0.886998D-01  0.931851D-01 -0.357446D+02
   21 299.800 306.020 302.910  2.449D-03  0.000D+00  6.772D-02  2.528D+01 10000  1.766D-02
  299.7997  0.195767D-01  0.193319D-01  0.624260D+01
  300.1148  0.163157D-01  0.163033D-01  0.345510D+00
  300.4294  0.177698D-01  0.181482D-01 -0.100536D+02
  300.7437  0.217930D-01  0.230859D-01 -0.116095D+02
  301.0576  0.267605D-01  0.270078D-01 -0.219003D+01
  301.3711  0.339177D-01  0.334177D-01  0.430743D+01
  301.6842  0.339459D-01  0.339499D-01 -0.336061D-01
  301.9969  0.274679D-01  0.275738D-01 -0.912194D+00
  302.3092  0.354235D-01  0.351579D-01  0.222763D+01
  302.6210  0.518082D-01  0.509594D-01  0.676476D+01
  302.9324  0.696736D-01  0.669002D-01  0.221027D+02
  303.2433  0.833198D-01  0.792709D-01  0.322670D+02
  303.5538  0.917898D-01  0.909032D-01  0.706561D+01
  303.8639  0.828806D-01  0.862094D-01 -0.265286D+02
  304.1734  0.886998D-01  0.944486D-01 -0.458140D+02
  304.4825  0.109843D+00  0.116594D+00 -0.537956D+02
  304.7910  0.124399D+00  0.124640D+00 -0.170741D+01
  305.0991  0.158248D+00  0.149220D+00  0.639530D+02
  305.4067  0.175235D+00  0.170404D+00  0.307986D+02
  305.7137  0.147049D+00  0.147765D+00 -0.507668D+01
  306.0202  0.146704D+00  0.150506D+00 -0.269334D+02
   21 301.684 307.847 304.766  2.007D-03  0.000D+00  1.285D-01  3.905D+01 10000  2.429D-02
  301.6842  0.339459D-01  0.337247D-01  0.188030D+01
  301.9969  0.274679D-01  0.274262D-01  0.359343D+00
  302.3092  0.354235D-01  0.358251D-01 -0.336946D+01
  302.6210  0.518082D-01  0.521216D-01 -0.249736D+01
  302.9324  0.696736D-01  0.685940D-01  0.860419D+01
  303.2433  0.833198D-01  0.805040D-01  0.224394D+02
  303.5538  0.917898D-01  0.924215D-01 -0.503443D+01
  303.8639  0.828806D-01  0.860287D-01 -0.250879D+02
  304.1734  0.886998D-01  0.939111D-01 -0.415306D+02
  304.4825  0.109843D+00  0.116119D+00 -0.500140D+02
  304.7910  0.124399D+00  0.122177D+00  0.157428D+02
  305.0991  0.158248D+00  0.146391D+00  0.839933D+02
  305.4067  0.175235D+00  0.167320D+00  0.504619D+02
  305.7137  0.147049D+00  0.143082D+00  0.280963D+02
  306.0202  0.146704D+00  0.144667D+00  0.144286D+02
  306.3261  0.180725D+00  0.194470D+00 -0.876316D+02
  306.6316  0.181619D+00  0.193779D+00 -0.704774D+02
  306.9364  0.222651D+00  0.224445D+00 -0.953130D+01
  307.2406  0.280169D+00  0.274293D+00  0.288181D+02
  307.5443  0.299399D+00  0.289549D+00  0.448558D+02
  307.8473  0.317704D+00  0.320108D+00 -0.109486D+02
   21 303.554 309.652 306.603 -1.832D-02  0.000D+00  2.207D-01  5.135D+01 10300  2.982D-02
  303.5538  0.917898D-01  0.879973D-01  0.302235D+02
  303.8639  0.828806D-01  0.837239D-01 -0.672029D+01
  304.1734  0.886998D-01  0.936993D-01 -0.398424D+02
  304.4825  0.109843D+00  0.116679D+00 -0.544734D+02
  304.7910  0.124399D+00  0.123134D+00  0.896130D+01
  305.0991  0.158248D+00  0.150057D+00  0.580233D+02
  305.4067  0.175235D+00  0.167860D+00  0.470188D+02
  305.7137  0.147049D+00  0.142624D+00  0.313445D+02
  306.0202  0.146704D+00  0.149031D+00 -0.164887D+02
  306.3261  0.180725D+00  0.194943D+00 -0.906475D+02
  306.6316  0.181619D+00  0.192444D+00 -0.627403D+02
  306.9364  0.222651D+00  0.224485D+00 -0.973911D+01
  307.2406  0.280169D+00  0.267682D+00  0.612389D+02
  307.5443  0.299399D+00  0.279313D+00  0.914711D+02
  307.8473  0.317704D+00  0.305324D+00  0.563779D+02
  308.1497  0.313531D+00  0.319430D+00 -0.250697D+02
  308.4515  0.338863D+00  0.351683D+00 -0.510832D+02
  308.7527  0.360791D+00  0.373308D+00 -0.469429D+02
  309.0532  0.315931D+00  0.330398D+00 -0.512384D+02
  309.3530  0.301768D+00  0.303916D+00 -0.720816D+01
  309.6521  0.365340D+00  0.337208D+00  0.854043D+02
   16 305.407 309.951 307.679 -2.118D-02  0.000D+00  2.817D-01  5.662D+01 10300  4.201D-02
  305.4067  0.175235D+00  0.170748D+00  0.286099D+02
  305.7137  0.147049D+00  0.143991D+00  0.216577D+02
  306.0202  0.146704D+00  0.150132D+00 -0.242874D+02
  306.3261  0.180725D+00  0.194166D+00 -0.856938D+02
  306.6316  0.181619D+00  0.191234D+00 -0.557301D+02
  306.9364  0.222651D+00  0.222731D+00 -0.423957D+00
  307.2406  0.280169D+00  0.264658D+00  0.760684D+02
  307.5443  0.299399D+00  0.276547D+00  0.104064D+03
  307.8473  0.317704D+00  0.302821D+00  0.677720D+02
  308.1497  0.313531D+00  0.317951D+00 -0.187830D+02
  308.4515  0.338863D+00  0.352173D+00 -0.530374D+02
  308.7527  0.360791D+00  0.375254D+00 -0.542386D+02
  309.0532  0.315931D+00  0.334803D+00 -0.668422D+02
  309.3530  0.301768D+00  0.311790D+00 -0.336291D+02
  309.6521  0.365340D+00  0.348547D+00  0.509796D+02
  309.9506  0.355238D+00  0.334066D+00  0.586871D+02
   10 307.241 309.951 308.596 -2.818D-02  0.000D+00  3.320D-01  1.866D+01 10300  2.731D-02
  307.2406  0.280169D+00  0.282910D+00 -0.134429D+02
  307.5443  0.299399D+00  0.294390D+00  0.228100D+02
  307.8473  0.317704D+00  0.314653D+00  0.138924D+02
  308.1497  0.313531D+00  0.318758D+00 -0.222147D+02
  308.4515  0.338863D+00  0.343249D+00 -0.174765D+02
  308.7527  0.360791D+00  0.356631D+00  0.156020D+02
  309.0532  0.315931D+00  0.317068D+00 -0.402533D+01
  309.3530  0.301768D+00  0.303247D+00 -0.496450D+01
  309.6521  0.365340D+00  0.355004D+00  0.313796D+02
  309.9506  0.355238D+00  0.363455D+00 -0.227753D+02
   21 310.074 313.248 311.661 -3.953D-02  0.000D+00  6.184D-01  1.545D+01 10300  1.927D-02
  310.0739  0.358289D+00  0.353687D+00  0.414960D+01
  310.2335  0.372594D+00  0.401329D+00 -0.268477D+02
  310.3928  0.487049D+00  0.506904D+00 -0.190442D+02
  310.5522  0.609448D+00  0.600950D+00  0.851345D+01
  310.7114  0.681522D+00  0.665890D+00  0.165810D+02
  310.8706  0.727715D+00  0.707766D+00  0.224831D+02
  311.0297  0.742145D+00  0.724935D+00  0.193966D+02
  311.1887  0.738302D+00  0.736971D+00  0.150073D+01
  311.3476  0.729597D+00  0.749352D+00 -0.237486D+02
  311.5064  0.735793D+00  0.743893D+00 -0.973761D+01
  311.6652  0.699089D+00  0.713219D+00 -0.181993D+02
  311.8239  0.673444D+00  0.671746D+00  0.218702D+01
  311.9825  0.645446D+00  0.651066D+00 -0.723854D+01
  312.1410  0.660347D+00  0.672656D+00 -0.158544D+02
  312.2994  0.733910D+00  0.730241D+00  0.472634D+01
  312.4578  0.787789D+00  0.781848D+00  0.765258D+01
  312.6161  0.821826D+00  0.805102D+00  0.215411D+02
  312.7743  0.827551D+00  0.829383D+00 -0.235966D+01
  312.9324  0.868568D+00  0.857082D+00  0.147938D+02
  313.0905  0.873979D+00  0.867883D+00  0.785187D+01
  313.2485  0.848020D+00  0.866245D+00 -0.234737D+02
   21 311.030 314.195 312.612  4.161D-02  0.000D+00  7.196D-01  3.520D+01 10300  3.477D-02
  311.0297  0.742145D+00  0.705304D+00  0.415205D+02
  311.1887  0.738302D+00  0.724111D+00  0.159943D+02
  311.3476  0.729597D+00  0.745211D+00 -0.187701D+02
  311.5064  0.735793D+00  0.756679D+00 -0.251083D+02
  311.6652  0.699089D+00  0.740441D+00 -0.532626D+02
  311.8239  0.673444D+00  0.699363D+00 -0.333850D+02
  311.9825  0.645446D+00  0.660964D+00 -0.199878D+02
  312.1410  0.660347D+00  0.657471D+00  0.370360D+01
  312.2994  0.733910D+00  0.699971D+00  0.437152D+02
  312.4578  0.787789D+00  0.762579D+00  0.324710D+02
  312.6161  0.821826D+00  0.794068D+00  0.357531D+02
  312.7743  0.827551D+00  0.808593D+00  0.244179D+02
  312.9324  0.868568D+00  0.835649D+00  0.424004D+02
  313.0905  0.873979D+00  0.853391D+00  0.265180D+02
  313.2485  0.848020D+00  0.851716D+00 -0.476088D+01
  313.4063  0.813983D+00  0.847656D+00 -0.433721D+02
  313.5641  0.816336D+00  0.869151D+00 -0.680269D+02
  313.7219  0.896095D+00  0.931964D+00 -0.431201D+02
  313.8796  0.996402D+00  0.101431D+01 -0.201774D+02
  314.0371  0.108142D+01  0.105910D+01  0.251514D+02
  314.1946  0.105961D+01  0.102077D+01  0.437773D+02
   21 311.982 315.138 313.560  1.330D-02  0.000D+00  7.817D-01  3.614D+01 10300  1.712D-02
  311.9825  0.645446D+00  0.664616D+00 -0.246913D+02
  312.1410  0.660347D+00  0.671420D+00 -0.142630D+02
  312.2994  0.733910D+00  0.723931D+00  0.128537D+02
  312.4578  0.787789D+00  0.785987D+00  0.232048D+01
  312.6161  0.821826D+00  0.805006D+00  0.216648D+02
  312.7743  0.827551D+00  0.814918D+00  0.162720D+02
  312.9324  0.868568D+00  0.840081D+00  0.366920D+02
  313.0905  0.873979D+00  0.849358D+00  0.317133D+02
  313.2485  0.848020D+00  0.840888D+00  0.918685D+01
  313.4063  0.813983D+00  0.835779D+00 -0.280731D+02
  313.5641  0.816336D+00  0.864452D+00 -0.619748D+02
  313.7219  0.896095D+00  0.938986D+00 -0.515613D+02
  313.8796  0.996402D+00  0.103064D+01 -0.385892D+02
  314.0371  0.108142D+01  0.107978D+01  0.184887D+01
  314.1946  0.105961D+01  0.104235D+01  0.194520D+02
  314.3521  0.904409D+00  0.901492D+00  0.350656D+01
  314.5094  0.802925D+00  0.768515D+00  0.413665D+02
  314.6667  0.847001D+00  0.809775D+00  0.447517D+02
  314.8239  0.104769D+01  0.980293D+00  0.759614D+02
  314.9810  0.114674D+01  0.114762D+01 -0.991790D+00
  315.1380  0.119082D+01  0.125112D+01 -0.679583D+02
   21 312.932 316.079 314.506 -2.092D-02  0.000D+00  8.885D-01  3.785D+01 10300  1.539D-02
  312.9324  0.868568D+00  0.868208D+00  0.463441D+00
  313.0905  0.873979D+00  0.849508D+00  0.315192D+02
  313.2485  0.848020D+00  0.826659D+00  0.275134D+02
  313.4063  0.813983D+00  0.821193D+00 -0.928606D+01
  313.5641  0.816336D+00  0.858841D+00 -0.547472D+02
  313.7219  0.896095D+00  0.942054D+00 -0.552498D+02
  313.8796  0.996402D+00  0.103324D+01 -0.415209D+02
  314.0371  0.108142D+01  0.107293D+01  0.956234D+01
  314.1946  0.105961D+01  0.101893D+01  0.458468D+02
  314.3521  0.904409D+00  0.871451D+00  0.396204D+02
  314.5094  0.802925D+00  0.770760D+00  0.386681D+02
  314.6667  0.847001D+00  0.841983D+00  0.603175D+01
  314.8239  0.104769D+01  0.100248D+01  0.509604D+02
  314.9810  0.114674D+01  0.112974D+01  0.191674D+02
  315.1380  0.119082D+01  0.118318D+01  0.861095D+01
  315.2950  0.115976D+01  0.118756D+01 -0.313279D+02
  315.4518  0.110416D+01  0.115104D+01 -0.528399D+02
  315.6086  0.997265D+00  0.104240D+01 -0.508722D+02
  315.7654  0.849432D+00  0.873897D+00 -0.275724D+02
  315.9220  0.762222D+00  0.742282D+00  0.224726D+02
  316.0786  0.779005D+00  0.719410D+00  0.671659D+02
   21 313.880 317.016 315.448 -4.200D-02  0.000D+00  9.781D-01  3.449D+01 10300  1.380D-02
  313.8796  0.996402D+00  0.103559D+01 -0.441693D+02
  314.0371  0.108142D+01  0.108059D+01  0.926295D+00
  314.1946  0.105961D+01  0.101911D+01  0.456435D+02
  314.3521  0.904409D+00  0.874633D+00  0.357948D+02
  314.5094  0.802925D+00  0.795192D+00  0.929616D+01
  314.6667  0.847001D+00  0.875356D+00 -0.340873D+02
  314.8239  0.104769D+01  0.102477D+01  0.258340D+02
  314.9810  0.114674D+01  0.113403D+01  0.143278D+02
  315.1380  0.119082D+01  0.117642D+01  0.162259D+02
  315.2950  0.115976D+01  0.117549D+01 -0.177206D+02
  315.4518  0.110416D+01  0.113448D+01 -0.341682D+02
  315.6086  0.997265D+00  0.102793D+01 -0.345617D+02
  315.7654  0.849432D+00  0.879512D+00 -0.339016D+02
  315.9220  0.762222D+00  0.783903D+00 -0.244352D+02
  316.0786  0.779005D+00  0.805235D+00 -0.295619D+02
  316.2351  0.929034D+00  0.918484D+00  0.118906D+02
  316.3915  0.107569D+01  0.104635D+01  0.330717D+02
  316.5479  0.119184D+01  0.113635D+01  0.625421D+02
  316.7042  0.125858D+01  0.120846D+01  0.564890D+02
  316.8604  0.130070D+01  0.130575D+01 -0.569203D+01
  317.0164  0.140202D+01  0.145872D+01 -0.601464D+02
   21 314.824 317.952 316.388 -6.432D-02  0.000D+00  1.036D+00  2.977D+01 10300  1.859D-02
  314.8239  0.104769D+01  0.104231D+01  0.606402D+01
  314.9810  0.114674D+01  0.114135D+01  0.607675D+01
  315.1380  0.119082D+01  0.117241D+01  0.207439D+02
  315.2950  0.115976D+01  0.117013D+01 -0.116851D+02
  315.4518  0.110416D+01  0.112723D+01 -0.260021D+02
  315.6086  0.997265D+00  0.101158D+01 -0.161334D+02
  315.7654  0.849432D+00  0.855090D+00 -0.637682D+01
  315.9220  0.762222D+00  0.770549D+00 -0.938410D+01
  316.0786  0.779005D+00  0.812796D+00 -0.380834D+02
  316.2351  0.929034D+00  0.940238D+00 -0.126265D+02
  316.3915  0.107569D+01  0.106527D+01  0.117434D+02
  316.5479  0.119184D+01  0.113902D+01  0.595244D+02
  316.7042  0.125858D+01  0.119745D+01  0.689012D+02
  316.8604  0.130070D+01  0.128071D+01  0.225282D+02
  317.0164  0.140202D+01  0.142091D+01 -0.200364D+02
  317.1725  0.152115D+01  0.155975D+01 -0.386731D+02
  317.3285  0.159973D+01  0.160350D+01 -0.377763D+01
  317.4844  0.155527D+01  0.158940D+01 -0.341989D+02
  317.6402  0.151362D+01  0.154433D+01 -0.307685D+02
  317.7959  0.139002D+01  0.138568D+01  0.460573D+01
  317.9516  0.120815D+01  0.116545D+01  0.481221D+02
   21 315.765 318.884 317.325 -3.797D-02  0.000D+00  1.098D+00  2.597D+01   300  1.079D-02
  315.7654  0.849432D+00  0.856079D+00 -0.749099D+01
  315.9220  0.762222D+00  0.761822D+00  0.451415D+00
  316.0786  0.779005D+00  0.797989D+00 -0.213950D+02
  316.2351  0.929034D+00  0.934940D+00 -0.665576D+01
  316.3915  0.107569D+01  0.108212D+01 -0.724366D+01
  316.5479  0.119184D+01  0.116068D+01  0.351201D+02
  316.7042  0.125858D+01  0.121364D+01  0.506446D+02
  316.8604  0.130070D+01  0.128021D+01  0.230853D+02
  317.0164  0.140202D+01  0.140917D+01 -0.757769D+01
  317.1725  0.152115D+01  0.156181D+01 -0.407308D+02
  317.3285  0.159973D+01  0.160833D+01 -0.861136D+01
  317.4844  0.155527D+01  0.158081D+01 -0.255940D+02
  317.6402  0.151362D+01  0.155045D+01 -0.368952D+02
  317.7959  0.139002D+01  0.141200D+01 -0.233094D+02
  317.9516  0.120815D+01  0.116919D+01  0.439085D+02
  318.1072  0.105389D+01  0.103303D+01  0.235033D+02
  318.2627  0.108518D+01  0.106563D+01  0.220315D+02
  318.4181  0.121937D+01  0.119471D+01  0.277849D+02
  318.5735  0.137473D+01  0.135781D+01  0.190703D+02
  318.7288  0.151848D+01  0.153342D+01 -0.149646D+02
  318.8840  0.169377D+01  0.171700D+01 -0.232723D+02
   21 316.704 319.814 318.259 -1.613D-02  0.000D+00  1.204D+00  2.951D+01 10300  9.133D-03
  316.7042  0.125858D+01  0.128474D+01 -0.294879D+02
  316.8604  0.130070D+01  0.129672D+01  0.448403D+01
  317.0164  0.140202D+01  0.137860D+01  0.248403D+02
  317.1725  0.152115D+01  0.151105D+01  0.101157D+02
  317.3285  0.159973D+01  0.156646D+01  0.333315D+02
  317.4844  0.155527D+01  0.154894D+01  0.633486D+01
  317.6402  0.151362D+01  0.153461D+01 -0.210244D+02
  317.7959  0.139002D+01  0.143639D+01 -0.491815D+02
  317.9516  0.120815D+01  0.121493D+01 -0.763940D+01
  318.1072  0.105389D+01  0.106568D+01 -0.132852D+02
  318.2627  0.108518D+01  0.108559D+01 -0.465535D+00
  318.4181  0.121937D+01  0.121091D+01  0.952663D+01
  318.5735  0.137473D+01  0.136858D+01  0.692929D+01
  318.7288  0.151848D+01  0.152452D+01 -0.604759D+01
  318.8840  0.169377D+01  0.167207D+01  0.217380D+02
  319.0392  0.171494D+01  0.168531D+01  0.296864D+02
  319.1942  0.151590D+01  0.147082D+01  0.451528D+02
  319.3492  0.128634D+01  0.129842D+01 -0.136084D+02
  319.5042  0.126729D+01  0.133484D+01 -0.761409D+02
  319.6590  0.139496D+01  0.142512D+01 -0.302145D+02
  319.8138  0.154538D+01  0.150111D+01  0.443558D+02
   21 317.640 320.741 319.191  2.575D-03  0.000D+00  1.277D+00  3.970D+01 10300  1.256D-02
  317.6402  0.151362D+01  0.142203D+01  0.917557D+02
  317.7959  0.139002D+01  0.143210D+01 -0.446346D+02
  317.9516  0.120815D+01  0.125785D+01 -0.560126D+02
  318.1072  0.105389D+01  0.110330D+01 -0.556862D+02
  318.2627  0.108518D+01  0.111216D+01 -0.304036D+02
  318.4181  0.121937D+01  0.123014D+01 -0.121404D+02
  318.5735  0.137473D+01  0.137784D+01 -0.350124D+01
  318.7288  0.151848D+01  0.151446D+01  0.403040D+01
  318.8840  0.169377D+01  0.164651D+01  0.473398D+02
  319.0392  0.171494D+01  0.166936D+01  0.456618D+02
  319.1942  0.151590D+01  0.145719D+01  0.588075D+02
  319.3492  0.128634D+01  0.125845D+01  0.314399D+02
  319.5042  0.126729D+01  0.128982D+01 -0.254013D+02
  319.6590  0.139496D+01  0.140788D+01 -0.129450D+02
  319.8138  0.154538D+01  0.154218D+01  0.321216D+01
  319.9684  0.159683D+01  0.164636D+01 -0.496166D+02
  320.1231  0.164083D+01  0.166778D+01 -0.270011D+02
  320.2776  0.168498D+01  0.172336D+01 -0.384495D+02
  320.4321  0.185674D+01  0.184271D+01  0.133096D+02
  320.5865  0.197932D+01  0.195147D+01  0.264274D+02
  320.7409  0.199884D+01  0.198392D+01  0.141617D+02
   21 318.573 321.665 320.119  4.894D-02  0.000D+00  1.260D+00  3.244D+01 10300  9.628D-03
  318.5735  0.137473D+01  0.141703D+01 -0.476795D+02
  318.7288  0.151848D+01  0.152399D+01 -0.551811D+01
  318.8840  0.169377D+01  0.163261D+01  0.612634D+02
  319.0392  0.171494D+01  0.169062D+01  0.243650D+02
  319.1942  0.151590D+01  0.153143D+01 -0.155656D+02
  319.3492  0.128634D+01  0.128752D+01 -0.133113D+01
  319.5042  0.126729D+01  0.125762D+01  0.108931D+02
  319.6590  0.139496D+01  0.137533D+01  0.196732D+02
  319.8138  0.154538D+01  0.151298D+01  0.324595D+02
  319.9684  0.159683D+01  0.165045D+01 -0.537184D+02
  320.1231  0.164083D+01  0.169688D+01 -0.561560D+02
  320.2776  0.168498D+01  0.173295D+01 -0.480548D+02
  320.4321  0.185674D+01  0.183641D+01  0.192923D+02
  320.5865  0.197932D+01  0.194131D+01  0.360661D+02
  320.7409  0.199884D+01  0.197457D+01  0.230377D+02
  320.8951  0.188371D+01  0.188321D+01  0.475289D+00
  321.0493  0.167745D+01  0.168128D+01 -0.383787D+01
  321.2034  0.150797D+01  0.149473D+01  0.132658D+02
  321.3575  0.143206D+01  0.141854D+01  0.135393D+02
  321.5115  0.150405D+01  0.147615D+01  0.279543D+02
  321.6653  0.161173D+01  0.165569D+01 -0.440406D+02
   21 319.504 322.587 321.046  2.509D-02  0.000D+00  1.387D+00  4.504D+01 10300  1.836D-02
  319.5042  0.126729D+01  0.126241D+01  0.549213D+01
  319.6590  0.139496D+01  0.136350D+01  0.315232D+02
  319.8138  0.154538D+01  0.150185D+01  0.436105D+02
  319.9684  0.159683D+01  0.162204D+01 -0.252537D+02
  320.1231  0.164083D+01  0.169330D+01 -0.525637D+02
  320.2776  0.168498D+01  0.176370D+01 -0.788602D+02
  320.4321  0.185674D+01  0.186715D+01 -0.988304D+01
  320.5865  0.197932D+01  0.195558D+01  0.225235D+02
  320.7409  0.199884D+01  0.196313D+01  0.338942D+02
  320.8951  0.188371D+01  0.185458D+01  0.276483D+02
  321.0493  0.167745D+01  0.166459D+01  0.128854D+02
  321.2034  0.150797D+01  0.149401D+01  0.139904D+02
  321.3575  0.143206D+01  0.141902D+01  0.130628D+02
  321.5115  0.150405D+01  0.145839D+01  0.457470D+02
  321.6653  0.161173D+01  0.158602D+01  0.257598D+02
  321.8192  0.177815D+01  0.174254D+01  0.337958D+02
  321.9729  0.182238D+01  0.186016D+01 -0.358559D+02
  322.1266  0.176231D+01  0.185474D+01 -0.877233D+02
  322.2802  0.165189D+01  0.173278D+01 -0.767764D+02
  322.4338  0.159048D+01  0.158631D+01  0.395970D+01
  322.5872  0.152429D+01  0.143384D+01  0.906117D+02
   21 320.432 323.507 321.969 -2.019D-02  0.000D+00  1.367D+00  2.683D+01   300  1.077D-02
  320.4321  0.185674D+01  0.186472D+01 -0.757597D+01
  320.5865  0.197932D+01  0.198524D+01 -0.562433D+01
  320.7409  0.199884D+01  0.198883D+01  0.950523D+01
  320.8951  0.188371D+01  0.186269D+01  0.199558D+02
  321.0493  0.167745D+01  0.167265D+01  0.481265D+01
  321.2034  0.150797D+01  0.151514D+01 -0.718132D+01
  321.3575  0.143206D+01  0.145791D+01 -0.259018D+02
  321.5115  0.150405D+01  0.150351D+01  0.549325D+00
  321.6653  0.161173D+01  0.161833D+01 -0.660607D+01
  321.8192  0.177815D+01  0.174423D+01  0.321971D+02
  321.9729  0.182238D+01  0.181539D+01  0.664238D+01
  322.1266  0.176231D+01  0.178334D+01 -0.199598D+02
  322.2802  0.165189D+01  0.168560D+01 -0.319942D+02
  322.4338  0.159048D+01  0.158385D+01  0.629119D+01
  322.5872  0.152429D+01  0.148404D+01  0.403182D+02
  322.7406  0.138885D+01  0.138742D+01  0.143193D+01
  322.8940  0.129175D+01  0.134448D+01 -0.528167D+02
  323.0472  0.139026D+01  0.140611D+01 -0.158833D+02
  323.2004  0.158954D+01  0.153470D+01  0.520438D+02
  323.3535  0.169353D+01  0.164818D+01  0.408879D+02
  323.5065  0.167824D+01  0.172971D+01 -0.464065D+02
   21 321.357 324.423 322.890 -4.175D-02  0.000D+00  1.387D+00  2.717D+01 10300  1.499D-02
  321.3575  0.143206D+01  0.147284D+01 -0.408544D+02
  321.5115  0.150405D+01  0.149829D+01  0.577510D+01
  321.6653  0.161173D+01  0.160431D+01  0.743236D+01
  321.8192  0.177815D+01  0.173238D+01  0.434377D+02
  321.9729  0.182238D+01  0.181132D+01  0.105055D+02
  322.1266  0.176231D+01  0.176156D+01  0.708427D+00
  322.2802  0.165189D+01  0.165497D+01 -0.292517D+01
  322.4338  0.159048D+01  0.159069D+01 -0.199168D+00
  322.5872  0.152429D+01  0.151071D+01  0.135994D+02
  322.7406  0.138885D+01  0.140165D+01 -0.128268D+02
  322.8940  0.129175D+01  0.135714D+01 -0.655012D+02
  323.0472  0.139026D+01  0.144473D+01 -0.545668D+02
  323.2004  0.158954D+01  0.160051D+01 -0.104096D+02
  323.3535  0.169353D+01  0.165368D+01  0.359330D+02
  323.5065  0.167824D+01  0.162824D+01  0.450793D+02
  323.6595  0.167926D+01  0.166768D+01  0.104344D+02
  323.8124  0.179509D+01  0.178056D+01  0.131026D+02
  323.9652  0.192638D+01  0.191130D+01  0.135944D+02
  324.1180  0.201610D+01  0.202025D+01 -0.374898D+01
  324.2707  0.204825D+01  0.205861D+01 -0.933558D+01
  324.4233  0.205045D+01  0.206263D+01 -0.109833D+02
   21 322.280 325.338 323.809 -4.039D-02  0.000D+00  1.513D+00  3.629D+01 10300  1.752D-02
  322.2802  0.165189D+01  0.160709D+01  0.425191D+02
  322.4338  0.159048D+01  0.159481D+01 -0.411085D+01
  322.5872  0.152429D+01  0.153030D+01 -0.602198D+01
  322.7406  0.138885D+01  0.140578D+01 -0.169658D+02
  322.8940  0.129175D+01  0.134031D+01 -0.486391D+02
  323.0472  0.139026D+01  0.143825D+01 -0.480751D+02
  323.2004  0.158954D+01  0.164245D+01 -0.502172D+02
  323.3535  0.169353D+01  0.167792D+01  0.140716D+02
  323.5065  0.167824D+01  0.160256D+01  0.682289D+02
  323.6595  0.167926D+01  0.163620D+01  0.388217D+02
  323.8124  0.179509D+01  0.175838D+01  0.331028D+02
  323.9652  0.192638D+01  0.188578D+01  0.366059D+02
  324.1180  0.201610D+01  0.201227D+01  0.344989D+01
  324.2707  0.204825D+01  0.204403D+01  0.380395D+01
  324.4233  0.205045D+01  0.204930D+01  0.103496D+01
  324.5758  0.207311D+01  0.209586D+01 -0.205112D+02
  324.7283  0.197422D+01  0.200107D+01 -0.242074D+02
  324.8807  0.182380D+01  0.184253D+01 -0.168869D+02
  325.0331  0.174263D+01  0.181807D+01 -0.680225D+02
  325.1853  0.185438D+01  0.185453D+01 -0.135646D+00
  325.3375  0.196865D+01  0.190237D+01  0.597570D+02
   21 323.200 326.249 324.725 -3.256D-02  0.000D+00  1.477D+00  1.983D+01 10300  9.675D-03
  323.2004  0.158954D+01  0.161547D+01 -0.246132D+02
  323.3535  0.169353D+01  0.169607D+01 -0.228928D+01
  323.5065  0.167824D+01  0.163630D+01  0.378111D+02
  323.6595  0.167926D+01  0.167141D+01  0.707167D+01
  323.8124  0.179509D+01  0.179437D+01  0.653418D+00
  323.9652  0.192638D+01  0.191564D+01  0.967909D+01
  324.1180  0.201610D+01  0.203242D+01 -0.147204D+02
  324.2707  0.204825D+01  0.205199D+01 -0.336661D+01
  324.4233  0.205045D+01  0.203690D+01  0.122189D+02
  324.5758  0.207311D+01  0.207240D+01  0.638041D+00
  324.7283  0.197422D+01  0.197974D+01 -0.498090D+01
  324.8807  0.182380D+01  0.181916D+01  0.417586D+01
  325.0331  0.174263D+01  0.180089D+01 -0.525289D+02
  325.1853  0.185438D+01  0.186265D+01 -0.745285D+01
  325.3375  0.196865D+01  0.195481D+01  0.124740D+02
  325.4896  0.216471D+01  0.213983D+01  0.203963D+02
  325.6417  0.234486D+01  0.237035D+01 -0.208941D+02
  325.7937  0.253943D+01  0.250237D+01  0.303769D+02
  325.9456  0.265778D+01  0.263646D+01  0.174735D+02
  326.0974  0.273518D+01  0.273378D+01  0.109910D+01
  326.2492  0.274287D+01  0.277403D+01 -0.244290D+02
   21 324.118 327.158 325.638  1.110D-02  0.000D+00  1.494D+00  2.845D+01   300  1.226D-02
  324.1180  0.201610D+01  0.206204D+01 -0.414198D+02
  324.2707  0.204825D+01  0.206152D+01 -0.119595D+02
  324.4233  0.205045D+01  0.199484D+01  0.501405D+02
  324.5758  0.207311D+01  0.201908D+01  0.487158D+02
  324.7283  0.197422D+01  0.198348D+01 -0.835085D+01
  324.8807  0.182380D+01  0.181774D+01  0.546479D+01
  325.0331  0.174263D+01  0.177910D+01 -0.328897D+02
  325.1853  0.185438D+01  0.185465D+01 -0.240088D+00
  325.3375  0.196865D+01  0.196090D+01  0.698639D+01
  325.4896  0.216471D+01  0.213468D+01  0.246176D+02
  325.6417  0.234486D+01  0.240646D+01 -0.504915D+02
  325.7937  0.253943D+01  0.256429D+01 -0.203756D+02
  325.9456  0.265778D+01  0.267140D+01 -0.111684D+02
  326.0974  0.273518D+01  0.274830D+01 -0.102815D+02
  326.2492  0.274287D+01  0.271756D+01  0.198453D+02
  326.4009  0.262343D+01  0.263385D+01 -0.853853D+01
  326.5526  0.260947D+01  0.253584D+01  0.603476D+02
  326.7041  0.268711D+01  0.266154D+01  0.200484D+02
  326.8557  0.282592D+01  0.282991D+01 -0.299526D+01
  327.0071  0.274938D+01  0.278215D+01 -0.246206D+02
  327.1584  0.258814D+01  0.260025D+01 -0.949519D+01
   21 325.033 328.065 326.549  1.382D-02  0.000D+00  1.611D+00  2.510D+01 10300  1.322D-02
  325.0331  0.174263D+01  0.174146D+01  0.104775D+01
  325.1853  0.185438D+01  0.183301D+01  0.192737D+02
  325.3375  0.196865D+01  0.195623D+01  0.111945D+02
  325.4896  0.216471D+01  0.214115D+01  0.193174D+02
  325.6417  0.234486D+01  0.240631D+01 -0.503723D+02
  325.7937  0.253943D+01  0.257418D+01 -0.284807D+02
  325.9456  0.265778D+01  0.267959D+01 -0.178775D+02
  326.0974  0.273518D+01  0.274828D+01 -0.102679D+02
  326.2492  0.274287D+01  0.271578D+01  0.212423D+02
  326.4009  0.262343D+01  0.262652D+01 -0.253294D+01
  326.5526  0.260947D+01  0.253602D+01  0.602049D+02
  326.7041  0.268711D+01  0.264385D+01  0.339128D+02
  326.8557  0.282592D+01  0.280044D+01  0.191437D+02
  327.0071  0.274938D+01  0.276742D+01 -0.135574D+02
  327.1584  0.258814D+01  0.261171D+01 -0.184833D+02
  327.3097  0.253614D+01  0.256531D+01 -0.228686D+02
  327.4609  0.261151D+01  0.263661D+01 -0.196799D+02
  327.6121  0.260900D+01  0.262332D+01 -0.112324D+02
  327.7632  0.250697D+01  0.250081D+01  0.482351D+01
  327.9142  0.235772D+01  0.238054D+01 -0.187066D+02
  328.0652  0.233458D+01  0.229498D+01  0.324626D+02
   21 325.946 328.969 327.458  1.523D-02  0.000D+00  1.564D+00  2.664D+01 10300  1.734D-02
  325.9456  0.265778D+01  0.263850D+01  0.158017D+02
  326.0974  0.273518D+01  0.273952D+01 -0.339723D+01
  326.2492  0.274287D+01  0.274209D+01  0.611271D+00
  326.4009  0.262343D+01  0.267361D+01 -0.411311D+02
  326.5526  0.260947D+01  0.262102D+01 -0.946875D+01
  326.7041  0.268711D+01  0.268318D+01  0.308422D+01
  326.8557  0.282592D+01  0.277087D+01  0.413628D+02
  327.0071  0.274938D+01  0.273241D+01  0.127537D+02
  327.1584  0.258814D+01  0.261203D+01 -0.187326D+02
  327.3097  0.253614D+01  0.255427D+01 -0.142155D+02
  327.4609  0.261151D+01  0.257623D+01  0.276562D+02
  327.6121  0.260900D+01  0.256378D+01  0.354527D+02
  327.7632  0.250697D+01  0.248966D+01  0.135663D+02
  327.9142  0.235772D+01  0.241734D+01 -0.488683D+02
  328.0652  0.233458D+01  0.238649D+01 -0.425408D+02
  328.2161  0.234604D+01  0.238798D+01 -0.343809D+02
  328.3669  0.243709D+01  0.239799D+01  0.320471D+02
  328.5176  0.242477D+01  0.238227D+01  0.333209D+02
  328.6683  0.234274D+01  0.231983D+01  0.187779D+02
  328.8189  0.234886D+01  0.234875D+01  0.897930D-01
  328.9695  0.260053D+01  0.262553D+01 -0.187852D+02
   21 326.856 329.871 328.363 -2.097D-02  0.000D+00  1.552D+00  3.540D+01 10300  2.495D-02
  326.8557  0.282592D+01  0.287302D+01 -0.353853D+02
  327.0071  0.274938D+01  0.273998D+01  0.706453D+01
  327.1584  0.258814D+01  0.259422D+01 -0.476828D+01
  327.3097  0.253614D+01  0.253645D+01 -0.244992D+00
  327.4609  0.261151D+01  0.254187D+01  0.545998D+02
  327.6121  0.260900D+01  0.251903D+01  0.705350D+02
  327.7632  0.250697D+01  0.246082D+01  0.361793D+02
  327.9142  0.235772D+01  0.241968D+01 -0.507885D+02
  328.0652  0.233458D+01  0.241356D+01 -0.647298D+02
  328.2161  0.234604D+01  0.242834D+01 -0.674654D+02
  328.3669  0.243709D+01  0.243587D+01  0.998171D+00
  328.5176  0.242477D+01  0.239778D+01  0.211633D+02
  328.6683  0.234274D+01  0.233133D+01  0.935077D+01
  328.8189  0.234886D+01  0.237910D+01 -0.247848D+02
  328.9695  0.260053D+01  0.260671D+01 -0.464846D+01
  329.1199  0.289996D+01  0.285896D+01  0.308058D+02
  329.2704  0.307822D+01  0.302544D+01  0.396587D+02
  329.4207  0.312630D+01  0.312097D+01  0.399762D+01
  329.5710  0.318190D+01  0.316585D+01  0.120614D+02
  329.7212  0.316504D+01  0.318352D+01 -0.138833D+02
  329.8713  0.319053D+01  0.321589D+01 -0.190547D+02
   21 327.763 330.771 329.267 -2.829D-02  0.000D+00  1.652D+00  2.979D+01 10300  1.429D-02
  327.7632  0.250697D+01  0.241741D+01  0.702138D+02
  327.9142  0.235772D+01  0.238721D+01 -0.241691D+02
  328.0652  0.233458D+01  0.239571D+01 -0.500999D+02
  328.2161  0.234604D+01  0.241970D+01 -0.603785D+02
  328.3669  0.243709D+01  0.243539D+01  0.139024D+01
  328.5176  0.242477D+01  0.239504D+01  0.233115D+02
  328.6683  0.234274D+01  0.230485D+01  0.310551D+02
  328.8189  0.234886D+01  0.235055D+01 -0.138947D+01
  328.9695  0.260053D+01  0.261023D+01 -0.728712D+01
  329.1199  0.289996D+01  0.287388D+01  0.195938D+02
  329.2704  0.307822D+01  0.302687D+01  0.385839D+02
  329.4207  0.312630D+01  0.312125D+01  0.378920D+01
  329.5710  0.318190D+01  0.316551D+01  0.123163D+02
  329.7212  0.316504D+01  0.318635D+01 -0.160098D+02
  329.8713  0.319053D+01  0.323447D+01 -0.330183D+02
  330.0214  0.329609D+01  0.329532D+01  0.550587D+00
  330.1714  0.319735D+01  0.321793D+01 -0.148424D+02
  330.3214  0.299752D+01  0.297511D+01  0.168373D+02
  330.4713  0.267754D+01  0.271447D+01 -0.277476D+02
  330.6210  0.249842D+01  0.250091D+01 -0.187312D+01
  330.7708  0.247716D+01  0.244084D+01  0.272921D+02
   21 328.668 331.668 330.168 -6.434D-03  0.000D+00  1.642D+00  1.530D+01 10300  5.891D-03
  328.6683  0.234274D+01  0.232825D+01  0.118742D+02
  328.8189  0.234886D+01  0.234117D+01  0.630069D+01
  328.9695  0.260053D+01  0.261922D+01 -0.140430D+02
  329.1199  0.289996D+01  0.291831D+01 -0.137921D+02
  329.2704  0.307822D+01  0.306477D+01  0.101030D+02
  329.4207  0.312630D+01  0.314995D+01 -0.177734D+02
  329.5710  0.318190D+01  0.317857D+01  0.250479D+01
  329.7212  0.316504D+01  0.317050D+01 -0.410466D+01
  329.8713  0.319053D+01  0.318917D+01  0.101929D+01
  330.0214  0.329609D+01  0.325679D+01  0.283455D+02
  330.1714  0.319735D+01  0.321197D+01 -0.105456D+02
  330.3214  0.299752D+01  0.296391D+01  0.252541D+02
  330.4713  0.267754D+01  0.271293D+01 -0.265869D+02
  330.6210  0.249842D+01  0.249997D+01 -0.116886D+01
  330.7708  0.247716D+01  0.244072D+01  0.273819D+02
  330.9205  0.258712D+01  0.260154D+01 -0.108352D+02
  331.0701  0.273730D+01  0.273753D+01 -0.173754D+00
  331.2196  0.269801D+01  0.272360D+01 -0.192251D+02
  331.3691  0.259229D+01  0.261086D+01 -0.139476D+02
  331.5185  0.255112D+01  0.254140D+01  0.730022D+01
  331.6678  0.265684D+01  0.263982D+01  0.127837D+02
   21 329.571 332.563 331.067  5.574D-04  0.000D+00  1.586D+00  2.535D+01 10300  9.296D-03
  329.5710  0.318190D+01  0.321328D+01 -0.235787D+02
  329.7212  0.316504D+01  0.317655D+01 -0.864869D+01
  329.8713  0.319053D+01  0.317510D+01  0.115930D+02
  330.0214  0.329609D+01  0.323877D+01  0.413438D+02
  330.1714  0.319735D+01  0.320855D+01 -0.807885D+01
  330.3214  0.299752D+01  0.295705D+01  0.304078D+02
  330.4713  0.267754D+01  0.271184D+01 -0.257725D+02
  330.6210  0.249842D+01  0.249920D+01 -0.590988D+00
  330.7708  0.247716D+01  0.243045D+01  0.350992D+02
  330.9205  0.258712D+01  0.260596D+01 -0.141556D+02
  331.0701  0.273730D+01  0.276218D+01 -0.186905D+02
  331.2196  0.269801D+01  0.275767D+01 -0.448216D+02
  331.3691  0.259229D+01  0.264107D+01 -0.366458D+02
  331.5185  0.255112D+01  0.255450D+01 -0.254108D+01
  331.6678  0.265684D+01  0.264078D+01  0.120678D+02
  331.8171  0.283792D+01  0.280975D+01  0.211661D+02
  331.9663  0.291055D+01  0.287263D+01  0.273452D+02
  332.1155  0.283298D+01  0.279572D+01  0.279946D+02
  332.2646  0.263676D+01  0.263532D+01  0.108288D+01
  332.4136  0.261174D+01  0.258848D+01  0.174747D+02
  332.5625  0.275024D+01  0.280657D+01 -0.423191D+02
   21 330.471 333.455 331.963 -4.913D-03  0.000D+00  1.634D+00  1.922D+01 10300  7.334D-03
  330.4713  0.267754D+01  0.270569D+01 -0.211501D+02
  330.6210  0.249842D+01  0.247928D+01  0.143782D+02
  330.7708  0.247716D+01  0.241325D+01  0.480251D+02
  330.9205  0.258712D+01  0.259028D+01 -0.237870D+01
  331.0701  0.273730D+01  0.274289D+01 -0.419631D+01
  331.2196  0.269801D+01  0.273965D+01 -0.312853D+02
  331.3691  0.259229D+01  0.263008D+01 -0.283887D+02
  331.5185  0.255112D+01  0.255619D+01 -0.381016D+01
  331.6678  0.265684D+01  0.265633D+01  0.377571D+00
  331.8171  0.283792D+01  0.283038D+01  0.566581D+01
  331.9663  0.291055D+01  0.288926D+01  0.153560D+02
  332.1155  0.283298D+01  0.280288D+01  0.226150D+02
  332.2646  0.263676D+01  0.263059D+01  0.463358D+01
  332.4136  0.261174D+01  0.257551D+01  0.272264D+02
  332.5625  0.275024D+01  0.277000D+01 -0.148439D+02
  332.7114  0.288568D+01  0.289829D+01 -0.909336D+01
  332.8602  0.278624D+01  0.279239D+01 -0.443497D+01
  333.0090  0.267378D+01  0.268798D+01 -0.106742D+02
  333.1577  0.271558D+01  0.274973D+01 -0.246365D+02
  333.3063  0.281887D+01  0.281335D+01  0.397805D+01
  333.4549  0.270154D+01  0.267485D+01  0.192485D+02
   21 331.369 334.345 332.857  4.753D-03  0.000D+00  1.667D+00  1.273D+01 10300  5.072D-03
  331.3691  0.259229D+01  0.258007D+01  0.918416D+01
  331.5185  0.255112D+01  0.254331D+01  0.586364D+01
  331.6678  0.265684D+01  0.265935D+01 -0.188972D+01
  331.8171  0.283792D+01  0.285107D+01 -0.987730D+01
  331.9663  0.291055D+01  0.292569D+01 -0.109203D+02
  332.1155  0.283298D+01  0.284360D+01 -0.797818D+01
  332.2646  0.263676D+01  0.266299D+01 -0.197056D+02
  332.4136  0.261174D+01  0.258020D+01  0.237020D+02
  332.5625  0.275024D+01  0.275011D+01  0.987630D-01
  332.7114  0.288568D+01  0.287873D+01  0.501618D+01
  332.8602  0.278624D+01  0.277480D+01  0.824846D+01
  333.0090  0.267378D+01  0.265997D+01  0.103726D+02
  333.1577  0.271558D+01  0.271421D+01  0.988695D+00
  333.3063  0.281887D+01  0.279720D+01  0.156296D+02
  333.4549  0.270154D+01  0.269939D+01  0.154861D+01
  333.6033  0.243756D+01  0.244697D+01 -0.706899D+01
  333.7518  0.232415D+01  0.233193D+01 -0.584244D+01
  333.9001  0.243521D+01  0.247758D+01 -0.318395D+02
  334.0484  0.261535D+01  0.262135D+01 -0.415998D+01
  334.1967  0.265182D+01  0.265665D+01 -0.335154D+01
  334.3448  0.276459D+01  0.273311D+01  0.218365D+02
   19 332.265 334.937 333.601 -1.334D-05  0.000D+00  1.629D+00  1.392D+01 10300  5.701D-03
  332.2646  0.263676D+01  0.265621D+01 -0.146152D+02
  332.4136  0.261174D+01  0.258434D+01  0.205856D+02
  332.5625  0.275024D+01  0.276225D+01 -0.902443D+01
  332.7114  0.288568D+01  0.288566D+01  0.139029D-01
  332.8602  0.278624D+01  0.277681D+01  0.680482D+01
  333.0090  0.267378D+01  0.266536D+01  0.632142D+01
  333.1577  0.271558D+01  0.272415D+01 -0.618047D+01
  333.3063  0.281887D+01  0.280297D+01  0.114641D+02
  333.4549  0.270154D+01  0.269639D+01  0.371420D+01
  333.6033  0.243756D+01  0.244108D+01 -0.264763D+01
  333.7518  0.232415D+01  0.233337D+01 -0.692481D+01
  333.9001  0.243521D+01  0.248265D+01 -0.356476D+02
  334.0484  0.261535D+01  0.262105D+01 -0.395232D+01
  334.1967  0.265182D+01  0.265362D+01 -0.125225D+01
  334.3448  0.276459D+01  0.273281D+01  0.220431D+02
  334.4930  0.290764D+01  0.289989D+01  0.538036D+01
  334.6410  0.302254D+01  0.298776D+01  0.232272D+02
  334.7890  0.287423D+01  0.288385D+01 -0.667019D+01
  334.9369  0.262892D+01  0.265187D+01 -0.159176D+02
   13 333.158 334.937 334.047  1.489D-02  0.000D+00  1.615D+00  1.086D+01 10300  8.329D-03
  333.1577  0.271558D+01  0.273360D+01 -0.130012D+02
  333.3063  0.281887D+01  0.279454D+01  0.175448D+02
  333.4549  0.270154D+01  0.269643D+01  0.368304D+01
  333.6033  0.243756D+01  0.244371D+01 -0.461940D+01
  333.7518  0.232415D+01  0.231399D+01  0.763492D+01
  333.9001  0.243521D+01  0.245597D+01 -0.156042D+02
  334.0484  0.261535D+01  0.261822D+01 -0.199370D+01
  334.1967  0.265182D+01  0.266681D+01 -0.103992D+02
  334.3448  0.276459D+01  0.274308D+01  0.149244D+02
  334.4930  0.290764D+01  0.290914D+01 -0.103485D+01
  334.6410  0.302254D+01  0.300193D+01  0.137636D+02
  334.7890  0.287423D+01  0.289406D+01 -0.137500D+02
  334.9369  0.262892D+01  0.262602D+01  0.201197D+01
