           0
 T F
nwave fwave lwave wave  shift    squeeze     sin      rms    exval
   21 264.000 271.196 267.598 -8.613D-02  0.000D+00  4.023D-03  2.597D+00 10000  4.780D-02
  264.0004  0.209088D-02  0.213877D-02 -0.239298D+01
  264.3714  0.209525D-02  0.205591D-02  0.194263D+01
  264.7409  0.180225D-02  0.178890D-02  0.738776D+00
  265.1092  0.179704D-02  0.169794D-02  0.600856D+01
  265.4762  0.174756D-02  0.174973D-02 -0.143399D+00
  265.8419  0.162980D-02  0.169628D-02 -0.472582D+01
  266.2064  0.148136D-02  0.154838D-02 -0.493448D+01
  266.5697  0.146087D-02  0.144874D-02  0.934307D+00
  266.9319  0.144207D-02  0.143073D-02  0.898896D+00
  267.2929  0.147712D-02  0.144799D-02  0.228767D+01
  267.6528  0.142000D-02  0.142669D-02 -0.546376D+00
  268.0116  0.135815D-02  0.137729D-02 -0.159410D+01
  268.3693  0.140241D-02  0.136286D-02  0.329444D+01
  268.7260  0.138458D-02  0.134995D-02  0.285584D+01
  269.0818  0.134942D-02  0.133890D-02  0.867350D+00
  269.4365  0.134772D-02  0.136445D-02 -0.137966D+01
  269.7903  0.143540D-02  0.146041D-02 -0.200259D+01
  270.1431  0.158420D-02  0.159288D-02 -0.681915D+00
  270.4951  0.161561D-02  0.164473D-02 -0.226539D+01
  270.8462  0.160846D-02  0.161356D-02 -0.389367D+00
  271.1964  0.157571D-02  0.153925D-02  0.275839D+01
   21 266.206 273.281 269.744 -8.665D-03  0.000D+00  4.139D-03  2.243D+00 10000  2.784D-02
  266.2064  0.148136D-02  0.152405D-02 -0.314294D+01
  266.5697  0.146087D-02  0.142823D-02  0.251527D+01
  266.9319  0.144207D-02  0.141309D-02  0.229791D+01
  267.2929  0.147712D-02  0.144489D-02  0.253091D+01
  267.6528  0.142000D-02  0.144725D-02 -0.222478D+01
  268.0116  0.135815D-02  0.140055D-02 -0.353155D+01
  268.3693  0.140241D-02  0.138393D-02  0.153938D+01
  268.7260  0.138458D-02  0.137519D-02  0.774272D+00
  269.0818  0.134942D-02  0.135724D-02 -0.645041D+00
  269.4365  0.134772D-02  0.136698D-02 -0.158861D+01
  269.7903  0.143540D-02  0.143964D-02 -0.339764D+00
  270.1431  0.158420D-02  0.156786D-02  0.128344D+01
  270.4951  0.161561D-02  0.163280D-02 -0.133716D+01
  270.8462  0.160846D-02  0.159982D-02  0.659398D+00
  271.1964  0.157571D-02  0.152537D-02  0.380845D+01
  271.5457  0.140751D-02  0.138332D-02  0.189928D+01
  271.8943  0.116399D-02  0.119873D-02 -0.286495D+01
  272.2421  0.111220D-02  0.114262D-02 -0.250800D+01
  272.5891  0.123712D-02  0.127177D-02 -0.277446D+01
  272.9354  0.146693D-02  0.142580D-02  0.316944D+01
  273.2809  0.138810D-02  0.139156D-02 -0.271576D+00
   21 268.369 275.340 271.855  2.943D-03  0.000D+00  4.354D-03  1.815D+00 10000  1.711D-02
  268.3693  0.140241D-02  0.138213D-02  0.168902D+01
  268.7260  0.138458D-02  0.138485D-02 -0.216639D-01
  269.0818  0.134942D-02  0.136640D-02 -0.140056D+01
  269.4365  0.134772D-02  0.137167D-02 -0.197532D+01
  269.7903  0.143540D-02  0.143842D-02 -0.241623D+00
  270.1431  0.158420D-02  0.157681D-02  0.580587D+00
  270.4951  0.161561D-02  0.164287D-02 -0.212073D+01
  270.8462  0.160846D-02  0.159754D-02  0.833198D+00
  271.1964  0.157571D-02  0.152322D-02  0.397112D+01
  271.5457  0.140751D-02  0.138312D-02  0.191535D+01
  271.8943  0.116399D-02  0.117944D-02 -0.127380D+01
  272.2421  0.111220D-02  0.111199D-02  0.175778D-01
  272.5891  0.123712D-02  0.125478D-02 -0.141421D+01
  272.9354  0.146693D-02  0.144247D-02  0.188492D+01
  273.2809  0.138810D-02  0.143063D-02 -0.333954D+01
  273.6257  0.119115D-02  0.120522D-02 -0.112654D+01
  273.9698  0.979772D-03  0.983244D-03 -0.292116D+00
  274.3133  0.911980D-03  0.868601D-03  0.364997D+01
  274.6561  0.850130D-03  0.856259D-03 -0.515690D+00
  274.9983  0.928595D-03  0.943057D-03 -0.119254D+01
  275.3399  0.111402D-02  0.110279D-02  0.873576D+00
   21 270.495 277.377 273.936  4.898D-03  0.000D+00  4.516D-03  2.129D+00 10000  1.868D-02
  270.4951  0.161561D-02  0.163571D-02 -0.156380D+01
  270.8462  0.160846D-02  0.159958D-02  0.677896D+00
  271.1964  0.157571D-02  0.153361D-02  0.318539D+01
  271.5457  0.140751D-02  0.139706D-02  0.820469D+00
  271.8943  0.116399D-02  0.118773D-02 -0.195782D+01
  272.2421  0.111220D-02  0.111549D-02 -0.271213D+00
  272.5891  0.123712D-02  0.125981D-02 -0.181645D+01
  272.9354  0.146693D-02  0.145046D-02  0.126952D+01
  273.2809  0.138810D-02  0.143499D-02 -0.368234D+01
  273.6257  0.119115D-02  0.119992D-02 -0.702113D+00
  273.9698  0.979772D-03  0.972493D-03  0.612516D+00
  274.3133  0.911980D-03  0.854734D-03  0.481673D+01
  274.6561  0.850130D-03  0.838736D-03  0.958745D+00
  274.9983  0.928595D-03  0.920153D-03  0.696039D+00
  275.3399  0.111402D-02  0.107402D-02  0.311212D+01
  275.6809  0.123869D-02  0.126144D-02 -0.175297D+01
  276.0213  0.151920D-02  0.150249D-02  0.124120D+01
  276.3611  0.164411D-02  0.167126D-02 -0.196345D+01
  276.7004  0.171627D-02  0.174797D-02 -0.219646D+01
  277.0392  0.176441D-02  0.178564D-02 -0.145845D+01
  277.3774  0.182493D-02  0.178140D-02  0.291812D+01
   21 272.589 279.397 275.993 -4.030D-04  0.000D+00  4.697D-03  1.925D+00 10000  1.772D-02
  272.5891  0.123712D-02  0.124506D-02 -0.636116D+00
  272.9354  0.146693D-02  0.143798D-02  0.223105D+01
  273.2809  0.138810D-02  0.142616D-02 -0.298905D+01
  273.6257  0.119115D-02  0.119839D-02 -0.579214D+00
  273.9698  0.979772D-03  0.975776D-03  0.336242D+00
  274.3133  0.911980D-03  0.860500D-03  0.433160D+01
  274.6561  0.850130D-03  0.846245D-03  0.326890D+00
  274.9983  0.928595D-03  0.929582D-03 -0.813859D-01
  275.3399  0.111402D-02  0.108342D-02  0.238092D+01
  275.6809  0.123869D-02  0.127218D-02 -0.258083D+01
  276.0213  0.151920D-02  0.150944D-02  0.725210D+00
  276.3611  0.164411D-02  0.167380D-02 -0.214718D+01
  276.7004  0.171627D-02  0.174661D-02 -0.210244D+01
  277.0392  0.176441D-02  0.178053D-02 -0.110756D+01
  277.3774  0.182493D-02  0.176881D-02  0.376200D+01
  277.7151  0.160482D-02  0.160211D-02  0.182939D+00
  278.0524  0.138034D-02  0.138537D-02 -0.345876D+00
  278.3892  0.129181D-02  0.126949D-02  0.153373D+01
  278.7255  0.116690D-02  0.115318D-02  0.958792D+00
  279.0614  0.924471D-03  0.942321D-03 -0.131413D+01
  279.3969  0.724127D-03  0.741487D-03 -0.133781D+01
   21 274.656 281.401 278.029  8.080D-03  0.000D+00  5.114D-03  1.275D+00 10300  1.575D-02
  274.6561  0.850130D-03  0.860583D-03 -0.879472D+00
  274.9983  0.928595D-03  0.930728D-03 -0.175927D+00
  275.3399  0.111402D-02  0.107771D-02  0.282487D+01
  275.6809  0.123869D-02  0.125694D-02 -0.140645D+01
  276.0213  0.151920D-02  0.149661D-02  0.167771D+01
  276.3611  0.164411D-02  0.166400D-02 -0.143850D+01
  276.7004  0.171627D-02  0.174098D-02 -0.171205D+01
  277.0392  0.176441D-02  0.177940D-02 -0.102979D+01
  277.3774  0.182493D-02  0.178045D-02  0.298217D+01
  277.7151  0.160482D-02  0.161554D-02 -0.724766D+00
  278.0524  0.138034D-02  0.138981D-02 -0.650714D+00
  278.3892  0.129181D-02  0.127244D-02  0.133127D+01
  278.7255  0.116690D-02  0.115539D-02  0.804388D+00
  279.0614  0.924471D-03  0.934146D-03 -0.712297D+00
  279.3969  0.724127D-03  0.721334D-03  0.215229D+00
  279.7319  0.614010D-03  0.620338D-03 -0.501711D+00
  280.0665  0.617769D-03  0.617441D-03  0.262830D-01
  280.4007  0.713697D-03  0.719191D-03 -0.435612D+00
  280.7345  0.959641D-03  0.967063D-03 -0.577375D+00
  281.0680  0.130794D-02  0.131640D-02 -0.612248D+00
  281.4010  0.171190D-02  0.170165D-02  0.722259D+00
   21 276.700 283.392 280.046  7.005D-03  0.000D+00  5.722D-03  8.654D-01 10300  8.825D-03
  276.7004  0.171627D-02  0.172271D-02 -0.446580D+00
  277.0392  0.176441D-02  0.177137D-02 -0.478050D+00
  277.3774  0.182493D-02  0.179325D-02  0.212391D+01
  277.7151  0.160482D-02  0.162356D-02 -0.126652D+01
  278.0524  0.138034D-02  0.138558D-02 -0.360206D+00
  278.3892  0.129181D-02  0.127830D-02  0.928621D+00
  278.7255  0.116690D-02  0.116844D-02 -0.107541D+00
  279.0614  0.924471D-03  0.935243D-03 -0.793064D+00
  279.3969  0.724127D-03  0.714389D-03  0.750401D+00
  279.7319  0.614010D-03  0.615373D-03 -0.108071D+00
  280.0665  0.617769D-03  0.612153D-03  0.449616D+00
  280.4007  0.713697D-03  0.710844D-03  0.226222D+00
  280.7345  0.959641D-03  0.963475D-03 -0.298307D+00
  281.0680  0.130794D-02  0.131920D-02 -0.814513D+00
  281.4010  0.171190D-02  0.171206D-02 -0.112052D-01
  281.7338  0.209513D-02  0.210749D-02 -0.815300D+00
  282.0661  0.241347D-02  0.241613D-02 -0.172408D+00
  282.3982  0.260739D-02  0.260712D-02  0.170346D-01
  282.7299  0.277681D-02  0.275194D-02  0.156543D+01
  283.0612  0.294465D-02  0.292931D-02  0.930098D+00
  283.3922  0.293750D-02  0.296008D-02 -0.140002D+01
   21 278.726 285.372 282.049  1.913D-02  0.000D+00  6.098D-03  1.366D+00 10000  8.777D-03
  278.7255  0.116690D-02  0.115837D-02  0.596265D+00
  279.0614  0.924471D-03  0.940089D-03 -0.114982D+01
  279.3969  0.724127D-03  0.717765D-03  0.490234D+00
  279.7319  0.614010D-03  0.620846D-03 -0.542012D+00
  280.0665  0.617769D-03  0.615887D-03  0.150739D+00
  280.4007  0.713697D-03  0.707305D-03  0.506844D+00
  280.7345  0.959641D-03  0.958913D-03  0.566042D-01
  281.0680  0.130794D-02  0.131702D-02 -0.656551D+00
  281.4010  0.171190D-02  0.170610D-02  0.409148D+00
  281.7338  0.209513D-02  0.210315D-02 -0.529392D+00
  282.0661  0.241347D-02  0.241074D-02  0.177449D+00
  282.3982  0.260739D-02  0.259973D-02  0.489355D+00
  282.7299  0.277681D-02  0.273960D-02  0.234229D+01
  283.0612  0.294465D-02  0.294129D-02  0.203992D+00
  283.3922  0.293750D-02  0.300184D-02 -0.398921D+01
  283.7230  0.290221D-02  0.293105D-02 -0.180200D+01
  284.0534  0.291409D-02  0.287701D-02  0.233417D+01
  284.3835  0.264850D-02  0.262665D-02  0.140756D+01
  284.7133  0.211235D-02  0.209730D-02  0.102573D+01
  285.0429  0.138410D-02  0.140241D-02 -0.134790D+01
  285.3721  0.116908D-02  0.117857D-02 -0.738315D+00
   21 280.735 287.342 284.038  4.157D-03  0.000D+00  6.457D-03  2.067D+00 10300  7.113D-03
  280.7345  0.959641D-03  0.973784D-03 -0.110021D+01
  281.0680  0.130794D-02  0.132355D-02 -0.112897D+01
  281.4010  0.171190D-02  0.170304D-02  0.624616D+00
  281.7338  0.209513D-02  0.209276D-02  0.156319D+00
  282.0661  0.241347D-02  0.239473D-02  0.121688D+01
  282.3982  0.260739D-02  0.258380D-02  0.150772D+01
  282.7299  0.277681D-02  0.273331D-02  0.273812D+01
  283.0612  0.294465D-02  0.295443D-02 -0.592537D+00
  283.3922  0.293750D-02  0.301615D-02 -0.487608D+01
  283.7230  0.290221D-02  0.295147D-02 -0.307718D+01
  284.0534  0.291409D-02  0.290424D-02  0.619885D+00
  284.3835  0.264850D-02  0.263672D-02  0.758823D+00
  284.7133  0.211235D-02  0.207984D-02  0.221551D+01
  285.0429  0.138410D-02  0.136121D-02  0.168555D+01
  285.3721  0.116908D-02  0.115413D-02  0.116298D+01
  285.7011  0.186519D-02  0.182010D-02  0.315092D+01
  286.0298  0.283720D-02  0.283435D-02  0.177181D+00
  286.3582  0.352458D-02  0.353159D-02 -0.401277D+00
  286.6863  0.375585D-02  0.377809D-02 -0.124712D+01
  287.0142  0.394346D-02  0.400435D-02 -0.343889D+01
  287.3418  0.428582D-02  0.422951D-02  0.290223D+01
   21 282.730 289.302 286.016  2.962D-03  0.000D+00  7.111D-03  2.707D+00 10300  7.415D-03
  282.7299  0.277681D-02  0.273378D-02  0.270857D+01
  283.0612  0.294465D-02  0.295159D-02 -0.420464D+00
  283.3922  0.293750D-02  0.300812D-02 -0.437840D+01
  283.7230  0.290221D-02  0.293980D-02 -0.234856D+01
  284.0534  0.291409D-02  0.289162D-02  0.141422D+01
  284.3835  0.264850D-02  0.262348D-02  0.161167D+01
  284.7133  0.211235D-02  0.206818D-02  0.301011D+01
  285.0429  0.138410D-02  0.135126D-02  0.241765D+01
  285.3721  0.116908D-02  0.114771D-02  0.166212D+01
  285.7011  0.186519D-02  0.181888D-02  0.323605D+01
  286.0298  0.283720D-02  0.283882D-02 -0.100336D+00
  286.3582  0.352458D-02  0.354301D-02 -0.105526D+01
  286.6863  0.375585D-02  0.379785D-02 -0.235584D+01
  287.0142  0.394346D-02  0.403947D-02 -0.542202D+01
  287.3418  0.428582D-02  0.428503D-02  0.410338D-01
  287.6691  0.402266D-02  0.396004D-02  0.322716D+01
  287.9961  0.325257D-02  0.326933D-02 -0.915352D+00
  288.3229  0.329574D-02  0.329030D-02  0.295292D+00
  288.6494  0.443984D-02  0.432451D-02  0.594367D+01
  288.9756  0.498678D-02  0.499989D-02 -0.675239D+00
  289.3016  0.541609D-02  0.546542D-02 -0.239253D+01
   21 284.713 291.252 287.982  1.575D-03  0.000D+00  7.884D-03  2.797D+00 10300  7.374D-03
  284.7133  0.211235D-02  0.210791D-02  0.302562D+00
  285.0429  0.138410D-02  0.135863D-02  0.187533D+01
  285.3721  0.116908D-02  0.114381D-02  0.196577D+01
  285.7011  0.186519D-02  0.183320D-02  0.223567D+01
  286.0298  0.283720D-02  0.286679D-02 -0.183430D+01
  286.3582  0.352458D-02  0.356424D-02 -0.227095D+01
  286.6863  0.375585D-02  0.379729D-02 -0.232434D+01
  287.0142  0.394346D-02  0.402849D-02 -0.480180D+01
  287.3418  0.428582D-02  0.427980D-02  0.310298D+00
  287.6691  0.402266D-02  0.394309D-02  0.410051D+01
  287.9961  0.325257D-02  0.322876D-02  0.130012D+01
  288.3229  0.329574D-02  0.324416D-02  0.279834D+01
  288.6494  0.443984D-02  0.431112D-02  0.663375D+01
  288.9756  0.498678D-02  0.497438D-02  0.639108D+00
  289.3016  0.541609D-02  0.542978D-02 -0.663768D+00
  289.6273  0.634627D-02  0.634699D-02 -0.331604D-01
  289.9527  0.744016D-02  0.747764D-02 -0.162673D+01
  290.2779  0.820297D-02  0.827558D-02 -0.299370D+01
  290.6027  0.841399D-02  0.848844D-02 -0.306948D+01
  290.9273  0.829150D-02  0.831750D-02 -0.107181D+01
  291.2516  0.850737D-02  0.839530D-02  0.462023D+01
   21 286.686 293.191 289.939  7.766D-03  0.000D+00  8.791D-03  3.038D+00 10300  1.046D-02
  286.6863  0.375585D-02  0.374653D-02  0.523222D+00
  287.0142  0.394346D-02  0.399627D-02 -0.298228D+01
  287.3418  0.428582D-02  0.430230D-02 -0.849491D+00
  287.6691  0.402266D-02  0.398337D-02  0.202456D+01
  287.9961  0.325257D-02  0.323913D-02  0.733700D+00
  288.3229  0.329574D-02  0.321524D-02  0.436692D+01
  288.6494  0.443984D-02  0.434610D-02  0.483113D+01
  288.9756  0.498678D-02  0.501005D-02 -0.119879D+01
  289.3016  0.541609D-02  0.543287D-02 -0.813671D+00
  289.6273  0.634627D-02  0.635194D-02 -0.260066D+00
  289.9527  0.744016D-02  0.749691D-02 -0.246324D+01
  290.2779  0.820297D-02  0.830172D-02 -0.407137D+01
  290.6027  0.841399D-02  0.851468D-02 -0.415168D+01
  290.9273  0.829150D-02  0.830979D-02 -0.754158D+00
  291.2516  0.850737D-02  0.840063D-02  0.440056D+01
  291.5756  0.854254D-02  0.838862D-02  0.634564D+01
  291.8993  0.833880D-02  0.829765D-02  0.169646D+01
  292.2227  0.826967D-02  0.824964D-02  0.825940D+00
  292.5458  0.769241D-02  0.775903D-02 -0.289147D+01
  292.8686  0.782460D-02  0.792355D-02 -0.429470D+01
  293.1910  0.922288D-02  0.917032D-02  0.206383D+01
   21 288.649 295.119 291.884  2.293D-03  0.000D+00  9.817D-03  2.698D+00 10300  9.456D-03
  288.6494  0.443984D-02  0.440187D-02  0.195690D+01
  288.9756  0.498678D-02  0.501587D-02 -0.149921D+01
  289.3016  0.541609D-02  0.540663D-02  0.459159D+00
  289.6273  0.634627D-02  0.632660D-02  0.900821D+00
  289.9527  0.744016D-02  0.747016D-02 -0.130216D+01
  290.2779  0.820297D-02  0.827153D-02 -0.282649D+01
  290.6027  0.841399D-02  0.848285D-02 -0.283917D+01
  290.9273  0.829150D-02  0.827169D-02  0.816909D+00
  291.2516  0.850737D-02  0.840126D-02  0.437482D+01
  291.5756  0.854254D-02  0.839820D-02  0.595069D+01
  291.8993  0.833880D-02  0.831902D-02  0.815231D+00
  292.2227  0.826967D-02  0.829215D-02 -0.926789D+00
  292.5458  0.769241D-02  0.777468D-02 -0.357053D+01
  292.8686  0.782460D-02  0.794417D-02 -0.518927D+01
  293.1910  0.922288D-02  0.925004D-02 -0.106634D+01
  293.5132  0.947877D-02  0.943425D-02  0.174835D+01
  293.8350  0.849403D-02  0.846265D-02  0.129362D+01
  294.1564  0.882389D-02  0.877027D-02  0.221098D+01
  294.4775  0.949939D-02  0.945925D-02  0.157604D+01
  294.7983  0.899974D-02  0.909758D-02 -0.403402D+01
  295.1187  0.957336D-02  0.953702D-02  0.142716D+01
   21 290.603 297.033 293.818  7.236D-03  0.000D+00  1.115D-02  2.510D+00 10300  6.546D-03
  290.6027  0.841399D-02  0.847889D-02 -0.267611D+01
  290.9273  0.829150D-02  0.828840D-02  0.127821D+00
  291.2516  0.850737D-02  0.842826D-02  0.326149D+01
  291.5756  0.854254D-02  0.843257D-02  0.453369D+01
  291.8993  0.833880D-02  0.834372D-02 -0.202924D+00
  292.2227  0.826967D-02  0.831717D-02 -0.195856D+01
  292.5458  0.769241D-02  0.778547D-02 -0.403892D+01
  292.8686  0.782460D-02  0.791988D-02 -0.413544D+01
  293.1910  0.922288D-02  0.922079D-02  0.821228D-01
  293.5132  0.947877D-02  0.942804D-02  0.199219D+01
  293.8350  0.849403D-02  0.844248D-02  0.212523D+01
  294.1564  0.882389D-02  0.873829D-02  0.352924D+01
  294.4775  0.949939D-02  0.945883D-02  0.159268D+01
  294.7983  0.899974D-02  0.912103D-02 -0.500085D+01
  295.1187  0.957336D-02  0.957464D-02 -0.501654D-01
  295.4386  0.105909D-01  0.106304D-01 -0.155389D+01
  295.7582  0.112700D-01  0.112338D-01  0.135577D+01
  296.0775  0.120692D-01  0.120567D-01  0.466832D+00
  296.3962  0.116217D-01  0.115798D-01  0.157117D+01
  296.7146  0.950181D-02  0.951967D-02 -0.701168D+00
  297.0326  0.924835D-02  0.926827D-02 -0.821182D+00
   21 292.546 298.930 295.738  1.294D-02  0.000D+00  1.284D-02  2.751D+00 10300  4.435D-03
  292.5458  0.769241D-02  0.767691D-02  0.672661D+00
  292.8686  0.782460D-02  0.785885D-02 -0.148663D+01
  293.1910  0.922288D-02  0.918994D-02  0.129371D+01
  293.5132  0.947877D-02  0.946716D-02  0.456045D+00
  293.8350  0.849403D-02  0.850611D-02 -0.498150D+00
  294.1564  0.882389D-02  0.877636D-02  0.195975D+01
  294.4775  0.949939D-02  0.949890D-02  0.192361D-01
  294.7983  0.899974D-02  0.916913D-02 -0.698396D+01
  295.1187  0.957336D-02  0.957452D-02 -0.452419D-01
  295.4386  0.105909D-01  0.106145D-01 -0.927988D+00
  295.7582  0.112700D-01  0.111982D-01  0.268902D+01
  296.0775  0.120692D-01  0.119924D-01  0.287616D+01
  296.3962  0.116217D-01  0.115379D-01  0.313975D+01
  296.7146  0.950181D-02  0.950099D-02  0.322917D-01
  297.0326  0.924835D-02  0.920429D-02  0.181657D+01
  297.3501  0.109159D-01  0.109513D-01 -0.132866D+01
  297.6671  0.136773D-01  0.138096D-01 -0.454558D+01
  297.9837  0.138264D-01  0.138997D-01 -0.251624D+01
  298.2997  0.108188D-01  0.107924D-01  0.989969D+00
  298.6153  0.103374D-01  0.990725D-02  0.492621D+01
  298.9304  0.129763D-01  0.126058D-01  0.424333D+01
   21 294.478 300.809 297.643  1.552D-02  0.000D+00  1.534D-02  4.639D+00 10300  7.721D-03
  294.4775  0.949939D-02  0.949794D-02  0.567198D-01
  294.7983  0.899974D-02  0.912856D-02 -0.531130D+01
  295.1187  0.957336D-02  0.951024D-02  0.247845D+01
  295.4386  0.105909D-01  0.105649D-01  0.101754D+01
  295.7582  0.112700D-01  0.111611D-01  0.408039D+01
  296.0775  0.120692D-01  0.119947D-01  0.279143D+01
  296.3962  0.116217D-01  0.115929D-01  0.107807D+01
  296.7146  0.950181D-02  0.955060D-02 -0.191575D+01
  297.0326  0.924835D-02  0.924731D-02  0.428524D-01
  297.3501  0.109159D-01  0.109913D-01 -0.282677D+01
  297.6671  0.136773D-01  0.138672D-01 -0.652699D+01
  297.9837  0.138264D-01  0.139484D-01 -0.418890D+01
  298.2997  0.108188D-01  0.107531D-01  0.246478D+01
  298.6153  0.103374D-01  0.975617D-02  0.665646D+01
  298.9304  0.129763D-01  0.123075D-01  0.765946D+01
  299.2449  0.148245D-01  0.139348D-01  0.100496D+02
  299.5589  0.145589D-01  0.138099D-01  0.846027D+01
  299.8723  0.139720D-01  0.139429D-01  0.327825D+00
  300.1852  0.120862D-01  0.122790D-01 -0.217853D+01
  300.4974  0.130369D-01  0.133697D-01 -0.370784D+01
  300.8090  0.149106D-01  0.153061D-01 -0.434841D+01
   21 296.396 302.665 299.531  2.210D-02  0.000D+00  1.790D-02  7.961D+00 10000  1.387D-02
  296.3962  0.116217D-01  0.113958D-01  0.846479D+01
  296.7146  0.950181D-02  0.962349D-02 -0.477765D+01
  297.0326  0.924835D-02  0.933419D-02 -0.353921D+01
  297.3501  0.109159D-01  0.110537D-01 -0.516509D+01
  297.6671  0.136773D-01  0.138307D-01 -0.527017D+01
  297.9837  0.138264D-01  0.138877D-01 -0.210594D+01
  298.2997  0.108188D-01  0.107166D-01  0.383225D+01
  298.6153  0.103374D-01  0.958565D-02  0.860933D+01
  298.9304  0.129763D-01  0.118825D-01  0.125272D+02
  299.2449  0.148245D-01  0.134589D-01  0.154257D+02
  299.5589  0.145589D-01  0.133873D-01  0.132340D+02
  299.8723  0.139720D-01  0.135519D-01  0.474465D+01
  300.1852  0.120862D-01  0.121621D-01 -0.857564D+00
  300.4974  0.130369D-01  0.133478D-01 -0.346331D+01
  300.8090  0.149106D-01  0.156638D-01 -0.828026D+01
  301.1200  0.173070D-01  0.180101D-01 -0.762880D+01
  301.4304  0.193092D-01  0.202635D-01 -0.103530D+02
  301.7400  0.182457D-01  0.192001D-01 -0.103558D+02
  302.0490  0.166570D-01  0.167002D-01 -0.468452D+00
  302.3573  0.207451D-01  0.200521D-01  0.742102D+01
  302.6649  0.279039D-01  0.270661D-01  0.863590D+01
   21 298.300 304.494 301.397 -3.770D-02  0.000D+00  2.346D-02  6.008D+00 10000  1.785D-02
  298.2997  0.108188D-01  0.109078D-01 -0.333233D+01
  298.6153  0.103374D-01  0.104362D-01 -0.113137D+01
  298.9304  0.129763D-01  0.127664D-01  0.240405D+01
  299.2449  0.148245D-01  0.137899D-01  0.116866D+02
  299.5589  0.145589D-01  0.137303D-01  0.935995D+01
  299.8723  0.139720D-01  0.133953D-01  0.651331D+01
  300.1852  0.120862D-01  0.122526D-01 -0.187949D+01
  300.4974  0.130369D-01  0.137271D-01 -0.769082D+01
  300.8090  0.149106D-01  0.158107D-01 -0.989585D+01
  301.1200  0.173070D-01  0.181433D-01 -0.907374D+01
  301.4304  0.193092D-01  0.197102D-01 -0.435067D+01
  301.7400  0.182457D-01  0.181141D-01  0.142788D+01
  302.0490  0.166570D-01  0.166511D-01  0.639778D-01
  302.3573  0.207451D-01  0.208235D-01 -0.839867D+00
  302.6649  0.279039D-01  0.277005D-01  0.209709D+01
  302.9717  0.349342D-01  0.340288D-01  0.910395D+01
  303.2777  0.398627D-01  0.392648D-01  0.616305D+01
  303.5830  0.417667D-01  0.416287D-01  0.142305D+01
  303.8874  0.411240D-01  0.414456D-01 -0.331452D+01
  304.1910  0.447137D-01  0.455083D-01 -0.819059D+01
  304.4937  0.528633D-01  0.526859D-01  0.182825D+01
   21 300.185 306.291 303.238 -2.010D-02  0.000D+00  3.813D-02  1.274D+01 10000  2.679D-02
  300.1852  0.120862D-01  0.125033D-01 -0.471208D+01
  300.4974  0.130369D-01  0.133490D-01 -0.347747D+01
  300.8090  0.149106D-01  0.150738D-01 -0.179422D+01
  301.1200  0.173070D-01  0.171387D-01  0.182604D+01
  301.4304  0.193092D-01  0.188005D-01  0.551959D+01
  301.7400  0.182457D-01  0.175995D-01  0.701061D+01
  302.0490  0.166570D-01  0.161861D-01  0.510890D+01
  302.3573  0.207451D-01  0.202732D-01  0.505321D+01
  302.6649  0.279039D-01  0.274467D-01  0.471219D+01
  302.9717  0.349342D-01  0.343087D-01  0.628987D+01
  303.2777  0.398627D-01  0.400882D-01 -0.232402D+01
  303.5830  0.417667D-01  0.430597D-01 -0.133265D+02
  303.8874  0.411240D-01  0.429344D-01 -0.186605D+02
  304.1910  0.447137D-01  0.468025D-01 -0.215295D+02
  304.4937  0.528633D-01  0.540836D-01 -0.125781D+02
  304.7956  0.618012D-01  0.596909D-01  0.193347D+02
  305.0966  0.719033D-01  0.683568D-01  0.324932D+02
  305.3966  0.748260D-01  0.734087D-01  0.129855D+02
  305.6957  0.681802D-01  0.679673D-01  0.175527D+01
  305.9937  0.689079D-01  0.694921D-01 -0.481724D+01
  306.2909  0.788402D-01  0.815002D-01 -0.199401D+02
   21 302.049 308.051 305.050 -2.454D-02  0.000D+00  6.495D-02  2.521D+01 10000  4.838D-02
  302.0490  0.166570D-01  0.158540D-01  0.871190D+01
  302.3573  0.207451D-01  0.205759D-01  0.181175D+01
  302.6649  0.279039D-01  0.280820D-01 -0.183571D+01
  302.9717  0.349342D-01  0.348961D-01  0.382805D+00
  303.2777  0.398627D-01  0.403901D-01 -0.543603D+01
  303.5830  0.417667D-01  0.429014D-01 -0.116953D+02
  303.8874  0.411240D-01  0.420910D-01 -0.996758D+01
  304.1910  0.447137D-01  0.457567D-01 -0.107506D+02
  304.4937  0.528633D-01  0.530041D-01 -0.145094D+01
  304.7956  0.618012D-01  0.582774D-01  0.322850D+02
  305.0966  0.719033D-01  0.675935D-01  0.394863D+02
  305.3966  0.748260D-01  0.734529D-01  0.125805D+02
  305.6957  0.681802D-01  0.682960D-01 -0.954768D+00
  305.9937  0.689079D-01  0.713440D-01 -0.200876D+02
  306.2909  0.788402D-01  0.865140D-01 -0.575244D+02
  306.5869  0.883481D-01  0.945080D-01 -0.423279D+02
  306.8819  0.107582D+00  0.107780D+00 -0.135762D+01
  307.1758  0.133729D+00  0.128913D+00  0.283670D+02
  307.4686  0.152369D+00  0.143591D+00  0.482529D+02
  307.7603  0.161525D+00  0.158256D+00  0.168452D+02
  308.0508  0.166764D+00  0.173912D+00 -0.346714D+02
   21 303.887 309.768 306.827 -8.547D-02  0.000D+00  1.124D-01  3.318D+01 10000  6.078D-02
  303.8874  0.411240D-01  0.405219D-01  0.620581D+01
  304.1910  0.447137D-01  0.462893D-01 -0.162405D+02
  304.4937  0.528633D-01  0.538695D-01 -0.103712D+02
  304.7956  0.618012D-01  0.598088D-01  0.182540D+02
  305.0966  0.719033D-01  0.696854D-01  0.203204D+02
  305.3966  0.748260D-01  0.727672D-01  0.188630D+02
  305.6957  0.681802D-01  0.671922D-01  0.814664D+01
  305.9937  0.689079D-01  0.732494D-01 -0.357994D+02
  306.2909  0.788402D-01  0.868227D-01 -0.598383D+02
  306.5869  0.883481D-01  0.934299D-01 -0.349197D+02
  306.8819  0.107582D+00  0.108124D+00 -0.372338D+01
  307.1758  0.133729D+00  0.126823D+00  0.406722D+02
  307.4686  0.152369D+00  0.139326D+00  0.716955D+02
  307.7603  0.161525D+00  0.153316D+00  0.423043D+02
  308.0508  0.166764D+00  0.167350D+00 -0.284483D+01
  308.3401  0.177412D+00  0.185610D+00 -0.355818D+02
  308.6282  0.192365D+00  0.201671D+00 -0.365433D+02
  308.9150  0.187938D+00  0.196297D+00 -0.299655D+02
  309.2005  0.180577D+00  0.188088D+00 -0.247734D+02
  309.4847  0.203607D+00  0.198828D+00  0.135893D+02
  309.7676  0.230154D+00  0.209922D+00  0.505525D+02
   15 305.696 309.768 307.732 -7.100D-02  0.000D+00  1.488D-01  3.643D+01 10300  1.035D-01
  305.6957  0.681802D-01  0.631844D-01  0.411942D+02
  305.9937  0.689079D-01  0.705709D-01 -0.137128D+02
  306.2909  0.788402D-01  0.858855D-01 -0.528132D+02
  306.5869  0.883481D-01  0.935923D-01 -0.360354D+02
  306.8819  0.107582D+00  0.108419D+00 -0.574821D+01
  307.1758  0.133729D+00  0.127842D+00  0.346696D+02
  307.4686  0.152369D+00  0.140488D+00  0.653090D+02
  307.7603  0.161525D+00  0.154087D+00  0.383334D+02
  308.0508  0.166764D+00  0.167715D+00 -0.461154D+01
  308.3401  0.177412D+00  0.185148D+00 -0.335753D+02
  308.6282  0.192365D+00  0.201595D+00 -0.362440D+02
  308.9150  0.187938D+00  0.196700D+00 -0.314128D+02
  309.2005  0.180577D+00  0.187537D+00 -0.229560D+02
  309.4847  0.203607D+00  0.197610D+00  0.170510D+02
  309.7676  0.230154D+00  0.209357D+00  0.519642D+02
   21 310.001 313.161 311.581 -8.917D-02  0.000D+00  4.375D-01  2.383D+01 10300  3.861D-02
  310.0006  0.315179D+00  0.293505D+00  0.236215D+02
  310.1593  0.301754D+00  0.323314D+00 -0.247709D+02
  310.3179  0.349918D+00  0.386076D+00 -0.446190D+02
  310.4765  0.441813D+00  0.453426D+00 -0.145621D+02
  310.6350  0.518446D+00  0.503029D+00  0.199763D+02
  310.7934  0.558406D+00  0.531944D+00  0.363037D+02
  310.9518  0.567744D+00  0.543674D+00  0.350866D+02
  311.1100  0.555859D+00  0.545756D+00  0.147264D+02
  311.2682  0.534212D+00  0.543639D+00 -0.137411D+02
  311.4264  0.516203D+00  0.532912D+00 -0.243562D+02
  311.5844  0.495525D+00  0.509831D+00 -0.222434D+02
  311.7424  0.472665D+00  0.482366D+00 -0.161605D+02
  311.9003  0.458052D+00  0.464885D+00 -0.113839D+02
  312.0581  0.458779D+00  0.470862D+00 -0.201292D+02
  312.2159  0.493039D+00  0.499349D+00 -0.105121D+02
  312.3736  0.543610D+00  0.534182D+00  0.157074D+02
  312.5312  0.584904D+00  0.563499D+00  0.332824D+02
  312.6888  0.607340D+00  0.590193D+00  0.249940D+02
  312.8463  0.626198D+00  0.618682D+00  0.109560D+02
  313.0037  0.647906D+00  0.645244D+00  0.388051D+01
  313.1610  0.646633D+00  0.669313D+00 -0.330597D+02
   21 310.952 314.103 312.528  3.962D-02  0.000D+00  5.082D-01  4.329D+01 10304  6.579D-02
  310.9518  0.567744D+00  0.543557D+00  0.352564D+02
  311.1100  0.555859D+00  0.542283D+00  0.197901D+02
  311.2682  0.534212D+00  0.538323D+00 -0.599335D+01
  311.4264  0.516203D+00  0.534858D+00 -0.271939D+02
  311.5844  0.495525D+00  0.523940D+00 -0.441807D+02
  311.7424  0.472665D+00  0.501093D+00 -0.473581D+02
  311.9003  0.458052D+00  0.475795D+00 -0.295589D+02
  312.0581  0.458779D+00  0.464113D+00 -0.888533D+01
  312.2159  0.493039D+00  0.478810D+00  0.237048D+02
  312.3736  0.543610D+00  0.515413D+00  0.469746D+02
  312.5312  0.584904D+00  0.552832D+00  0.498678D+02
  312.6888  0.607340D+00  0.578343D+00  0.422671D+02
  312.8463  0.626198D+00  0.600506D+00  0.374507D+02
  313.0037  0.647906D+00  0.622024D+00  0.377271D+02
  313.1610  0.646633D+00  0.634962D+00  0.170125D+02
  313.3182  0.621953D+00  0.640673D+00 -0.272874D+02
  313.4754  0.604490D+00  0.653261D+00 -0.710915D+02
  313.6326  0.629715D+00  0.685916D+00 -0.819221D+02
  313.7896  0.701024D+00  0.736512D+00 -0.517294D+02
  313.9466  0.782338D+00  0.777561D+00  0.696312D+01
  314.1035  0.829756D+00  0.774836D+00  0.800549D+02
   21 311.900 315.043 313.472  4.835D-02  0.000D+00  5.808D-01  3.312D+01 10000  2.143D-02
  311.9003  0.458052D+00  0.462892D+00 -0.806302D+01
  312.0581  0.458779D+00  0.468382D+00 -0.159972D+02
  312.2159  0.493039D+00  0.493429D+00 -0.650071D+00
  312.3736  0.543610D+00  0.537774D+00  0.972342D+01
  312.5312  0.584904D+00  0.578011D+00  0.107173D+02
  312.6888  0.607340D+00  0.598337D+00  0.131232D+02
  312.8463  0.626198D+00  0.612775D+00  0.195664D+02
  313.0037  0.647906D+00  0.627021D+00  0.304439D+02
  313.1610  0.646633D+00  0.631821D+00  0.215898D+02
  313.3182  0.621953D+00  0.629360D+00 -0.107959D+02
  313.4754  0.604490D+00  0.635334D+00 -0.449602D+02
  313.6326  0.629715D+00  0.666307D+00 -0.533389D+02
  313.7896  0.701024D+00  0.724457D+00 -0.341579D+02
  313.9466  0.782338D+00  0.785827D+00 -0.508480D+01
  314.1035  0.829756D+00  0.813934D+00  0.230632D+02
  314.2603  0.785431D+00  0.781732D+00  0.539109D+01
  314.4171  0.698720D+00  0.700959D+00 -0.326374D+01
  314.5737  0.671858D+00  0.653575D+00  0.266501D+02
  314.7303  0.763177D+00  0.714969D+00  0.702703D+02
  314.8869  0.892879D+00  0.861870D+00  0.452010D+02
  315.0434  0.963946D+00  0.101761D+01 -0.782304D+02
   21 312.846 315.981 314.413 -2.260D-02  0.000D+00  7.018D-01  4.044D+01 10300  2.037D-02
  312.8463  0.626198D+00  0.644513D+00 -0.266970D+02
  313.0037  0.647906D+00  0.627730D+00  0.294103D+02
  313.1610  0.646633D+00  0.611936D+00  0.505759D+02
  313.3182  0.621953D+00  0.605198D+00  0.244234D+02
  313.4754  0.604490D+00  0.621477D+00 -0.247608D+02
  313.6326  0.629715D+00  0.670910D+00 -0.600482D+02
  313.7896  0.701024D+00  0.742472D+00 -0.604171D+02
  313.9466  0.782338D+00  0.802388D+00 -0.292265D+02
  314.1035  0.829756D+00  0.812978D+00  0.244576D+02
  314.2603  0.785431D+00  0.755177D+00  0.441000D+02
  314.4171  0.698720D+00  0.673910D+00  0.361648D+02
  314.5737  0.671858D+00  0.661305D+00  0.153815D+02
  314.7303  0.763177D+00  0.747465D+00  0.229022D+02
  314.8869  0.892879D+00  0.865150D+00  0.404200D+02
  315.0434  0.963946D+00  0.947488D+00  0.239897D+02
  315.1998  0.976013D+00  0.978380D+00 -0.345019D+01
  315.3561  0.936114D+00  0.965595D+00 -0.429739D+02
  315.5124  0.863046D+00  0.905188D+00 -0.614283D+02
  315.6685  0.759963D+00  0.791118D+00 -0.454133D+02
  315.8246  0.668038D+00  0.663392D+00  0.677204D+01
  315.9807  0.637416D+00  0.582850D+00  0.795393D+02
   21 313.790 316.915 315.353 -6.022D-02  0.000D+00  8.004D-01  3.614D+01 10300  1.569D-02
  313.7896  0.701024D+00  0.713255D+00 -0.178281D+02
  313.9466  0.782338D+00  0.799105D+00 -0.244400D+02
  314.1035  0.829756D+00  0.814539D+00  0.221825D+02
  314.2603  0.785431D+00  0.752535D+00  0.479514D+02
  314.4171  0.698720D+00  0.679926D+00  0.273955D+02
  314.5737  0.671858D+00  0.688444D+00 -0.241773D+02
  314.7303  0.763177D+00  0.781886D+00 -0.272714D+02
  314.8869  0.892879D+00  0.885664D+00  0.105175D+02
  315.0434  0.963946D+00  0.947860D+00  0.234474D+02
  315.1998  0.976013D+00  0.964853D+00  0.162665D+02
  315.3561  0.936114D+00  0.945722D+00 -0.140059D+02
  315.5124  0.863046D+00  0.884892D+00 -0.318438D+02
  315.6685  0.759963D+00  0.783584D+00 -0.344310D+02
  315.8246  0.668038D+00  0.689099D+00 -0.307012D+02
  315.9807  0.637416D+00  0.661272D+00 -0.347743D+02
  316.1367  0.706360D+00  0.717349D+00 -0.160178D+02
  316.2926  0.836063D+00  0.820747D+00  0.223254D+02
  316.4484  0.963340D+00  0.923020D+00  0.587718D+02
  316.6042  0.106248D+01  0.101031D+01  0.715800D+02
  316.7599  0.112184D+01  0.110646D+01  0.211030D+02
  316.9155  0.118151D+01  0.124322D+01 -0.799618D+02
   21 314.730 317.848 316.289 -7.491D-02  0.000D+00  8.780D-01  3.660D+01 10300  2.501D-02
  314.7303  0.763177D+00  0.783511D+00 -0.296401D+02
  314.8869  0.892879D+00  0.885540D+00  0.106986D+02
  315.0434  0.963946D+00  0.939750D+00  0.352693D+02
  315.1998  0.976013D+00  0.954092D+00  0.319535D+02
  315.3561  0.936114D+00  0.941599D+00 -0.799616D+01
  315.5124  0.863046D+00  0.884849D+00 -0.317815D+02
  315.6685  0.759963D+00  0.778838D+00 -0.275137D+02
  315.8246  0.668038D+00  0.679646D+00 -0.169209D+02
  315.9807  0.637416D+00  0.661217D+00 -0.346936D+02
  316.1367  0.706360D+00  0.734159D+00 -0.405217D+02
  316.2926  0.836063D+00  0.848547D+00 -0.181974D+02
  316.4484  0.963340D+00  0.941898D+00  0.312550D+02
  316.6042  0.106248D+01  0.100540D+01  0.783067D+02
  316.7599  0.112184D+01  0.107000D+01  0.711297D+02
  316.9155  0.118151D+01  0.116705D+01  0.187426D+02
  317.0710  0.126416D+01  0.129337D+01 -0.378499D+02
  317.2265  0.135239D+01  0.138092D+01 -0.369706D+02
  317.3819  0.138101D+01  0.139448D+01 -0.174557D+02
  317.5372  0.134541D+01  0.136893D+01 -0.304673D+02
  317.6925  0.127435D+01  0.128341D+01 -0.117444D+02
  317.8477  0.115447D+01  0.111294D+01  0.538025D+02
   21 315.669 318.777 317.223 -4.387D-02  0.000D+00  9.521D-01  3.449D+01   300  1.596D-02
  315.6685  0.759963D+00  0.755711D+00  0.619900D+01
  315.8246  0.668038D+00  0.667983D+00  0.792596D-01
  315.9807  0.637416D+00  0.645419D+00 -0.116662D+02
  316.1367  0.706360D+00  0.723668D+00 -0.252290D+02
  316.2926  0.836063D+00  0.858031D+00 -0.320227D+02
  316.4484  0.963340D+00  0.966066D+00 -0.397452D+01
  316.6042  0.106248D+01  0.102454D+01  0.520521D+02
  316.7599  0.112184D+01  0.107511D+01  0.641221D+02
  316.9155  0.118151D+01  0.115169D+01  0.386355D+02
  317.0710  0.126416D+01  0.127966D+01 -0.200804D+02
  317.2265  0.135239D+01  0.138158D+01 -0.378260D+02
  317.3819  0.138101D+01  0.139063D+01 -0.124680D+02
  317.5372  0.134541D+01  0.136903D+01 -0.306016D+02
  317.6925  0.127435D+01  0.131935D+01 -0.583144D+02
  317.8477  0.115447D+01  0.116074D+01 -0.812407D+01
  318.0028  0.101725D+01  0.979443D+00  0.518628D+02
  318.1578  0.956791D+00  0.926353D+00  0.443679D+02
  318.3128  0.102834D+01  0.100263D+01  0.333119D+02
  318.4677  0.117248D+01  0.115006D+01  0.290420D+02
  318.6226  0.132595D+01  0.132586D+01  0.113828D+00
  318.7773  0.148930D+01  0.152579D+01 -0.425440D+02
   21 316.604 319.704 318.154 -2.737D-02  0.000D+00  1.079D+00  4.433D+01 10300  1.296D-02
  316.6042  0.106248D+01  0.112690D+01 -0.883754D+02
  316.7599  0.112184D+01  0.111157D+01  0.141015D+02
  316.9155  0.118151D+01  0.113731D+01  0.572770D+02
  317.0710  0.126416D+01  0.123096D+01  0.430195D+02
  317.2265  0.135239D+01  0.132635D+01  0.337328D+02
  317.3819  0.138101D+01  0.134909D+01  0.413544D+02
  317.5372  0.134541D+01  0.134628D+01 -0.111672D+01
  317.6925  0.127435D+01  0.132736D+01 -0.686908D+02
  317.8477  0.115447D+01  0.120302D+01 -0.629097D+02
  318.0028  0.101725D+01  0.102977D+01 -0.171807D+02
  318.1578  0.956791D+00  0.968094D+00 -0.164763D+02
  318.3128  0.102834D+01  0.103822D+01 -0.127932D+02
  318.4677  0.117248D+01  0.117793D+01 -0.706452D+01
  318.6226  0.132595D+01  0.133241D+01 -0.792926D+01
  318.7773  0.148930D+01  0.148486D+01  0.518303D+01
  318.9320  0.161119D+01  0.159276D+01  0.214870D+02
  319.0867  0.156559D+01  0.151855D+01  0.548473D+02
  319.2412  0.137318D+01  0.130698D+01  0.812651D+02
  319.3957  0.120904D+01  0.121776D+01 -0.107006D+02
  319.5501  0.121062D+01  0.127119D+01 -0.743477D+02
  319.7045  0.133147D+01  0.133474D+01 -0.382044D+01
   21 317.537 320.629 319.083 -7.825D-03  0.000D+00  1.189D+00  7.399D+01   300  2.361D-02
  317.5372  0.134541D+01  0.123159D+01  0.147479D+03
  317.6925  0.127435D+01  0.130347D+01 -0.377321D+02
  317.8477  0.115447D+01  0.124413D+01 -0.116170D+03
  318.0028  0.101725D+01  0.108630D+01 -0.947307D+02
  318.1578  0.956791D+00  0.100628D+01 -0.721360D+02
  318.3128  0.102834D+01  0.105669D+01 -0.367288D+02
  318.4677  0.117248D+01  0.117873D+01 -0.809877D+01
  318.6226  0.132595D+01  0.131399D+01  0.146799D+02
  318.7773  0.148930D+01  0.144256D+01  0.545117D+02
  318.9320  0.161119D+01  0.153643D+01  0.871685D+02
  319.0867  0.156559D+01  0.147800D+01  0.102138D+03
  319.2412  0.137318D+01  0.127922D+01  0.115345D+03
  319.3957  0.120904D+01  0.118088D+01  0.345635D+02
  319.5501  0.121062D+01  0.124830D+01 -0.462542D+02
  319.7045  0.133147D+01  0.136478D+01 -0.388477D+02
  319.8588  0.143006D+01  0.148715D+01 -0.665680D+02
  320.0130  0.148542D+01  0.155636D+01 -0.827190D+02
  320.1671  0.152817D+01  0.158583D+01 -0.672415D+02
  320.3212  0.163738D+01  0.166060D+01 -0.257832D+02
  320.4752  0.180037D+01  0.176762D+01  0.363693D+02
  320.6291  0.191170D+01  0.184144D+01  0.744843D+02
   21 318.468 321.551 320.009  7.035D-02  0.000D+00  1.180D+00  4.814D+01 10300  1.607D-02
  318.4677  0.117248D+01  0.123732D+01 -0.840142D+02
  318.6226  0.132595D+01  0.133635D+01 -0.127669D+02
  318.7773  0.148930D+01  0.144147D+01  0.557786D+02
  318.9320  0.161119D+01  0.152857D+01  0.963435D+02
  319.0867  0.156559D+01  0.152913D+01  0.425145D+02
  319.2412  0.137318D+01  0.139133D+01 -0.222777D+02
  319.3957  0.120904D+01  0.123902D+01 -0.367979D+02
  319.5501  0.121062D+01  0.122417D+01 -0.166365D+02
  319.7045  0.133147D+01  0.131647D+01  0.174857D+02
  319.8588  0.143006D+01  0.144065D+01 -0.123472D+02
  320.0130  0.148542D+01  0.154511D+01 -0.695984D+02
  320.1671  0.152817D+01  0.160256D+01 -0.867460D+02
  320.3212  0.163738D+01  0.166089D+01 -0.261113D+02
  320.4752  0.180037D+01  0.175468D+01  0.507406D+02
  320.6291  0.191170D+01  0.184195D+01  0.739411D+02
  320.7830  0.191049D+01  0.186278D+01  0.505772D+02
  320.9368  0.178885D+01  0.178272D+01  0.649493D+01
  321.0905  0.162046D+01  0.162954D+01 -0.105823D+02
  321.2441  0.148573D+01  0.149630D+01 -0.123301D+02
  321.3977  0.145990D+01  0.146136D+01 -0.170380D+01
  321.5512  0.153236D+01  0.155502D+01 -0.264291D+02
   21 319.396 322.471 320.933  3.511D-02  0.000D+00  1.348D+00  4.914D+01 10300  2.187D-02
  319.3957  0.120904D+01  0.121039D+01 -0.166193D+01
  319.5501  0.121062D+01  0.121636D+01 -0.705008D+01
  319.7045  0.133147D+01  0.128998D+01  0.483832D+02
  319.8588  0.143006D+01  0.139755D+01  0.379194D+02
  320.0130  0.148542D+01  0.150527D+01 -0.231403D+02
  320.1671  0.152817D+01  0.160496D+01 -0.895458D+02
  320.3212  0.163738D+01  0.170122D+01 -0.708983D+02
  320.4752  0.180037D+01  0.179101D+01  0.103940D+02
  320.6291  0.191170D+01  0.184843D+01  0.670744D+02
  320.7830  0.191049D+01  0.183967D+01  0.750789D+02
  320.9368  0.178885D+01  0.175770D+01  0.330256D+02
  321.0905  0.162046D+01  0.163388D+01 -0.156462D+02
  321.2441  0.148573D+01  0.152812D+01 -0.494361D+02
  321.3977  0.145990D+01  0.148708D+01 -0.316971D+02
  321.5512  0.153236D+01  0.152637D+01  0.698235D+01
  321.7047  0.166109D+01  0.162072D+01  0.448376D+02
  321.8580  0.176029D+01  0.172145D+01  0.411811D+02
  322.0113  0.175459D+01  0.176946D+01 -0.157602D+02
  322.1646  0.166139D+01  0.173259D+01 -0.790734D+02
  322.3177  0.157844D+01  0.161707D+01 -0.450521D+02
  322.4708  0.152138D+01  0.145504D+01  0.773671D+02
   21 320.321 323.388 321.855 -4.425D-02  0.000D+00  1.351D+00  4.933D+01   300  2.578D-02
  320.3212  0.163738D+01  0.165176D+01 -0.159672D+02
  320.4752  0.180037D+01  0.180798D+01 -0.845086D+01
  320.6291  0.191170D+01  0.188181D+01  0.316842D+02
  320.7830  0.191049D+01  0.186094D+01  0.525261D+02
  320.9368  0.178885D+01  0.176319D+01  0.272084D+02
  321.0905  0.162046D+01  0.164270D+01 -0.259307D+02
  321.2441  0.148573D+01  0.155418D+01 -0.798256D+02
  321.3977  0.145990D+01  0.152989D+01 -0.816276D+02
  321.5512  0.153236D+01  0.156768D+01 -0.411882D+02
  321.7047  0.166109D+01  0.163569D+01  0.282096D+02
  321.8580  0.176029D+01  0.169025D+01  0.742520D+02
  322.0113  0.175459D+01  0.169958D+01  0.583215D+02
  322.1646  0.166139D+01  0.165604D+01  0.594125D+01
  322.3177  0.157844D+01  0.157802D+01  0.490054D+00
  322.4708  0.152138D+01  0.149008D+01  0.364998D+02
  322.6238  0.143425D+01  0.141376D+01  0.238851D+02
  322.7768  0.131782D+01  0.137294D+01 -0.642775D+02
  322.9297  0.129654D+01  0.138492D+01 -0.103068D+03
  323.0825  0.144116D+01  0.145448D+01 -0.147920D+02
  323.2352  0.162689D+01  0.156719D+01  0.632937D+02
  323.3879  0.171942D+01  0.170508D+01  0.152023D+02
   21 321.244 324.303 322.773 -9.189D-02  0.000D+00  1.354D+00  4.713D+01   300  2.503D-02
  321.2441  0.148573D+01  0.151453D+01 -0.335856D+02
  321.3977  0.145990D+01  0.147505D+01 -0.176682D+02
  321.5512  0.153236D+01  0.153399D+01 -0.189956D+01
  321.7047  0.166109D+01  0.163400D+01  0.300842D+02
  321.8580  0.176029D+01  0.171578D+01  0.471860D+02
  322.0113  0.175459D+01  0.172218D+01  0.343606D+02
  322.1646  0.166139D+01  0.165976D+01  0.181772D+01
  322.3177  0.157844D+01  0.158251D+01 -0.474344D+01
  322.4708  0.152138D+01  0.150858D+01  0.149315D+02
  322.6238  0.143425D+01  0.142756D+01  0.779874D+01
  322.7768  0.131782D+01  0.137474D+01 -0.663754D+02
  322.9297  0.129654D+01  0.140613D+01 -0.127802D+03
  323.0825  0.144116D+01  0.151018D+01 -0.766576D+02
  323.2352  0.162689D+01  0.160530D+01  0.228842D+02
  323.3879  0.171942D+01  0.164168D+01  0.824145D+02
  323.5405  0.173222D+01  0.167510D+01  0.605509D+02
  323.6931  0.178976D+01  0.176271D+01  0.286767D+02
  323.8455  0.191037D+01  0.189102D+01  0.196180D+02
  323.9979  0.203292D+01  0.202145D+01  0.116234D+02
  324.1503  0.210422D+01  0.211542D+01 -0.108794D+02
  324.3026  0.212436D+01  0.216443D+01 -0.389468D+02
   21 322.165 325.215 323.690 -6.677D-02  0.000D+00  1.546D+00  4.663D+01 10300  2.327D-02
  322.1646  0.166139D+01  0.163687D+01  0.272382D+02
  322.3177  0.157844D+01  0.156306D+01  0.179404D+02
  322.4708  0.152138D+01  0.152786D+01 -0.755547D+01
  322.6238  0.143425D+01  0.143881D+01 -0.531925D+01
  322.7768  0.131782D+01  0.134888D+01 -0.362211D+02
  322.9297  0.129654D+01  0.135635D+01 -0.697451D+02
  323.0825  0.144116D+01  0.150927D+01 -0.756469D+02
  323.2352  0.162689D+01  0.165831D+01 -0.333118D+02
  323.3879  0.171942D+01  0.166102D+01  0.619146D+02
  323.5405  0.173222D+01  0.164486D+01  0.926131D+02
  323.6931  0.178976D+01  0.173151D+01  0.617528D+02
  323.8455  0.191037D+01  0.186989D+01  0.410409D+02
  323.9979  0.203292D+01  0.201281D+01  0.203885D+02
  324.1503  0.210422D+01  0.211352D+01 -0.903421D+01
  324.3026  0.212436D+01  0.213647D+01 -0.117737D+02
  324.4547  0.213472D+01  0.215931D+01 -0.238886D+02
  324.6069  0.210247D+01  0.214159D+01 -0.380243D+02
  324.7589  0.197452D+01  0.199606D+01 -0.209267D+02
  324.9109  0.182244D+01  0.186412D+01 -0.441865D+02
  325.0628  0.179000D+01  0.182578D+01 -0.362823D+02
  325.2147  0.189830D+01  0.181445D+01  0.850307D+02
   21 323.082 326.124 324.603 -5.399D-02  0.000D+00  1.529D+00  2.026D+01 10300  1.030D-02
  323.0825  0.144116D+01  0.143741D+01  0.416521D+01
  323.2352  0.162689D+01  0.165354D+01 -0.282532D+02
  323.3879  0.171942D+01  0.170954D+01  0.104790D+02
  323.5405  0.173222D+01  0.170702D+01  0.267116D+02
  323.6931  0.178976D+01  0.178740D+01  0.250516D+01
  323.8455  0.191037D+01  0.191471D+01 -0.440689D+01
  323.9979  0.203292D+01  0.203905D+01 -0.622120D+01
  324.1503  0.210422D+01  0.211857D+01 -0.139375D+02
  324.3026  0.212436D+01  0.211887D+01  0.533298D+01
  324.4547  0.213472D+01  0.211474D+01  0.194229D+02
  324.6069  0.210247D+01  0.208987D+01  0.122391D+02
  324.7589  0.197452D+01  0.195898D+01  0.150984D+02
  324.9109  0.182244D+01  0.184520D+01 -0.241284D+02
  325.0628  0.179000D+01  0.184433D+01 -0.550927D+02
  325.2147  0.189830D+01  0.191034D+01 -0.122057D+02
  325.3665  0.206044D+01  0.203486D+01  0.248613D+02
  325.5182  0.225084D+01  0.224307D+01  0.755739D+01
  325.6699  0.245537D+01  0.245216D+01  0.312496D+01
  325.8214  0.264347D+01  0.261669D+01  0.249796D+02
  325.9730  0.279324D+01  0.278100D+01  0.109839D+02
  326.1244  0.287965D+01  0.291004D+01 -0.272630D+02
   21 323.998 327.032 325.515  1.384D-02  0.000D+00  1.522D+00  5.001D+01   300  1.673D-02
  323.9979  0.203292D+01  0.208686D+01 -0.546989D+02
  324.1503  0.210422D+01  0.213669D+01 -0.315459D+02
  324.3026  0.212436D+01  0.209746D+01  0.261339D+02
  324.4547  0.213472D+01  0.202413D+01  0.107475D+03
  324.6069  0.210247D+01  0.206700D+01  0.344617D+02
  324.7589  0.197452D+01  0.199640D+01 -0.212560D+02
  324.9109  0.182244D+01  0.181663D+01  0.616400D+01
  325.0628  0.179000D+01  0.181900D+01 -0.294080D+02
  325.2147  0.189830D+01  0.191217D+01 -0.140665D+02
  325.3665  0.206044D+01  0.203022D+01  0.293761D+02
  325.5182  0.225084D+01  0.223885D+01  0.116574D+02
  325.6699  0.245537D+01  0.254216D+01 -0.843366D+02
  325.8214  0.264347D+01  0.268406D+01 -0.378644D+02
  325.9730  0.279324D+01  0.281633D+01 -0.207068D+02
  326.1244  0.287965D+01  0.289290D+01 -0.118886D+02
  326.2758  0.287001D+01  0.285779D+01  0.109588D+02
  326.4271  0.280240D+01  0.276892D+01  0.300298D+02
  326.5783  0.281586D+01  0.267698D+01  0.124579D+03
  326.7295  0.292179D+01  0.287082D+01  0.457230D+02
  326.8806  0.299122D+01  0.304102D+01 -0.430191D+02
  327.0316  0.289354D+01  0.295429D+01 -0.545005D+02
   21 324.911 327.936 326.424  2.557D-02  0.000D+00  1.699D+00  3.337D+01 10300  1.511D-02
  324.9109  0.182244D+01  0.180408D+01  0.194706D+02
  325.0628  0.179000D+01  0.180235D+01 -0.125240D+02
  325.2147  0.189830D+01  0.189600D+01  0.232881D+01
  325.3665  0.206044D+01  0.203316D+01  0.265113D+02
  325.5182  0.225084D+01  0.224382D+01  0.682575D+01
  325.6699  0.245537D+01  0.250577D+01 -0.489714D+02
  325.8214  0.264347D+01  0.268666D+01 -0.402888D+02
  325.9730  0.279324D+01  0.281098D+01 -0.159071D+02
  326.1244  0.287965D+01  0.288214D+01 -0.223726D+01
  326.2758  0.287001D+01  0.285976D+01  0.919511D+01
  326.4271  0.280240D+01  0.277777D+01  0.220956D+02
  326.5783  0.281586D+01  0.272549D+01  0.810621D+02
  326.7295  0.292179D+01  0.284717D+01  0.669355D+02
  326.8806  0.299122D+01  0.298567D+01  0.479788D+01
  327.0316  0.289354D+01  0.294185D+01 -0.433432D+02
  327.1826  0.275171D+01  0.279702D+01 -0.406497D+02
  327.3335  0.271684D+01  0.275222D+01 -0.317406D+02
  327.4844  0.276426D+01  0.279264D+01 -0.254572D+02
  327.6351  0.274018D+01  0.274335D+01 -0.283483D+01
  327.7858  0.260260D+01  0.259320D+01  0.843089D+01
  327.9365  0.246829D+01  0.243475D+01  0.300894D+02
   21 325.821 328.839 327.330 -2.254D-02  0.000D+00  1.680D+00  5.264D+01 10300  9.069D-02
  325.8214  0.264347D+01  0.263123D+01  0.114148D+02
  325.9730  0.279324D+01  0.278243D+01  0.969920D+01
  326.1244  0.287965D+01  0.286151D+01  0.162682D+02
  326.2758  0.287001D+01  0.288510D+01 -0.135404D+02
  326.4271  0.280240D+01  0.288356D+01 -0.728007D+02
  326.5783  0.281586D+01  0.288249D+01 -0.597714D+02
  326.7295  0.292179D+01  0.288691D+01  0.312868D+02
  326.8806  0.299122D+01  0.287756D+01  0.981790D+02
  327.0316  0.289354D+01  0.284598D+01  0.426619D+02
  327.1826  0.275171D+01  0.280063D+01 -0.438830D+02
  327.3335  0.271684D+01  0.275549D+01 -0.346706D+02
  327.4844  0.276426D+01  0.271251D+01  0.464148D+02
  327.6351  0.274018D+01  0.266584D+01  0.666896D+02
  327.7858  0.260260D+01  0.261335D+01 -0.964403D+01
  327.9365  0.246829D+01  0.256278D+01 -0.847596D+02
  328.0870  0.242584D+01  0.252242D+01 -0.866316D+02
  328.2375  0.247308D+01  0.249398D+01 -0.187503D+02
  328.3879  0.255185D+01  0.247225D+01  0.714010D+02
  328.5383  0.255045D+01  0.247077D+01  0.714769D+02
  328.6886  0.251128D+01  0.251734D+01 -0.543898D+01
  328.8388  0.260224D+01  0.264062D+01 -0.331607D+02
   21 326.729 329.739 328.234 -1.588D-01  0.000D+00  1.612D+00  6.475D+01 10300  1.004D-01
  326.7295  0.292179D+01  0.300245D+01 -0.723524D+02
  326.8806  0.299122D+01  0.292698D+01  0.554913D+02
  327.0316  0.289354D+01  0.285363D+01  0.358005D+02
  327.1826  0.275171D+01  0.279014D+01 -0.344732D+02
  327.3335  0.271684D+01  0.273574D+01 -0.169539D+02
  327.4844  0.276426D+01  0.268692D+01  0.693738D+02
  327.6351  0.274018D+01  0.263800D+01  0.916615D+02
  327.7858  0.260260D+01  0.259320D+01  0.843490D+01
  327.9365  0.246829D+01  0.255562D+01 -0.783422D+02
  328.0870  0.242584D+01  0.252510D+01 -0.890384D+02
  328.2375  0.247308D+01  0.249939D+01 -0.236036D+02
  328.3879  0.255185D+01  0.248903D+01  0.563504D+02
  328.5383  0.255045D+01  0.251215D+01  0.343565D+02
  328.6886  0.251128D+01  0.259094D+01 -0.714545D+02
  328.8388  0.260224D+01  0.272428D+01 -0.105422D+03
  328.9890  0.287619D+01  0.289293D+01 -0.144605D+02
  329.1391  0.317077D+01  0.306592D+01  0.843203D+02
  329.2891  0.335529D+01  0.322187D+01  0.107299D+03
  329.4391  0.342575D+01  0.335883D+01  0.520244D+02
  329.5890  0.346880D+01  0.347868D+01 -0.767892D+01
  329.7388  0.347310D+01  0.357993D+01 -0.830479D+02
   21 327.635 330.636 329.136 -5.248D-02  0.000D+00  1.767D+00  3.990D+01 10300  2.275D-02
  327.6351  0.274018D+01  0.266554D+01  0.669546D+02
  327.7858  0.260260D+01  0.258418D+01  0.165233D+02
  327.9365  0.246829D+01  0.253675D+01 -0.614143D+02
  328.0870  0.242584D+01  0.252639D+01 -0.901947D+02
  328.2375  0.247308D+01  0.253407D+01 -0.547135D+02
  328.3879  0.255185D+01  0.252692D+01  0.223550D+02
  328.5383  0.255045D+01  0.248562D+01  0.581533D+02
  328.6886  0.251128D+01  0.247454D+01  0.329576D+02
  328.8388  0.260224D+01  0.260701D+01 -0.412245D+01
  328.9890  0.287619D+01  0.286786D+01  0.719926D+01
  329.1391  0.317077D+01  0.312187D+01  0.393288D+02
  329.2891  0.335529D+01  0.329992D+01  0.445264D+02
  329.4391  0.342575D+01  0.341297D+01  0.992886D+01
  329.5890  0.346880D+01  0.348032D+01 -0.895421D+01
  329.7388  0.347310D+01  0.353007D+01 -0.442881D+02
  329.8885  0.352925D+01  0.358615D+01 -0.442300D+02
  330.0383  0.356521D+01  0.358401D+01 -0.146166D+02
  330.1879  0.344048D+01  0.343744D+01  0.236159D+01
  330.3375  0.317871D+01  0.316994D+01  0.705650D+01
  330.4869  0.287656D+01  0.288326D+01 -0.558250D+01
  330.6364  0.270574D+01  0.267135D+01  0.286507D+02
   21 328.538 331.531 330.035 -1.517D-02  0.000D+00  1.800D+00  2.376D+01   300  7.706D-03
  328.5383  0.255045D+01  0.255764D+01 -0.644748D+01
  328.6886  0.251128D+01  0.248384D+01  0.246135D+02
  328.8388  0.260224D+01  0.256750D+01  0.300043D+02
  328.9890  0.287619D+01  0.290903D+01 -0.283610D+02
  329.1391  0.317077D+01  0.321257D+01 -0.336188D+02
  329.2891  0.335529D+01  0.335921D+01 -0.315340D+01
  329.4391  0.342575D+01  0.344652D+01 -0.161522D+02
  329.5890  0.346880D+01  0.346693D+01  0.145122D+01
  329.7388  0.347310D+01  0.345914D+01  0.108566D+02
  329.8885  0.352925D+01  0.348829D+01  0.318485D+02
  330.0383  0.356521D+01  0.355270D+01  0.972436D+01
  330.1879  0.344048D+01  0.345599D+01 -0.120531D+02
  330.3375  0.317871D+01  0.316860D+01  0.813375D+01
  330.4869  0.287656D+01  0.290080D+01 -0.201956D+02
  330.6364  0.270574D+01  0.267883D+01  0.224210D+02
  330.7857  0.270423D+01  0.265557D+01  0.405309D+02
  330.9350  0.282283D+01  0.283849D+01 -0.130418D+02
  331.0842  0.291718D+01  0.295989D+01 -0.355727D+02
  331.2334  0.288280D+01  0.292360D+01 -0.328092D+02
  331.3825  0.279452D+01  0.280154D+01 -0.585246D+01
  331.5315  0.280373D+01  0.275464D+01  0.394842D+02
   21 329.439 332.424 330.932 -1.514D-02  0.000D+00  1.716D+00  2.971D+01 10300  1.155D-02
  329.4391  0.342575D+01  0.346935D+01 -0.339006D+02
  329.5890  0.346880D+01  0.347594D+01 -0.555059D+01
  329.7388  0.347310D+01  0.346137D+01  0.911968D+01
  329.8885  0.352925D+01  0.348355D+01  0.355294D+02
  330.0383  0.356521D+01  0.352828D+01  0.287122D+02
  330.1879  0.344048D+01  0.342962D+01  0.844525D+01
  330.3375  0.317871D+01  0.316665D+01  0.970010D+01
  330.4869  0.287656D+01  0.290372D+01 -0.226215D+02
  330.6364  0.270574D+01  0.270242D+01  0.276713D+01
  330.7857  0.270423D+01  0.268598D+01  0.151983D+02
  330.9350  0.282283D+01  0.285155D+01 -0.239203D+02
  331.0842  0.291718D+01  0.296923D+01 -0.433555D+02
  331.2334  0.288280D+01  0.294068D+01 -0.465503D+02
  331.3825  0.279452D+01  0.283006D+01 -0.296058D+02
  331.5315  0.280373D+01  0.278818D+01  0.125061D+02
  331.6805  0.293920D+01  0.290383D+01  0.274944D+02
  331.8294  0.311674D+01  0.306726D+01  0.384708D+02
  331.9782  0.319272D+01  0.312826D+01  0.501102D+02
  332.1270  0.309430D+01  0.306080D+01  0.260447D+02
  332.2757  0.294447D+01  0.295093D+01 -0.502042D+01
  332.4243  0.293780D+01  0.300774D+01 -0.562462D+02
   21 330.337 333.315 331.826 -2.130D-02  0.000D+00  1.780D+00  2.229D+01 10300  9.434D-03
  330.3375  0.317871D+01  0.319515D+01 -0.132216D+02
  330.4869  0.287656D+01  0.288839D+01 -0.985704D+01
  330.6364  0.270574D+01  0.266833D+01  0.311674D+02
  330.7857  0.270423D+01  0.265251D+01  0.430764D+02
  330.9350  0.282283D+01  0.282122D+01  0.134570D+01
  331.0842  0.291718D+01  0.294250D+01 -0.210899D+02
  331.2334  0.288280D+01  0.292470D+01 -0.336966D+02
  331.3825  0.279452D+01  0.283049D+01 -0.299622D+02
  331.5315  0.280373D+01  0.280949D+01 -0.463203D+01
  331.6805  0.293920D+01  0.294247D+01 -0.254615D+01
  331.8294  0.311674D+01  0.310882D+01  0.615480D+01
  331.9782  0.319272D+01  0.315529D+01  0.290979D+02
  332.1270  0.309430D+01  0.305931D+01  0.272057D+02
  332.2757  0.294447D+01  0.291247D+01  0.248795D+02
  332.4243  0.293780D+01  0.292208D+01  0.126437D+02
  332.5729  0.307672D+01  0.310885D+01 -0.241693D+02
  332.7214  0.316228D+01  0.319157D+01 -0.220373D+02
  332.8698  0.307351D+01  0.308298D+01 -0.736475D+01
  333.0182  0.298310D+01  0.300229D+01 -0.149195D+02
  333.1664  0.302263D+01  0.304212D+01 -0.151534D+02
  333.3147  0.306975D+01  0.303225D+01  0.291507D+02
   21 331.233 334.203 332.718  7.671D-06  0.000D+00  1.853D+00  1.845D+01 10300  7.881D-03
  331.2334  0.288280D+01  0.284007D+01  0.343657D+02
  331.3825  0.279452D+01  0.281641D+01 -0.182410D+02
  331.5315  0.280373D+01  0.281630D+01 -0.101078D+02
  331.6805  0.293920D+01  0.295370D+01 -0.112779D+02
  331.8294  0.311674D+01  0.313771D+01 -0.163046D+02
  331.9782  0.319272D+01  0.320308D+01 -0.805375D+01
  332.1270  0.309430D+01  0.311054D+01 -0.126237D+02
  332.2757  0.294447D+01  0.294269D+01  0.138044D+01
  332.4243  0.293780D+01  0.290169D+01  0.290430D+02
  332.5729  0.307672D+01  0.305841D+01  0.137731D+02
  332.7214  0.316228D+01  0.315688D+01  0.406272D+01
  332.8698  0.307351D+01  0.306029D+01  0.102773D+02
  333.0182  0.298310D+01  0.296935D+01  0.106904D+02
  333.1664  0.302263D+01  0.301650D+01  0.476339D+01
  333.3147  0.306975D+01  0.306262D+01  0.553747D+01
  333.4629  0.293168D+01  0.293515D+01 -0.269815D+01
  333.6110  0.267743D+01  0.269322D+01 -0.127035D+02
  333.7590  0.257228D+01  0.259841D+01 -0.217652D+02
  333.9070  0.267045D+01  0.271867D+01 -0.374817D+02
  334.0549  0.283308D+01  0.283884D+01 -0.448055D+01
  334.2028  0.293295D+01  0.288269D+01  0.390728D+02
   19 332.127 334.793 333.460 -7.059D-03  0.000D+00  1.797D+00  1.614D+01 10300  6.917D-03
  332.1270  0.309430D+01  0.309735D+01 -0.236394D+01
  332.2757  0.294447D+01  0.294820D+01 -0.289788D+01
  332.4243  0.293780D+01  0.292700D+01  0.868347D+01
  332.5729  0.307672D+01  0.308370D+01 -0.525395D+01
  332.7214  0.316228D+01  0.316880D+01 -0.490628D+01
  332.8698  0.307351D+01  0.306788D+01  0.437103D+01
  333.0182  0.298310D+01  0.298062D+01  0.192562D+01
  333.1664  0.302263D+01  0.302163D+01  0.782322D+00
  333.3147  0.306975D+01  0.305134D+01  0.143088D+02
  333.4629  0.293168D+01  0.291294D+01  0.145686D+02
  333.6110  0.267743D+01  0.267802D+01 -0.477348D+00
  333.7590  0.257228D+01  0.259808D+01 -0.214899D+02
  333.9070  0.267045D+01  0.272331D+01 -0.410941D+02
  334.0549  0.283308D+01  0.285051D+01 -0.135482D+02
  334.2028  0.293295D+01  0.291536D+01  0.136769D+02
  334.3505  0.305562D+01  0.302672D+01  0.224688D+02
  334.4982  0.322534D+01  0.319577D+01  0.215556D+02
  334.6459  0.330326D+01  0.328720D+01  0.117025D+02
  334.7935  0.316343D+01  0.319956D+01 -0.271792D+02
   13 333.018 334.793 333.906  6.423D-03  0.000D+00  1.764D+00  1.681D+01   300  1.427D-02
  333.0182  0.298310D+01  0.300807D+01 -0.194131D+02
  333.1664  0.302263D+01  0.301385D+01  0.682381D+01
  333.3147  0.306975D+01  0.303815D+01  0.245621D+02
  333.4629  0.293168D+01  0.291235D+01  0.150247D+02
  333.6110  0.267743D+01  0.267990D+01 -0.198921D+01
  333.7590  0.257228D+01  0.258659D+01 -0.119158D+02
  333.9070  0.267045D+01  0.271000D+01 -0.307452D+02
  334.0549  0.283308D+01  0.285301D+01 -0.154927D+02
  334.2028  0.293295D+01  0.292851D+01  0.345280D+01
  334.3505  0.305562D+01  0.303524D+01  0.158462D+02
  334.4982  0.322534D+01  0.320014D+01  0.183674D+02
  334.6459  0.330326D+01  0.328878D+01  0.105532D+02
  334.7935  0.316343D+01  0.318934D+01 -0.194941D+02
