           0
 T F
nwave fwave lwave wave  shift    squeeze     sin      rms    exval
   21 264.170 271.319 267.745 -8.686D-02  0.000D+00  3.509D-03  2.018D+00 10000  5.120D-02
  264.1705  0.191186D-02  0.191851D-02 -0.264210D+00
  264.5381  0.173855D-02  0.171600D-02  0.943090D+00
  264.9045  0.154303D-02  0.151205D-02  0.150011D+01
  265.2698  0.156167D-02  0.151582D-02  0.241965D+01
  265.6338  0.148930D-02  0.153799D-02 -0.275051D+01
  265.9967  0.136118D-02  0.143658D-02 -0.453745D+01
  266.3585  0.128834D-02  0.130899D-02 -0.131609D+01
  266.7191  0.130884D-02  0.125325D-02  0.365263D+01
  267.0788  0.126303D-02  0.125922D-02  0.253062D+00
  267.4373  0.127561D-02  0.126882D-02  0.450438D+00
  267.7948  0.122855D-02  0.123123D-02 -0.185406D+00
  268.1514  0.120666D-02  0.119873D-02  0.561249D+00
  268.5070  0.120930D-02  0.119355D-02  0.109025D+01
  268.8616  0.120184D-02  0.117786D-02  0.169710D+01
  269.2153  0.119765D-02  0.117562D-02  0.154165D+01
  269.5681  0.117001D-02  0.121582D-02 -0.324168D+01
  269.9200  0.130123D-02  0.132059D-02 -0.134003D+01
  270.2710  0.143075D-02  0.141808D-02  0.832740D+00
  270.6212  0.137873D-02  0.142368D-02 -0.301559D+01
  270.9707  0.140078D-02  0.137574D-02  0.164496D+01
  271.3193  0.130325D-02  0.128575D-02  0.118656D+01
   21 266.358 273.396 269.877  2.457D-03  0.000D+00  3.615D-03  1.853D+00 10000  2.825D-02
  266.3585  0.128834D-02  0.131962D-02 -0.199380D+01
  266.7191  0.130884D-02  0.125483D-02  0.354900D+01
  267.0788  0.126303D-02  0.125783D-02  0.344949D+00
  267.4373  0.127561D-02  0.128126D-02 -0.375218D+00
  267.7948  0.122855D-02  0.125678D-02 -0.195409D+01
  268.1514  0.120666D-02  0.121549D-02 -0.625094D+00
  268.5070  0.120930D-02  0.120897D-02  0.223937D-01
  268.8616  0.120184D-02  0.119305D-02  0.622452D+00
  269.2153  0.119765D-02  0.118089D-02  0.117305D+01
  269.5681  0.117001D-02  0.120235D-02 -0.228893D+01
  269.9200  0.130123D-02  0.128840D-02  0.888495D+00
  270.2710  0.143075D-02  0.139649D-02  0.225137D+01
  270.6212  0.137873D-02  0.141772D-02 -0.261567D+01
  270.9707  0.140078D-02  0.137168D-02  0.191211D+01
  271.3193  0.130325D-02  0.129295D-02  0.698500D+00
  271.6671  0.117094D-02  0.114558D-02  0.173693D+01
  272.0143  0.950418D-03  0.997553D-03 -0.329912D+01
  272.3606  0.974489D-03  0.100091D-02 -0.184936D+01
  272.7063  0.112218D-02  0.113989D-02 -0.123981D+01
  273.0512  0.127778D-02  0.123576D-02  0.284826D+01
  273.3955  0.112994D-02  0.113748D-02 -0.521868D+00
   21 268.507 275.448 271.978  1.783D-02  0.000D+00  3.776D-03  1.645D+00 10000  2.058D-02
  268.5070  0.120930D-02  0.120977D-02 -0.325144D-01
  268.8616  0.120184D-02  0.119958D-02  0.159940D+00
  269.2153  0.119765D-02  0.118680D-02  0.759156D+00
  269.5681  0.117001D-02  0.120275D-02 -0.231662D+01
  269.9200  0.130123D-02  0.128684D-02  0.996300D+00
  270.2710  0.143075D-02  0.140630D-02  0.160690D+01
  270.6212  0.137873D-02  0.142462D-02 -0.307859D+01
  270.9707  0.140078D-02  0.136988D-02  0.203036D+01
  271.3193  0.130325D-02  0.129735D-02  0.400329D+00
  271.6671  0.117094D-02  0.114540D-02  0.174936D+01
  272.0143  0.950418D-03  0.977036D-03 -0.186308D+01
  272.3606  0.974489D-03  0.976060D-03 -0.109976D+00
  272.7063  0.112218D-02  0.113204D-02 -0.690451D+00
  273.0512  0.127778D-02  0.126092D-02  0.114306D+01
  273.3955  0.112994D-02  0.117424D-02 -0.306710D+01
  273.7392  0.952902D-03  0.953953D-03 -0.727495D-01
  274.0822  0.811893D-03  0.782236D-03  0.212188D+01
  274.4245  0.746202D-03  0.706703D-03  0.279501D+01
  274.7663  0.689829D-03  0.709741D-03 -0.142466D+01
  275.1075  0.805681D-03  0.794439D-03  0.754043D+00
  275.4481  0.902586D-03  0.916558D-03 -0.918022D+00
   21 270.621 277.481 274.051  2.456D-02  0.000D+00  3.795D-03  1.730D+00 10000  2.005D-02
  270.6212  0.137873D-02  0.140256D-02 -0.159894D+01
  270.9707  0.140078D-02  0.136251D-02  0.251422D+01
  271.3193  0.130325D-02  0.130254D-02  0.480800D-01
  271.6671  0.117094D-02  0.115522D-02  0.107669D+01
  272.0143  0.950418D-03  0.980174D-03 -0.208271D+01
  272.3606  0.974489D-03  0.974502D-03 -0.925599D-03
  272.7063  0.112218D-02  0.113164D-02 -0.662156D+00
  273.0512  0.127778D-02  0.126546D-02  0.835198D+00
  273.3955  0.112994D-02  0.117714D-02 -0.326777D+01
  273.7392  0.952902D-03  0.950967D-03  0.134000D+00
  274.0822  0.811893D-03  0.776295D-03  0.254689D+01
  274.4245  0.746202D-03  0.700402D-03  0.324089D+01
  274.7663  0.689829D-03  0.703200D-03 -0.956645D+00
  275.1075  0.805681D-03  0.791069D-03  0.980068D+00
  275.4481  0.902586D-03  0.920996D-03 -0.120965D+01
  275.7881  0.110339D-02  0.108731D-02  0.102497D+01
  276.1277  0.128524D-02  0.128461D-02  0.379318D-01
  276.4666  0.141149D-02  0.140084D-02  0.612587D+00
  276.8051  0.139162D-02  0.145526D-02 -0.356339D+01
  277.1431  0.150063D-02  0.149162D-02  0.504829D+00
  277.4806  0.150172D-02  0.147602D-02  0.137932D+01
   21 272.706 279.496 276.101  2.865D-02  0.000D+00  3.891D-03  1.611D+00 10000  2.011D-02
  272.7063  0.112218D-02  0.112472D-02 -0.177792D+00
  273.0512  0.127778D-02  0.125763D-02  0.136580D+01
  273.3955  0.112994D-02  0.117428D-02 -0.307016D+01
  273.7392  0.952902D-03  0.952234D-03  0.462918D-01
  274.0822  0.811893D-03  0.778729D-03  0.237280D+01
  274.4245  0.746202D-03  0.703089D-03  0.305072D+01
  274.7663  0.689829D-03  0.706766D-03 -0.121181D+01
  275.1075  0.805681D-03  0.795221D-03  0.701580D+00
  275.4481  0.902586D-03  0.927022D-03 -0.160561D+01
  275.7881  0.110339D-02  0.109434D-02  0.576828D+00
  276.1277  0.128524D-02  0.129157D-02 -0.384847D+00
  276.4666  0.141149D-02  0.140667D-02  0.277573D+00
  276.8051  0.139162D-02  0.145660D-02 -0.363841D+01
  277.1431  0.150063D-02  0.148424D-02  0.918195D+00
  277.4806  0.150172D-02  0.145814D-02  0.233854D+01
  277.8176  0.129114D-02  0.129071D-02  0.233929D-01
  278.1541  0.111162D-02  0.112154D-02 -0.546339D+00
  278.4903  0.107093D-02  0.104363D-02  0.148959D+01
  278.8259  0.929142D-03  0.932724D-03 -0.200545D+00
  279.1612  0.729275D-03  0.742492D-03 -0.759900D+00
  279.4960  0.577705D-03  0.588525D-03 -0.651186D+00
   21 274.766 281.497 278.132  6.274D-02  0.000D+00  4.238D-03  1.621D+00 10300  2.838D-02
  274.7663  0.689829D-03  0.707324D-03 -0.125168D+01
  275.1075  0.805681D-03  0.785676D-03  0.134186D+01
  275.4481  0.902586D-03  0.916054D-03 -0.884959D+00
  275.7881  0.110339D-02  0.107312D-02  0.192957D+01
  276.1277  0.128524D-02  0.128111D-02  0.250887D+00
  276.4666  0.141149D-02  0.140349D-02  0.459988D+00
  276.8051  0.139162D-02  0.145627D-02 -0.362027D+01
  277.1431  0.150063D-02  0.148445D-02  0.906496D+00
  277.4806  0.150172D-02  0.147561D-02  0.140098D+01
  277.8176  0.129114D-02  0.130978D-02 -0.101738D+01
  278.1541  0.111162D-02  0.112224D-02 -0.584667D+00
  278.4903  0.107093D-02  0.104156D-02  0.160236D+01
  278.8259  0.929142D-03  0.938027D-03 -0.497489D+00
  279.1612  0.729275D-03  0.741627D-03 -0.710181D+00
  279.4960  0.577705D-03  0.573626D-03  0.245484D+00
  279.8304  0.571493D-03  0.505549D-03  0.400595D+01
  280.1645  0.531271D-03  0.514204D-03  0.105672D+01
  280.4982  0.570095D-03  0.613788D-03 -0.270527D+01
  280.8315  0.827422D-03  0.844546D-03 -0.104022D+01
  281.1644  0.114718D-02  0.115545D-02 -0.493036D+00
  281.4969  0.151384D-02  0.150114D-02  0.743407D+00
   21 276.805 283.485 280.145  6.987D-02  0.000D+00  4.835D-03  1.462D+00 10300  2.099D-02
  276.8051  0.139162D-02  0.142762D-02 -0.201584D+01
  277.1431  0.150063D-02  0.146283D-02  0.211688D+01
  277.4806  0.150172D-02  0.147545D-02  0.140989D+01
  277.8176  0.129114D-02  0.131115D-02 -0.109224D+01
  278.1541  0.111162D-02  0.111825D-02 -0.365324D+00
  278.4903  0.107093D-02  0.105096D-02  0.108972D+01
  278.8259  0.929142D-03  0.957369D-03 -0.158051D+01
  279.1612  0.729275D-03  0.753030D-03 -0.136579D+01
  279.4960  0.577705D-03  0.578039D-03 -0.201232D-01
  279.8304  0.571493D-03  0.510323D-03  0.371592D+01
  280.1645  0.531271D-03  0.516767D-03  0.898041D+00
  280.4982  0.570095D-03  0.611654D-03 -0.257315D+01
  280.8315  0.827422D-03  0.844954D-03 -0.106501D+01
  281.1644  0.114718D-02  0.115691D-02 -0.580262D+00
  281.4969  0.151384D-02  0.149924D-02  0.854617D+00
  281.8292  0.181946D-02  0.183988D-02 -0.115333D+01
  282.1610  0.212617D-02  0.209686D-02  0.157291D+01
  282.4926  0.225476D-02  0.224790D-02  0.377616D+00
  282.8238  0.236440D-02  0.236713D-02 -0.146453D+00
  283.1547  0.251705D-02  0.251926D-02 -0.118327D+00
  283.4853  0.250929D-02  0.251460D-02 -0.280345D+00
   21 278.826 285.463 282.144  3.089D-02  0.000D+00  5.134D-03  1.715D+00 10000  1.382D-02
  278.8259  0.929142D-03  0.941547D-03 -0.694616D+00
  279.1612  0.729275D-03  0.727473D-03  0.103600D+00
  279.4960  0.577705D-03  0.562091D-03  0.939668D+00
  279.8304  0.571493D-03  0.504231D-03  0.408602D+01
  280.1645  0.531271D-03  0.515907D-03  0.951300D+00
  280.4982  0.570095D-03  0.620354D-03 -0.311183D+01
  280.8315  0.827422D-03  0.863526D-03 -0.219321D+01
  281.1644  0.114718D-02  0.117035D-02 -0.138124D+01
  281.4969  0.151384D-02  0.150720D-02  0.388672D+00
  281.8292  0.181946D-02  0.183497D-02 -0.876134D+00
  282.1610  0.212617D-02  0.207902D-02  0.253012D+01
  282.4926  0.225476D-02  0.222471D-02  0.165366D+01
  282.8238  0.236440D-02  0.236349D-02  0.488956D-01
  283.1547  0.251705D-02  0.254059D-02 -0.126281D+01
  283.4853  0.250929D-02  0.254672D-02 -0.197585D+01
  283.8156  0.250168D-02  0.249379D-02  0.423550D+00
  284.1456  0.243226D-02  0.242335D-02  0.486332D+00
  284.4753  0.217105D-02  0.214625D-02  0.137695D+01
  284.8047  0.162285D-02  0.162738D-02 -0.264683D+00
  285.1338  0.101688D-02  0.105851D-02 -0.257745D+01
  285.4626  0.105167D-02  0.103057D-02  0.134560D+01
   21 280.831 287.430 284.131  1.320D-02  0.000D+00  5.495D-03  1.483D+00 10300  7.143D-03
  280.8315  0.827422D-03  0.847971D-03 -0.124831D+01
  281.1644  0.114718D-02  0.115652D-02 -0.557137D+00
  281.4969  0.151384D-02  0.149848D-02  0.899043D+00
  281.8292  0.181946D-02  0.182975D-02 -0.581169D+00
  282.1610  0.212617D-02  0.207743D-02  0.261527D+01
  282.4926  0.225476D-02  0.222765D-02  0.149177D+01
  282.8238  0.236440D-02  0.237720D-02 -0.687103D+00
  283.1547  0.251705D-02  0.255627D-02 -0.210445D+01
  283.4853  0.250929D-02  0.255537D-02 -0.243220D+01
  283.8156  0.250168D-02  0.250582D-02 -0.222365D+00
  284.1456  0.243226D-02  0.242558D-02  0.364390D+00
  284.4753  0.217105D-02  0.213237D-02  0.214718D+01
  284.8047  0.162285D-02  0.159667D-02  0.153276D+01
  285.1338  0.101688D-02  0.103785D-02 -0.129808D+01
  285.4626  0.105167D-02  0.104823D-02  0.219464D+00
  285.7911  0.178560D-02  0.173209D-02  0.302301D+01
  286.1194  0.251472D-02  0.255315D-02 -0.201173D+01
  286.4473  0.302581D-02  0.304231D-02 -0.836771D+00
  286.7750  0.321449D-02  0.321973D-02 -0.259400D+00
  287.1024  0.348440D-02  0.347002D-02  0.690984D+00
  287.4296  0.360382D-02  0.360453D-02 -0.305851D-01
   21 282.824 289.387 286.105  1.243D-02  0.000D+00  6.029D-03  1.924D+00 10000  7.371D-03
  282.8238  0.236440D-02  0.236373D-02  0.355628D-01
  283.1547  0.251705D-02  0.253629D-02 -0.103238D+01
  283.4853  0.250929D-02  0.253368D-02 -0.128716D+01
  283.8156  0.250168D-02  0.248659D-02  0.809727D+00
  284.1456  0.243226D-02  0.241077D-02  0.117261D+01
  284.4753  0.217105D-02  0.212378D-02  0.262432D+01
  284.8047  0.162285D-02  0.159375D-02  0.170359D+01
  285.1338  0.101688D-02  0.103879D-02 -0.135599D+01
  285.4626  0.105167D-02  0.105362D-02 -0.124547D+00
  285.7911  0.178560D-02  0.174525D-02  0.227956D+01
  286.1194  0.251472D-02  0.257480D-02 -0.314496D+01
  286.4473  0.302581D-02  0.306818D-02 -0.214861D+01
  286.7750  0.321449D-02  0.324460D-02 -0.149106D+01
  287.1024  0.348440D-02  0.349055D-02 -0.295445D+00
  287.4296  0.360382D-02  0.361298D-02 -0.398553D+00
  287.7564  0.324990D-02  0.323455D-02  0.686443D+00
  288.0830  0.271118D-02  0.270335D-02  0.362520D+00
  288.4094  0.307705D-02  0.299864D-02  0.353120D+01
  288.7354  0.400138D-02  0.390074D-02  0.423587D+01
  289.0612  0.435515D-02  0.440164D-02 -0.193137D+01
  289.3867  0.484402D-02  0.489771D-02 -0.210802D+01
   21 284.805 291.334 288.069  4.532D-03  0.000D+00  6.779D-03  2.166D+00 10000  8.121D-03
  284.8047  0.162285D-02  0.158063D-02  0.247155D+01
  285.1338  0.101688D-02  0.101982D-02 -0.181540D+00
  285.4626  0.105167D-02  0.105041D-02  0.802472D-01
  285.7911  0.178560D-02  0.175824D-02  0.154593D+01
  286.1194  0.251472D-02  0.258698D-02 -0.378246D+01
  286.4473  0.302581D-02  0.306752D-02 -0.211518D+01
  286.7750  0.321449D-02  0.323390D-02 -0.961490D+00
  287.1024  0.348440D-02  0.348727D-02 -0.137878D+00
  287.4296  0.360382D-02  0.360496D-02 -0.496366D-01
  287.7564  0.324990D-02  0.321269D-02  0.166401D+01
  288.0830  0.271118D-02  0.267289D-02  0.177374D+01
  288.4094  0.307705D-02  0.299788D-02  0.356532D+01
  288.7354  0.400138D-02  0.390759D-02  0.394750D+01
  289.0612  0.435515D-02  0.438192D-02 -0.111209D+01
  289.3867  0.484402D-02  0.486713D-02 -0.907347D+00
  289.7119  0.576773D-02  0.575622D-02  0.463258D+00
  290.0368  0.670417D-02  0.669525D-02  0.337918D+00
  290.3615  0.720733D-02  0.726984D-02 -0.236781D+01
  290.6858  0.724461D-02  0.732790D-02 -0.315514D+01
  291.0099  0.716074D-02  0.719438D-02 -0.127392D+01
  291.3336  0.737350D-02  0.726621D-02  0.406411D+01
   21 286.775 293.270 290.022  3.548D-03  0.000D+00  7.634D-03  2.071D+00 10300  9.891D-03
  286.7750  0.321449D-02  0.322172D-02 -0.357820D+00
  287.1024  0.348440D-02  0.349859D-02 -0.682057D+00
  287.4296  0.360382D-02  0.363560D-02 -0.138257D+01
  287.7564  0.324990D-02  0.323589D-02  0.626635D+00
  288.0830  0.271118D-02  0.266348D-02  0.220969D+01
  288.4094  0.307705D-02  0.300054D-02  0.344562D+01
  288.7354  0.400138D-02  0.394242D-02  0.248141D+01
  289.0612  0.435515D-02  0.439416D-02 -0.162052D+01
  289.3867  0.484402D-02  0.486428D-02 -0.795414D+00
  289.7119  0.576773D-02  0.575914D-02  0.345592D+00
  290.0368  0.670417D-02  0.670283D-02  0.508521D-01
  290.3615  0.720733D-02  0.727937D-02 -0.272870D+01
  290.6858  0.724461D-02  0.733348D-02 -0.336657D+01
  291.0099  0.716074D-02  0.720132D-02 -0.153675D+01
  291.3336  0.737350D-02  0.731033D-02  0.239292D+01
  291.6571  0.731759D-02  0.724029D-02  0.292799D+01
  291.9803  0.726945D-02  0.721287D-02  0.214341D+01
  292.3032  0.712969D-02  0.705822D-02  0.270688D+01
  292.6257  0.661410D-02  0.667096D-02 -0.228823D+01
  292.9479  0.703806D-02  0.711163D-02 -0.278684D+01
  293.2698  0.812825D-02  0.810883D-02  0.694502D+00
   21 288.735 295.194 291.965  5.070D-03  0.000D+00  8.549D-03  1.991D+00 10300  9.743D-03
  288.7354  0.400138D-02  0.397107D-02  0.127569D+01
  289.0612  0.435515D-02  0.439346D-02 -0.159171D+01
  289.3867  0.484402D-02  0.484021D-02  0.149875D+00
  289.7119  0.576773D-02  0.573416D-02  0.135101D+01
  290.0368  0.670417D-02  0.668347D-02  0.784151D+00
  290.3615  0.720733D-02  0.726385D-02 -0.214070D+01
  290.6858  0.724461D-02  0.731818D-02 -0.278688D+01
  291.0099  0.716074D-02  0.717824D-02 -0.662880D+00
  291.3336  0.737350D-02  0.731269D-02  0.230335D+01
  291.6571  0.731759D-02  0.724032D-02  0.292686D+01
  291.9803  0.726945D-02  0.722704D-02  0.160659D+01
  292.3032  0.712969D-02  0.709108D-02  0.146247D+01
  292.6257  0.661410D-02  0.667338D-02 -0.238597D+01
  292.9479  0.703806D-02  0.711977D-02 -0.309515D+01
  293.2698  0.812825D-02  0.817503D-02 -0.167376D+01
  293.5914  0.801643D-02  0.796705D-02  0.176642D+01
  293.9126  0.732847D-02  0.730865D-02  0.750765D+00
  294.2334  0.784560D-02  0.779257D-02  0.189736D+01
  294.5539  0.820123D-02  0.820630D-02 -0.181060D+00
  294.8741  0.780212D-02  0.790892D-02 -0.382047D+01
  295.1938  0.864073D-02  0.857310D-02  0.229173D+01
   21 290.686 297.104 293.895  1.191D-02  0.000D+00  9.732D-03  1.841D+00 10300  6.196D-03
  290.6858  0.724461D-02  0.728470D-02 -0.151883D+01
  291.0099  0.716074D-02  0.716912D-02 -0.317247D+00
  291.3336  0.737350D-02  0.732109D-02  0.198533D+01
  291.6571  0.731759D-02  0.726249D-02  0.208737D+01
  291.9803  0.726945D-02  0.724759D-02  0.828245D+00
  292.3032  0.712969D-02  0.711936D-02  0.391213D+00
  292.6257  0.661410D-02  0.669057D-02 -0.307747D+01
  292.9479  0.703806D-02  0.710501D-02 -0.253579D+01
  293.2698  0.812825D-02  0.816396D-02 -0.127752D+01
  293.5914  0.801643D-02  0.798085D-02  0.127277D+01
  293.9126  0.732847D-02  0.730143D-02  0.102414D+01
  294.2334  0.784560D-02  0.776761D-02  0.279004D+01
  294.5539  0.820123D-02  0.820464D-02 -0.121854D+00
  294.8741  0.780212D-02  0.791414D-02 -0.400747D+01
  295.1938  0.864073D-02  0.857688D-02  0.216384D+01
  295.5132  0.940323D-02  0.935889D-02  0.150292D+01
  295.8322  0.988465D-02  0.995562D-02 -0.228484D+01
  296.1507  0.106006D-01  0.105604D-01  0.129266D+01
  296.4689  0.975421D-02  0.973810D-02  0.545843D+00
  296.7866  0.811272D-02  0.814635D-02 -0.120327D+01
  297.1039  0.836585D-02  0.836230D-02  0.126858D+00
   21 292.626 298.998 295.812  1.553D-02  0.000D+00  1.126D-02  2.304D+00 10300  5.183D-03
  292.6257  0.661410D-02  0.660023D-02  0.558029D+00
  292.9479  0.703806D-02  0.705044D-02 -0.468964D+00
  293.2698  0.812825D-02  0.812308D-02  0.184751D+00
  293.5914  0.801643D-02  0.800003D-02  0.586738D+00
  293.9126  0.732847D-02  0.735501D-02 -0.100538D+01
  294.2334  0.784560D-02  0.779674D-02  0.174793D+01
  294.5539  0.820123D-02  0.823059D-02 -0.105031D+01
  294.8741  0.780212D-02  0.796143D-02 -0.569897D+01
  295.1938  0.864073D-02  0.858138D-02  0.201117D+01
  295.5132  0.940323D-02  0.935123D-02  0.176233D+01
  295.8322  0.988465D-02  0.992971D-02 -0.145071D+01
  296.1507  0.106006D-01  0.104969D-01  0.333711D+01
  296.4689  0.975421D-02  0.969044D-02  0.216108D+01
  296.7866  0.811272D-02  0.813118D-02 -0.660449D+00
  297.1039  0.836585D-02  0.830628D-02  0.213096D+01
  297.4207  0.100788D-01  0.101268D-01 -0.154521D+01
  297.7371  0.122172D-01  0.123297D-01 -0.344799D+01
  298.0530  0.115463D-01  0.116230D-01 -0.234937D+01
  298.3684  0.916097D-02  0.910316D-02  0.195938D+01
  298.6833  0.940168D-02  0.908166D-02  0.282290D+01
  298.9977  0.118942D-01  0.115085D-01  0.335609D+01
   21 294.554 300.872 297.713  1.806D-02  0.000D+00  1.351D-02  3.117D+00 10300  7.317D-03
  294.5539  0.820123D-02  0.820282D-02 -0.568415D-01
  294.8741  0.780212D-02  0.793029D-02 -0.458496D+01
  295.1938  0.864073D-02  0.853949D-02  0.343079D+01
  295.5132  0.940323D-02  0.932269D-02  0.272980D+01
  295.8322  0.988465D-02  0.991914D-02 -0.111040D+01
  296.1507  0.106006D-01  0.105089D-01  0.295219D+01
  296.4689  0.975421D-02  0.973491D-02  0.653894D+00
  296.7866  0.811272D-02  0.818195D-02 -0.247692D+01
  297.1039  0.836585D-02  0.834364D-02  0.794430D+00
  297.4207  0.100788D-01  0.101536D-01 -0.240801D+01
  297.7371  0.122172D-01  0.123409D-01 -0.379361D+01
  298.0530  0.115463D-01  0.116230D-01 -0.235136D+01
  298.3684  0.916097D-02  0.906673D-02  0.319388D+01
  298.6833  0.940168D-02  0.895538D-02  0.393679D+01
  298.9977  0.118942D-01  0.112365D-01  0.572344D+01
  299.3115  0.128555D-01  0.122125D-01  0.559483D+01
  299.6248  0.127732D-01  0.122848D-01  0.424939D+01
  299.9375  0.118926D-01  0.120465D-01 -0.132099D+01
  300.2497  0.108164D-01  0.109753D-01 -0.136397D+01
  300.5612  0.120759D-01  0.123425D-01 -0.225879D+01
  300.8722  0.137562D-01  0.140037D-01 -0.209705D+01
   21 296.469 302.724 299.596  2.477D-02  0.000D+00  1.582D-02  5.733D+00 10000  1.430D-02
  296.4689  0.975421D-02  0.955960D-02  0.659527D+01
  296.7866  0.811272D-02  0.824038D-02 -0.456711D+01
  297.1039  0.836585D-02  0.842371D-02 -0.207006D+01
  297.4207  0.100788D-01  0.102112D-01 -0.426218D+01
  297.7371  0.122172D-01  0.123168D-01 -0.305270D+01
  298.0530  0.115463D-01  0.115925D-01 -0.141598D+01
  298.3684  0.916097D-02  0.902901D-02  0.447220D+01
  298.6833  0.940168D-02  0.875677D-02  0.568874D+01
  298.9977  0.118942D-01  0.108099D-01  0.943555D+01
  299.3115  0.128555D-01  0.117569D-01  0.955996D+01
  299.6248  0.127732D-01  0.118372D-01  0.814435D+01
  299.9375  0.118926D-01  0.116753D-01  0.186609D+01
  300.2497  0.108164D-01  0.108165D-01 -0.430071D-03
  300.5612  0.120759D-01  0.122817D-01 -0.174371D+01
  300.8722  0.137562D-01  0.143109D-01 -0.469977D+01
  301.1825  0.160934D-01  0.166070D-01 -0.435112D+01
  301.4922  0.171727D-01  0.182334D-01 -0.898634D+01
  301.8011  0.157611D-01  0.169204D-01 -0.982266D+01
  302.1095  0.157984D-01  0.156538D-01  0.122491D+01
  302.4171  0.203641D-01  0.196661D-01  0.583746D+01
  302.7240  0.269968D-01  0.262967D-01  0.570713D+01
   21 298.368 304.549 301.459 -5.805D-02  0.000D+00  2.131D-02  4.243D+00 10300  1.953D-02
  298.3684  0.916097D-02  0.920459D-02 -0.147825D+01
  298.6833  0.940168D-02  0.967240D-02 -0.238801D+01
  298.9977  0.118942D-01  0.115967D-01  0.258898D+01
  299.3115  0.128555D-01  0.120742D-01  0.679841D+01
  299.6248  0.127732D-01  0.120912D-01  0.593396D+01
  299.9375  0.118926D-01  0.114591D-01  0.372242D+01
  300.2497  0.108164D-01  0.110468D-01 -0.197808D+01
  300.5612  0.120759D-01  0.126745D-01 -0.507165D+01
  300.8722  0.137562D-01  0.145488D-01 -0.671525D+01
  301.1825  0.160934D-01  0.166556D-01 -0.476313D+01
  301.4922  0.171727D-01  0.174044D-01 -0.196238D+01
  301.8011  0.157611D-01  0.156904D-01  0.598749D+00
  302.1095  0.157984D-01  0.157002D-01  0.831989D+00
  302.4171  0.203641D-01  0.204132D-01 -0.410812D+00
  302.7240  0.269968D-01  0.266813D-01  0.257200D+01
  303.0302  0.331544D-01  0.322847D-01  0.700006D+01
  303.3356  0.371936D-01  0.367092D-01  0.385093D+01
  303.6402  0.380043D-01  0.381371D-01 -0.104314D+01
  303.9440  0.381254D-01  0.388315D-01 -0.541262D+01
  304.2470  0.428620D-01  0.437307D-01 -0.658145D+01
  304.5492  0.507790D-01  0.501454D-01  0.463605D+01
   21 300.250 306.343 303.296 -4.135D-02  0.000D+00  3.585D-02  9.652D+00 10000  2.946D-02
  300.2497  0.108164D-01  0.113977D-01 -0.499034D+01
  300.5612  0.120759D-01  0.124191D-01 -0.290799D+01
  300.8722  0.137562D-01  0.138690D-01 -0.955795D+00
  301.1825  0.160934D-01  0.157263D-01  0.311085D+01
  301.4922  0.171727D-01  0.166044D-01  0.481552D+01
  301.8011  0.157611D-01  0.151696D-01  0.501181D+01
  302.1095  0.157984D-01  0.151521D-01  0.547593D+01
  302.4171  0.203641D-01  0.199264D-01  0.366013D+01
  302.7240  0.269968D-01  0.265728D-01  0.345668D+01
  303.0302  0.331544D-01  0.327071D-01  0.359968D+01
  303.3356  0.371936D-01  0.377175D-01 -0.416495D+01
  303.6402  0.380043D-01  0.395957D-01 -0.124974D+02
  303.9440  0.381254D-01  0.402173D-01 -0.160357D+02
  304.2470  0.428620D-01  0.450232D-01 -0.163729D+02
  304.5492  0.507790D-01  0.514885D-01 -0.519146D+01
  304.8505  0.596806D-01  0.572042D-01  0.177179D+02
  305.1509  0.684239D-01  0.652864D-01  0.224474D+02
  305.4504  0.681288D-01  0.671485D-01  0.701385D+01
  305.7490  0.629574D-01  0.625751D-01  0.273549D+01
  306.0466  0.663895D-01  0.671143D-01 -0.466728D+01
  306.3432  0.749463D-01  0.769940D-01 -0.131855D+02
   21 302.109 308.101 305.105 -4.524D-02  0.000D+00  6.159D-02  2.038D+01 10000  5.838D-02
  302.1095  0.157984D-01  0.150025D-01  0.674280D+01
  302.4171  0.203641D-01  0.202999D-01  0.537220D+00
  302.7240  0.269968D-01  0.271467D-01 -0.122170D+01
  303.0302  0.331544D-01  0.331200D-01  0.276303D+00
  303.3356  0.371936D-01  0.378472D-01 -0.519556D+01
  303.6402  0.380043D-01  0.391529D-01 -0.901951D+01
  303.9440  0.381254D-01  0.392231D-01 -0.841473D+01
  304.2470  0.428620D-01  0.439158D-01 -0.798350D+01
  304.5492  0.507790D-01  0.502562D-01  0.382565D+01
  304.8505  0.596806D-01  0.557864D-01  0.278623D+02
  305.1509  0.684239D-01  0.646749D-01  0.268225D+02
  305.4504  0.681288D-01  0.672176D-01  0.651964D+01
  305.7490  0.629574D-01  0.629815D-01 -0.172466D+00
  306.0466  0.663895D-01  0.695318D-01 -0.202346D+02
  306.3432  0.749463D-01  0.823041D-01 -0.473784D+02
  306.6388  0.846524D-01  0.895717D-01 -0.287972D+02
  306.9334  0.105152D+00  0.104391D+00  0.408035D+01
  307.2269  0.129471D+00  0.122501D+00  0.345233D+02
  307.5194  0.143448D+00  0.135213D+00  0.353524D+02
  307.8107  0.151073D+00  0.149169D+00  0.766183D+01
  308.1009  0.155390D+00  0.163210D+00 -0.296190D+02
   21 303.944 309.817 306.880 -1.137D-01  0.000D+00  1.066D-01  2.502D+01 10000  6.602D-02
  303.9440  0.381254D-01  0.382248D-01 -0.761884D+00
  304.2470  0.428620D-01  0.445012D-01 -0.124185D+02
  304.5492  0.507790D-01  0.509248D-01 -0.106709D+01
  304.8505  0.596806D-01  0.574649D-01  0.158527D+02
  305.1509  0.684239D-01  0.660273D-01  0.171464D+02
  305.4504  0.681288D-01  0.659233D-01  0.157801D+02
  305.7490  0.629574D-01  0.626622D-01  0.211247D+01
  306.0466  0.663895D-01  0.715931D-01 -0.335076D+02
  306.3432  0.749463D-01  0.822453D-01 -0.469999D+02
  306.6388  0.846524D-01  0.894179D-01 -0.278965D+02
  306.9334  0.105152D+00  0.104980D+00  0.920998D+00
  307.2269  0.129471D+00  0.120454D+00  0.446646D+02
  307.5194  0.143448D+00  0.131647D+00  0.506590D+02
  307.8107  0.151073D+00  0.144466D+00  0.265881D+02
  308.1009  0.155390D+00  0.157418D+00 -0.768049D+01
  308.3900  0.167441D+00  0.174496D+00 -0.252375D+02
  308.6778  0.177085D+00  0.183655D+00 -0.211524D+02
  308.9645  0.169134D+00  0.175436D+00 -0.184448D+02
  309.2498  0.164894D+00  0.171915D+00 -0.180833D+02
  309.5340  0.186978D+00  0.182555D+00  0.101702D+02
  309.8168  0.206297D+00  0.191424D+00  0.299276D+02
   15 305.749 309.817 307.783 -2.832D-01  0.000D+00  1.417D-01  2.642D+01 10304  9.552D-02
  305.7490  0.629574D-01  0.588167D-01  0.296255D+02
  306.0466  0.663895D-01  0.703117D-01 -0.252562D+02
  306.3432  0.749463D-01  0.774782D-01 -0.163035D+02
  306.6388  0.846524D-01  0.894280D-01 -0.279556D+02
  306.9334  0.105152D+00  0.106975D+00 -0.978564D+01
  307.2269  0.129471D+00  0.120072D+00  0.465551D+02
  307.5194  0.143448D+00  0.133191D+00  0.440323D+02
  307.8107  0.151073D+00  0.146828D+00  0.170843D+02
  308.1009  0.155390D+00  0.162843D+00 -0.282290D+02
  308.3900  0.167441D+00  0.178566D+00 -0.397963D+02
  308.6778  0.177085D+00  0.176337D+00  0.240915D+01
  308.9645  0.169134D+00  0.167514D+00  0.474283D+01
  309.2498  0.164894D+00  0.173224D+00 -0.214557D+02
  309.5340  0.186978D+00  0.182110D+00  0.111940D+02
  309.8168  0.206297D+00  0.196113D+00  0.204913D+02
   21 310.157 313.315 311.736 -8.983D-02  0.000D+00  4.628D-01  2.292D+01 10304  6.231D-02
  310.1572  0.321379D+00  0.347504D+00 -0.226578D+02
  310.3158  0.372348D+00  0.408729D+00 -0.328028D+02
  310.4743  0.468127D+00  0.474715D+00 -0.638244D+01
  310.6328  0.544370D+00  0.522027D+00  0.219969D+02
  310.7911  0.583086D+00  0.548968D+00  0.339556D+02
  310.9494  0.591192D+00  0.559502D+00  0.339511D+02
  311.1076  0.577728D+00  0.561572D+00  0.176202D+02
  311.2658  0.551095D+00  0.560467D+00 -0.104086D+02
  311.4239  0.533274D+00  0.551246D+00 -0.203303D+02
  311.5818  0.508466D+00  0.528813D+00 -0.250391D+02
  311.7398  0.487237D+00  0.501050D+00 -0.172319D+02
  311.8976  0.470705D+00  0.483092D+00 -0.157759D+02
  312.0554  0.472017D+00  0.489122D+00 -0.217847D+02
  312.2131  0.507806D+00  0.518454D+00 -0.135623D+02
  312.3708  0.558378D+00  0.553149D+00  0.618479D+01
  312.5283  0.596729D+00  0.579679D+00  0.200342D+02
  312.6858  0.618160D+00  0.601489D+00  0.202421D+02
  312.8432  0.641610D+00  0.623159D+00  0.224024D+02
  313.0005  0.660866D+00  0.640236D+00  0.250497D+02
  313.1578  0.657993D+00  0.651772D+00  0.755386D+01
  313.3151  0.634000D+00  0.670008D+00 -0.437211D+02
   21 311.108 314.257 312.682  5.849D-02  0.000D+00  5.364D-01  3.401D+01 10304  5.334D-02
  311.1076  0.577728D+00  0.534693D+00  0.469340D+02
  311.2658  0.551095D+00  0.541380D+00  0.107891D+02
  311.4239  0.533274D+00  0.547288D+00 -0.158527D+02
  311.5818  0.508466D+00  0.543555D+00 -0.431815D+02
  311.7398  0.487237D+00  0.524095D+00 -0.459797D+02
  311.8976  0.470705D+00  0.497271D+00 -0.338356D+02
  312.0554  0.472017D+00  0.481367D+00 -0.119080D+02
  312.2131  0.507806D+00  0.491852D+00  0.203198D+02
  312.3708  0.558378D+00  0.527647D+00  0.363441D+02
  312.5283  0.596729D+00  0.566410D+00  0.356259D+02
  312.6858  0.618160D+00  0.590850D+00  0.331597D+02
  312.8432  0.641610D+00  0.610662D+00  0.375767D+02
  313.0005  0.660866D+00  0.631920D+00  0.351470D+02
  313.1578  0.657993D+00  0.645274D+00  0.154440D+02
  313.3151  0.634000D+00  0.650195D+00 -0.196645D+02
  313.4722  0.617383D+00  0.660610D+00 -0.524855D+02
  313.6292  0.641998D+00  0.692371D+00 -0.573402D+02
  313.7862  0.715842D+00  0.748006D+00 -0.366133D+02
  313.9431  0.798304D+00  0.802532D+00 -0.481298D+01
  314.0999  0.843962D+00  0.818657D+00  0.288042D+02
  314.2567  0.794810D+00  0.769348D+00  0.289842D+02
   21 312.055 315.196 313.626  5.290D-03  0.000D+00  6.081D-01  3.759D+01 10300  2.654D-02
  312.0554  0.472017D+00  0.497543D+00 -0.325105D+02
  312.2131  0.507806D+00  0.515734D+00 -0.100983D+02
  312.3708  0.558378D+00  0.554459D+00  0.463547D+01
  312.5283  0.596729D+00  0.584228D+00  0.146893D+02
  312.6858  0.618160D+00  0.597310D+00  0.253163D+02
  312.8432  0.641610D+00  0.612979D+00  0.347631D+02
  313.0005  0.660866D+00  0.629230D+00  0.384130D+02
  313.1578  0.657993D+00  0.634818D+00  0.281395D+02
  313.3151  0.634000D+00  0.636683D+00 -0.325751D+01
  313.4722  0.617383D+00  0.651755D+00 -0.417345D+02
  313.6292  0.641998D+00  0.696439D+00 -0.619715D+02
  313.7862  0.715842D+00  0.766008D+00 -0.571048D+02
  313.9431  0.798304D+00  0.827778D+00 -0.335503D+02
  314.0999  0.843962D+00  0.842405D+00  0.177214D+01
  314.2567  0.794810D+00  0.784958D+00  0.112152D+02
  314.4134  0.705514D+00  0.686028D+00  0.221814D+02
  314.5700  0.686568D+00  0.647077D+00  0.449535D+02
  314.7266  0.780756D+00  0.724860D+00  0.636269D+02
  314.8830  0.905071D+00  0.859133D+00  0.522921D+02
  315.0394  0.973712D+00  0.972848D+00  0.984081D+00
  315.1957  0.983030D+00  0.104364D+01 -0.689921D+02
   21 313.001 316.132 314.566 -6.004D-02  0.000D+00  7.296D-01  3.939D+01   300  2.201D-02
  313.0005  0.660866D+00  0.643179D+00  0.214763D+02
  313.1578  0.657993D+00  0.629329D+00  0.348049D+02
  313.3151  0.634000D+00  0.625932D+00  0.979575D+01
  313.4722  0.617383D+00  0.647450D+00 -0.365069D+02
  313.6292  0.641998D+00  0.701562D+00 -0.678022D+02
  313.7862  0.715842D+00  0.771115D+00 -0.629182D+02
  313.9431  0.798304D+00  0.819112D+00 -0.236852D+02
  314.0999  0.843962D+00  0.810251D+00  0.383732D+02
  314.2567  0.794810D+00  0.736195D+00  0.667218D+02
  314.4134  0.705514D+00  0.658639D+00  0.533587D+02
  314.5700  0.686568D+00  0.667876D+00  0.212774D+02
  314.7266  0.780756D+00  0.767733D+00  0.148239D+02
  314.8830  0.905071D+00  0.883302D+00  0.247799D+02
  315.0394  0.973712D+00  0.958308D+00  0.175352D+02
  315.1957  0.983030D+00  0.986270D+00 -0.368865D+01
  315.3521  0.942187D+00  0.974341D+00 -0.366015D+02
  315.5082  0.870051D+00  0.913679D+00 -0.496614D+02
  315.6643  0.764294D+00  0.802267D+00 -0.432251D+02
  315.8204  0.674843D+00  0.690181D+00 -0.174589D+02
  315.9763  0.647899D+00  0.639226D+00  0.987246D+01
  316.1323  0.716851D+00  0.661867D+00  0.625885D+02
   21 313.943 317.066 315.505 -8.486D-02  0.000D+00  8.235D-01  3.373D+01 10300  1.980D-02
  313.9431  0.798304D+00  0.841169D+00 -0.487932D+02
  314.0999  0.843962D+00  0.826012D+00  0.204321D+02
  314.2567  0.794810D+00  0.750341D+00  0.506200D+02
  314.4134  0.705514D+00  0.684388D+00  0.240488D+02
  314.5700  0.686568D+00  0.702390D+00 -0.180101D+02
  314.7266  0.780756D+00  0.795590D+00 -0.168864D+02
  314.8830  0.905071D+00  0.893947D+00  0.126625D+02
  315.0394  0.973712D+00  0.953979D+00  0.224626D+02
  315.1957  0.983030D+00  0.971999D+00  0.125568D+02
  315.3521  0.942187D+00  0.952017D+00 -0.111900D+02
  315.5082  0.870051D+00  0.888479D+00 -0.209759D+02
  315.6643  0.764294D+00  0.789419D+00 -0.285996D+02
  315.8204  0.674843D+00  0.704372D+00 -0.336128D+02
  315.9763  0.647899D+00  0.687064D+00 -0.445815D+02
  316.1323  0.716851D+00  0.746957D+00 -0.342698D+02
  316.2881  0.848155D+00  0.843741D+00  0.502451D+01
  316.4438  0.970218D+00  0.933141D+00  0.422054D+02
  316.5995  0.106922D+01  0.100521D+01  0.685740D+02
  316.7551  0.112264D+01  0.108253D+01  0.429756D+02
  316.9106  0.118212D+01  0.118928D+01 -0.766703D+01
  317.0661  0.127041D+01  0.131648D+01 -0.493554D+02
   21 314.883 317.997 316.440 -1.059D-01  0.000D+00  8.871D-01  2.761D+01 10000  1.909D-02
  314.8830  0.905071D+00  0.909062D+00 -0.454339D+01
  315.0394  0.973712D+00  0.960665D+00  0.148513D+02
  315.1957  0.983030D+00  0.972102D+00  0.124399D+02
  315.3521  0.942187D+00  0.950680D+00 -0.966727D+01
  315.5082  0.870051D+00  0.880894D+00 -0.123423D+02
  315.6643  0.764294D+00  0.770601D+00 -0.717876D+01
  315.8204  0.674843D+00  0.681981D+00 -0.812491D+01
  315.9763  0.647899D+00  0.676889D+00 -0.329991D+02
  316.1323  0.716851D+00  0.754128D+00 -0.424334D+02
  316.2881  0.848155D+00  0.859643D+00 -0.130769D+02
  316.4438  0.970218D+00  0.943288D+00  0.306553D+02
  316.5995  0.106922D+01  0.100393D+01  0.699464D+02
  316.7551  0.112264D+01  0.107258D+01  0.536314D+02
  316.9106  0.118212D+01  0.117518D+01  0.743571D+01
  317.0661  0.127041D+01  0.129761D+01 -0.291425D+02
  317.2215  0.135823D+01  0.137720D+01 -0.203247D+02
  317.3768  0.137974D+01  0.139489D+01 -0.153359D+02
  317.5321  0.134829D+01  0.137417D+01 -0.261873D+02
  317.6873  0.127375D+01  0.128781D+01 -0.150631D+02
  317.8424  0.115541D+01  0.113221D+01  0.264066D+02
  317.9974  0.102015D+01  0.100450D+01  0.178080D+02
   21 315.820 318.926 317.373 -6.995D-02  0.000D+00  9.638D-01  2.589D+01 10300  1.165D-02
  315.8204  0.674843D+00  0.672685D+00  0.245639D+01
  315.9763  0.647899D+00  0.657605D+00 -0.110485D+02
  316.1323  0.716851D+00  0.738478D+00 -0.246186D+02
  316.2881  0.848155D+00  0.864470D+00 -0.185723D+02
  316.4438  0.970218D+00  0.962056D+00  0.929061D+01
  316.5995  0.106922D+01  0.102100D+01  0.516645D+02
  316.7551  0.112264D+01  0.107722D+01  0.486643D+02
  316.9106  0.118212D+01  0.116551D+01  0.177997D+02
  317.0661  0.127041D+01  0.129376D+01 -0.250225D+02
  317.2215  0.135823D+01  0.138493D+01 -0.286095D+02
  317.3768  0.137974D+01  0.139554D+01 -0.159904D+02
  317.5321  0.134829D+01  0.137602D+01 -0.280606D+02
  317.6873  0.127375D+01  0.130997D+01 -0.388065D+02
  317.8424  0.115541D+01  0.114622D+01  0.104609D+02
  317.9974  0.102015D+01  0.982264D+00  0.431216D+02
  318.1524  0.964394D+00  0.943132D+00  0.242031D+02
  318.3073  0.103537D+01  0.102061D+01  0.158067D+02
  318.4622  0.117855D+01  0.116010D+01  0.197633D+02
  318.6169  0.132562D+01  0.132209D+01  0.356708D+01
  318.7716  0.148363D+01  0.149579D+01 -0.123026D+02
  318.9262  0.160321D+01  0.161821D+01 -0.143801D+02
   21 316.755 319.852 318.304 -3.183D-02  0.000D+00  1.108D+00  3.270D+01 10300  1.281D-02
  316.7551  0.112264D+01  0.115664D+01 -0.364215D+02
  316.9106  0.118212D+01  0.117668D+01  0.583163D+01
  317.0661  0.127041D+01  0.125224D+01  0.194628D+02
  317.2215  0.135823D+01  0.132917D+01  0.311263D+02
  317.3768  0.137974D+01  0.135076D+01  0.293150D+02
  317.5321  0.134829D+01  0.134278D+01  0.557342D+01
  317.6873  0.127375D+01  0.130760D+01 -0.362695D+02
  317.8424  0.115541D+01  0.118990D+01 -0.392592D+02
  317.9974  0.102015D+01  0.103746D+01 -0.197093D+02
  318.1524  0.964394D+00  0.976507D+00 -0.137880D+02
  318.3073  0.103537D+01  0.103790D+01 -0.271991D+01
  318.4622  0.117855D+01  0.117083D+01  0.827348D+01
  318.6169  0.132562D+01  0.132493D+01  0.695373D+00
  318.7716  0.148363D+01  0.147432D+01  0.942247D+01
  318.9262  0.160321D+01  0.156899D+01  0.328018D+02
  319.0807  0.155631D+01  0.150674D+01  0.501568D+02
  319.2352  0.136172D+01  0.133333D+01  0.287233D+02
  319.3896  0.120938D+01  0.124994D+01 -0.410436D+02
  319.5440  0.121318D+01  0.129085D+01 -0.785931D+02
  319.6982  0.133198D+01  0.135661D+01 -0.249203D+02
  319.8524  0.143122D+01  0.138056D+01  0.485545D+02
   21 317.687 320.776 319.232  1.956D-03  0.000D+00  1.194D+00  4.078D+01 10300  1.597D-02
  317.6873  0.127375D+01  0.118764D+01  0.922466D+02
  317.8424  0.115541D+01  0.119695D+01 -0.472859D+02
  317.9974  0.102015D+01  0.108335D+01 -0.719406D+02
  318.1524  0.964394D+00  0.101211D+01 -0.543191D+02
  318.3073  0.103537D+01  0.106193D+01 -0.284600D+02
  318.4622  0.117855D+01  0.118665D+01 -0.867434D+01
  318.6169  0.132562D+01  0.132798D+01 -0.239189D+01
  318.7716  0.148363D+01  0.145853D+01  0.254005D+02
  318.9262  0.160321D+01  0.155430D+01  0.468841D+02
  319.0807  0.155631D+01  0.150767D+01  0.492189D+02
  319.2352  0.136172D+01  0.131217D+01  0.501388D+02
  319.3896  0.120938D+01  0.118991D+01  0.196943D+02
  319.5440  0.121318D+01  0.123433D+01 -0.214017D+02
  319.6982  0.133198D+01  0.133997D+01 -0.808320D+01
  319.8524  0.143122D+01  0.145543D+01 -0.232076D+02
  320.0066  0.147858D+01  0.152949D+01 -0.488031D+02
  320.1606  0.151803D+01  0.156342D+01 -0.435160D+02
  320.3146  0.163194D+01  0.163972D+01 -0.746163D+01
  320.4685  0.178646D+01  0.175960D+01  0.257442D+02
  320.6224  0.189656D+01  0.186298D+01  0.305881D+02
  320.7762  0.188942D+01  0.189225D+01 -0.257532D+01
   21 318.617 321.697 320.157  6.244D-02  0.000D+00  1.181D+00  3.358D+01 10000  1.170D-02
  318.6169  0.132562D+01  0.138020D+01 -0.552267D+02
  318.7716  0.148363D+01  0.146819D+01  0.156262D+02
  318.9262  0.160321D+01  0.154967D+01  0.513179D+02
  319.0807  0.155631D+01  0.154920D+01  0.719677D+01
  319.2352  0.136172D+01  0.137918D+01 -0.176659D+02
  319.3896  0.120938D+01  0.119790D+01  0.116071D+02
  319.5440  0.121318D+01  0.119238D+01  0.210488D+02
  319.6982  0.133198D+01  0.129639D+01  0.360136D+02
  319.8524  0.143122D+01  0.142817D+01  0.291980D+01
  320.0066  0.147858D+01  0.154118D+01 -0.600015D+02
  320.1606  0.151803D+01  0.159182D+01 -0.707317D+02
  320.3146  0.163194D+01  0.164889D+01 -0.162450D+02
  320.4685  0.178646D+01  0.175486D+01  0.302892D+02
  320.6224  0.189656D+01  0.185348D+01  0.392370D+02
  320.7762  0.188942D+01  0.188024D+01  0.835695D+01
  320.9298  0.177613D+01  0.179108D+01 -0.136085D+02
  321.0835  0.160895D+01  0.161645D+01 -0.718528D+01
  321.2371  0.147967D+01  0.146570D+01  0.133907D+02
  321.3906  0.145638D+01  0.141878D+01  0.360352D+02
  321.5440  0.152323D+01  0.150177D+01  0.205743D+02
  321.6973  0.164809D+01  0.169451D+01 -0.444974D+02
   21 319.544 322.616 321.080  3.392D-02  0.000D+00  1.355D+00  4.809D+01 10300  2.668D-02
  319.5440  0.121318D+01  0.120714D+01  0.611385D+01
  319.6982  0.133198D+01  0.128748D+01  0.450322D+02
  319.8524  0.143122D+01  0.140058D+01  0.293660D+02
  320.0066  0.147858D+01  0.150991D+01 -0.300312D+02
  320.1606  0.151803D+01  0.160610D+01 -0.844278D+02
  320.3146  0.163194D+01  0.169801D+01 -0.633323D+02
  320.4685  0.178646D+01  0.178630D+01  0.149768D+00
  320.6224  0.189656D+01  0.184427D+01  0.476238D+02
  320.7762  0.188942D+01  0.183367D+01  0.507697D+02
  320.9298  0.177613D+01  0.174566D+01  0.277478D+02
  321.0835  0.160895D+01  0.161297D+01 -0.385005D+01
  321.2371  0.147967D+01  0.149857D+01 -0.181187D+02
  321.3906  0.145638D+01  0.145193D+01  0.426227D+01
  321.5440  0.152323D+01  0.149165D+01  0.302771D+02
  321.6973  0.164809D+01  0.159127D+01  0.544652D+02
  321.8506  0.174003D+01  0.170378D+01  0.330099D+02
  322.0038  0.173544D+01  0.176740D+01 -0.291014D+02
  322.1570  0.163862D+01  0.174505D+01 -0.969270D+02
  322.3101  0.156532D+01  0.164458D+01 -0.721823D+02
  322.4630  0.150747D+01  0.149962D+01  0.751884D+01
  322.6160  0.142337D+01  0.133519D+01  0.845313D+02
   21 320.469 323.532 322.000 -5.187D-02  0.000D+00  1.320D+00  4.335D+01   300  2.928D-02
  320.4685  0.178646D+01  0.181775D+01 -0.299940D+02
  320.6224  0.189656D+01  0.187396D+01  0.205846D+02
  320.7762  0.188942D+01  0.184285D+01  0.424067D+02
  320.9298  0.177613D+01  0.174232D+01  0.307937D+02
  321.0835  0.160895D+01  0.162354D+01 -0.139815D+02
  321.2371  0.147967D+01  0.153782D+01 -0.557430D+02
  321.3906  0.145638D+01  0.151515D+01 -0.563386D+02
  321.5440  0.152323D+01  0.155363D+01 -0.291402D+02
  321.6973  0.164809D+01  0.162190D+01  0.251046D+02
  321.8506  0.174003D+01  0.167853D+01  0.560049D+02
  322.0038  0.173544D+01  0.169068D+01  0.407602D+02
  322.1570  0.163862D+01  0.165137D+01 -0.116131D+02
  322.3101  0.156532D+01  0.157647D+01 -0.101547D+02
  322.4630  0.150747D+01  0.148990D+01  0.168420D+02
  322.6160  0.142337D+01  0.141179D+01  0.111024D+02
  322.7689  0.130869D+01  0.136661D+01 -0.555207D+02
  322.9216  0.128920D+01  0.137001D+01 -0.774602D+02
  323.0744  0.143285D+01  0.142592D+01  0.663827D+01
  323.2271  0.161237D+01  0.151988D+01  0.802130D+02
  323.3796  0.169965D+01  0.163493D+01  0.561302D+02
  323.5322  0.171067D+01  0.177673D+01 -0.572932D+02
   21 321.391 324.446 322.918 -7.859D-02  0.000D+00  1.368D+00  3.497D+01 10304  2.982D-02
  321.3906  0.145638D+01  0.150433D+01 -0.459649D+02
  321.5440  0.152323D+01  0.153593D+01 -0.121757D+02
  321.6973  0.164809D+01  0.161827D+01  0.285861D+02
  321.8506  0.174003D+01  0.169366D+01  0.422255D+02
  322.0038  0.173544D+01  0.170301D+01  0.295383D+02
  322.1570  0.163862D+01  0.164300D+01 -0.399107D+01
  322.3101  0.156532D+01  0.156565D+01 -0.303438D+00
  322.4630  0.150747D+01  0.149499D+01  0.119638D+02
  322.6160  0.142337D+01  0.141847D+01  0.470090D+01
  322.7689  0.130869D+01  0.136256D+01 -0.516391D+02
  322.9216  0.128920D+01  0.138425D+01 -0.911161D+02
  323.0744  0.143285D+01  0.148680D+01 -0.517172D+02
  323.2271  0.161237D+01  0.159225D+01  0.174530D+02
  323.3796  0.169965D+01  0.163713D+01  0.542242D+02
  323.5322  0.171067D+01  0.166758D+01  0.373738D+02
  323.6846  0.176829D+01  0.174495D+01  0.202460D+02
  323.8370  0.188484D+01  0.186596D+01  0.163707D+02
  323.9893  0.200628D+01  0.199024D+01  0.139142D+02
  324.1415  0.207011D+01  0.207759D+01 -0.648497D+01
  324.2938  0.208587D+01  0.211289D+01 -0.234311D+02
  324.4459  0.210521D+01  0.211033D+01 -0.423911D+01
   21 322.310 325.357 323.834 -7.603D-02  0.000D+00  1.540D+00  4.547D+01 10300  2.379D-02
  322.3101  0.156532D+01  0.150540D+01  0.545651D+02
  322.4630  0.150747D+01  0.151134D+01 -0.371091D+01
  322.6160  0.142337D+01  0.142944D+01 -0.581365D+01
  322.7689  0.130869D+01  0.133924D+01 -0.292910D+02
  322.9216  0.128920D+01  0.134464D+01 -0.531415D+02
  323.0744  0.143285D+01  0.151638D+01 -0.800702D+02
  323.2271  0.161237D+01  0.167866D+01 -0.574955D+02
  323.3796  0.169965D+01  0.165362D+01  0.399160D+02
  323.5322  0.171067D+01  0.161897D+01  0.795334D+02
  323.6846  0.176829D+01  0.170407D+01  0.556928D+02
  323.8370  0.188484D+01  0.183652D+01  0.419065D+02
  323.9893  0.200628D+01  0.197091D+01  0.306791D+02
  324.1415  0.207011D+01  0.207014D+01 -0.274092D-01
  324.2938  0.208587D+01  0.207610D+01  0.847269D+01
  324.4459  0.210521D+01  0.210688D+01 -0.138642D+01
  324.5979  0.207221D+01  0.211122D+01 -0.323006D+02
  324.7499  0.194937D+01  0.196271D+01 -0.110474D+02
  324.9017  0.179896D+01  0.184696D+01 -0.416275D+02
  325.0536  0.177070D+01  0.184921D+01 -0.680941D+02
  325.2054  0.187622D+01  0.188265D+01 -0.557420D+01
  325.3571  0.203268D+01  0.194195D+01  0.751153D+02
   21 323.227 326.266 324.746 -6.727D-02  0.000D+00  1.485D+00  2.314D+01 10300  1.268D-02
  323.2271  0.161237D+01  0.166103D+01 -0.421999D+02
  323.3796  0.169965D+01  0.168293D+01  0.144973D+02
  323.5322  0.171067D+01  0.166260D+01  0.416966D+02
  323.6846  0.176829D+01  0.175075D+01  0.152077D+02
  323.8370  0.188484D+01  0.188288D+01  0.170223D+01
  323.9893  0.200628D+01  0.200745D+01 -0.100892D+01
  324.1415  0.207011D+01  0.209441D+01 -0.210749D+02
  324.2938  0.208587D+01  0.208180D+01  0.353251D+01
  324.4459  0.210521D+01  0.208746D+01  0.146881D+02
  324.5979  0.207221D+01  0.208117D+01 -0.742128D+01
  324.7499  0.194937D+01  0.193243D+01  0.140198D+02
  324.9017  0.179896D+01  0.181337D+01 -0.125005D+02
  325.0536  0.177070D+01  0.182569D+01 -0.476986D+02
  325.2054  0.187622D+01  0.189211D+01 -0.137787D+02
  325.3571  0.203268D+01  0.200826D+01  0.202182D+02
  325.5087  0.222098D+01  0.222368D+01 -0.213584D+01
  325.6602  0.241510D+01  0.242424D+01 -0.723564D+01
  325.8117  0.259812D+01  0.255992D+01  0.302502D+02
  325.9631  0.273936D+01  0.270816D+01  0.236817D+02
  326.1145  0.282314D+01  0.280408D+01  0.144683D+02
  326.2658  0.281359D+01  0.286610D+01 -0.398468D+02
   21 324.142 327.172 325.657 -2.405D-03  0.000D+00  1.521D+00  3.759D+01   300  1.616D-02
  324.1415  0.207011D+01  0.213735D+01 -0.583162D+02
  324.2938  0.208587D+01  0.208437D+01  0.130485D+01
  324.4459  0.210521D+01  0.201173D+01  0.773825D+02
  324.5979  0.207221D+01  0.204305D+01  0.241407D+02
  324.7499  0.194937D+01  0.195763D+01 -0.684169D+01
  324.9017  0.179896D+01  0.178758D+01  0.987029D+01
  325.0536  0.177070D+01  0.179146D+01 -0.180060D+02
  325.2054  0.187622D+01  0.188157D+01 -0.463819D+01
  325.3571  0.203268D+01  0.199893D+01  0.279438D+02
  325.5087  0.222098D+01  0.220979D+01  0.886305D+01
  325.6602  0.241510D+01  0.249706D+01 -0.649037D+02
  325.8117  0.259812D+01  0.263627D+01 -0.302110D+02
  325.9631  0.273936D+01  0.276622D+01 -0.203812D+02
  326.1145  0.282314D+01  0.283516D+01 -0.912161D+01
  326.2658  0.281359D+01  0.280156D+01  0.913233D+01
  326.4170  0.274278D+01  0.271151D+01  0.237254D+02
  326.5682  0.275831D+01  0.263660D+01  0.923584D+02
  326.7192  0.286531D+01  0.282674D+01  0.280952D+02
  326.8703  0.293100D+01  0.297901D+01 -0.349765D+02
  327.0212  0.283293D+01  0.288648D+01 -0.390109D+02
  327.1721  0.269060D+01  0.268583D+01  0.361844D+01
   21 325.054 328.076 326.565  5.978D-03  0.000D+00  1.680D+00  2.830D+01 10300  1.849D-02
  325.0536  0.177070D+01  0.175635D+01  0.124451D+02
  325.2054  0.187622D+01  0.186004D+01  0.140329D+02
  325.3571  0.203268D+01  0.200741D+01  0.209229D+02
  325.5087  0.222098D+01  0.222498D+01 -0.317088D+01
  325.6602  0.241510D+01  0.247369D+01 -0.463980D+02
  325.8117  0.259812D+01  0.264900D+01 -0.402889D+02
  325.9631  0.273936D+01  0.276782D+01 -0.215941D+02
  326.1145  0.282314D+01  0.282566D+01 -0.191138D+01
  326.2658  0.281359D+01  0.279733D+01  0.123410D+02
  326.4170  0.274278D+01  0.271573D+01  0.205266D+02
  326.5682  0.275831D+01  0.267904D+01  0.601518D+02
  326.7192  0.286531D+01  0.279105D+01  0.540985D+02
  326.8703  0.293100D+01  0.290404D+01  0.196365D+02
  327.0212  0.283293D+01  0.285666D+01 -0.172864D+02
  327.1721  0.269060D+01  0.273302D+01 -0.321892D+02
  327.3229  0.266303D+01  0.270030D+01 -0.282809D+02
  327.4737  0.271203D+01  0.273674D+01 -0.180015D+02
  327.6243  0.268198D+01  0.269503D+01 -0.990511D+01
  327.7750  0.255363D+01  0.256977D+01 -0.122532D+02
  327.9255  0.242760D+01  0.243886D+01 -0.854154D+01
  328.0760  0.238451D+01  0.233363D+01  0.386124D+02
   21 325.963 328.977 327.470 -1.966D-02  0.000D+00  1.623D+00  4.183D+01   304  9.000D-02
  325.9631  0.273936D+01  0.271879D+01  0.156125D+02
  326.1145  0.282314D+01  0.280276D+01  0.154678D+02
  326.2658  0.281359D+01  0.282531D+01 -0.889188D+01
  326.4170  0.274278D+01  0.281892D+01 -0.577785D+02
  326.5682  0.275831D+01  0.281841D+01 -0.456079D+02
  326.7192  0.286531D+01  0.282806D+01  0.271337D+02
  326.8703  0.293100D+01  0.282507D+01  0.771678D+02
  327.0212  0.283293D+01  0.279263D+01  0.293611D+02
  327.1721  0.269060D+01  0.274351D+01 -0.401542D+02
  327.3229  0.266303D+01  0.269760D+01 -0.262320D+02
  327.4737  0.271203D+01  0.265900D+01  0.386341D+02
  327.6243  0.268198D+01  0.261399D+01  0.515943D+02
  327.7750  0.255363D+01  0.256151D+01 -0.598420D+01
  327.9255  0.242760D+01  0.251122D+01 -0.634582D+02
  328.0760  0.238451D+01  0.247473D+01 -0.684658D+02
  328.2264  0.243048D+01  0.245082D+01 -0.154361D+02
  328.3767  0.250929D+01  0.243324D+01  0.577149D+02
  328.5270  0.250587D+01  0.242761D+01  0.593951D+02
  328.6772  0.246200D+01  0.246774D+01 -0.435602D+01
  328.8273  0.255075D+01  0.259021D+01 -0.299391D+02
  328.9774  0.281289D+01  0.281131D+01  0.115242D+01
   21 326.870 329.876 328.373 -1.111D-01  0.000D+00  1.598D+00  4.675D+01 10304  7.811D-02
  326.8703  0.293100D+01  0.295115D+01 -0.146783D+02
  327.0212  0.283293D+01  0.283482D+01 -0.138094D+01
  327.1721  0.269060D+01  0.273950D+01 -0.371132D+02
  327.3229  0.266303D+01  0.266952D+01 -0.492617D+01
  327.4737  0.271203D+01  0.261611D+01  0.698777D+02
  327.6243  0.268198D+01  0.256794D+01  0.865391D+02
  327.7750  0.255363D+01  0.252626D+01  0.207654D+02
  327.9255  0.242760D+01  0.249684D+01 -0.525433D+02
  328.0760  0.238451D+01  0.247995D+01 -0.724274D+02
  328.2264  0.243048D+01  0.246724D+01 -0.278972D+02
  328.3767  0.250929D+01  0.245758D+01  0.392400D+02
  328.5270  0.250587D+01  0.246863D+01  0.282641D+02
  328.6772  0.246200D+01  0.253042D+01 -0.519209D+02
  328.8273  0.255075D+01  0.265892D+01 -0.820877D+02
  328.9774  0.281289D+01  0.283427D+01 -0.155721D+02
  329.1274  0.308831D+01  0.301602D+01  0.526648D+02
  329.2773  0.326846D+01  0.317143D+01  0.679687D+02
  329.4272  0.334494D+01  0.328716D+01  0.404779D+02
  329.5770  0.337794D+01  0.337462D+01  0.233049D+01
  329.7267  0.338066D+01  0.343565D+01 -0.370922D+02
  329.8764  0.343447D+01  0.345857D+01 -0.162563D+02
   21 327.775 330.773 329.274 -6.526D-02  0.000D+00  1.751D+00  2.868D+01 10300  1.575D-02
  327.7750  0.255363D+01  0.246730D+01  0.655147D+02
  327.9255  0.242760D+01  0.245458D+01 -0.204737D+02
  328.0760  0.238451D+01  0.247133D+01 -0.658905D+02
  328.2264  0.243048D+01  0.249587D+01 -0.496242D+02
  328.3767  0.250929D+01  0.249836D+01  0.829455D+01
  328.5270  0.250587D+01  0.245570D+01  0.380741D+02
  328.6772  0.246200D+01  0.243543D+01  0.201609D+02
  328.8273  0.255075D+01  0.256294D+01 -0.924668D+01
  328.9774  0.281289D+01  0.282170D+01 -0.641416D+01
  329.1274  0.308831D+01  0.306364D+01  0.179779D+02
  329.2773  0.326846D+01  0.322392D+01  0.311984D+02
  329.4272  0.334494D+01  0.332091D+01  0.168361D+02
  329.5770  0.337794D+01  0.337517D+01  0.194095D+01
  329.7267  0.338066D+01  0.341646D+01 -0.241491D+02
  329.8764  0.343447D+01  0.347238D+01 -0.255731D+02
  330.0260  0.347104D+01  0.348069D+01 -0.650946D+01
  330.1755  0.335263D+01  0.334792D+01  0.317878D+01
  330.3250  0.310734D+01  0.309947D+01  0.573352D+01
  330.4744  0.281670D+01  0.283900D+01 -0.162496D+02
  330.6237  0.265162D+01  0.266036D+01 -0.637100D+01
  330.7730  0.264890D+01  0.261832D+01  0.222757D+02
   21 328.677 331.667 330.172 -2.621D-02  0.000D+00  1.737D+00  2.197D+01   300  8.685D-03
  328.6772  0.246200D+01  0.243963D+01  0.169733D+02
  328.8273  0.255075D+01  0.251521D+01  0.269720D+02
  328.9774  0.281289D+01  0.284380D+01 -0.225141D+02
  329.1274  0.308831D+01  0.313665D+01 -0.352131D+02
  329.2773  0.326846D+01  0.327666D+01 -0.574398D+01
  329.4272  0.334494D+01  0.335927D+01 -0.100379D+02
  329.5770  0.337794D+01  0.337766D+01  0.198750D+00
  329.7267  0.338066D+01  0.336895D+01  0.790126D+01
  329.8764  0.343447D+01  0.339650D+01  0.256162D+02
  330.0260  0.347104D+01  0.345964D+01  0.769037D+01
  330.1755  0.335263D+01  0.336843D+01 -0.106565D+02
  330.3250  0.310734D+01  0.309077D+01  0.120715D+02
  330.4744  0.281670D+01  0.283107D+01 -0.104663D+02
  330.6237  0.265162D+01  0.261588D+01  0.260397D+02
  330.7730  0.264890D+01  0.259249D+01  0.411000D+02
  330.9222  0.275427D+01  0.277256D+01 -0.133255D+02
  331.0714  0.284706D+01  0.289589D+01 -0.355719D+02
  331.2204  0.281484D+01  0.286510D+01 -0.366159D+02
  331.3694  0.273292D+01  0.274874D+01 -0.115278D+02
  331.5184  0.273431D+01  0.270341D+01  0.225125D+02
  331.6672  0.286298D+01  0.283811D+01  0.174232D+02
   21 329.577 332.559 331.068 -1.304D-02  0.000D+00  1.674D+00  2.888D+01 10300  1.203D-02
  329.5770  0.337794D+01  0.342935D+01 -0.360124D+02
  329.7267  0.338066D+01  0.338811D+01 -0.502483D+01
  329.8764  0.343447D+01  0.338754D+01  0.316542D+02
  330.0260  0.347104D+01  0.342651D+01  0.300428D+02
  330.1755  0.335263D+01  0.334588D+01  0.455007D+01
  330.3250  0.310734D+01  0.309367D+01  0.995732D+01
  330.4744  0.281670D+01  0.283745D+01 -0.151198D+02
  330.6237  0.265162D+01  0.263418D+01  0.127044D+02
  330.7730  0.264890D+01  0.260021D+01  0.354701D+02
  330.9222  0.275427D+01  0.276521D+01 -0.797157D+01
  331.0714  0.284706D+01  0.290252D+01 -0.404069D+02
  331.2204  0.281484D+01  0.289282D+01 -0.568146D+02
  331.3694  0.273292D+01  0.278860D+01 -0.405666D+02
  331.5184  0.273431D+01  0.273306D+01  0.916266D+00
  331.6672  0.286298D+01  0.283308D+01  0.209432D+02
  331.8160  0.303217D+01  0.299564D+01  0.255952D+02
  331.9648  0.311044D+01  0.305872D+01  0.348909D+02
  332.1135  0.302255D+01  0.298588D+01  0.247309D+02
  332.2621  0.287680D+01  0.285038D+01  0.178190D+02
  332.4106  0.286453D+01  0.285055D+01  0.979400D+01
  332.5591  0.299397D+01  0.306970D+01 -0.510808D+02
   21 330.474 333.449 331.961 -2.227D-02  0.000D+00  1.754D+00  2.226D+01 10300  1.005D-02
  330.4744  0.281670D+01  0.284356D+01 -0.195694D+02
  330.6237  0.265162D+01  0.262203D+01  0.215535D+02
  330.7730  0.264890D+01  0.258897D+01  0.436622D+02
  330.9222  0.275427D+01  0.274858D+01  0.414673D+01
  331.0714  0.284706D+01  0.287676D+01 -0.216365D+02
  331.2204  0.281484D+01  0.286695D+01 -0.379689D+02
  331.3694  0.273292D+01  0.277352D+01 -0.295774D+02
  331.5184  0.273431D+01  0.273841D+01 -0.298681D+01
  331.6672  0.286298D+01  0.285530D+01  0.537642D+01
  331.8160  0.303217D+01  0.301945D+01  0.891460D+01
  331.9648  0.311044D+01  0.307477D+01  0.240605D+02
  332.1135  0.302255D+01  0.298868D+01  0.228459D+02
  332.2621  0.287680D+01  0.284137D+01  0.238979D+02
  332.4106  0.286453D+01  0.283098D+01  0.234996D+02
  332.5591  0.299397D+01  0.300899D+01 -0.101315D+02
  332.7075  0.307744D+01  0.311080D+01 -0.225010D+02
  332.8558  0.299483D+01  0.301735D+01 -0.151925D+02
  333.0041  0.291112D+01  0.293409D+01 -0.154928D+02
  333.1523  0.294296D+01  0.297610D+01 -0.223581D+02
  333.3004  0.298947D+01  0.299129D+01 -0.123210D+01
  333.4485  0.285956D+01  0.281438D+01  0.304742D+02
   21 331.369 334.336 332.853 -8.578D-03  0.000D+00  1.799D+00  1.404D+01 10300  6.916D-03
  331.3694  0.273292D+01  0.271360D+01  0.140761D+02
  331.5184  0.273431D+01  0.272522D+01  0.662668D+01
  331.6672  0.286298D+01  0.286771D+01 -0.331514D+01
  331.8160  0.303217D+01  0.305908D+01 -0.188496D+02
  331.9648  0.311044D+01  0.313345D+01 -0.155179D+02
  332.1135  0.302255D+01  0.304821D+01 -0.173121D+02
  332.2621  0.287680D+01  0.288122D+01 -0.298348D+01
  332.4106  0.286453D+01  0.283063D+01  0.237465D+02
  332.5591  0.299397D+01  0.298077D+01  0.890235D+01
  332.7075  0.307744D+01  0.308137D+01 -0.264933D+01
  332.8558  0.299483D+01  0.298514D+01  0.653156D+01
  333.0041  0.291112D+01  0.288719D+01  0.161446D+02
  333.1523  0.294296D+01  0.292833D+01  0.986352D+01
  333.3004  0.298947D+01  0.297814D+01  0.763884D+01
  333.4485  0.285956D+01  0.286210D+01 -0.170964D+01
  333.5966  0.262071D+01  0.262580D+01 -0.343132D+01
  333.7445  0.251201D+01  0.252834D+01 -0.114412D+02
  333.8924  0.260899D+01  0.265218D+01 -0.291356D+02
  334.0402  0.275916D+01  0.278719D+01 -0.189049D+02
  334.1879  0.286228D+01  0.284718D+01  0.101830D+02
  334.3356  0.297464D+01  0.294323D+01  0.204295D+02
   20 332.262 335.073 333.668 -1.008D-02  0.000D+00  1.739D+00  1.412D+01 10300  6.241D-03
  332.2621  0.287680D+01  0.290138D+01 -0.165797D+02
  332.4106  0.286453D+01  0.284600D+01  0.129810D+02
  332.5591  0.299397D+01  0.299139D+01  0.174397D+01
  332.7075  0.307744D+01  0.308605D+01 -0.580666D+01
  332.8558  0.299483D+01  0.298699D+01  0.528793D+01
  333.0041  0.291112D+01  0.288964D+01  0.144897D+02
  333.1523  0.294296D+01  0.293119D+01  0.793970D+01
  333.3004  0.298947D+01  0.297966D+01  0.661694D+01
  333.4485  0.285956D+01  0.286246D+01 -0.195756D+01
  333.5966  0.262071D+01  0.262791D+01 -0.485124D+01
  333.7445  0.251201D+01  0.253370D+01 -0.151975D+02
  333.8924  0.260899D+01  0.265823D+01 -0.332169D+02
  334.0402  0.275916D+01  0.279164D+01 -0.219094D+02
  334.1879  0.286228D+01  0.285043D+01  0.799564D+01
  334.3356  0.297464D+01  0.294454D+01  0.195751D+02
  334.4832  0.313118D+01  0.310301D+01  0.183239D+02
  334.6308  0.321605D+01  0.318873D+01  0.171527D+02
  334.7783  0.308668D+01  0.309107D+01 -0.275511D+01
  334.9257  0.289924D+01  0.290094D+01 -0.114679D+01
  335.0731  0.290336D+01  0.292693D+01 -0.153338D+02
   14 333.152 335.073 334.113 -5.646D-03  0.000D+00  1.725D+00  9.961D+00 10300  5.571D-03
  333.1523  0.294296D+01  0.295474D+01 -0.794743D+01
  333.3004  0.298947D+01  0.297801D+01  0.772788D+01
  333.4485  0.285956D+01  0.285066D+01  0.600329D+01
  333.5966  0.262071D+01  0.261143D+01  0.626519D+01
  333.7445  0.251201D+01  0.251163D+01  0.263064D+00
  333.8924  0.260899D+01  0.263682D+01 -0.187759D+02
  334.0402  0.275916D+01  0.278112D+01 -0.148150D+02
  334.1879  0.286228D+01  0.285125D+01  0.743713D+01
  334.3356  0.297464D+01  0.295292D+01  0.141241D+02
  334.4832  0.313118D+01  0.311886D+01  0.801395D+01
  334.6308  0.321605D+01  0.321063D+01  0.340074D+01
  334.7783  0.308668D+01  0.311149D+01 -0.155818D+02
  334.9257  0.289924D+01  0.290425D+01 -0.337942D+01
  335.0731  0.290336D+01  0.289439D+01  0.583420D+01
