           0
 T F
nwave fwave lwave wave  shift    squeeze     sin      rms    exval
   21 264.276 271.389 267.833 -8.171D-02  0.000D+00  3.252D-03  1.885D+00 10300  3.173D-02
  264.2765  0.131449D-02  0.124759D-02  0.314571D+01
  264.6404  0.102915D-02  0.109056D-02 -0.329640D+01
  265.0034  0.102030D-02  0.101683D-02  0.202960D+00
  265.3654  0.122491D-02  0.119131D-02  0.195012D+01
  265.7264  0.120815D-02  0.126458D-02 -0.356343D+01
  266.0866  0.115319D-02  0.117381D-02 -0.136925D+01
  266.4458  0.112990D-02  0.109710D-02  0.227189D+01
  266.8041  0.112121D-02  0.110618D-02  0.105205D+01
  267.1616  0.112788D-02  0.115010D-02 -0.159004D+01
  267.5182  0.118998D-02  0.119828D-02 -0.600569D+00
  267.8741  0.114419D-02  0.111780D-02  0.188807D+01
  268.2290  0.113114D-02  0.111075D-02  0.149290D+01
  268.5832  0.114589D-02  0.111903D-02  0.196593D+01
  268.9366  0.107619D-02  0.107607D-02  0.885480D-02
  269.2892  0.106392D-02  0.107762D-02 -0.100244D+01
  269.6410  0.106610D-02  0.108940D-02 -0.172510D+01
  269.9921  0.120784D-02  0.122761D-02 -0.143105D+01
  270.3424  0.131372D-02  0.131524D-02 -0.110037D+00
  270.6921  0.128624D-02  0.126537D-02  0.144564D+01
  271.0410  0.119681D-02  0.122626D-02 -0.213117D+01
  271.3893  0.118331D-02  0.115590D-02  0.198350D+01
   21 266.446 273.465 269.956 -3.380D-03  0.000D+00  3.290D-03  1.118D+00 10000  1.265D-02
  266.4458  0.112990D-02  0.112266D-02  0.501398D+00
  266.8041  0.112121D-02  0.111276D-02  0.591827D+00
  267.1616  0.112788D-02  0.114499D-02 -0.122404D+01
  267.5182  0.118998D-02  0.120505D-02 -0.109012D+01
  267.8741  0.114419D-02  0.114245D-02  0.124525D+00
  268.2290  0.113114D-02  0.111000D-02  0.154756D+01
  268.5832  0.114589D-02  0.112905D-02  0.123319D+01
  268.9366  0.107619D-02  0.108941D-02 -0.967923D+00
  269.2892  0.106392D-02  0.108240D-02 -0.135284D+01
  269.6410  0.106610D-02  0.108205D-02 -0.118153D+01
  269.9921  0.120784D-02  0.119348D-02  0.103883D+01
  270.3424  0.131372D-02  0.130663D-02  0.513293D+00
  270.6921  0.128624D-02  0.127167D-02  0.100920D+01
  271.0410  0.119681D-02  0.120993D-02 -0.948893D+00
  271.3893  0.118331D-02  0.115181D-02  0.227952D+01
  271.7369  0.953229D-03  0.973903D-03 -0.154846D+01
  272.0838  0.788199D-03  0.806373D-03 -0.141039D+01
  272.4301  0.872189D-03  0.873676D-03 -0.112658D+00
  272.7758  0.105864D-02  0.105473D-02  0.282987D+00
  273.1208  0.115614D-02  0.116830D-02 -0.880306D+00
  273.4652  0.101129D-02  0.996510D-03  0.108203D+01
   21 268.583 275.520 272.051  3.934D-03  0.000D+00  3.350D-03  1.177D+00 10000  1.249D-02
  268.5832  0.114589D-02  0.112571D-02  0.147750D+01
  268.9366  0.107619D-02  0.108996D-02 -0.100850D+01
  269.2892  0.106392D-02  0.108383D-02 -0.145712D+01
  269.6410  0.106610D-02  0.108312D-02 -0.126015D+01
  269.9921  0.120784D-02  0.119184D-02  0.115785D+01
  270.3424  0.131372D-02  0.130677D-02  0.502533D+00
  270.6921  0.128624D-02  0.127230D-02  0.965606D+00
  271.0410  0.119681D-02  0.120753D-02 -0.775623D+00
  271.3893  0.118331D-02  0.115070D-02  0.235980D+01
  271.7369  0.953229D-03  0.975009D-03 -0.163131D+01
  272.0838  0.788199D-03  0.803858D-03 -0.121524D+01
  272.4301  0.872189D-03  0.869008D-03  0.241089D+00
  272.7758  0.105864D-02  0.105236D-02  0.454826D+00
  273.1208  0.115614D-02  0.117779D-02 -0.156666D+01
  273.4652  0.101129D-02  0.101531D-02 -0.294253D+00
  273.8090  0.824372D-03  0.796119D-03  0.211610D+01
  274.1523  0.671452D-03  0.668163D-03  0.249245D+00
  274.4949  0.641334D-03  0.632691D-03  0.647325D+00
  274.8370  0.641955D-03  0.652103D-03 -0.778167D+00
  275.1786  0.770035D-03  0.781276D-03 -0.832221D+00
  275.5196  0.904015D-03  0.896839D-03  0.513624D+00
   21 270.692 277.555 274.124  1.312D-02  0.000D+00  3.462D-03  1.069D+00 10000  1.091D-02
  270.6921  0.128624D-02  0.128186D-02  0.303453D+00
  271.0410  0.119681D-02  0.121063D-02 -0.999634D+00
  271.3893  0.118331D-02  0.115117D-02  0.232618D+01
  271.7369  0.953229D-03  0.977810D-03 -0.184105D+01
  272.0838  0.788199D-03  0.805219D-03 -0.132082D+01
  272.4301  0.872189D-03  0.862828D-03  0.709388D+00
  272.7758  0.105864D-02  0.104309D-02  0.112551D+01
  273.1208  0.115614D-02  0.117182D-02 -0.113510D+01
  273.4652  0.101129D-02  0.101941D-02 -0.594475D+00
  273.8090  0.824372D-03  0.800696D-03  0.177335D+01
  274.1523  0.671452D-03  0.670318D-03  0.859213D-01
  274.4949  0.641334D-03  0.631949D-03  0.702883D+00
  274.8370  0.641955D-03  0.649979D-03 -0.615319D+00
  275.1786  0.770035D-03  0.772721D-03 -0.198841D+00
  275.5196  0.904015D-03  0.888300D-03  0.112472D+01
  275.8601  0.105631D-02  0.107730D-02 -0.142291D+01
  276.2001  0.126947D-02  0.126776D-02  0.108300D+00
  276.5396  0.135781D-02  0.134883D-02  0.566765D+00
  276.8785  0.135967D-02  0.136606D-02 -0.391861D+00
  277.2170  0.138948D-02  0.140157D-02 -0.721400D+00
  277.5551  0.136029D-02  0.134727D-02  0.762778D+00
   21 272.776 279.574 276.175  1.531D-02  0.000D+00  3.659D-03  7.566D-01 10000  8.317D-03
  272.7758  0.105864D-02  0.104584D-02  0.926320D+00
  273.1208  0.115614D-02  0.117079D-02 -0.106021D+01
  273.4652  0.101129D-02  0.102314D-02 -0.866899D+00
  273.8090  0.824372D-03  0.805613D-03  0.140505D+01
  274.1523  0.671452D-03  0.673014D-03 -0.118336D+00
  274.4949  0.641334D-03  0.632890D-03  0.632434D+00
  274.8370  0.641955D-03  0.651194D-03 -0.708473D+00
  275.1786  0.770035D-03  0.769772D-03  0.194698D-01
  275.5196  0.904015D-03  0.887583D-03  0.117607D+01
  275.8601  0.105631D-02  0.107349D-02 -0.116448D+01
  276.2001  0.126947D-02  0.126354D-02  0.374829D+00
  276.5396  0.135781D-02  0.134664D-02  0.705533D+00
  276.8785  0.135967D-02  0.136894D-02 -0.568898D+00
  277.2170  0.138948D-02  0.140511D-02 -0.932479D+00
  277.5551  0.136029D-02  0.135451D-02  0.338794D+00
  277.8926  0.112944D-02  0.113179D-02 -0.144631D+00
  278.2297  0.100462D-02  0.989002D-03  0.957897D+00
  278.5663  0.947485D-03  0.944336D-03  0.195030D+00
  278.9025  0.793323D-03  0.805134D-03 -0.753275D+00
  279.2383  0.603608D-03  0.598150D-03  0.366238D+00
  279.5736  0.474845D-03  0.477501D-03 -0.180117D+00
   21 274.837 281.577 278.207 -2.786D-03  0.000D+00  3.982D-03  7.429D-01 10300  1.062D-02
  274.8370  0.641955D-03  0.649358D-03 -0.567673D+00
  275.1786  0.770035D-03  0.769644D-03  0.289673D-01
  275.5196  0.904015D-03  0.885598D-03  0.131810D+01
  275.8601  0.105631D-02  0.107709D-02 -0.140840D+01
  276.2001  0.126947D-02  0.125995D-02  0.601264D+00
  276.5396  0.135781D-02  0.134325D-02  0.919284D+00
  276.8785  0.135967D-02  0.136764D-02 -0.488805D+00
  277.2170  0.138948D-02  0.140811D-02 -0.111103D+01
  277.5551  0.136029D-02  0.134949D-02  0.632644D+00
  277.8926  0.112944D-02  0.112921D-02  0.141587D-01
  278.2297  0.100462D-02  0.996488D-03  0.498649D+00
  278.5663  0.947485D-03  0.950651D-03 -0.196116D+00
  278.9025  0.793323D-03  0.804591D-03 -0.718653D+00
  279.2383  0.603608D-03  0.598422D-03  0.347987D+00
  279.5736  0.474845D-03  0.482129D-03 -0.493903D+00
  279.9086  0.451914D-03  0.453761D-03 -0.126011D+00
  280.2431  0.490044D-03  0.485912D-03  0.287992D+00
  280.5772  0.615873D-03  0.622634D-03 -0.463305D+00
  280.9109  0.888645D-03  0.882108D-03  0.421101D+00
  281.2443  0.119480D-02  0.117242D-02  0.138601D+01
  281.5773  0.147999D-02  0.149517D-02 -0.940472D+00
   21 276.879 283.567 280.223  7.319D-03  0.000D+00  4.422D-03  7.375D-01 10300  1.006D-02
  276.8785  0.135967D-02  0.136242D-02 -0.168433D+00
  277.2170  0.138948D-02  0.139861D-02 -0.544801D+00
  277.5551  0.136029D-02  0.134505D-02  0.892423D+00
  277.8926  0.112944D-02  0.112755D-02  0.115981D+00
  278.2297  0.100462D-02  0.992225D-03  0.760177D+00
  278.5663  0.947485D-03  0.949296D-03 -0.112175D+00
  278.9025  0.793323D-03  0.809549D-03 -0.103482D+01
  279.2383  0.603608D-03  0.604155D-03 -0.366978D-01
  279.5736  0.474845D-03  0.485644D-03 -0.732227D+00
  279.9086  0.451914D-03  0.456464D-03 -0.310459D+00
  280.2431  0.490044D-03  0.487543D-03  0.174301D+00
  280.5772  0.615873D-03  0.622188D-03 -0.432760D+00
  280.9109  0.888645D-03  0.882965D-03  0.365883D+00
  281.2443  0.119480D-02  0.117588D-02  0.117169D+01
  281.5773  0.147999D-02  0.150069D-02 -0.128218D+01
  281.9099  0.177776D-02  0.178774D-02 -0.595430D+00
  282.2421  0.201544D-02  0.198337D-02  0.186100D+01
  282.5740  0.208732D-02  0.208883D-02 -0.882296D-01
  282.9055  0.221975D-02  0.222672D-02 -0.400877D+00
  283.2367  0.233060D-02  0.234248D-02 -0.671162D+00
  283.5675  0.227254D-02  0.226505D-02  0.430234D+00
   21 278.903 285.546 282.224  1.314D-02  0.000D+00  4.756D-03  9.848D-01 10000  6.625D-03
  278.9025  0.793323D-03  0.783954D-03  0.597472D+00
  279.2383  0.603608D-03  0.599945D-03  0.245798D+00
  279.5736  0.474845D-03  0.488798D-03 -0.946108D+00
  279.9086  0.451914D-03  0.462725D-03 -0.737651D+00
  280.2431  0.490044D-03  0.494513D-03 -0.311575D+00
  280.5772  0.615873D-03  0.628593D-03 -0.871659D+00
  280.9109  0.888645D-03  0.890159D-03 -0.974976D-01
  281.2443  0.119480D-02  0.118088D-02  0.861932D+00
  281.5773  0.147999D-02  0.150069D-02 -0.128204D+01
  281.9099  0.177776D-02  0.178175D-02 -0.238230D+00
  282.2421  0.201544D-02  0.197260D-02  0.248613D+01
  282.5740  0.208732D-02  0.207594D-02  0.666767D+00
  282.9055  0.221975D-02  0.221796D-02  0.102754D+00
  283.2367  0.233060D-02  0.235427D-02 -0.133733D+01
  283.5675  0.227254D-02  0.230549D-02 -0.189540D+01
  283.8980  0.229256D-02  0.227947D-02  0.739733D+00
  284.2281  0.219569D-02  0.218188D-02  0.808509D+00
  284.5580  0.188441D-02  0.187648D-02  0.460502D+00
  284.8875  0.132598D-02  0.134202D-02 -0.103280D+01
  285.2167  0.906189D-03  0.894080D-03  0.829729D+00
  285.5455  0.111609D-02  0.111804D-02 -0.129550D+00
   21 280.911 287.512 284.212  4.870D-03  0.000D+00  5.076D-03  1.492D+00 10000  6.993D-03
  280.9109  0.888645D-03  0.904448D-03 -0.101788D+01
  281.2443  0.119480D-02  0.118658D-02  0.508646D+00
  281.5773  0.147999D-02  0.149909D-02 -0.118310D+01
  281.9099  0.177776D-02  0.177410D-02  0.217947D+00
  282.2421  0.201544D-02  0.196359D-02  0.300879D+01
  282.5740  0.208732D-02  0.207157D-02  0.922185D+00
  282.9055  0.221975D-02  0.222363D-02 -0.222840D+00
  283.2367  0.233060D-02  0.236477D-02 -0.193094D+01
  283.5675  0.227254D-02  0.231887D-02 -0.266454D+01
  283.8980  0.229256D-02  0.229590D-02 -0.188529D+00
  284.2281  0.219569D-02  0.218883D-02  0.401241D+00
  284.5580  0.188441D-02  0.186653D-02  0.103784D+01
  284.8875  0.132598D-02  0.131550D-02  0.675361D+00
  285.2167  0.906189D-03  0.870072D-03  0.247488D+01
  285.5455  0.111609D-02  0.108890D-02  0.180514D+01
  285.8741  0.185243D-02  0.185044D-02  0.118674D+00
  286.2024  0.260259D-02  0.257369D-02  0.159122D+01
  286.5303  0.286652D-02  0.291799D-02 -0.273997D+01
  286.8579  0.302161D-02  0.304365D-02 -0.116350D+01
  287.1853  0.331379D-02  0.330612D-02  0.389059D+00
  287.5124  0.330913D-02  0.329452D-02  0.759260D+00
   21 282.905 289.469 286.187  6.086D-03  0.000D+00  5.643D-03  1.582D+00 10300  5.667D-03
  282.9055  0.221975D-02  0.219929D-02  0.117657D+01
  283.2367  0.233060D-02  0.234666D-02 -0.907462D+00
  283.5675  0.227254D-02  0.230728D-02 -0.199795D+01
  283.8980  0.229256D-02  0.228837D-02  0.236909D+00
  284.2281  0.219569D-02  0.218539D-02  0.602971D+00
  284.5580  0.188441D-02  0.186646D-02  0.104189D+01
  284.8875  0.132598D-02  0.131772D-02  0.531921D+00
  285.2167  0.906189D-03  0.871655D-03  0.236641D+01
  285.5455  0.111609D-02  0.108841D-02  0.183774D+01
  285.8741  0.185243D-02  0.185072D-02  0.102070D+00
  286.2024  0.260259D-02  0.257803D-02  0.135262D+01
  286.5303  0.286652D-02  0.292735D-02 -0.323815D+01
  286.8579  0.302161D-02  0.305717D-02 -0.187748D+01
  287.1853  0.331379D-02  0.332512D-02 -0.574487D+00
  287.5124  0.330913D-02  0.332121D-02 -0.627480D+00
  287.8391  0.290533D-02  0.284866D-02  0.301675D+01
  288.1656  0.240124D-02  0.242566D-02 -0.139193D+01
  288.4918  0.302456D-02  0.299069D-02  0.180305D+01
  288.8177  0.381742D-02  0.378281D-02  0.172832D+01
  289.1432  0.411348D-02  0.413559D-02 -0.107098D+01
  289.4686  0.464831D-02  0.466616D-02 -0.777014D+00
   21 284.887 291.415 288.151  2.764D-03  0.000D+00  6.309D-03  1.935D+00 10300  6.780D-03
  284.8875  0.132598D-02  0.132096D-02  0.323542D+00
  285.2167  0.906189D-03  0.866925D-03  0.269050D+01
  285.5455  0.111609D-02  0.109334D-02  0.151063D+01
  285.8741  0.185243D-02  0.186639D-02 -0.832425D+00
  286.2024  0.260259D-02  0.259372D-02  0.488353D+00
  286.5303  0.286652D-02  0.293407D-02 -0.359583D+01
  286.8579  0.302161D-02  0.305518D-02 -0.177240D+01
  287.1853  0.331379D-02  0.332673D-02 -0.656460D+00
  287.5124  0.330913D-02  0.331659D-02 -0.387340D+00
  287.8391  0.290533D-02  0.283421D-02  0.378596D+01
  288.1656  0.240124D-02  0.240236D-02 -0.638329D-01
  288.4918  0.302456D-02  0.298578D-02  0.206428D+01
  288.8177  0.381742D-02  0.377564D-02  0.208608D+01
  289.1432  0.411348D-02  0.411318D-02  0.144945D-01
  289.4686  0.464831D-02  0.464072D-02  0.330424D+00
  289.7936  0.554394D-02  0.553176D-02  0.522985D+00
  290.1183  0.634658D-02  0.634444D-02  0.863326D-01
  290.4428  0.669589D-02  0.676055D-02 -0.260311D+01
  290.7670  0.664155D-02  0.670588D-02 -0.258978D+01
  291.0909  0.660585D-02  0.663584D-02 -0.120756D+01
  291.4145  0.682164D-02  0.673169D-02  0.362131D+01
   21 286.858 293.350 290.104  1.083D-02  0.000D+00  7.058D-03  1.826D+00 10300  7.512D-03
  286.8579  0.302161D-02  0.301037D-02  0.593744D+00
  287.1853  0.331379D-02  0.332987D-02 -0.815540D+00
  287.5124  0.330913D-02  0.335550D-02 -0.240862D+01
  287.8391  0.290533D-02  0.287492D-02  0.161902D+01
  288.1656  0.240124D-02  0.237551D-02  0.146656D+01
  288.4918  0.302456D-02  0.298374D-02  0.217301D+01
  288.8177  0.381742D-02  0.381772D-02 -0.152508D-01
  289.1432  0.411348D-02  0.412274D-02 -0.448371D+00
  289.4686  0.464831D-02  0.462722D-02  0.917782D+00
  289.7936  0.554394D-02  0.552774D-02  0.695793D+00
  290.1183  0.634658D-02  0.635085D-02 -0.171712D+00
  290.4428  0.669589D-02  0.677767D-02 -0.329239D+01
  290.7670  0.664155D-02  0.670850D-02 -0.269499D+01
  291.0909  0.660585D-02  0.662444D-02 -0.748415D+00
  291.4145  0.682164D-02  0.675970D-02  0.249348D+01
  291.7379  0.673936D-02  0.664702D-02  0.371754D+01
  292.0609  0.670831D-02  0.669485D-02  0.541908D+00
  292.3837  0.650649D-02  0.647921D-02  0.109799D+01
  292.7061  0.610594D-02  0.616551D-02 -0.239801D+01
  293.0283  0.684182D-02  0.689520D-02 -0.214862D+01
  293.3502  0.787113D-02  0.783828D-02  0.124465D+01
   21 288.818 295.275 292.047  4.061D-03  0.000D+00  7.962D-03  1.783D+00 10340  6.963D-03
  288.8177  0.381742D-02  0.385472D-02 -0.186277D+01
  289.1432  0.411348D-02  0.408859D-02  0.120548D+01
  289.4686  0.464831D-02  0.458750D-02  0.264644D+01
  289.7936  0.554394D-02  0.551688D-02  0.116195D+01
  290.1183  0.634658D-02  0.635170D-02 -0.206306D+00
  290.4428  0.669589D-02  0.678242D-02 -0.348359D+01
  290.7670  0.664155D-02  0.668644D-02 -0.180698D+01
  291.0909  0.660585D-02  0.660481D-02  0.417951D-01
  291.4145  0.682164D-02  0.679796D-02  0.953452D+00
  291.7379  0.673936D-02  0.663773D-02  0.409162D+01
  292.0609  0.670831D-02  0.673402D-02 -0.103505D+01
  292.3837  0.650649D-02  0.649825D-02  0.331432D+00
  292.7061  0.610594D-02  0.610061D-02  0.214755D+00
  293.0283  0.684182D-02  0.689094D-02 -0.197732D+01
  293.3502  0.787113D-02  0.790697D-02 -0.135797D+01
  293.6718  0.727497D-02  0.723616D-02  0.156223D+01
  293.9931  0.683096D-02  0.679404D-02  0.148617D+01
  294.3141  0.761496D-02  0.759758D-02  0.658813D+00
  294.6349  0.774537D-02  0.779043D-02 -0.170710D+01
  294.9553  0.737122D-02  0.741403D-02 -0.172318D+01
  295.2754  0.855422D-02  0.851293D-02  0.156447D+01
   21 290.767 297.189 293.978  3.363D-03  0.000D+00  9.212D-03  2.040D+00 10300  5.013D-03
  290.7670  0.664155D-02  0.665427D-02 -0.511907D+00
  291.0909  0.660585D-02  0.659171D-02  0.568936D+00
  291.4145  0.682164D-02  0.683470D-02 -0.525519D+00
  291.7379  0.673936D-02  0.664950D-02  0.361758D+01
  292.0609  0.670831D-02  0.677446D-02 -0.266289D+01
  292.3837  0.650649D-02  0.652744D-02 -0.843365D+00
  292.7061  0.610594D-02  0.607424D-02  0.127645D+01
  293.0283  0.684182D-02  0.689064D-02 -0.196509D+01
  293.3502  0.787113D-02  0.796179D-02 -0.343511D+01
  293.6718  0.727497D-02  0.720818D-02  0.268871D+01
  293.9931  0.683096D-02  0.673330D-02  0.393160D+01
  294.3141  0.761496D-02  0.759981D-02  0.574065D+00
  294.6349  0.774537D-02  0.780595D-02 -0.229527D+01
  294.9553  0.737122D-02  0.734395D-02  0.109778D+01
  295.2754  0.855422D-02  0.858482D-02 -0.115951D+01
  295.5952  0.914261D-02  0.906112D-02  0.291615D+01
  295.9146  0.976361D-02  0.980216D-02 -0.137936D+01
  296.2338  0.103955D-01  0.104343D-01 -0.131534D+01
  296.5527  0.890198D-02  0.891396D-02 -0.428580D+00
  296.8712  0.752958D-02  0.756007D-02 -0.122772D+01
  297.1894  0.850299D-02  0.845242D-02  0.191587D+01
   21 292.706 299.091 295.899  3.842D-03  0.000D+00  1.082D-02  3.624D+00 10000  5.201D-03
  292.7061  0.610594D-02  0.593147D-02  0.702398D+01
  293.0283  0.684182D-02  0.686505D-02 -0.934843D+00
  293.3502  0.787113D-02  0.804150D-02 -0.645540D+01
  293.6718  0.727497D-02  0.730107D-02 -0.105067D+01
  293.9931  0.683096D-02  0.681100D-02  0.803543D+00
  294.3141  0.761496D-02  0.768402D-02 -0.261634D+01
  294.6349  0.774537D-02  0.785922D-02 -0.431378D+01
  294.9553  0.737122D-02  0.732247D-02  0.196268D+01
  295.2754  0.855422D-02  0.854660D-02  0.288699D+00
  295.5952  0.914261D-02  0.896462D-02  0.636953D+01
  295.9146  0.976361D-02  0.967695D-02  0.310130D+01
  296.2338  0.103955D-01  0.103205D-01  0.254015D+01
  296.5527  0.890198D-02  0.883223D-02  0.249610D+01
  296.8712  0.752958D-02  0.752340D-02  0.248874D+00
  297.1894  0.850299D-02  0.850934D-02 -0.240815D+00
  297.5072  0.109947D-01  0.111396D-01 -0.491245D+01
  297.8247  0.134989D-01  0.137180D-01 -0.672170D+01
  298.1419  0.114884D-01  0.115337D-01 -0.145805D+01
  298.4587  0.897184D-02  0.896112D-02  0.383712D+00
  298.7752  0.109404D-01  0.108832D-01  0.184298D+01
  299.0913  0.149645D-01  0.148328D-01  0.385431D+01
   21 294.635 300.980 297.807  5.557D-04  0.000D+00  1.432D-02  7.514D+00 10000  8.755D-03
  294.6349  0.774537D-02  0.796876D-02 -0.846414D+01
  294.9553  0.737122D-02  0.725169D-02  0.481201D+01
  295.2754  0.855422D-02  0.857919D-02 -0.946168D+00
  295.5952  0.914261D-02  0.890728D-02  0.842150D+01
  295.9146  0.976361D-02  0.965975D-02  0.371681D+01
  296.2338  0.103955D-01  0.103821D-01  0.453029D+00
  296.5527  0.890198D-02  0.881823D-02  0.299704D+01
  296.8712  0.752958D-02  0.750856D-02  0.846072D+00
  297.1894  0.850299D-02  0.856305D-02 -0.227574D+01
  297.5072  0.109947D-01  0.112671D-01 -0.923489D+01
  297.8247  0.134989D-01  0.140018D-01 -0.154241D+02
  298.1419  0.114884D-01  0.115449D-01 -0.181943D+01
  298.4587  0.897184D-02  0.882101D-02  0.539756D+01
  298.7752  0.109404D-01  0.107950D-01  0.468296D+01
  299.0913  0.149645D-01  0.147782D-01  0.545201D+01
  299.4071  0.152160D-01  0.145803D-01  0.178014D+02
  299.7224  0.164378D-01  0.162073D-01  0.618550D+01
  300.0374  0.146617D-01  0.149793D-01 -0.929688D+01
  300.3520  0.142115D-01  0.145000D-01 -0.844721D+01
  300.6662  0.182014D-01  0.189849D-01 -0.691307D+01
  300.9800  0.216169D-01  0.210745D-01  0.472129D+01
   21 296.553 302.854 299.703  4.274D-03  0.000D+00  2.080D-02  1.288D+01 10300  1.360D-02
  296.5527  0.890198D-02  0.854446D-02  0.127936D+02
  296.8712  0.752958D-02  0.745516D-02  0.299584D+01
  297.1894  0.850299D-02  0.863338D-02 -0.494038D+01
  297.5072  0.109947D-01  0.113777D-01 -0.129844D+02
  297.8247  0.134989D-01  0.142466D-01 -0.229339D+02
  298.1419  0.114884D-01  0.115743D-01 -0.276548D+01
  298.4587  0.897184D-02  0.864210D-02  0.117997D+02
  298.7752  0.109404D-01  0.105052D-01  0.140147D+02
  299.0913  0.149645D-01  0.145542D-01  0.120119D+02
  299.4071  0.152160D-01  0.142383D-01  0.273788D+02
  299.7224  0.164378D-01  0.160972D-01  0.914027D+01
  300.0374  0.146617D-01  0.150812D-01 -0.122817D+02
  300.3520  0.142115D-01  0.147350D-01 -0.153276D+02
  300.6662  0.182014D-01  0.201834D-01 -0.174887D+02
  300.9800  0.216169D-01  0.229374D-01 -0.114944D+02
  301.2934  0.282445D-01  0.291205D-01 -0.752385D+01
  301.6064  0.306198D-01  0.315752D-01 -0.809733D+01
  301.9189  0.250805D-01  0.259138D-01 -0.715692D+01
  302.2310  0.280675D-01  0.278976D-01  0.143977D+01
  302.5427  0.421765D-01  0.422584D-01 -0.676242D+00
  302.8539  0.585134D-01  0.564722D-01  0.164349D+02
   21 298.459 304.711 301.585  6.246D-03  0.000D+00  3.756D-02  1.491D+01 10000  1.701D-02
  298.4587  0.897184D-02  0.937273D-02 -0.143456D+02
  298.7752  0.109404D-01  0.109656D-01 -0.812319D+00
  299.0913  0.149645D-01  0.147517D-01  0.622908D+01
  299.4071  0.152160D-01  0.143791D-01  0.234353D+02
  299.7224  0.164378D-01  0.159860D-01  0.121250D+02
  300.0374  0.146617D-01  0.150400D-01 -0.110754D+02
  300.3520  0.142115D-01  0.147164D-01 -0.147817D+02
  300.6662  0.182014D-01  0.200010D-01 -0.158792D+02
  300.9800  0.216169D-01  0.229567D-01 -0.116627D+02
  301.2934  0.282445D-01  0.290975D-01 -0.732588D+01
  301.6064  0.306198D-01  0.316320D-01 -0.857904D+01
  301.9189  0.250805D-01  0.262634D-01 -0.101597D+02
  302.2310  0.280675D-01  0.282247D-01 -0.133288D+01
  302.5427  0.421765D-01  0.425208D-01 -0.284284D+01
  302.8539  0.585134D-01  0.567629D-01  0.140939D+02
  303.1647  0.717561D-01  0.676974D-01  0.326791D+02
  303.4750  0.823130D-01  0.799696D-01  0.188683D+02
  303.7848  0.765378D-01  0.775042D-01 -0.778150D+01
  304.0941  0.772830D-01  0.800341D-01 -0.221507D+02
  304.4029  0.946398D-01  0.971438D-01 -0.201614D+02
  304.7112  0.110553D+00  0.108688D+00  0.133482D+02
   21 300.352 306.550 303.451  2.204D-03  0.000D+00  7.579D-02  2.991D+01 10000  2.496D-02
  300.3520  0.142115D-01  0.144223D-01 -0.617315D+01
  300.6662  0.182014D-01  0.186784D-01 -0.420926D+01
  300.9800  0.216169D-01  0.211041D-01  0.446295D+01
  301.2934  0.282445D-01  0.267255D-01  0.130456D+02
  301.6064  0.306198D-01  0.293148D-01  0.110600D+02
  301.9189  0.250805D-01  0.247818D-01  0.256519D+01
  302.2310  0.280675D-01  0.274229D-01  0.546310D+01
  302.5427  0.421765D-01  0.420150D-01  0.133354D+01
  302.8539  0.585134D-01  0.570320D-01  0.119274D+02
  303.1647  0.717561D-01  0.690147D-01  0.220724D+02
  303.4750  0.823130D-01  0.822848D-01  0.227351D+00
  303.7848  0.765378D-01  0.803499D-01 -0.306938D+02
  304.0941  0.772830D-01  0.836007D-01 -0.508679D+02
  304.4029  0.946398D-01  0.101722D+00 -0.570222D+02
  304.7112  0.110553D+00  0.113432D+00 -0.206080D+02
  305.0190  0.135098D+00  0.126684D+00  0.602173D+02
  305.3263  0.161863D+00  0.153116D+00  0.563410D+02
  305.6330  0.142984D+00  0.138549D+00  0.285718D+02
  305.9391  0.129431D+00  0.124849D+00  0.295143D+02
  306.2447  0.160543D+00  0.164587D+00 -0.260455D+02
  306.5497  0.166722D+00  0.173073D+00 -0.371871D+02
   21 302.231 308.367 305.299  2.455D-03  0.000D+00  1.405D-01  4.187D+01 10000  3.212D-02
  302.2310  0.280675D-01  0.296663D-01 -0.135510D+02
  302.5427  0.421765D-01  0.435556D-01 -0.113885D+02
  302.8539  0.585134D-01  0.573544D-01  0.933157D+01
  303.1647  0.717561D-01  0.680135D-01  0.301337D+02
  303.4750  0.823130D-01  0.805491D-01  0.142025D+02
  303.7848  0.765378D-01  0.781897D-01 -0.133005D+02
  304.0941  0.772830D-01  0.815149D-01 -0.340734D+02
  304.4029  0.946398D-01  0.998697D-01 -0.421088D+02
  304.7112  0.110553D+00  0.112153D+00 -0.114518D+02
  305.0190  0.135098D+00  0.126173D+00  0.638759D+02
  305.3263  0.161863D+00  0.154661D+00  0.463901D+02
  305.6330  0.142984D+00  0.141008D+00  0.127272D+02
  305.9391  0.129431D+00  0.127716D+00  0.110481D+02
  306.2447  0.160543D+00  0.171488D+00 -0.704966D+02
  306.5497  0.166722D+00  0.181662D+00 -0.874869D+02
  306.8542  0.190770D+00  0.193834D+00 -0.164446D+02
  307.1580  0.249004D+00  0.242161D+00  0.339034D+02
  307.4612  0.275039D+00  0.259196D+00  0.728935D+02
  307.7638  0.292225D+00  0.278088D+00  0.607088D+02
  308.0658  0.295330D+00  0.300366D+00 -0.216234D+02
  308.3671  0.304785D+00  0.316001D+00 -0.451527D+02
   20 304.094 309.863 306.979 -2.697D-02  0.000D+00  2.227D-01  4.959D+01 10000  3.598D-02
  304.0941  0.772830D-01  0.755829D-01  0.136880D+02
  304.4029  0.946398D-01  0.984014D-01 -0.302868D+02
  304.7112  0.110553D+00  0.111755D+00 -0.860465D+01
  305.0190  0.135098D+00  0.130629D+00  0.319827D+02
  305.3263  0.161863D+00  0.156634D+00  0.336767D+02
  305.6330  0.142984D+00  0.139621D+00  0.216668D+02
  305.9391  0.129431D+00  0.130834D+00 -0.903613D+01
  306.2447  0.160543D+00  0.173708D+00 -0.847995D+02
  306.5497  0.166722D+00  0.178854D+00 -0.710401D+02
  306.8542  0.190770D+00  0.194673D+00 -0.209480D+02
  307.1580  0.249004D+00  0.239230D+00  0.484303D+02
  307.4612  0.275039D+00  0.253534D+00  0.989443D+02
  307.7638  0.292225D+00  0.273597D+00  0.799949D+02
  308.0658  0.295330D+00  0.293878D+00  0.623743D+01
  308.3671  0.304785D+00  0.314886D+00 -0.406644D+02
  308.6678  0.340989D+00  0.352564D+00 -0.438592D+02
  308.9677  0.310669D+00  0.326198D+00 -0.555702D+02
  309.2670  0.280007D+00  0.292923D+00 -0.437872D+02
  309.5656  0.330137D+00  0.323796D+00  0.194506D+02
  309.8634  0.353393D+00  0.326834D+00  0.712806D+02
   14 305.939 309.863 307.901 -6.085D-02  0.000D+00  2.769D-01  4.831D+01 10000  5.336D-02
  305.9391  0.129431D+00  0.118426D+00  0.708896D+02
  306.2447  0.160543D+00  0.167720D+00 -0.462293D+02
  306.5497  0.166722D+00  0.175936D+00 -0.539552D+02
  306.8542  0.190770D+00  0.201030D+00 -0.550727D+02
  307.1580  0.249004D+00  0.244812D+00  0.207703D+02
  307.4612  0.275039D+00  0.256983D+00  0.830759D+02
  307.7638  0.292225D+00  0.277311D+00  0.640423D+02
  308.0658  0.295330D+00  0.292868D+00  0.105747D+02
  308.3671  0.304785D+00  0.316595D+00 -0.475461D+02
  308.6678  0.340989D+00  0.346912D+00 -0.224440D+02
  308.9677  0.310669D+00  0.317123D+00 -0.230963D+02
  309.2670  0.280007D+00  0.291488D+00 -0.389218D+02
  309.5656  0.330137D+00  0.329423D+00  0.219060D+01
  309.8634  0.353393D+00  0.332307D+00  0.565922D+02
   21 310.186 313.359 311.773 -3.719D-02  0.000D+00  6.097D-01  1.822D+01 10300  2.819D-02
  310.1863  0.344179D+00  0.368372D+00 -0.235696D+02
  310.3457  0.432330D+00  0.457651D+00 -0.252083D+02
  310.5050  0.554938D+00  0.555055D+00 -0.134153D+00
  310.6643  0.639471D+00  0.623325D+00  0.183845D+02
  310.8235  0.692566D+00  0.670085D+00  0.255986D+02
  310.9826  0.715310D+00  0.692692D+00  0.257547D+02
  311.1416  0.716862D+00  0.703977D+00  0.146724D+02
  311.3005  0.703045D+00  0.718165D+00 -0.196754D+02
  311.4594  0.711817D+00  0.721175D+00 -0.121784D+02
  311.6182  0.685269D+00  0.699752D+00 -0.188470D+02
  311.7769  0.655384D+00  0.661125D+00 -0.747189D+01
  311.9355  0.622782D+00  0.632581D+00 -0.127524D+02
  312.0940  0.627051D+00  0.639935D+00 -0.167671D+02
  312.2525  0.681388D+00  0.687810D+00 -0.835783D+01
  312.4109  0.749154D+00  0.743880D+00  0.686304D+01
  312.5692  0.782533D+00  0.771910D+00  0.138232D+02
  312.7274  0.797437D+00  0.790777D+00  0.866671D+01
  312.8855  0.826080D+00  0.815779D+00  0.134051D+02
  313.0436  0.847427D+00  0.828333D+00  0.248470D+02
  313.2015  0.830039D+00  0.823942D+00  0.793355D+01
  313.3594  0.793633D+00  0.821106D+00 -0.357520D+02
   21 311.142 314.305 312.723  3.966D-02  0.000D+00  7.048D-01  3.309D+01 10300  2.985D-02
  311.1416  0.716862D+00  0.673424D+00  0.494616D+02
  311.3005  0.703045D+00  0.700550D+00  0.324769D+01
  311.4594  0.711817D+00  0.722693D+00 -0.141537D+02
  311.6182  0.685269D+00  0.719610D+00 -0.446889D+02
  311.7769  0.655384D+00  0.687842D+00 -0.422385D+02
  311.9355  0.622782D+00  0.647794D+00 -0.325497D+02
  312.0940  0.627051D+00  0.633077D+00 -0.784174D+01
  312.2525  0.681388D+00  0.661912D+00  0.253444D+02
  312.4109  0.749154D+00  0.722467D+00  0.347284D+02
  312.5692  0.782533D+00  0.762930D+00  0.255092D+02
  312.7274  0.797437D+00  0.775482D+00  0.285699D+02
  312.8855  0.826080D+00  0.797592D+00  0.370723D+02
  313.0436  0.847427D+00  0.819009D+00  0.369810D+02
  313.2015  0.830039D+00  0.821511D+00  0.110973D+02
  313.3594  0.793633D+00  0.815484D+00 -0.284358D+02
  313.5173  0.785250D+00  0.827320D+00 -0.547479D+02
  313.6750  0.835240D+00  0.878292D+00 -0.560247D+02
  313.8327  0.943060D+00  0.959938D+00 -0.204998D+02
  313.9903  0.102620D+01  0.102357D+01  0.299269D+01
  314.1478  0.105476D+01  0.101808D+01  0.417735D+02
  314.3052  0.924508D+00  0.915041D+00  0.114984D+02
   21 312.094 315.248 313.671  6.191D-03  0.000D+00  7.671D-01  4.044D+01 10300  1.863D-02
  312.0940  0.627051D+00  0.658213D+00 -0.405522D+02
  312.2525  0.681388D+00  0.688704D+00 -0.952065D+01
  312.4109  0.749154D+00  0.745653D+00  0.455620D+01
  312.5692  0.782533D+00  0.769628D+00  0.167931D+02
  312.7274  0.797437D+00  0.773827D+00  0.307233D+02
  312.8855  0.826080D+00  0.795600D+00  0.396651D+02
  313.0436  0.847427D+00  0.811790D+00  0.463753D+02
  313.2015  0.830039D+00  0.809576D+00  0.266294D+02
  313.3594  0.793633D+00  0.804449D+00 -0.140750D+02
  313.5173  0.785250D+00  0.825298D+00 -0.521160D+02
  313.6750  0.835240D+00  0.890828D+00 -0.723393D+02
  313.8327  0.943060D+00  0.984995D+00 -0.509325D+02
  313.9903  0.102620D+01  0.105195D+01 -0.293308D+02
  314.1478  0.105476D+01  0.104156D+01  0.150315D+02
  314.3052  0.924508D+00  0.924902D+00 -0.478095D+00
  314.4626  0.800076D+00  0.771065D+00  0.377526D+02
  314.6198  0.793478D+00  0.758757D+00  0.451827D+02
  314.7770  0.963010D+00  0.899689D+00  0.721013D+02
  314.9341  0.109714D+01  0.105997D+01  0.423240D+02
  315.0912  0.115397D+01  0.115933D+01 -0.610954D+01
  315.2481  0.114341D+01  0.120307D+01 -0.679307D+02
   21 313.044 316.188 314.616 -3.524D-02  0.000D+00  8.738D-01  4.428D+01 10300  1.661D-02
  313.0436  0.847427D+00  0.819635D+00  0.361670D+02
  313.2015  0.830039D+00  0.802723D+00  0.355467D+02
  313.3594  0.793633D+00  0.794996D+00 -0.177386D+01
  313.5173  0.785250D+00  0.823476D+00 -0.497457D+02
  313.6750  0.835240D+00  0.897244D+00 -0.806882D+02
  313.8327  0.943060D+00  0.988453D+00 -0.551326D+02
  313.9903  0.102620D+01  0.103989D+01 -0.155917D+02
  314.1478  0.105476D+01  0.100660D+01  0.548405D+02
  314.3052  0.924508D+00  0.874238D+00  0.610564D+02
  314.4626  0.800076D+00  0.750271D+00  0.648130D+02
  314.6198  0.793478D+00  0.784499D+00  0.116844D+02
  314.7770  0.963010D+00  0.933693D+00  0.333820D+02
  314.9341  0.109714D+01  0.107046D+01  0.303862D+02
  315.0912  0.115397D+01  0.113831D+01  0.178252D+02
  315.2481  0.114341D+01  0.115475D+01 -0.129088D+02
  315.4050  0.109233D+01  0.113697D+01 -0.508321D+02
  315.5618  0.101044D+01  0.105611D+01 -0.520012D+02
  315.7186  0.864038D+00  0.907094D+00 -0.522945D+02
  315.8752  0.761496D+00  0.770212D+00 -0.113423D+02
  316.0318  0.739606D+00  0.736926D+00  0.348817D+01
  316.1883  0.855888D+00  0.803951D+00  0.675871D+02
   21 313.990 317.126 315.558 -5.185D-02  0.000D+00  9.598D-01  3.559D+01 10300  1.417D-02
  313.9903  0.102620D+01  0.107728D+01 -0.581674D+02
  314.1478  0.105476D+01  0.102840D+01  0.300179D+02
  314.3052  0.924508D+00  0.887600D+00  0.448273D+02
  314.4626  0.800076D+00  0.776437D+00  0.307623D+02
  314.6198  0.793478D+00  0.817294D+00 -0.309931D+02
  314.7770  0.963010D+00  0.955621D+00  0.841320D+01
  314.9341  0.109714D+01  0.107612D+01  0.239353D+02
  315.0912  0.115397D+01  0.113286D+01  0.240283D+02
  315.2481  0.114341D+01  0.114287D+01  0.619117D+00
  315.4050  0.109233D+01  0.111772D+01 -0.289072D+02
  315.5618  0.101044D+01  0.103305D+01 -0.257415D+02
  315.7186  0.864038D+00  0.894183D+00 -0.366124D+02
  315.8752  0.761496D+00  0.782103D+00 -0.268163D+02
  316.0318  0.739606D+00  0.775509D+00 -0.467213D+02
  316.1883  0.855888D+00  0.870400D+00 -0.188852D+02
  316.3447  0.101044D+01  0.997077D+00  0.152142D+02
  316.5010  0.113355D+01  0.109011D+01  0.494699D+02
  316.6573  0.121700D+01  0.115398D+01  0.717545D+02
  316.8135  0.125464D+01  0.122818D+01  0.301401D+02
  316.9696  0.134089D+01  0.134752D+01 -0.755634D+01
  317.1257  0.145127D+01  0.149330D+01 -0.478586D+02
   21 314.934 318.060 316.497 -6.380D-02  0.000D+00  1.016D+00  2.975D+01 10000  1.470D-02
  314.9341  0.109714D+01  0.109071D+01  0.732310D+01
  315.0912  0.115397D+01  0.113729D+01  0.189838D+02
  315.2481  0.114341D+01  0.114143D+01  0.225550D+01
  315.4050  0.109233D+01  0.111328D+01 -0.238537D+02
  315.5618  0.101044D+01  0.102273D+01 -0.139945D+02
  315.7186  0.864038D+00  0.876479D+00 -0.151095D+02
  315.8752  0.761496D+00  0.765564D+00 -0.529290D+01
  316.0318  0.739606D+00  0.769664D+00 -0.391156D+02
  316.1883  0.855888D+00  0.873854D+00 -0.233800D+02
  316.3447  0.101044D+01  0.100372D+01  0.764676D+01
  316.5010  0.113355D+01  0.109104D+01  0.484090D+02
  316.6573  0.121700D+01  0.115025D+01  0.759976D+02
  316.8135  0.125464D+01  0.122233D+01  0.367998D+02
  316.9696  0.134089D+01  0.134252D+01 -0.185882D+01
  317.1257  0.145127D+01  0.148806D+01 -0.418963D+02
  317.2816  0.155963D+01  0.156256D+01 -0.333992D+01
  317.4375  0.153844D+01  0.156007D+01 -0.246301D+02
  317.5933  0.150033D+01  0.152918D+01 -0.328564D+02
  317.7491  0.140368D+01  0.141221D+01 -0.970298D+01
  317.9047  0.124005D+01  0.120246D+01  0.428090D+02
  318.0603  0.106423D+01  0.105310D+01  0.126726D+02
   21 315.875 318.992 317.434 -4.185D-02  0.000D+00  1.078D+00  2.411D+01 10300  8.468D-03
  315.8752  0.761496D+00  0.759984D+00  0.196758D+01
  316.0318  0.739606D+00  0.759560D+00 -0.259668D+02
  316.1883  0.855888D+00  0.868309D+00 -0.161642D+02
  316.3447  0.101044D+01  0.101442D+01 -0.453930D+01
  316.5010  0.113355D+01  0.111129D+01  0.253467D+02
  316.6573  0.121700D+01  0.116820D+01  0.555667D+02
  316.8135  0.125464D+01  0.123011D+01  0.279343D+02
  316.9696  0.134089D+01  0.133687D+01  0.456953D+01
  317.1257  0.145127D+01  0.148613D+01 -0.396942D+02
  317.2816  0.155963D+01  0.156611D+01 -0.737390D+01
  317.4375  0.153844D+01  0.155495D+01 -0.188001D+02
  317.5933  0.150033D+01  0.152604D+01 -0.292796D+02
  317.7491  0.140368D+01  0.142691D+01 -0.264459D+02
  317.9047  0.124005D+01  0.121292D+01  0.308972D+02
  318.0603  0.106423D+01  0.104260D+01  0.246261D+02
  318.2158  0.103900D+01  0.103008D+01  0.101621D+02
  318.3713  0.115164D+01  0.113292D+01  0.213102D+02
  318.5266  0.130844D+01  0.128471D+01  0.270242D+02
  318.6819  0.144669D+01  0.145206D+01 -0.611586D+01
  318.8371  0.162189D+01  0.162845D+01 -0.664341D+01
  318.9922  0.170130D+01  0.171667D+01 -0.155597D+02
   21 316.814 319.922 318.368 -1.565D-02  0.000D+00  1.198D+00  3.436D+01 10300  1.127D-02
  316.8135  0.125464D+01  0.127493D+01 -0.230934D+02
  316.9696  0.134089D+01  0.133056D+01  0.117625D+02
  317.1257  0.145127D+01  0.144732D+01  0.450049D+01
  317.2816  0.155963D+01  0.152814D+01  0.358594D+02
  317.4375  0.153844D+01  0.152712D+01  0.128932D+02
  317.5933  0.150033D+01  0.150823D+01 -0.900363D+01
  317.7491  0.140368D+01  0.144199D+01 -0.436132D+02
  317.9047  0.124005D+01  0.125912D+01 -0.217120D+02
  318.0603  0.106423D+01  0.108167D+01 -0.198566D+02
  318.2158  0.103900D+01  0.105013D+01 -0.126682D+02
  318.3713  0.115164D+01  0.114366D+01  0.908805D+01
  318.5266  0.130844D+01  0.129112D+01  0.197165D+02
  318.6819  0.144669D+01  0.144609D+01  0.681325D+00
  318.8371  0.162189D+01  0.159483D+01  0.273818D+02
  318.9922  0.170130D+01  0.165829D+01  0.435288D+02
  319.1473  0.156840D+01  0.151889D+01  0.501189D+02
  319.3023  0.132078D+01  0.132547D+01 -0.533488D+01
  319.4572  0.123291D+01  0.130339D+01 -0.802496D+02
  319.6121  0.132528D+01  0.138870D+01 -0.722074D+02
  319.7668  0.148597D+01  0.147681D+01  0.926252D+01
  319.9215  0.155839D+01  0.151156D+01  0.474014D+02
   21 317.749 320.848 319.299  9.970D-03  0.000D+00  1.257D+00  3.027D+01   300  9.898D-03
  317.7491  0.140368D+01  0.135460D+01  0.558880D+02
  317.9047  0.124005D+01  0.126971D+01 -0.337715D+02
  318.0603  0.106423D+01  0.110914D+01 -0.511342D+02
  318.2158  0.103900D+01  0.107138D+01 -0.368691D+02
  318.3713  0.115164D+01  0.116349D+01 -0.135011D+02
  318.5266  0.130844D+01  0.130893D+01 -0.564681D+00
  318.6819  0.144669D+01  0.145334D+01 -0.757558D+01
  318.8371  0.162189D+01  0.158937D+01  0.329146D+02
  318.9922  0.170130D+01  0.166631D+01  0.354165D+02
  319.1473  0.156840D+01  0.153272D+01  0.361214D+02
  319.3023  0.132078D+01  0.129865D+01  0.252025D+02
  319.4572  0.123291D+01  0.124824D+01 -0.174542D+02
  319.6121  0.132528D+01  0.134725D+01 -0.250177D+02
  319.7668  0.148597D+01  0.147068D+01  0.154762D+02
  319.9215  0.155839D+01  0.159069D+01 -0.326902D+02
  320.0761  0.161366D+01  0.163453D+01 -0.211246D+02
  320.2307  0.162833D+01  0.166718D+01 -0.393261D+02
  320.3851  0.178785D+01  0.176890D+01  0.191798D+02
  320.5396  0.191655D+01  0.188906D+01  0.263573D+02
  320.6938  0.198975D+01  0.196023D+01  0.268927D+02
  320.8481  0.190196D+01  0.192577D+01 -0.216945D+02
   21 318.682 321.772 320.227  4.830D-02  0.000D+00  1.250D+00  3.229D+01 10300  9.281D-03
  318.6819  0.144669D+01  0.149218D+01 -0.518002D+02
  318.8371  0.162189D+01  0.158645D+01  0.358652D+02
  318.9922  0.170130D+01  0.167408D+01  0.275506D+02
  319.1473  0.156840D+01  0.158359D+01 -0.153711D+02
  319.3023  0.132078D+01  0.131375D+01  0.800436D+01
  319.4572  0.123291D+01  0.120799D+01  0.283761D+02
  319.6121  0.132528D+01  0.130887D+01  0.186935D+02
  319.7668  0.148597D+01  0.143971D+01  0.468134D+02
  319.9215  0.155839D+01  0.159074D+01 -0.327436D+02
  320.0761  0.161366D+01  0.166674D+01 -0.537293D+02
  320.2307  0.162833D+01  0.168846D+01 -0.608635D+02
  320.3851  0.178785D+01  0.177915D+01  0.880588D+01
  320.5396  0.191655D+01  0.189831D+01  0.174930D+02
  320.6938  0.198975D+01  0.196296D+01  0.244032D+02
  320.8481  0.190196D+01  0.191382D+01 -0.108078D+02
  321.0023  0.172451D+01  0.173201D+01 -0.759111D+01
  321.1564  0.153239D+01  0.151984D+01  0.126983D+02
  321.3104  0.142503D+01  0.140285D+01  0.224522D+02
  321.4644  0.145872D+01  0.141173D+01  0.475616D+02
  321.6183  0.155397D+01  0.155060D+01  0.340335D+01
  321.7721  0.171899D+01  0.176054D+01 -0.420472D+02
   21 319.612 322.693 321.153  2.116D-02  0.000D+00  1.377D+00  5.174D+01 10300  2.109D-02
  319.6121  0.132528D+01  0.129205D+01  0.378383D+02
  319.7668  0.148597D+01  0.143574D+01  0.508383D+02
  319.9215  0.155839D+01  0.157524D+01 -0.170545D+02
  320.0761  0.161366D+01  0.165761D+01 -0.444853D+02
  320.2307  0.162833D+01  0.171602D+01 -0.887539D+02
  320.3851  0.178785D+01  0.181555D+01 -0.280339D+02
  320.5396  0.191655D+01  0.192026D+01 -0.356078D+01
  320.6938  0.198975D+01  0.195894D+01  0.280671D+02
  320.8481  0.190196D+01  0.188020D+01  0.198172D+02
  321.0023  0.172451D+01  0.169475D+01  0.301167D+02
  321.1564  0.153239D+01  0.149986D+01  0.329191D+02
  321.3104  0.142503D+01  0.139244D+01  0.329892D+02
  321.4644  0.145872D+01  0.140214D+01  0.572642D+02
  321.6183  0.155397D+01  0.151273D+01  0.417363D+02
  321.7721  0.171899D+01  0.167220D+01  0.473637D+02
  321.9258  0.179375D+01  0.181944D+01 -0.246320D+02
  322.0795  0.178063D+01  0.186570D+01 -0.774957D+02
  322.2331  0.165061D+01  0.176650D+01 -0.117305D+03
  322.3866  0.159976D+01  0.162586D+01 -0.264141D+02
  322.5401  0.152004D+01  0.149890D+01  0.213981D+02
  322.6935  0.142588D+01  0.133636D+01  0.906138D+02
   21 320.540 323.612 322.076 -2.146D-02  0.000D+00  1.343D+00  3.377D+01   300  1.349D-02
  320.5396  0.191655D+01  0.194426D+01 -0.265750D+02
  320.6938  0.198975D+01  0.198342D+01  0.576400D+01
  320.8481  0.190196D+01  0.188835D+01  0.123981D+02
  321.0023  0.172451D+01  0.170017D+01  0.246314D+02
  321.1564  0.153239D+01  0.152046D+01  0.120674D+02
  321.3104  0.142503D+01  0.143129D+01 -0.633519D+01
  321.4644  0.145872D+01  0.145222D+01  0.658193D+01
  321.6183  0.155397D+01  0.155819D+01 -0.427300D+01
  321.7721  0.171899D+01  0.169406D+01  0.252339D+02
  321.9258  0.179375D+01  0.179768D+01 -0.377331D+01
  322.0795  0.178063D+01  0.179908D+01 -0.168076D+02
  322.2331  0.165061D+01  0.170839D+01 -0.584815D+02
  322.3866  0.159976D+01  0.160420D+01 -0.449142D+01
  322.5401  0.152004D+01  0.150798D+01  0.122049D+02
  322.6935  0.142588D+01  0.140195D+01  0.242268D+02
  322.8467  0.128236D+01  0.132645D+01 -0.446273D+02
  323.0000  0.133103D+01  0.135036D+01 -0.195677D+02
  323.1531  0.151663D+01  0.146759D+01  0.496326D+02
  323.3062  0.166023D+01  0.158631D+01  0.708856D+02
  323.4593  0.167933D+01  0.164829D+01  0.297590D+02
  323.6122  0.165014D+01  0.173321D+01 -0.796493D+02
   21 321.464 324.528 322.996 -3.027D-02  0.000D+00  1.387D+00  2.618D+01   300  1.607D-02
  321.4644  0.145872D+01  0.149286D+01 -0.345499D+02
  321.6183  0.155397D+01  0.156279D+01 -0.893116D+01
  321.7721  0.171899D+01  0.167646D+01  0.430485D+02
  321.9258  0.179375D+01  0.177558D+01  0.174163D+02
  322.0795  0.178063D+01  0.177114D+01  0.864536D+01
  322.2331  0.165061D+01  0.166568D+01 -0.152550D+02
  322.3866  0.159976D+01  0.158478D+01  0.151690D+02
  322.5401  0.152004D+01  0.152095D+01 -0.914305D+00
  322.6935  0.142588D+01  0.141904D+01  0.692873D+01
  322.8467  0.128236D+01  0.134251D+01 -0.608811D+02
  323.0000  0.133103D+01  0.137921D+01 -0.487678D+02
  323.1531  0.151663D+01  0.153184D+01 -0.154004D+02
  323.3062  0.166023D+01  0.163908D+01  0.202858D+02
  323.4593  0.167933D+01  0.163029D+01  0.470220D+02
  323.6122  0.165014D+01  0.163715D+01  0.124529D+02
  323.7651  0.174880D+01  0.173056D+01  0.174883D+02
  323.9179  0.186190D+01  0.186098D+01  0.835594D+00
  324.0706  0.199254D+01  0.198331D+01  0.841358D+01
  324.2233  0.202119D+01  0.204799D+01 -0.244148D+02
  324.3759  0.203516D+01  0.205074D+01 -0.141912D+02
  324.5284  0.205666D+01  0.204545D+01  0.102139D+02
   21 322.387 325.442 323.914 -4.387D-02  0.000D+00  1.506D+00  4.055D+01 10300  1.947D-02
  322.3866  0.159976D+01  0.154632D+01  0.540902D+02
  322.5401  0.152004D+01  0.153023D+01 -0.103112D+02
  322.6935  0.142588D+01  0.142050D+01  0.545197D+01
  322.8467  0.128236D+01  0.133774D+01 -0.560589D+02
  323.0000  0.133103D+01  0.138359D+01 -0.531987D+02
  323.1531  0.151663D+01  0.158511D+01 -0.693120D+02
  323.3062  0.166023D+01  0.168425D+01 -0.230264D+02
  323.4593  0.167933D+01  0.161262D+01  0.639670D+02
  323.6122  0.165014D+01  0.160430D+01  0.439531D+02
  323.7651  0.174880D+01  0.170994D+01  0.372655D+02
  323.9179  0.186190D+01  0.183220D+01  0.270589D+02
  324.0706  0.199254D+01  0.196024D+01  0.294226D+02
  324.2233  0.202119D+01  0.202166D+01 -0.431811D+00
  324.3759  0.203516D+01  0.201498D+01  0.183828D+02
  324.5284  0.205666D+01  0.206324D+01 -0.599703D+01
  324.6809  0.199829D+01  0.202530D+01 -0.246098D+02
  324.8333  0.186244D+01  0.186337D+01 -0.846922D+00
  324.9856  0.173413D+01  0.180936D+01 -0.685238D+02
  325.1378  0.179825D+01  0.185034D+01 -0.474531D+02
  325.2900  0.191826D+01  0.191126D+01  0.637448D+01
  325.4421  0.208686D+01  0.202500D+01  0.563474D+02
   21 323.306 326.353 324.830 -4.062D-02  0.000D+00  1.455D+00  2.617D+01 10300  1.258D-02
  323.3062  0.166023D+01  0.170546D+01 -0.433718D+02
  323.4593  0.167933D+01  0.163903D+01  0.386414D+02
  323.6122  0.165014D+01  0.163383D+01  0.156444D+02
  323.7651  0.174880D+01  0.174428D+01  0.433767D+01
  323.9179  0.186190D+01  0.186355D+01 -0.150551D+01
  324.0706  0.199254D+01  0.198607D+01  0.590059D+01
  324.2233  0.202119D+01  0.203789D+01 -0.152148D+02
  324.3759  0.203516D+01  0.200994D+01  0.229724D+02
  324.5284  0.205666D+01  0.205147D+01  0.472743D+01
  324.6809  0.199829D+01  0.201029D+01 -0.109352D+02
  324.8333  0.186244D+01  0.183557D+01  0.244774D+02
  324.9856  0.173413D+01  0.178312D+01 -0.446209D+02
  325.1378  0.179825D+01  0.183664D+01 -0.349726D+02
  325.2900  0.191826D+01  0.191879D+01 -0.483407D+00
  325.4421  0.208686D+01  0.206992D+01  0.154307D+02
  325.5941  0.228014D+01  0.231269D+01 -0.269551D+02
  325.7461  0.246706D+01  0.245764D+01  0.779936D+01
  325.8980  0.261688D+01  0.257463D+01  0.349856D+02
  326.0498  0.270133D+01  0.268131D+01  0.165847D+02
  326.2016  0.275140D+01  0.271233D+01  0.309469D+02
  326.3533  0.265538D+01  0.271586D+01 -0.500838D+02
   21 324.223 327.262 325.743  7.601D-03  0.000D+00  1.500D+00  2.414D+01 10300  1.106D-02
  324.2233  0.202119D+01  0.207671D+01 -0.505771D+02
  324.3759  0.203516D+01  0.201326D+01  0.199532D+02
  324.5284  0.205666D+01  0.199993D+01  0.516781D+02
  324.6809  0.199829D+01  0.198788D+01  0.948376D+01
  324.8333  0.186244D+01  0.185053D+01  0.108536D+02
  324.9856  0.173413D+01  0.176435D+01 -0.275241D+02
  325.1378  0.179825D+01  0.181173D+01 -0.122776D+02
  325.2900  0.191826D+01  0.191006D+01  0.746708D+01
  325.4421  0.208686D+01  0.206030D+01  0.241961D+02
  325.5941  0.228014D+01  0.230682D+01 -0.220936D+02
  325.7461  0.246706D+01  0.250978D+01 -0.353781D+02
  325.8980  0.261688D+01  0.262567D+01 -0.728119D+01
  326.0498  0.270133D+01  0.272183D+01 -0.169748D+02
  326.2016  0.275140D+01  0.272376D+01  0.218924D+02
  326.3533  0.265538D+01  0.265912D+01 -0.310162D+01
  326.5049  0.259460D+01  0.256138D+01  0.275091D+02
  326.6564  0.265002D+01  0.261194D+01  0.315338D+02
  326.8079  0.278214D+01  0.278580D+01 -0.278075D+01
  326.9593  0.279177D+01  0.280294D+01 -0.848014D+01
  327.1107  0.262379D+01  0.264899D+01 -0.208707D+02
  327.2619  0.253949D+01  0.253508D+01  0.365109D+01
   21 325.138 328.168 326.653  1.457D-02  0.000D+00  1.612D+00  2.492D+01 10300  1.609D-02
  325.1378  0.179825D+01  0.177864D+01  0.178610D+02
  325.2900  0.191826D+01  0.190163D+01  0.151450D+02
  325.4421  0.208686D+01  0.207343D+01  0.122313D+02
  325.5941  0.228014D+01  0.231140D+01 -0.258849D+02
  325.7461  0.246706D+01  0.251722D+01 -0.415353D+02
  325.8980  0.261688D+01  0.264341D+01 -0.219733D+02
  326.0498  0.270133D+01  0.272376D+01 -0.185714D+02
  326.2016  0.275140D+01  0.272274D+01  0.227019D+02
  326.3533  0.265538D+01  0.265214D+01  0.268344D+01
  326.5049  0.259460D+01  0.256809D+01  0.219506D+02
  326.6564  0.265002D+01  0.260187D+01  0.398771D+02
  326.8079  0.278214D+01  0.273345D+01  0.369642D+02
  326.9593  0.279177D+01  0.276204D+01  0.225614D+02
  327.1107  0.262379D+01  0.265322D+01 -0.243769D+02
  327.2619  0.253949D+01  0.257149D+01 -0.265055D+02
  327.4131  0.256968D+01  0.260092D+01 -0.258648D+02
  327.5643  0.262643D+01  0.261855D+01  0.623491D+01
  327.7153  0.254081D+01  0.254108D+01 -0.213695D+00
  327.8663  0.239355D+01  0.243128D+01 -0.312462D+02
  328.0173  0.233277D+01  0.234624D+01 -0.111519D+02
  328.1681  0.232928D+01  0.228188D+01  0.392540D+02
   21 326.050 329.072 327.561  2.053D-02  0.000D+00  1.550D+00  2.912D+01   300  2.146D-02
  326.0498  0.270133D+01  0.269475D+01  0.545021D+01
  326.2016  0.275140D+01  0.273396D+01  0.138137D+02
  326.3533  0.265538D+01  0.268910D+01 -0.279265D+02
  326.5049  0.259460D+01  0.262770D+01 -0.274141D+02
  326.6564  0.265002D+01  0.264753D+01  0.206271D+01
  326.8079  0.278214D+01  0.273379D+01  0.367056D+02
  326.9593  0.279177D+01  0.274534D+01  0.352423D+02
  327.1107  0.262379D+01  0.264990D+01 -0.216224D+02
  327.2619  0.253949D+01  0.256578D+01 -0.217712D+02
  327.4131  0.256968D+01  0.256338D+01  0.521801D+01
  327.5643  0.262643D+01  0.256821D+01  0.461130D+02
  327.7153  0.254081D+01  0.251509D+01  0.203658D+02
  327.8663  0.239355D+01  0.243909D+01 -0.377138D+02
  328.0173  0.233277D+01  0.239353D+01 -0.503168D+02
  328.1681  0.232928D+01  0.238478D+01 -0.459586D+02
  328.3189  0.241125D+01  0.238981D+01  0.177528D+02
  328.4696  0.244253D+01  0.238443D+01  0.460218D+02
  328.6203  0.236894D+01  0.233743D+01  0.260944D+02
  328.7709  0.232672D+01  0.232225D+01  0.369919D+01
  328.9214  0.251465D+01  0.250268D+01  0.908148D+01
  329.0718  0.282545D+01  0.285972D+01 -0.260128D+02
   21 326.959 329.973 328.466 -2.523D-02  0.000D+00  1.561D+00  3.338D+01   300  2.223D-02
  326.9593  0.279177D+01  0.281475D+01 -0.174498D+02
  327.1107  0.262379D+01  0.264424D+01 -0.169363D+02
  327.2619  0.253949D+01  0.254839D+01 -0.737108D+01
  327.4131  0.256968D+01  0.254348D+01  0.217016D+02
  327.5643  0.262643D+01  0.253102D+01  0.755741D+02
  327.7153  0.254081D+01  0.247396D+01  0.529527D+02
  327.8663  0.239355D+01  0.241935D+01 -0.213639D+02
  328.0173  0.233277D+01  0.240313D+01 -0.582657D+02
  328.1681  0.232928D+01  0.241670D+01 -0.723924D+02
  328.3189  0.241125D+01  0.243239D+01 -0.175056D+02
  328.4696  0.244253D+01  0.241257D+01  0.237376D+02
  328.6203  0.236894D+01  0.234171D+01  0.225497D+02
  328.7709  0.232672D+01  0.233745D+01 -0.888683D+01
  328.9214  0.251465D+01  0.252976D+01 -0.114710D+02
  329.0718  0.282545D+01  0.280460D+01  0.158323D+02
  329.2222  0.304552D+01  0.300192D+01  0.330965D+02
  329.3726  0.313634D+01  0.311861D+01  0.134560D+02
  329.5228  0.317771D+01  0.318029D+01 -0.195454D+01
  329.6730  0.319945D+01  0.320458D+01 -0.374163D+01
  329.8231  0.318377D+01  0.323332D+01 -0.361132D+02
  329.9731  0.329873D+01  0.327696D+01  0.152576D+02
   21 327.866 330.872 329.369 -2.737D-02  0.000D+00  1.671D+00  2.264D+01 10300  9.604D-03
  327.8663  0.239355D+01  0.233286D+01  0.502636D+02
  328.0173  0.233277D+01  0.235549D+01 -0.188127D+02
  328.1681  0.232928D+01  0.239817D+01 -0.570542D+02
  328.3189  0.241125D+01  0.243496D+01 -0.196374D+02
  328.4696  0.244253D+01  0.243291D+01  0.762391D+01
  328.6203  0.236894D+01  0.234218D+01  0.221683D+02
  328.7709  0.232672D+01  0.230988D+01  0.139466D+02
  328.9214  0.251465D+01  0.252791D+01 -0.100712D+02
  329.0718  0.282545D+01  0.283193D+01 -0.491745D+01
  329.2222  0.304552D+01  0.301177D+01  0.256225D+02
  329.3726  0.313634D+01  0.311748D+01  0.143198D+02
  329.5228  0.317771D+01  0.317358D+01  0.314109D+01
  329.6730  0.319945D+01  0.318876D+01  0.779019D+01
  329.8231  0.318377D+01  0.321978D+01 -0.262452D+02
  329.9731  0.329873D+01  0.329453D+01  0.294489D+01
  330.1231  0.326605D+01  0.329114D+01 -0.175767D+02
  330.2730  0.309567D+01  0.307764D+01  0.126330D+02
  330.4229  0.280217D+01  0.281260D+01 -0.791639D+01
  330.5726  0.254608D+01  0.257951D+01 -0.253743D+02
  330.7224  0.249136D+01  0.246092D+01  0.231079D+02
  330.8720  0.255656D+01  0.254881D+01  0.588647D+01
   21 328.771 331.768 330.270 -1.034D-02  0.000D+00  1.644D+00  1.637D+01   300  6.861D-03
  328.7709  0.232672D+01  0.229950D+01  0.225425D+02
  328.9214  0.251465D+01  0.251770D+01 -0.232036D+01
  329.0718  0.282545D+01  0.285827D+01 -0.249115D+02
  329.2222  0.304552D+01  0.304432D+01  0.912341D+00
  329.3726  0.313634D+01  0.314295D+01 -0.501436D+01
  329.5228  0.317771D+01  0.319419D+01 -0.125055D+02
  329.6730  0.319945D+01  0.318827D+01  0.814758D+01
  329.8231  0.318377D+01  0.319423D+01 -0.762280D+01
  329.9731  0.329873D+01  0.325796D+01  0.285663D+02
  330.1231  0.326605D+01  0.328013D+01 -0.986690D+01
  330.2730  0.309567D+01  0.306918D+01  0.185611D+02
  330.4229  0.280217D+01  0.280141D+01  0.578283D+00
  330.5726  0.254608D+01  0.257471D+01 -0.217264D+02
  330.7224  0.249136D+01  0.243987D+01  0.390891D+02
  330.8720  0.255656D+01  0.256131D+01 -0.360598D+01
  331.0216  0.272392D+01  0.273870D+01 -0.112185D+02
  331.1711  0.274806D+01  0.276728D+01 -0.145874D+02
  331.3206  0.264606D+01  0.267052D+01 -0.185658D+02
  331.4699  0.256580D+01  0.256389D+01  0.144735D+01
  331.6193  0.263093D+01  0.261152D+01  0.147361D+02
  331.7685  0.279766D+01  0.279258D+01  0.370356D+01
   21 329.673 332.663 331.168 -1.031D-03  0.000D+00  1.598D+00  2.508D+01 10300  9.567D-03
  329.6730  0.319945D+01  0.323431D+01 -0.254010D+02
  329.8231  0.318377D+01  0.320434D+01 -0.149892D+02
  329.9731  0.329873D+01  0.324175D+01  0.399266D+02
  330.1231  0.326605D+01  0.326207D+01  0.278845D+01
  330.2730  0.309567D+01  0.306048D+01  0.246578D+02
  330.4229  0.280217D+01  0.279407D+01  0.614751D+01
  330.5726  0.254608D+01  0.257379D+01 -0.210295D+02
  330.7224  0.249136D+01  0.243476D+01  0.429610D+02
  330.8720  0.255656D+01  0.255287D+01  0.280724D+01
  331.0216  0.272392D+01  0.274646D+01 -0.171085D+02
  331.1711  0.274806D+01  0.279342D+01 -0.344295D+02
  331.3206  0.264606D+01  0.270576D+01 -0.453174D+02
  331.4699  0.256580D+01  0.259184D+01 -0.197670D+02
  331.6193  0.263093D+01  0.262137D+01  0.725751D+01
  331.7685  0.279766D+01  0.278614D+01  0.839800D+01
  331.9177  0.292148D+01  0.289380D+01  0.193902D+02
  332.0668  0.290145D+01  0.285414D+01  0.331523D+02
  332.2159  0.271670D+01  0.270252D+01  0.993603D+01
  332.3648  0.261967D+01  0.258278D+01  0.258495D+02
  332.5138  0.272276D+01  0.271846D+01  0.301345D+01
  332.6626  0.288072D+01  0.293599D+01 -0.387244D+02
   21 330.573 333.554 332.063 -4.393D-03  0.000D+00  1.655D+00  1.900D+01 10300  7.520D-03
  330.5726  0.254608D+01  0.257530D+01 -0.221793D+02
  330.7224  0.249136D+01  0.242930D+01  0.471130D+02
  330.8720  0.255656D+01  0.254281D+01  0.104380D+02
  331.0216  0.272392D+01  0.272850D+01 -0.347530D+01
  331.1711  0.274806D+01  0.277340D+01 -0.192324D+02
  331.3206  0.264606D+01  0.268902D+01 -0.326116D+02
  331.4699  0.256580D+01  0.258488D+01 -0.144812D+02
  331.6193  0.263093D+01  0.262446D+01  0.490687D+01
  331.7685  0.279766D+01  0.279509D+01  0.187683D+01
  331.9177  0.292148D+01  0.290366D+01  0.124825D+02
  332.0668  0.290145D+01  0.286288D+01  0.270238D+02
  332.2159  0.271670D+01  0.270832D+01  0.587366D+01
  332.3648  0.261967D+01  0.258743D+01  0.225895D+02
  332.5138  0.272276D+01  0.271464D+01  0.568674D+01
  332.6626  0.288072D+01  0.290504D+01 -0.170384D+02
  332.8114  0.287218D+01  0.286712D+01  0.354867D+01
  332.9601  0.271282D+01  0.273700D+01 -0.169405D+02
  333.1088  0.272120D+01  0.274839D+01 -0.190474D+02
  333.2574  0.281777D+01  0.284042D+01 -0.158743D+02
  333.4059  0.279767D+01  0.278246D+01  0.106554D+02
  333.5544  0.254624D+01  0.252167D+01  0.172158D+02
   21 331.470 334.444 332.957  4.164D-03  0.000D+00  1.679D+00  1.203D+01 10300  5.156D-03
  331.4699  0.256580D+01  0.255213D+01  0.103772D+02
  331.6193  0.263093D+01  0.261886D+01  0.915945D+01
  331.7685  0.279766D+01  0.281131D+01 -0.994024D+01
  331.9177  0.292148D+01  0.294066D+01 -0.134458D+02
  332.0668  0.290145D+01  0.290848D+01 -0.492576D+01
  332.2159  0.271670D+01  0.274868D+01 -0.224077D+02
  332.3648  0.261967D+01  0.260549D+01  0.993613D+01
  332.5138  0.272276D+01  0.270553D+01  0.120726D+02
  332.6626  0.288072D+01  0.288907D+01 -0.584931D+01
  332.8114  0.287218D+01  0.285106D+01  0.148021D+02
  332.9601  0.271282D+01  0.270933D+01  0.244666D+01
  333.1088  0.272120D+01  0.270853D+01  0.888292D+01
  333.2574  0.281777D+01  0.280795D+01  0.688027D+01
  333.4059  0.279767D+01  0.278003D+01  0.123572D+02
  333.5544  0.254624D+01  0.255634D+01 -0.707976D+01
  333.7028  0.236359D+01  0.236201D+01  0.115338D+01
  333.8511  0.240721D+01  0.244171D+01 -0.251387D+02
  333.9994  0.259134D+01  0.261479D+01 -0.164353D+02
  334.1476  0.267075D+01  0.267982D+01 -0.635300D+01
  334.2957  0.275078D+01  0.273022D+01  0.144035D+02
  334.4438  0.289291D+01  0.288231D+01  0.742624D+01
   18 332.365 334.888 333.626  2.842D-03  0.000D+00  1.643D+00  1.261D+01 10300  6.142D-03
  332.3648  0.261967D+01  0.262274D+01 -0.214888D+01
  332.5138  0.272276D+01  0.272018D+01  0.180323D+01
  332.6626  0.288072D+01  0.290011D+01 -0.135864D+02
  332.8114  0.287218D+01  0.285570D+01  0.115477D+02
  332.9601  0.271282D+01  0.271084D+01  0.139013D+01
  333.1088  0.272120D+01  0.271073D+01  0.733781D+01
  333.2574  0.281777D+01  0.281081D+01  0.487737D+01
  333.4059  0.279767D+01  0.278140D+01  0.113980D+02
  333.5544  0.254624D+01  0.255560D+01 -0.656018D+01
  333.7028  0.236359D+01  0.236187D+01  0.125537D+01
  333.8511  0.240721D+01  0.244462D+01 -0.272630D+02
  333.9994  0.259134D+01  0.261784D+01 -0.185709D+02
  334.1476  0.267075D+01  0.267995D+01 -0.644400D+01
  334.2957  0.275078D+01  0.272788D+01  0.160459D+02
  334.4438  0.289291D+01  0.287722D+01  0.109962D+02
  334.5918  0.303706D+01  0.301240D+01  0.166396D+02
  334.7397  0.298839D+01  0.297738D+01  0.743105D+01
  334.8876  0.272757D+01  0.275759D+01 -0.210388D+02
   12 333.257 334.888 334.072  1.904D-02  0.000D+00  1.635D+00  7.589D+00 10300  6.678D-03
  333.2574  0.281777D+01  0.282687D+01 -0.637403D+01
  333.4059  0.279767D+01  0.278275D+01  0.104515D+02
  333.5544  0.254624D+01  0.255773D+01 -0.805063D+01
  333.7028  0.236359D+01  0.234526D+01  0.133602D+02
  333.8511  0.240721D+01  0.240813D+01 -0.670965D+00
  333.9994  0.259134D+01  0.259973D+01 -0.587971D+01
  334.1476  0.267075D+01  0.268972D+01 -0.132966D+02
  334.2957  0.275078D+01  0.274423D+01  0.458905D+01
  334.4438  0.289291D+01  0.288942D+01  0.244643D+01
  334.5918  0.303706D+01  0.302747D+01  0.646821D+01
  334.7397  0.298839D+01  0.298718D+01  0.815038D+00
  334.8876  0.272757D+01  0.273339D+01 -0.407978D+01
