           0
 T F
nwave fwave lwave wave  shift    squeeze     sin      rms    exval
   21 263.806 270.926 267.366  3.856D-02  0.000D+00  4.411D-03  4.190D+00 10000  6.594D-02
  263.8056  0.888749D-03  0.104858D-02 -0.990788D+01
  264.1697  0.165215D-02  0.137249D-02  0.109288D+02
  264.5329  0.152606D-02  0.143154D-02  0.386185D+01
  264.8951  0.128389D-02  0.127478D-02  0.423548D+00
  265.2565  0.149083D-02  0.135654D-02  0.658370D+01
  265.6169  0.162118D-02  0.159760D-02  0.118850D+01
  265.9764  0.152810D-02  0.162573D-02 -0.521292D+01
  266.3351  0.142371D-02  0.151260D-02 -0.504644D+01
  266.6930  0.149472D-02  0.146851D-02  0.147235D+01
  267.0500  0.151271D-02  0.150572D-02  0.396658D+00
  267.4062  0.157409D-02  0.158565D-02 -0.642876D+00
  267.7616  0.152402D-02  0.158776D-02 -0.358066D+01
  268.1162  0.148508D-02  0.149374D-02 -0.501992D+00
  268.4700  0.153478D-02  0.150791D-02  0.155802D+01
  268.8231  0.150752D-02  0.148597D-02  0.126312D+01
  269.1754  0.149157D-02  0.144299D-02  0.281735D+01
  269.5270  0.143112D-02  0.144505D-02 -0.834415D+00
  269.8779  0.152995D-02  0.151548D-02  0.848247D+00
  270.2281  0.174301D-02  0.170710D-02  0.206029D+01
  270.5775  0.175821D-02  0.176665D-02 -0.478782D+00
  270.9264  0.165994D-02  0.169916D-02 -0.222666D+01
   21 265.976 273.006 269.491 -1.558D-02  0.000D+00  4.438D-03  1.436D+00 10000  1.948D-02
  265.9764  0.152810D-02  0.154553D-02 -0.930902D+00
  266.3351  0.142371D-02  0.144744D-02 -0.134715D+01
  266.6930  0.149472D-02  0.143235D-02  0.350380D+01
  267.0500  0.151271D-02  0.148738D-02  0.143792D+01
  267.4062  0.157409D-02  0.158200D-02 -0.440263D+00
  267.7616  0.152402D-02  0.156789D-02 -0.246460D+01
  268.1162  0.148508D-02  0.149574D-02 -0.617978D+00
  268.4700  0.153478D-02  0.152482D-02  0.577019D+00
  268.8231  0.150752D-02  0.149554D-02  0.701886D+00
  269.1754  0.149157D-02  0.146385D-02  0.160747D+01
  269.5270  0.143112D-02  0.146472D-02 -0.201317D+01
  269.8779  0.152995D-02  0.155603D-02 -0.152843D+01
  270.2281  0.174301D-02  0.173269D-02  0.592190D+00
  270.5775  0.175821D-02  0.174329D-02  0.847400D+00
  270.9264  0.165994D-02  0.165086D-02  0.515183D+00
  271.2745  0.157668D-02  0.158911D-02 -0.720520D+00
  271.6220  0.141740D-02  0.140364D-02  0.806455D+00
  271.9688  0.114204D-02  0.115038D-02 -0.511270D+00
  272.3150  0.118469D-02  0.115400D-02  0.181867D+01
  272.6606  0.135436D-02  0.138659D-02 -0.188934D+01
  273.0056  0.163695D-02  0.162882D-02  0.417449D+00
   21 268.116 275.064 271.590 -1.267D-02  0.000D+00  4.565D-03  1.083D+00 10000  1.072D-02
  268.1162  0.148508D-02  0.150446D-02 -0.112379D+01
  268.4700  0.153478D-02  0.152766D-02  0.412427D+00
  268.8231  0.150752D-02  0.149227D-02  0.893592D+00
  269.1754  0.149157D-02  0.145683D-02  0.201440D+01
  269.5270  0.143112D-02  0.145748D-02 -0.157918D+01
  269.8779  0.152995D-02  0.154864D-02 -0.109541D+01
  270.2281  0.174301D-02  0.173423D-02  0.503898D+00
  270.5775  0.175821D-02  0.174894D-02  0.526331D+00
  270.9264  0.165994D-02  0.165623D-02  0.210557D+00
  271.2745  0.157668D-02  0.160104D-02 -0.141231D+01
  271.6220  0.141740D-02  0.141554D-02  0.108780D+00
  271.9688  0.114204D-02  0.115190D-02 -0.604360D+00
  272.3150  0.118469D-02  0.115074D-02  0.201225D+01
  272.6606  0.135436D-02  0.137741D-02 -0.135164D+01
  273.0056  0.163695D-02  0.161490D-02  0.113229D+01
  273.3500  0.149213D-02  0.150050D-02 -0.480534D+00
  273.6938  0.117338D-02  0.118663D-02 -0.802947D+00
  274.0371  0.998522D-03  0.968017D-03  0.184846D+01
  274.3798  0.880591D-03  0.881549D-03 -0.587288D-01
  274.7219  0.883372D-03  0.885089D-03 -0.105198D+00
  275.0635  0.996668D-03  0.100508D-02 -0.503870D+00
   21 270.228 277.102 273.665 -1.335D-02  0.000D+00  4.759D-03  9.486D-01 10300  9.067D-03
  270.2281  0.174301D-02  0.173549D-02  0.431294D+00
  270.5775  0.175821D-02  0.175248D-02  0.325602D+00
  270.9264  0.165994D-02  0.166080D-02 -0.489689D-01
  271.2745  0.157668D-02  0.160465D-02 -0.162180D+01
  271.6220  0.141740D-02  0.141746D-02 -0.326454D-02
  271.9688  0.114204D-02  0.115303D-02 -0.673681D+00
  272.3150  0.118469D-02  0.115096D-02  0.199894D+01
  272.6606  0.135436D-02  0.137595D-02 -0.126605D+01
  273.0056  0.163695D-02  0.161032D-02  0.136743D+01
  273.3500  0.149213D-02  0.149482D-02 -0.154763D+00
  273.6938  0.117338D-02  0.118225D-02 -0.537233D+00
  274.0371  0.998522D-03  0.965057D-03  0.202780D+01
  274.3798  0.880591D-03  0.879995D-03  0.364948D-01
  274.7219  0.883372D-03  0.885583D-03 -0.135481D+00
  275.0635  0.996668D-03  0.100894D-02 -0.735136D+00
  275.4046  0.118469D-02  0.118941D-02 -0.273650D+00
  275.7451  0.137679D-02  0.138962D-02 -0.712969D+00
  276.0852  0.170537D-02  0.168840D-02  0.897175D+00
  276.4247  0.179437D-02  0.181620D-02 -0.110031D+01
  276.7638  0.186038D-02  0.186149D-02 -0.557576D-01
  277.1023  0.190192D-02  0.188817D-02  0.680424D+00
   21 272.315 279.124 275.720 -2.234D-03  0.000D+00  4.954D-03  8.921D-01 10000  9.365D-03
  272.3150  0.118469D-02  0.116781D-02  0.100052D+01
  272.6606  0.135436D-02  0.138282D-02 -0.166884D+01
  273.0056  0.163695D-02  0.161171D-02  0.129623D+01
  273.3500  0.149213D-02  0.150514D-02 -0.746692D+00
  273.6938  0.117338D-02  0.119181D-02 -0.111693D+01
  274.0371  0.998522D-03  0.968522D-03  0.181782D+01
  274.3798  0.880591D-03  0.878371D-03  0.136002D+00
  274.7219  0.883372D-03  0.881594D-03  0.108948D+00
  275.0635  0.996668D-03  0.998825D-03 -0.129278D+00
  275.4046  0.118469D-02  0.118058D-02  0.238075D+00
  275.7451  0.137679D-02  0.137929D-02 -0.138678D+00
  276.0852  0.170537D-02  0.167971D-02  0.135682D+01
  276.4247  0.179437D-02  0.181849D-02 -0.121540D+01
  276.7638  0.186038D-02  0.187421D-02 -0.696832D+00
  277.1023  0.190192D-02  0.190668D-02 -0.235623D+00
  277.4404  0.189617D-02  0.190409D-02 -0.388074D+00
  277.7781  0.166791D-02  0.164354D-02  0.119512D+01
  278.1153  0.139237D-02  0.138852D-02  0.193732D+00
  278.4520  0.131931D-02  0.131486D-02  0.218225D+00
  278.7883  0.117968D-02  0.117646D-02  0.159723D+00
  279.1242  0.884485D-03  0.897487D-03 -0.680784D+00
   21 274.380 281.131 277.755 -8.583D-03  0.000D+00  5.332D-03  8.529D-01 10000  1.489D-02
  274.3798  0.880591D-03  0.884588D-03 -0.244957D+00
  274.7219  0.883372D-03  0.884336D-03 -0.590865D-01
  275.0635  0.996668D-03  0.100109D-02 -0.265152D+00
  275.4046  0.118469D-02  0.117827D-02  0.372024D+00
  275.7451  0.137679D-02  0.137816D-02 -0.759248D-01
  276.0852  0.170537D-02  0.167436D-02  0.163934D+01
  276.4247  0.179437D-02  0.181232D-02 -0.904612D+00
  276.7638  0.186038D-02  0.186928D-02 -0.448389D+00
  277.1023  0.190192D-02  0.190685D-02 -0.243721D+00
  277.4404  0.189617D-02  0.190499D-02 -0.432340D+00
  277.7781  0.166791D-02  0.164526D-02  0.111073D+01
  278.1153  0.139237D-02  0.139688D-02 -0.227544D+00
  278.4520  0.131931D-02  0.132725D-02 -0.389069D+00
  278.7883  0.117968D-02  0.118690D-02 -0.356947D+00
  279.1242  0.884485D-03  0.906051D-03 -0.112919D+01
  279.4596  0.718528D-03  0.696823D-03  0.118234D+01
  279.7946  0.675138D-03  0.628350D-03  0.252325D+01
  280.1293  0.633602D-03  0.644380D-03 -0.599228D+00
  280.4635  0.778050D-03  0.778075D-03 -0.137622D-02
  280.7973  0.109365D-02  0.109520D-02 -0.796280D-01
  281.1308  0.148619D-02  0.149163D-02 -0.276716D+00
   21 276.425 283.124 279.774 -9.410D-03  0.000D+00  5.923D-03  7.825D-01 10300  9.954D-03
  276.4247  0.179437D-02  0.179642D-02 -0.103417D+00
  276.7638  0.186038D-02  0.185862D-02  0.889919D-01
  277.1023  0.190192D-02  0.190117D-02  0.370053D-01
  277.4404  0.189617D-02  0.190093D-02 -0.233406D+00
  277.7781  0.166791D-02  0.164625D-02  0.106183D+01
  278.1153  0.139237D-02  0.140120D-02 -0.445334D+00
  278.4520  0.131931D-02  0.133055D-02 -0.550867D+00
  278.7883  0.117968D-02  0.118931D-02 -0.476364D+00
  279.1242  0.884485D-03  0.908984D-03 -0.128274D+01
  279.4596  0.718528D-03  0.699296D-03  0.104767D+01
  279.7946  0.675138D-03  0.629559D-03  0.245804D+01
  280.1293  0.633602D-03  0.644890D-03 -0.627553D+00
  280.4635  0.778050D-03  0.777854D-03  0.106480D-01
  280.7973  0.109365D-02  0.109036D-02  0.168555D+00
  281.1308  0.148619D-02  0.147947D-02  0.342238D+00
  281.4638  0.189969D-02  0.190769D-02 -0.395442D+00
  281.7965  0.232747D-02  0.232212D-02  0.253077D+00
  282.1288  0.260543D-02  0.262524D-02 -0.929279D+00
  282.4608  0.281236D-02  0.279694D-02  0.705163D+00
  282.7924  0.295755D-02  0.296065D-02 -0.141332D+00
  283.1237  0.316987D-02  0.316886D-02  0.453783D-01
   21 278.452 285.104 281.778 -1.403D-02  0.000D+00  6.362D-03  1.087D+00 10000  1.313D-02
  278.4520  0.131931D-02  0.130205D-02  0.846001D+00
  278.7883  0.117968D-02  0.118183D-02 -0.106221D+00
  279.1242  0.884485D-03  0.917500D-03 -0.172868D+01
  279.4596  0.718528D-03  0.713302D-03  0.284692D+00
  279.7946  0.675138D-03  0.642851D-03  0.174125D+01
  280.1293  0.633602D-03  0.659490D-03 -0.143930D+01
  280.4635  0.778050D-03  0.795685D-03 -0.960667D+00
  280.7973  0.109365D-02  0.110583D-02 -0.625549D+00
  281.1308  0.148619D-02  0.148957D-02 -0.171768D+00
  281.4638  0.189969D-02  0.190787D-02 -0.404528D+00
  281.7965  0.232747D-02  0.230782D-02  0.929597D+00
  282.1288  0.260543D-02  0.260050D-02  0.231167D+00
  282.4608  0.281236D-02  0.277306D-02  0.179631D+01
  282.7924  0.295755D-02  0.294805D-02  0.434335D+00
  283.1237  0.316987D-02  0.316953D-02  0.150244D-01
  283.4546  0.311665D-02  0.318009D-02 -0.289965D+01
  283.7851  0.314335D-02  0.313736D-02  0.271465D+00
  284.1154  0.306250D-02  0.306871D-02 -0.286129D+00
  284.4453  0.276323D-02  0.273744D-02  0.119880D+01
  284.7748  0.208605D-02  0.208907D-02 -0.153978D+00
  285.1041  0.139088D-02  0.138731D-02  0.191099D+00
   21 280.464 287.073 283.768 -2.529D-03  0.000D+00  6.830D-03  1.392D+00 10000  6.160D-03
  280.4635  0.778050D-03  0.815106D-03 -0.201863D+01
  280.7973  0.109365D-02  0.111204D-02 -0.944675D+00
  281.1308  0.148619D-02  0.148533D-02  0.439587D-01
  281.4638  0.189969D-02  0.189368D-02  0.297571D+00
  281.7965  0.232747D-02  0.229137D-02  0.170782D+01
  282.1288  0.260543D-02  0.258879D-02  0.780036D+00
  282.4608  0.281236D-02  0.277004D-02  0.193428D+01
  282.7924  0.295755D-02  0.295008D-02  0.341605D+00
  283.1237  0.316987D-02  0.318311D-02 -0.595001D+00
  283.4546  0.311665D-02  0.320446D-02 -0.401314D+01
  283.7851  0.314335D-02  0.315487D-02 -0.522114D+00
  284.1154  0.306250D-02  0.307978D-02 -0.796451D+00
  284.4453  0.276323D-02  0.273646D-02  0.124454D+01
  284.7748  0.208605D-02  0.207710D-02  0.455131D+00
  285.1041  0.139088D-02  0.135325D-02  0.200954D+01
  285.4330  0.130522D-02  0.132828D-02 -0.124358D+01
  285.7616  0.221566D-02  0.218507D-02  0.148623D+01
  286.0899  0.325683D-02  0.324678D-02  0.459595D+00
  286.4179  0.389396D-02  0.388090D-02  0.554378D+00
  286.7456  0.408254D-02  0.408416D-02 -0.684935D-01
  287.0729  0.432507D-02  0.434691D-02 -0.912932D+00
   21 282.461 289.031 285.746 -1.250D-03  0.000D+00  7.505D-03  1.928D+00 10300  6.373D-03
  282.4608  0.281236D-02  0.275819D-02  0.247594D+01
  282.7924  0.295755D-02  0.294547D-02  0.552436D+00
  283.1237  0.316987D-02  0.319373D-02 -0.107227D+01
  283.4546  0.311665D-02  0.320878D-02 -0.421061D+01
  283.7851  0.314335D-02  0.315270D-02 -0.423732D+00
  284.1154  0.306250D-02  0.308007D-02 -0.809543D+00
  284.4453  0.276323D-02  0.273384D-02  0.136624D+01
  284.7748  0.208605D-02  0.206946D-02  0.844117D+00
  285.1041  0.139088D-02  0.132232D-02  0.366130D+01
  285.4330  0.130522D-02  0.128832D-02  0.911035D+00
  285.7616  0.221566D-02  0.215635D-02  0.288145D+01
  286.0899  0.325683D-02  0.323494D-02  0.100045D+01
  286.4179  0.389396D-02  0.387992D-02  0.596051D+00
  286.7456  0.408254D-02  0.408699D-02 -0.187778D+00
  287.0729  0.432507D-02  0.439150D-02 -0.277683D+01
  287.4000  0.456112D-02  0.458422D-02 -0.943681D+00
  287.7268  0.413501D-02  0.412050D-02  0.611429D+00
  288.0533  0.339182D-02  0.339114D-02  0.308441D-01
  288.3795  0.362731D-02  0.369827D-02 -0.313656D+01
  288.7054  0.495590D-02  0.489191D-02  0.255625D+01
  289.0310  0.553925D-02  0.553324D-02  0.231366D+00
   21 284.445 290.979 287.712 -2.723D-03  0.000D+00  8.372D-03  1.888D+00 10300  6.000D-03
  284.4453  0.276323D-02  0.278969D-02 -0.123045D+01
  284.7748  0.208605D-02  0.209785D-02 -0.600456D+00
  285.1041  0.139088D-02  0.131823D-02  0.387945D+01
  285.4330  0.130522D-02  0.128144D-02  0.128222D+01
  285.7616  0.221566D-02  0.216993D-02  0.222195D+01
  286.0899  0.325683D-02  0.326153D-02 -0.214518D+00
  286.4179  0.389396D-02  0.390168D-02 -0.327777D+00
  286.7456  0.408254D-02  0.409175D-02 -0.388326D+00
  287.0729  0.432507D-02  0.439962D-02 -0.311655D+01
  287.4000  0.456112D-02  0.459764D-02 -0.149184D+01
  287.7268  0.413501D-02  0.411846D-02  0.697250D+00
  288.0533  0.339182D-02  0.335377D-02  0.171031D+01
  288.3795  0.362731D-02  0.366242D-02 -0.155191D+01
  288.7054  0.495590D-02  0.486938D-02  0.345593D+01
  289.0310  0.553925D-02  0.546185D-02  0.298138D+01
  289.3564  0.595423D-02  0.600914D-02 -0.207058D+01
  289.6814  0.708886D-02  0.709751D-02 -0.291800D+00
  290.0061  0.830526D-02  0.829619D-02  0.305714D+00
  290.3306  0.900246D-02  0.905125D-02 -0.154776D+01
  290.6548  0.910259D-02  0.914834D-02 -0.145142D+01
  290.9787  0.899690D-02  0.893836D-02  0.185707D+01
   21 286.418 292.916 289.667  6.993D-03  0.000D+00  9.369D-03  2.282D+00 10300  8.735D-03
  286.4179  0.389396D-02  0.386955D-02  0.103651D+01
  286.7456  0.408254D-02  0.406828D-02  0.600731D+00
  287.0729  0.432507D-02  0.438054D-02 -0.231862D+01
  287.4000  0.456112D-02  0.461339D-02 -0.213551D+01
  287.7268  0.413501D-02  0.414885D-02 -0.583150D+00
  288.0533  0.339182D-02  0.335171D-02  0.180278D+01
  288.3795  0.362731D-02  0.361418D-02  0.580382D+00
  288.7054  0.495590D-02  0.486039D-02  0.381513D+01
  289.0310  0.553925D-02  0.545618D-02  0.319972D+01
  289.3564  0.595423D-02  0.598231D-02 -0.105881D+01
  289.6814  0.708886D-02  0.707466D-02  0.478504D+00
  290.0061  0.830526D-02  0.830570D-02 -0.148428D-01
  290.3306  0.900246D-02  0.910716D-02 -0.332157D+01
  290.6548  0.910259D-02  0.924899D-02 -0.464429D+01
  290.9787  0.899690D-02  0.905427D-02 -0.182000D+01
  291.3023  0.928060D-02  0.921976D-02  0.193001D+01
  291.6256  0.928431D-02  0.916661D-02  0.373366D+01
  291.9487  0.917676D-02  0.912488D-02  0.164571D+01
  292.2714  0.906736D-02  0.902115D-02  0.146588D+01
  292.5939  0.849439D-02  0.847606D-02  0.581515D+00
  292.9161  0.879293D-02  0.888798D-02 -0.301554D+01
   21 288.379 294.843 291.611  1.211D-02  0.000D+00  1.056D-02  1.897D+00 10300  8.263D-03
  288.3795  0.362731D-02  0.366537D-02 -0.168216D+01
  288.7054  0.495590D-02  0.495454D-02  0.539422D-01
  289.0310  0.553925D-02  0.549486D-02  0.170987D+01
  289.3564  0.595423D-02  0.595934D-02 -0.192830D+00
  289.6814  0.708886D-02  0.703572D-02  0.179093D+01
  290.0061  0.830526D-02  0.826419D-02  0.138401D+01
  290.3306  0.900246D-02  0.907079D-02 -0.216784D+01
  290.6548  0.910259D-02  0.922109D-02 -0.375919D+01
  290.9787  0.899690D-02  0.900864D-02 -0.372460D+00
  291.3023  0.928060D-02  0.921822D-02  0.197882D+01
  291.6256  0.928431D-02  0.917822D-02  0.336536D+01
  291.9487  0.917676D-02  0.915577D-02  0.665894D+00
  292.2714  0.906736D-02  0.910072D-02 -0.105838D+01
  292.5939  0.849439D-02  0.851705D-02 -0.718929D+00
  292.9161  0.879293D-02  0.891331D-02 -0.381887D+01
  293.2380  0.104469D-01  0.104221D-01  0.743535D+00
  293.5596  0.103616D-01  0.103899D-01 -0.846431D+00
  293.8809  0.942708D-02  0.934492D-02  0.260658D+01
  294.2019  0.993886D-02  0.989082D-02  0.152416D+01
  294.5226  0.106045D-01  0.105893D-01  0.457213D+00
  294.8431  0.100408D-01  0.100973D-01 -0.179216D+01
   21 290.331 296.759 293.545  6.205D-03  0.000D+00  1.218D-02  2.237D+00 10300  7.204D-03
  290.3306  0.900246D-02  0.898720D-02  0.483982D+00
  290.6548  0.910259D-02  0.918490D-02 -0.261104D+01
  290.9787  0.899690D-02  0.897216D-02  0.784575D+00
  291.3023  0.928060D-02  0.925447D-02  0.828852D+00
  291.6256  0.928431D-02  0.918800D-02  0.305505D+01
  291.9487  0.917676D-02  0.917159D-02  0.163896D+00
  292.2714  0.906736D-02  0.912580D-02 -0.185396D+01
  292.5939  0.849439D-02  0.846263D-02  0.100751D+01
  292.9161  0.879293D-02  0.886733D-02 -0.236023D+01
  293.2380  0.104469D-01  0.104953D-01 -0.144945D+01
  293.5596  0.103616D-01  0.103889D-01 -0.816709D+00
  293.8809  0.942708D-02  0.924343D-02  0.582610D+01
  294.2019  0.993886D-02  0.993332D-02  0.175988D+00
  294.5226  0.106045D-01  0.107233D-01 -0.355847D+01
  294.8431  0.100408D-01  0.101416D-01 -0.319520D+01
  295.1632  0.110811D-01  0.110471D-01  0.101950D+01
  295.4830  0.122827D-01  0.122030D-01  0.226098D+01
  295.8026  0.129817D-01  0.129542D-01  0.781092D+00
  296.1218  0.140220D-01  0.140098D-01  0.327189D+00
  296.4407  0.132153D-01  0.131554D-01  0.170238D+01
  296.7593  0.105804D-01  0.106745D-01 -0.281869D+01
   21 292.271 298.664 295.468  5.753D-03  0.000D+00  1.424D-02  3.613D+00 10000  5.255D-03
  292.2714  0.906736D-02  0.902193D-02  0.144111D+01
  292.5939  0.849439D-02  0.838733D-02  0.339633D+01
  292.9161  0.879293D-02  0.883169D-02 -0.122972D+01
  293.2380  0.104469D-01  0.106259D-01 -0.536317D+01
  293.5596  0.103616D-01  0.104913D-01 -0.388579D+01
  293.8809  0.942708D-02  0.920667D-02  0.699244D+01
  294.2019  0.993886D-02  0.996449D-02 -0.812973D+00
  294.5226  0.106045D-01  0.107943D-01 -0.568659D+01
  294.8431  0.100408D-01  0.100370D-01  0.123323D+00
  295.1632  0.110811D-01  0.110078D-01  0.219660D+01
  295.4830  0.122827D-01  0.121418D-01  0.399888D+01
  295.8026  0.129817D-01  0.128516D-01  0.369177D+01
  296.1218  0.140220D-01  0.139973D-01  0.664292D+00
  296.4407  0.132153D-01  0.132057D-01  0.274300D+00
  296.7593  0.105804D-01  0.105798D-01  0.203340D-01
  297.0776  0.110292D-01  0.109969D-01  0.967412D+00
  297.3955  0.135324D-01  0.136224D-01 -0.242480D+01
  297.7131  0.174857D-01  0.177619D-01 -0.677106D+01
  298.0305  0.169758D-01  0.170547D-01 -0.202729D+01
  298.3474  0.127444D-01  0.127071D-01  0.105728D+01
  298.6640  0.130095D-01  0.127738D-01  0.635622D+01
   21 294.202 300.556 297.379  3.322D-03  0.000D+00  1.815D-02  8.541D+00 10000  1.032D-02
  294.2019  0.993886D-02  0.100759D-01 -0.434598D+01
  294.5226  0.106045D-01  0.108193D-01 -0.643316D+01
  294.8431  0.100408D-01  0.991107D-02  0.411695D+01
  295.1632  0.110811D-01  0.109164D-01  0.493393D+01
  295.4830  0.122827D-01  0.120287D-01  0.720953D+01
  295.8026  0.129817D-01  0.127478D-01  0.663904D+01
  296.1218  0.140220D-01  0.139787D-01  0.116563D+01
  296.4407  0.132153D-01  0.132395D-01 -0.685592D+00
  296.7593  0.105804D-01  0.105556D-01  0.743975D+00
  297.0776  0.110292D-01  0.110925D-01 -0.189887D+01
  297.3955  0.135324D-01  0.137917D-01 -0.699177D+01
  297.7131  0.174857D-01  0.181600D-01 -0.165298D+02
  298.0305  0.169758D-01  0.173593D-01 -0.984885D+01
  298.3474  0.127444D-01  0.127840D-01 -0.112587D+01
  298.6640  0.130095D-01  0.128725D-01  0.369436D+01
  298.9803  0.181922D-01  0.179129D-01  0.684558D+01
  299.2962  0.203784D-01  0.195875D-01  0.177712D+02
  299.6118  0.206639D-01  0.198730D-01  0.177731D+02
  299.9270  0.206306D-01  0.206141D-01  0.369207D+00
  300.2419  0.172113D-01  0.176735D-01 -0.113304D+02
  300.5564  0.216671D-01  0.220827D-01 -0.934005D+01
   21 296.122 302.435 299.278  6.312D-03  0.000D+00  2.476D-02  1.391D+01 10000  1.580D-02
  296.1218  0.140220D-01  0.136591D-01  0.978373D+01
  296.4407  0.132153D-01  0.132702D-01 -0.155779D+01
  296.7593  0.105804D-01  0.106331D-01 -0.157823D+01
  297.0776  0.110292D-01  0.111856D-01 -0.468719D+01
  297.3955  0.135324D-01  0.138275D-01 -0.795611D+01
  297.7131  0.174857D-01  0.181650D-01 -0.166513D+02
  298.0305  0.169758D-01  0.172824D-01 -0.787472D+01
  298.3474  0.127444D-01  0.125850D-01  0.452452D+01
  298.6640  0.130095D-01  0.125533D-01  0.123013D+02
  298.9803  0.181922D-01  0.175310D-01  0.162089D+02
  299.2962  0.203784D-01  0.192703D-01  0.248994D+02
  299.6118  0.206639D-01  0.196451D-01  0.228932D+02
  299.9270  0.206306D-01  0.207600D-01 -0.290862D+01
  300.2419  0.172113D-01  0.179785D-01 -0.188060D+02
  300.5564  0.216671D-01  0.230640D-01 -0.313902D+02
  300.8705  0.251661D-01  0.268556D-01 -0.128327D+02
  301.1842  0.321455D-01  0.325744D-01 -0.321201D+01
  301.4975  0.375266D-01  0.371166D-01  0.302901D+01
  301.8104  0.333619D-01  0.331924D-01  0.126995D+01
  302.1230  0.302264D-01  0.292759D-01  0.711897D+01
  302.4351  0.444634D-01  0.418032D-01  0.193874D+02
   21 298.030 304.299 301.165 -4.284D-03  0.000D+00  3.969D-02  1.775D+01 10000  2.104D-02
  298.0305  0.169758D-01  0.175469D-01 -0.146657D+02
  298.3474  0.127444D-01  0.126737D-01  0.200677D+01
  298.6640  0.130095D-01  0.128054D-01  0.550457D+01
  298.9803  0.181922D-01  0.178823D-01  0.759738D+01
  299.2962  0.203784D-01  0.193151D-01  0.238929D+02
  299.6118  0.206639D-01  0.197274D-01  0.210447D+02
  299.9270  0.206306D-01  0.206720D-01 -0.932308D+00
  300.2419  0.172113D-01  0.178975D-01 -0.168213D+02
  300.5564  0.216671D-01  0.233165D-01 -0.370625D+02
  300.8705  0.251661D-01  0.270606D-01 -0.143904D+02
  301.1842  0.321455D-01  0.331772D-01 -0.772712D+01
  301.4975  0.375266D-01  0.379016D-01 -0.276986D+01
  301.8104  0.333619D-01  0.338337D-01 -0.353339D+01
  302.1230  0.302264D-01  0.304027D-01 -0.132054D+01
  302.4351  0.444634D-01  0.444508D-01  0.923887D-01
  302.7467  0.623775D-01  0.604137D-01  0.151293D+02
  303.0580  0.789917D-01  0.744507D-01  0.306120D+02
  303.3688  0.927874D-01  0.879236D-01  0.327884D+02
  303.6792  0.919530D-01  0.911124D-01  0.566680D+01
  303.9892  0.860008D-01  0.891299D-01 -0.210937D+02
  304.2986  0.100390D+00  0.104127D+00 -0.251921D+02
   21 299.927 306.145 303.036  1.644D-02  0.000D+00  7.501D-02  2.380D+01 10000  1.905D-02
  299.9270  0.206306D-01  0.205652D-01  0.146864D+01
  300.2419  0.172113D-01  0.169927D-01  0.535876D+01
  300.5564  0.216671D-01  0.220969D-01 -0.965786D+01
  300.8705  0.251661D-01  0.257804D-01 -0.466602D+01
  301.1842  0.321455D-01  0.317821D-01  0.272228D+01
  301.4975  0.375266D-01  0.372388D-01  0.212669D+01
  301.8104  0.333619D-01  0.341039D-01 -0.555738D+01
  302.1230  0.302264D-01  0.296362D-01  0.442045D+01
  302.4351  0.444634D-01  0.439644D-01  0.363690D+01
  302.7467  0.623775D-01  0.604773D-01  0.146395D+02
  303.0580  0.789917D-01  0.756110D-01  0.227899D+02
  303.3688  0.927874D-01  0.898558D-01  0.197627D+02
  303.6792  0.919530D-01  0.947770D-01 -0.190369D+02
  303.9892  0.860008D-01  0.913856D-01 -0.362996D+02
  304.2986  0.100390D+00  0.105969D+00 -0.376103D+02
  304.6076  0.120842D+00  0.127050D+00 -0.418458D+02
  304.9162  0.137976D+00  0.133285D+00  0.316224D+02
  305.2242  0.177305D+00  0.167131D+00  0.609626D+02
  305.5317  0.171186D+00  0.169589D+00  0.956644D+01
  305.8388  0.142964D+00  0.143122D+00 -0.945623D+00
  306.1453  0.167292D+00  0.172271D+00 -0.298351D+02
   21 301.810 307.973 304.892  2.469D-03  0.000D+00  1.387D-01  3.528D+01 10000  2.466D-02
  301.8104  0.333619D-01  0.339878D-01 -0.468815D+01
  302.1230  0.302264D-01  0.296520D-01  0.430243D+01
  302.4351  0.444634D-01  0.452389D-01 -0.565170D+01
  302.7467  0.623775D-01  0.616197D-01  0.583821D+01
  303.0580  0.789917D-01  0.762974D-01  0.181626D+02
  303.3688  0.927874D-01  0.907180D-01  0.139506D+02
  303.6792  0.919530D-01  0.942280D-01 -0.153359D+02
  303.9892  0.860008D-01  0.906213D-01 -0.311475D+02
  304.2986  0.100390D+00  0.105736D+00 -0.360406D+02
  304.6076  0.120842D+00  0.126461D+00 -0.378741D+02
  304.9162  0.137976D+00  0.131377D+00  0.444841D+02
  305.2242  0.177305D+00  0.166764D+00  0.631614D+02
  305.5317  0.171186D+00  0.166140D+00  0.302370D+02
  305.8388  0.142964D+00  0.138663D+00  0.257723D+02
  306.1453  0.167292D+00  0.172083D+00 -0.287115D+02
  306.4513  0.187355D+00  0.202784D+00 -0.832082D+02
  306.7568  0.194735D+00  0.201520D+00 -0.365890D+02
  307.0617  0.255351D+00  0.252962D+00  0.107353D+02
  307.3661  0.294086D+00  0.284230D+00  0.442981D+02
  307.6698  0.309978D+00  0.300209D+00  0.405231D+02
  307.9731  0.323792D+00  0.332834D+00 -0.348323D+02
   21 303.679 309.780 306.729 -1.146D-02  0.000D+00  2.319D-01  4.707D+01 10000  3.013D-02
  303.6792  0.919530D-01  0.874292D-01  0.304962D+02
  303.9892  0.860008D-01  0.878843D-01 -0.126967D+02
  304.2986  0.100390D+00  0.105647D+00 -0.354413D+02
  304.6076  0.120842D+00  0.127117D+00 -0.422955D+02
  304.9162  0.137976D+00  0.133822D+00  0.280004D+02
  305.2242  0.177305D+00  0.170232D+00  0.423792D+02
  305.5317  0.171186D+00  0.166908D+00  0.256326D+02
  305.8388  0.142964D+00  0.139431D+00  0.211672D+02
  306.1453  0.167292D+00  0.175260D+00 -0.477464D+02
  306.4513  0.187355D+00  0.201715D+00 -0.774440D+02
  306.7568  0.194735D+00  0.200273D+00 -0.298641D+02
  307.0617  0.255351D+00  0.250473D+00  0.219210D+02
  307.3661  0.294086D+00  0.276821D+00  0.775946D+02
  307.6698  0.309978D+00  0.290664D+00  0.801221D+02
  307.9731  0.323792D+00  0.319124D+00  0.179830D+02
  308.2757  0.317895D+00  0.328379D+00 -0.376929D+02
  308.5777  0.362565D+00  0.377175D+00 -0.492462D+02
  308.8791  0.348954D+00  0.365912D+00 -0.537959D+02
  309.1799  0.301912D+00  0.317615D+00 -0.498170D+02
  309.4801  0.330059D+00  0.325659D+00  0.124888D+02
  309.7796  0.379772D+00  0.347401D+00  0.831317D+02
   15 305.532 309.780 307.656 -1.005D-02  0.000D+00  2.855D-01  5.144D+01 10300  4.417D-02
  305.5317  0.171186D+00  0.166153D+00  0.301602D+02
  305.8388  0.142964D+00  0.139337D+00  0.217299D+02
  306.1453  0.167292D+00  0.174982D+00 -0.460798D+02
  306.4513  0.187355D+00  0.201818D+00 -0.779982D+02
  306.7568  0.194735D+00  0.200263D+00 -0.298127D+02
  307.0617  0.255351D+00  0.250038D+00  0.238778D+02
  307.3661  0.294086D+00  0.276383D+00  0.795621D+02
  307.6698  0.309978D+00  0.289967D+00  0.830123D+02
  307.9731  0.323792D+00  0.318221D+00  0.214613D+02
  308.2757  0.317895D+00  0.327552D+00 -0.347181D+02
  308.5777  0.362565D+00  0.376211D+00 -0.459958D+02
  308.8791  0.348954D+00  0.365831D+00 -0.535381D+02
  309.1799  0.301912D+00  0.318192D+00 -0.516479D+02
  309.4801  0.330059D+00  0.326529D+00  0.100206D+02
  309.7796  0.379772D+00  0.349578D+00  0.775421D+02
   21 310.037 313.212 311.625 -4.318D-02  0.000D+00  6.203D-01  1.268D+01 10300  1.774D-02
  310.0369  0.365893D+00  0.356738D+00  0.681170D+01
  310.1964  0.364178D+00  0.387466D+00 -0.180317D+02
  310.3559  0.458829D+00  0.485759D+00 -0.215069D+02
  310.5153  0.589851D+00  0.585989D+00  0.315017D+01
  310.6746  0.670317D+00  0.656611D+00  0.122984D+02
  310.8337  0.721958D+00  0.704185D+00  0.169441D+02
  310.9929  0.745137D+00  0.726260D+00  0.179956D+02
  311.1519  0.746620D+00  0.738492D+00  0.774840D+01
  311.3109  0.731044D+00  0.752662D+00 -0.206095D+02
  311.4698  0.742911D+00  0.753106D+00 -0.103665D+02
  311.6285  0.711389D+00  0.728034D+00 -0.181357D+02
  311.7873  0.690621D+00  0.687357D+00  0.355606D+01
  311.9459  0.656132D+00  0.660799D+00 -0.508540D+01
  312.1045  0.665218D+00  0.673712D+00 -0.925498D+01
  312.2629  0.727150D+00  0.727476D+00 -0.354915D+00
  312.4214  0.793811D+00  0.785356D+00  0.921257D+01
  312.5797  0.830340D+00  0.814590D+00  0.171598D+02
  312.7379  0.838499D+00  0.838638D+00 -0.151955D+00
  312.8961  0.873359D+00  0.868409D+00  0.539312D+01
  313.0542  0.891253D+00  0.884787D+00  0.704506D+01
  313.2122  0.870392D+00  0.885432D+00 -0.163870D+02
   21 310.993 314.159 312.576  3.860D-02  0.000D+00  7.263D-01  3.254D+01 10304  3.877D-02
  310.9929  0.745137D+00  0.706858D+00  0.364932D+02
  311.1519  0.746620D+00  0.728675D+00  0.171075D+02
  311.3109  0.731044D+00  0.749205D+00 -0.173140D+02
  311.4698  0.742911D+00  0.764749D+00 -0.222065D+02
  311.6285  0.711389D+00  0.754909D+00 -0.474172D+02
  311.7873  0.690621D+00  0.717900D+00 -0.297215D+02
  311.9459  0.656132D+00  0.676525D+00 -0.222195D+02
  312.1045  0.665218D+00  0.664098D+00  0.121974D+01
  312.2629  0.727150D+00  0.697613D+00  0.321825D+02
  312.4214  0.793811D+00  0.760368D+00  0.364381D+02
  312.5797  0.830340D+00  0.800923D+00  0.320510D+02
  312.7379  0.838499D+00  0.816555D+00  0.239083D+02
  312.8961  0.873359D+00  0.841521D+00  0.346891D+02
  313.0542  0.891253D+00  0.863562D+00  0.301707D+02
  313.2122  0.870392D+00  0.865775D+00  0.503090D+01
  313.3701  0.828949D+00  0.861249D+00 -0.351915D+02
  313.5280  0.824406D+00  0.876323D+00 -0.565658D+02
  313.6857  0.884114D+00  0.932060D+00 -0.522392D+02
  313.8434  0.995370D+00  0.101489D+01 -0.212688D+02
  314.0010  0.108002D+01  0.107265D+01  0.803076D+01
  314.1586  0.109912D+01  0.105413D+01  0.490139D+02
   21 311.946 315.102 313.524  1.392D-02  0.000D+00  7.909D-01  3.092D+01 10300  1.654D-02
  311.9459  0.656132D+00  0.674983D+00 -0.205396D+02
  312.1045  0.665218D+00  0.675084D+00 -0.107500D+02
  312.2629  0.727150D+00  0.719904D+00  0.789462D+01
  312.4214  0.793811D+00  0.786726D+00  0.771962D+01
  312.5797  0.830340D+00  0.817983D+00  0.134633D+02
  312.7379  0.838499D+00  0.826797D+00  0.127493D+02
  312.8961  0.873359D+00  0.849254D+00  0.262630D+02
  313.0542  0.891253D+00  0.863527D+00  0.302082D+02
  313.2122  0.870392D+00  0.857610D+00  0.139263D+02
  313.3701  0.828949D+00  0.849006D+00 -0.218530D+02
  313.5280  0.824406D+00  0.867191D+00 -0.466159D+02
  313.6857  0.884114D+00  0.931194D+00 -0.512966D+02
  313.8434  0.995370D+00  0.102312D+01 -0.302306D+02
  314.0010  0.108002D+01  0.108662D+01 -0.718938D+01
  314.1586  0.109912D+01  0.107238D+01  0.291251D+02
  314.3160  0.952722D+00  0.953591D+00 -0.947759D+00
  314.4734  0.828022D+00  0.806097D+00  0.238887D+02
  314.6307  0.831360D+00  0.803478D+00  0.303788D+02
  314.7879  0.102151D+01  0.958957D+00  0.681596D+02
  314.9451  0.114723D+01  0.114280D+01  0.422504D+01
  315.1021  0.120527D+01  0.127186D+01 -0.634768D+02
   21 312.896 316.043 314.470 -2.014D-02  0.000D+00  8.990D-01  3.400D+01 10300  1.511D-02
  312.8961  0.873359D+00  0.879618D+00 -0.681913D+01
  313.0542  0.891253D+00  0.864384D+00  0.292748D+02
  313.2122  0.870392D+00  0.841866D+00  0.310801D+02
  313.3701  0.828949D+00  0.830857D+00 -0.207816D+01
  313.5280  0.824406D+00  0.858348D+00 -0.369809D+02
  313.6857  0.884114D+00  0.934276D+00 -0.546541D+02
  313.8434  0.995370D+00  0.103071D+01 -0.385037D+02
  314.0010  0.108002D+01  0.108851D+01 -0.925200D+01
  314.1586  0.109912D+01  0.105915D+01  0.435439D+02
  314.3160  0.952722D+00  0.925718D+00  0.294220D+02
  314.4734  0.828022D+00  0.796549D+00  0.342918D+02
  314.6307  0.831360D+00  0.827334D+00  0.438617D+01
  314.7879  0.102151D+01  0.981428D+00  0.436763D+02
  314.9451  0.114723D+01  0.112423D+01  0.219291D+02
  315.1021  0.120527D+01  0.119405D+01  0.107034D+02
  315.2591  0.118293D+01  0.120591D+01 -0.219118D+02
  315.4160  0.113064D+01  0.117845D+01 -0.455836D+02
  315.5729  0.103950D+01  0.108469D+01 -0.459489D+02
  315.7296  0.888379D+00  0.921153D+00 -0.357090D+02
  315.8863  0.786394D+00  0.768488D+00  0.195094D+02
  316.0429  0.771374D+00  0.715603D+00  0.607656D+02
   21 313.843 316.981 315.412 -4.175D-02  0.000D+00  9.865D-01  2.968D+01 10300  1.226D-02
  313.8434  0.995370D+00  0.102078D+01 -0.276866D+02
  314.0010  0.108002D+01  0.109328D+01 -0.144484D+02
  314.1586  0.109912D+01  0.106195D+01  0.404899D+02
  314.3160  0.952722D+00  0.924915D+00  0.302967D+02
  314.4734  0.828022D+00  0.812373D+00  0.170505D+02
  314.6307  0.831360D+00  0.860466D+00 -0.317121D+02
  314.7879  0.102151D+01  0.100905D+01  0.135850D+02
  314.9451  0.114723D+01  0.113448D+01  0.121557D+02
  315.1021  0.120527D+01  0.118904D+01  0.154771D+02
  315.2591  0.118293D+01  0.119336D+01 -0.994150D+01
  315.4160  0.113064D+01  0.116159D+01 -0.295074D+02
  315.5729  0.103950D+01  0.106786D+01 -0.288372D+02
  315.7296  0.888379D+00  0.918546D+00 -0.328688D+02
  315.8863  0.786394D+00  0.799432D+00 -0.142058D+02
  316.0429  0.771374D+00  0.792489D+00 -0.230055D+02
  316.1994  0.903120D+00  0.891988D+00  0.121283D+02
  316.3559  0.105573D+01  0.102692D+01  0.274639D+02
  316.5123  0.118228D+01  0.112906D+01  0.507361D+02
  316.6686  0.126359D+01  0.120600D+01  0.549070D+02
  316.8248  0.129975D+01  0.130034D+01 -0.568728D+00
  316.9809  0.139469D+01  0.145203D+01 -0.546703D+02
   21 314.788 317.916 316.352 -5.958D-02  0.000D+00  1.044D+00  2.703D+01 10300  1.870D-02
  314.7879  0.102151D+01  0.102241D+01 -0.972224D+00
  314.9451  0.114723D+01  0.113860D+01  0.822964D+01
  315.1021  0.120527D+01  0.118202D+01  0.221648D+02
  315.2591  0.118293D+01  0.118486D+01 -0.183785D+01
  315.4160  0.113064D+01  0.115491D+01 -0.231377D+02
  315.5729  0.103950D+01  0.105766D+01 -0.184643D+02
  315.7296  0.888379D+00  0.901564D+00 -0.143659D+02
  315.8863  0.786394D+00  0.787453D+00 -0.115413D+01
  316.0429  0.771374D+00  0.798542D+00 -0.296006D+02
  316.1994  0.903120D+00  0.912709D+00 -0.104479D+02
  316.3559  0.105573D+01  0.104943D+01  0.600034D+01
  316.5123  0.118228D+01  0.113654D+01  0.436062D+02
  316.6686  0.126359D+01  0.119585D+01  0.645832D+02
  316.8248  0.129975D+01  0.126918D+01  0.291437D+02
  316.9809  0.139469D+01  0.139607D+01 -0.132381D+01
  317.1370  0.150316D+01  0.154739D+01 -0.421659D+02
  317.2930  0.161349D+01  0.161617D+01 -0.255856D+01
  317.4489  0.158076D+01  0.160565D+01 -0.237314D+02
  317.6048  0.153997D+01  0.157007D+01 -0.286967D+02
  317.7605  0.143427D+01  0.143995D+01 -0.541105D+01
  317.9162  0.126554D+01  0.121259D+01  0.504802D+02
   21 315.730 318.849 317.289 -3.636D-02  0.000D+00  1.105D+00  2.314D+01   300  1.146D-02
  315.7296  0.888379D+00  0.894936D+00 -0.714425D+01
  315.8863  0.786394D+00  0.781149D+00  0.571445D+01
  316.0429  0.771374D+00  0.787711D+00 -0.177999D+02
  316.1994  0.903120D+00  0.907821D+00 -0.512232D+01
  316.3559  0.105573D+01  0.106434D+01 -0.821162D+01
  316.5123  0.118228D+01  0.116016D+01  0.210916D+02
  316.6686  0.126359D+01  0.121496D+01  0.463622D+02
  316.8248  0.129975D+01  0.127540D+01  0.232120D+02
  316.9809  0.139469D+01  0.138619D+01  0.809802D+01
  317.1370  0.150316D+01  0.154438D+01 -0.392947D+02
  317.2930  0.161349D+01  0.161987D+01 -0.608461D+01
  317.4489  0.158076D+01  0.159878D+01 -0.171811D+02
  317.6048  0.153997D+01  0.156914D+01 -0.278083D+02
  317.7605  0.143427D+01  0.146468D+01 -0.289918D+02
  317.9162  0.126554D+01  0.123150D+01  0.324495D+02
  318.0718  0.108131D+01  0.105651D+01  0.236524D+02
  318.2274  0.107427D+01  0.105396D+01  0.193584D+02
  318.3829  0.119628D+01  0.116807D+01  0.268938D+02
  318.5383  0.135760D+01  0.132996D+01  0.263492D+02
  318.6936  0.149370D+01  0.150640D+01 -0.121026D+02
  318.8488  0.167653D+01  0.170034D+01 -0.226966D+02
   21 316.669 319.779 318.224 -1.675D-02  0.000D+00  1.209D+00  2.788D+01 10300  9.473D-03
  316.6686  0.126359D+01  0.129654D+01 -0.314095D+02
  316.8248  0.129975D+01  0.130089D+01 -0.108614D+01
  316.9809  0.139469D+01  0.136411D+01  0.291493D+02
  317.1370  0.150316D+01  0.149708D+01  0.579901D+01
  317.2930  0.161349D+01  0.157783D+01  0.339914D+02
  317.4489  0.158076D+01  0.156823D+01  0.119483D+02
  317.6048  0.153997D+01  0.155412D+01 -0.134921D+02
  317.7605  0.143427D+01  0.148568D+01 -0.490061D+02
  317.9162  0.126554D+01  0.127883D+01 -0.126773D+02
  318.0718  0.108131D+01  0.109623D+01 -0.142166D+02
  318.2274  0.107427D+01  0.108061D+01 -0.604586D+01
  318.3829  0.119628D+01  0.119036D+01  0.564237D+01
  318.5383  0.135760D+01  0.134654D+01  0.105453D+02
  318.6936  0.149370D+01  0.150401D+01 -0.982470D+01
  318.8488  0.167653D+01  0.165864D+01  0.170629D+02
  319.0040  0.174199D+01  0.171681D+01  0.213398D+02
  319.1591  0.158873D+01  0.154098D+01  0.455290D+02
  319.3141  0.133183D+01  0.132990D+01  0.183215D+01
  319.4691  0.126322D+01  0.132615D+01 -0.599988D+02
  319.6239  0.136780D+01  0.141515D+01 -0.451428D+02
  319.7787  0.153487D+01  0.149467D+01  0.383226D+02
   21 317.605 320.706 319.155 -6.050D-04  0.000D+00  1.287D+00  3.986D+01 10300  1.399D-02
  317.6048  0.153997D+01  0.144827D+01  0.874243D+02
  317.7605  0.143427D+01  0.147996D+01 -0.435591D+02
  317.9162  0.126554D+01  0.132531D+01 -0.569900D+02
  318.0718  0.108131D+01  0.114049D+01 -0.564120D+02
  318.2274  0.107427D+01  0.111198D+01 -0.359545D+02
  318.3829  0.119628D+01  0.121176D+01 -0.147603D+02
  318.5383  0.135760D+01  0.135685D+01  0.719829D+00
  318.6936  0.149370D+01  0.149652D+01 -0.268221D+01
  318.8488  0.167653D+01  0.163144D+01  0.429876D+02
  319.0040  0.174199D+01  0.169106D+01  0.431632D+02
  319.1591  0.158873D+01  0.152252D+01  0.631217D+02
  319.3141  0.133183D+01  0.129439D+01  0.356902D+02
  319.4691  0.126322D+01  0.128107D+01 -0.170201D+02
  319.6239  0.136780D+01  0.139450D+01 -0.254588D+02
  319.7787  0.153487D+01  0.152657D+01  0.790761D+01
  319.9335  0.159541D+01  0.164653D+01 -0.458647D+02
  320.0881  0.165280D+01  0.168060D+01 -0.235564D+02
  320.2427  0.166532D+01  0.172093D+01 -0.471269D+02
  320.3972  0.183813D+01  0.183017D+01  0.674806D+01
  320.5516  0.196042D+01  0.194318D+01  0.146106D+02
  320.7060  0.202402D+01  0.199138D+01  0.276608D+02
   21 318.538 321.631 320.084  4.704D-02  0.000D+00  1.268D+00  2.898D+01 10300  9.828D-03
  318.5383  0.135760D+01  0.139867D+01 -0.391557D+02
  318.6936  0.149370D+01  0.151154D+01 -0.170022D+02
  318.8488  0.167653D+01  0.162140D+01  0.525640D+02
  319.0040  0.174199D+01  0.170236D+01  0.335791D+02
  319.1591  0.158873D+01  0.159533D+01 -0.628361D+01
  319.3141  0.133183D+01  0.134593D+01 -0.134470D+02
  319.4691  0.126322D+01  0.126092D+01  0.218835D+01
  319.6239  0.136780D+01  0.136066D+01  0.680803D+01
  319.7787  0.153487D+01  0.149541D+01  0.376199D+02
  319.9335  0.159541D+01  0.163801D+01 -0.382273D+02
  320.0881  0.165280D+01  0.170484D+01 -0.440996D+02
  320.2427  0.166532D+01  0.173267D+01 -0.570756D+02
  320.3972  0.183813D+01  0.182278D+01  0.130090D+02
  320.5516  0.196042D+01  0.193238D+01  0.237641D+02
  320.7060  0.202402D+01  0.198448D+01  0.335102D+02
  320.8603  0.192361D+01  0.192130D+01  0.196334D+01
  321.0145  0.173819D+01  0.173843D+01 -0.208295D+00
  321.1686  0.154581D+01  0.153811D+01  0.652541D+01
  321.3227  0.144549D+01  0.143727D+01  0.696843D+01
  321.4767  0.149148D+01  0.146746D+01  0.203554D+02
  321.6306  0.158744D+01  0.162844D+01 -0.347447D+02
   21 319.469 322.553 321.011  2.300D-02  0.000D+00  1.392D+00  3.898D+01 10300  1.791D-02
  319.4691  0.126322D+01  0.126646D+01 -0.308613D+01
  319.6239  0.136780D+01  0.134985D+01  0.171093D+02
  319.7787  0.153487D+01  0.148386D+01  0.486284D+02
  319.9335  0.159541D+01  0.161186D+01 -0.147611D+02
  320.0881  0.165280D+01  0.169120D+01 -0.325410D+02
  320.2427  0.166532D+01  0.175599D+01 -0.768359D+02
  320.3972  0.183813D+01  0.185499D+01 -0.142847D+02
  320.5516  0.196042D+01  0.195411D+01  0.535119D+01
  320.7060  0.202402D+01  0.198447D+01  0.335210D+02
  320.8603  0.192361D+01  0.190029D+01  0.197702D+02
  321.0145  0.173819D+01  0.171913D+01  0.161538D+02
  321.1686  0.154581D+01  0.153450D+01  0.958689D+01
  321.3227  0.144549D+01  0.143450D+01  0.931329D+01
  321.4767  0.149148D+01  0.145035D+01  0.348558D+02
  321.6306  0.158744D+01  0.156288D+01  0.208077D+02
  321.7845  0.176127D+01  0.171819D+01  0.365116D+02
  321.9383  0.182265D+01  0.184938D+01 -0.226556D+02
  322.0920  0.179613D+01  0.187111D+01 -0.635343D+02
  322.2456  0.166587D+01  0.176017D+01 -0.799089D+02
  322.3992  0.161553D+01  0.160640D+01  0.773813D+01
  322.5527  0.154284D+01  0.145226D+01  0.767631D+02
   21 320.397 323.472 321.935 -2.281D-02  0.000D+00  1.377D+00  2.178D+01 10300  9.848D-03
  320.3972  0.183813D+01  0.183421D+01  0.332875D+01
  320.5516  0.196042D+01  0.198021D+01 -0.167653D+02
  320.7060  0.202402D+01  0.201514D+01  0.752413D+01
  320.8603  0.192361D+01  0.191293D+01  0.905407D+01
  321.0145  0.173819D+01  0.172354D+01  0.124153D+02
  321.1686  0.154581D+01  0.154831D+01 -0.211697D+01
  321.3227  0.144549D+01  0.146655D+01 -0.178465D+02
  321.4767  0.149148D+01  0.149213D+01 -0.554070D+00
  321.6306  0.158744D+01  0.159838D+01 -0.927199D+01
  321.7845  0.176127D+01  0.172885D+01  0.274747D+02
  321.9383  0.182265D+01  0.181876D+01  0.329885D+01
  322.0920  0.179613D+01  0.180655D+01 -0.882288D+01
  322.2456  0.166587D+01  0.171168D+01 -0.388179D+02
  322.3992  0.161553D+01  0.160736D+01  0.692308D+01
  322.5527  0.154284D+01  0.150903D+01  0.286514D+02
  322.7061  0.143446D+01  0.140784D+01  0.225575D+02
  322.8594  0.129799D+01  0.134686D+01 -0.414202D+02
  323.0127  0.136316D+01  0.138877D+01 -0.217031D+02
  323.1659  0.155183D+01  0.151791D+01  0.287480D+02
  323.3191  0.168868D+01  0.164714D+01  0.352025D+02
  323.4721  0.169498D+01  0.173207D+01 -0.314286D+02
   21 321.323 324.389 322.856 -4.586D-02  0.000D+00  1.389D+00  2.479D+01   300  1.470D-02
  321.3227  0.144549D+01  0.148525D+01 -0.336906D+02
  321.4767  0.149148D+01  0.148822D+01  0.275832D+01
  321.6306  0.158744D+01  0.158444D+01  0.254319D+01
  321.7845  0.176127D+01  0.171341D+01  0.405614D+02
  321.9383  0.182265D+01  0.181166D+01  0.931140D+01
  322.0920  0.179613D+01  0.178907D+01  0.598546D+01
  322.2456  0.166587D+01  0.168196D+01 -0.136313D+02
  322.3992  0.161553D+01  0.161010D+01  0.460037D+01
  322.5527  0.154284D+01  0.153781D+01  0.426360D+01
  322.7061  0.143446D+01  0.142848D+01  0.506460D+01
  322.8594  0.129799D+01  0.136320D+01 -0.552633D+02
  323.0127  0.136316D+01  0.142300D+01 -0.507042D+02
  323.1659  0.155183D+01  0.157972D+01 -0.236281D+02
  323.3191  0.168868D+01  0.165984D+01  0.244368D+02
  323.4721  0.169498D+01  0.163691D+01  0.492155D+02
  323.6251  0.166698D+01  0.165740D+01  0.812366D+01
  323.7780  0.177564D+01  0.175953D+01  0.136515D+02
  323.9309  0.189098D+01  0.188884D+01  0.171690D+01
  324.0836  0.201262D+01  0.200538D+01  0.552063D+01
  324.2364  0.203914D+01  0.205635D+01 -0.131292D+02
  324.3890  0.204822D+01  0.205935D+01 -0.848506D+01
   21 322.246 325.303 323.774 -4.036D-02  0.000D+00  1.518D+00  3.126D+01 10300  1.771D-02
  322.2456  0.166587D+01  0.163618D+01  0.251648D+02
  322.3992  0.161553D+01  0.160088D+01  0.124166D+02
  322.5527  0.154284D+01  0.155949D+01 -0.141109D+02
  322.7061  0.143446D+01  0.143796D+01 -0.296591D+01
  322.8594  0.129799D+01  0.135437D+01 -0.477831D+02
  323.0127  0.136316D+01  0.140920D+01 -0.390121D+02
  323.1659  0.155183D+01  0.160617D+01 -0.460439D+02
  323.3191  0.168868D+01  0.169095D+01 -0.192400D+01
  323.4721  0.169498D+01  0.162470D+01  0.595561D+02
  323.6251  0.166698D+01  0.162742D+01  0.335277D+02
  323.7780  0.177564D+01  0.173717D+01  0.326023D+02
  323.9309  0.189098D+01  0.186476D+01  0.210537D+02
  324.0836  0.201262D+01  0.199370D+01  0.144259D+02
  324.2364  0.203914D+01  0.205020D+01 -0.843868D+01
  324.3890  0.204822D+01  0.204772D+01  0.379459D+00
  324.5416  0.207529D+01  0.208951D+01 -0.108396D+02
  324.6941  0.200251D+01  0.203179D+01 -0.223262D+02
  324.8465  0.185714D+01  0.186673D+01 -0.770141D+01
  324.9989  0.173763D+01  0.180614D+01 -0.580591D+02
  325.1512  0.182348D+01  0.182885D+01 -0.430447D+01
  325.3034  0.193761D+01  0.186493D+01  0.554360D+02
   21 323.166 326.215 324.691 -3.327D-02  0.000D+00  1.479D+00  1.725D+01 10300  9.765D-03
  323.1659  0.155183D+01  0.156995D+01 -0.153522D+02
  323.3191  0.168868D+01  0.170184D+01 -0.111542D+02
  323.4721  0.169498D+01  0.165552D+01  0.334416D+02
  323.6251  0.166698D+01  0.166073D+01  0.530249D+01
  323.7780  0.177564D+01  0.177129D+01  0.368696D+01
  323.9309  0.189098D+01  0.189297D+01 -0.159821D+01
  324.0836  0.201262D+01  0.201217D+01  0.342449D+00
  324.2364  0.203914D+01  0.205717D+01 -0.137521D+02
  324.3890  0.204822D+01  0.203555D+01  0.966553D+01
  324.5416  0.207529D+01  0.206475D+01  0.804149D+01
  324.6941  0.200251D+01  0.200895D+01 -0.490714D+01
  324.8465  0.185714D+01  0.184422D+01  0.103730D+02
  324.9989  0.173763D+01  0.179227D+01 -0.462997D+02
  325.1512  0.182348D+01  0.184214D+01 -0.149760D+02
  325.3034  0.193761D+01  0.192604D+01  0.882857D+01
  325.4555  0.211850D+01  0.208396D+01  0.263425D+02
  325.6076  0.230207D+01  0.231739D+01 -0.116853D+02
  325.7596  0.249278D+01  0.247116D+01  0.149881D+02
  325.9116  0.263092D+01  0.260069D+01  0.209658D+02
  326.0634  0.271038D+01  0.271641D+01 -0.418184D+01
  326.2152  0.274413D+01  0.276873D+01 -0.170569D+02
   21 324.084 327.125 325.604  9.851D-03  0.000D+00  1.486D+00  2.472D+01   300  1.199D-02
  324.0836  0.201262D+01  0.204696D+01 -0.261926D+02
  324.2364  0.203914D+01  0.207120D+01 -0.244578D+02
  324.3890  0.204822D+01  0.200266D+01  0.347463D+02
  324.5416  0.207529D+01  0.200694D+01  0.521345D+02
  324.6941  0.200251D+01  0.200542D+01 -0.221806D+01
  324.8465  0.185714D+01  0.184704D+01  0.811103D+01
  324.9989  0.173763D+01  0.177041D+01 -0.277740D+02
  325.1512  0.182348D+01  0.183127D+01 -0.625409D+01
  325.3034  0.193761D+01  0.193229D+01  0.406250D+01
  325.4555  0.211850D+01  0.208136D+01  0.283214D+02
  325.6076  0.230207D+01  0.234496D+01 -0.327121D+02
  325.7596  0.249278D+01  0.253593D+01 -0.299167D+02
  325.9116  0.263092D+01  0.263847D+01 -0.522877D+01
  326.0634  0.271038D+01  0.273445D+01 -0.166869D+02
  326.2152  0.274413D+01  0.272053D+01  0.163626D+02
  326.3669  0.263843D+01  0.264908D+01 -0.738367D+01
  326.5186  0.259421D+01  0.253441D+01  0.414641D+02
  326.6702  0.265318D+01  0.260431D+01  0.338827D+02
  326.8217  0.279215D+01  0.279513D+01 -0.206151D+01
  326.9732  0.277129D+01  0.279423D+01 -0.159034D+02
  327.1246  0.260163D+01  0.262211D+01 -0.141997D+02
   21 324.999 328.031 326.515  1.379D-02  0.000D+00  1.603D+00  2.150D+01 10300  1.226D-02
  324.9989  0.173763D+01  0.173709D+01  0.456440D+00
  325.1512  0.182348D+01  0.181148D+01  0.963397D+01
  325.3034  0.193761D+01  0.192543D+01  0.929602D+01
  325.4555  0.211850D+01  0.208464D+01  0.258197D+02
  325.6076  0.230207D+01  0.234511D+01 -0.328238D+02
  325.7596  0.249278D+01  0.254152D+01 -0.337920D+02
  325.9116  0.263092D+01  0.264566D+01 -0.102188D+02
  326.0634  0.271038D+01  0.273469D+01 -0.168545D+02
  326.2152  0.274413D+01  0.271900D+01  0.174210D+02
  326.3669  0.263843D+01  0.264280D+01 -0.302785D+01
  326.5186  0.259421D+01  0.253119D+01  0.436956D+02
  326.6702  0.265318D+01  0.259075D+01  0.432831D+02
  326.8217  0.279215D+01  0.277384D+01  0.126963D+02
  326.9732  0.277129D+01  0.278618D+01 -0.103222D+02
  327.1246  0.260163D+01  0.263498D+01 -0.231233D+02
  327.2759  0.253061D+01  0.254736D+01 -0.116177D+02
  327.4271  0.258188D+01  0.261413D+01 -0.223628D+02
  327.5783  0.262147D+01  0.263066D+01 -0.637145D+01
  327.7294  0.252875D+01  0.251898D+01  0.677535D+01
  327.8805  0.237281D+01  0.238947D+01 -0.115512D+02
  328.0315  0.232553D+01  0.229325D+01  0.223822D+02
   21 325.912 328.936 327.424  9.959D-03  0.000D+00  1.562D+00  2.230D+01 10300  1.572D-02
  325.9116  0.263092D+01  0.260431D+01  0.184559D+02
  326.0634  0.271038D+01  0.272259D+01 -0.846470D+01
  326.2152  0.274413D+01  0.274260D+01  0.105953D+01
  326.3669  0.263843D+01  0.268123D+01 -0.296703D+02
  326.5186  0.259421D+01  0.261283D+01 -0.129126D+02
  326.6702  0.265318D+01  0.265394D+01 -0.532294D+00
  326.8217  0.279215D+01  0.275549D+01  0.254210D+02
  326.9732  0.277129D+01  0.274527D+01  0.180432D+02
  327.1246  0.260163D+01  0.262468D+01 -0.159857D+02
  327.2759  0.253061D+01  0.254650D+01 -0.110150D+02
  327.4271  0.258188D+01  0.256425D+01  0.122198D+02
  327.5783  0.262147D+01  0.256592D+01  0.385168D+02
  327.7294  0.252875D+01  0.249770D+01  0.215320D+02
  327.8805  0.237281D+01  0.241961D+01 -0.324471D+02
  328.0315  0.232553D+01  0.238054D+01 -0.381399D+02
  328.1824  0.232247D+01  0.237839D+01 -0.387708D+02
  328.3332  0.240684D+01  0.238800D+01  0.130575D+02
  328.4840  0.241926D+01  0.238187D+01  0.259244D+02
  328.6347  0.235130D+01  0.232094D+01  0.210490D+02
  328.7853  0.231570D+01  0.230915D+01  0.453750D+01
  328.9359  0.251930D+01  0.254058D+01 -0.147560D+02
   21 326.822 329.838 328.330 -1.977D-02  0.000D+00  1.544D+00  3.223D+01   300  2.559D-02
  326.8217  0.279215D+01  0.284938D+01 -0.396793D+02
  326.9732  0.277129D+01  0.274829D+01  0.159507D+02
  327.1246  0.260163D+01  0.260165D+01 -0.137456D-01
  327.2759  0.253061D+01  0.252771D+01  0.201294D+01
  327.4271  0.258188D+01  0.253383D+01  0.333173D+02
  327.5783  0.262147D+01  0.252578D+01  0.663437D+02
  327.7294  0.252875D+01  0.247302D+01  0.386405D+02
  327.8805  0.237281D+01  0.242314D+01 -0.348969D+02
  328.0315  0.232553D+01  0.240888D+01 -0.577922D+02
  328.1824  0.232247D+01  0.242085D+01 -0.682158D+02
  328.3332  0.240684D+01  0.243181D+01 -0.173167D+02
  328.4840  0.241926D+01  0.240448D+01  0.102486D+02
  328.6347  0.235130D+01  0.233080D+01  0.142133D+02
  328.7853  0.231570D+01  0.233366D+01 -0.124539D+02
  328.9359  0.251930D+01  0.252707D+01 -0.538572D+01
  329.0864  0.282905D+01  0.278924D+01  0.253011D+02
  329.2368  0.303386D+01  0.297360D+01  0.382989D+02
  329.3872  0.309755D+01  0.308093D+01  0.105651D+02
  329.5375  0.314558D+01  0.313583D+01  0.619298D+01
  329.6877  0.315429D+01  0.315773D+01 -0.218889D+01
  329.8379  0.314576D+01  0.318770D+01 -0.266570D+02
   21 327.729 330.737 329.233 -3.297D-02  0.000D+00  1.636D+00  2.704D+01 10300  1.513D-02
  327.7294  0.252875D+01  0.244184D+01  0.602592D+02
  327.8805  0.237281D+01  0.239522D+01 -0.155354D+02
  328.0315  0.232553D+01  0.239031D+01 -0.449149D+02
  328.1824  0.232247D+01  0.240748D+01 -0.589445D+02
  328.3332  0.240684D+01  0.242263D+01 -0.109492D+02
  328.4840  0.241926D+01  0.239341D+01  0.179200D+02
  328.6347  0.235130D+01  0.230069D+01  0.350915D+02
  328.7853  0.231570D+01  0.230231D+01  0.928496D+01
  328.9359  0.251930D+01  0.253069D+01 -0.790198D+01
  329.0864  0.282905D+01  0.280873D+01  0.129151D+02
  329.2368  0.303386D+01  0.297910D+01  0.347987D+02
  329.3872  0.309755D+01  0.308230D+01  0.969545D+01
  329.5375  0.314558D+01  0.313678D+01  0.559210D+01
  329.6877  0.315429D+01  0.315859D+01 -0.273397D+01
  329.8379  0.314576D+01  0.320047D+01 -0.347722D+02
  329.9880  0.326360D+01  0.326860D+01 -0.318006D+01
  330.1381  0.320649D+01  0.323010D+01 -0.150053D+02
  330.2880  0.302477D+01  0.300832D+01  0.104578D+02
  330.4379  0.272058D+01  0.274472D+01 -0.153434D+02
  330.5878  0.250122D+01  0.251650D+01 -0.101315D+02
  330.7375  0.245774D+01  0.241766D+01  0.277831D+02
   21 328.635 331.635 330.135 -9.730D-03  0.000D+00  1.633D+00  1.315D+01 10300  5.916D-03
  328.6347  0.235130D+01  0.233904D+01  0.850279D+01
  328.7853  0.231570D+01  0.230455D+01  0.772799D+01
  328.9359  0.251930D+01  0.253411D+01 -0.102714D+02
  329.0864  0.282905D+01  0.285134D+01 -0.141625D+02
  329.2368  0.303386D+01  0.302154D+01  0.782622D+01
  329.3872  0.309755D+01  0.311310D+01 -0.988301D+01
  329.5375  0.314558D+01  0.315383D+01 -0.524442D+01
  329.6877  0.315429D+01  0.314761D+01  0.424529D+01
  329.8379  0.314576D+01  0.315763D+01 -0.754473D+01
  329.9880  0.326360D+01  0.322088D+01  0.271495D+02
  330.1381  0.320649D+01  0.321814D+01 -0.740401D+01
  330.2880  0.302477D+01  0.299844D+01  0.167378D+02
  330.4379  0.272058D+01  0.274128D+01 -0.131597D+02
  330.5878  0.250122D+01  0.252140D+01 -0.133870D+02
  330.7375  0.245774D+01  0.241517D+01  0.295105D+02
  330.8872  0.253098D+01  0.254401D+01 -0.827991D+01
  331.0369  0.269721D+01  0.270172D+01 -0.286618D+01
  331.1864  0.269499D+01  0.271482D+01 -0.126038D+02
  331.3359  0.259300D+01  0.261308D+01 -0.127573D+02
  331.4854  0.251744D+01  0.251871D+01 -0.804654D+00
  331.6347  0.260265D+01  0.257832D+01  0.154634D+02
   21 329.538 332.530 331.034 -3.876D-03  0.000D+00  1.574D+00  2.111D+01 10300  9.213D-03
  329.5375  0.314558D+01  0.318079D+01 -0.223821D+02
  329.6877  0.315429D+01  0.315169D+01  0.165417D+01
  329.8379  0.314576D+01  0.314518D+01  0.366587D+00
  329.9880  0.326360D+01  0.320402D+01  0.378692D+02
  330.1381  0.320649D+01  0.321527D+01 -0.558107D+01
  330.2880  0.302477D+01  0.299648D+01  0.179791D+02
  330.4379  0.272058D+01  0.273980D+01 -0.122188D+02
  330.5878  0.250122D+01  0.252309D+01 -0.145078D+02
  330.7375  0.245774D+01  0.240610D+01  0.358024D+02
  330.8872  0.253098D+01  0.254617D+01 -0.965568D+01
  331.0369  0.269721D+01  0.272269D+01 -0.161910D+02
  331.1864  0.269499D+01  0.274462D+01 -0.315424D+02
  331.3359  0.259300D+01  0.264154D+01 -0.308442D+02
  331.4854  0.251744D+01  0.253519D+01 -0.112789D+02
  331.6347  0.260265D+01  0.258443D+01  0.115749D+02
  331.7840  0.277361D+01  0.275092D+01  0.144214D+02
  331.9333  0.288069D+01  0.284216D+01  0.244905D+02
  332.0825  0.283536D+01  0.279289D+01  0.269914D+02
  332.2316  0.264604D+01  0.264395D+01  0.132780D+01
  332.3806  0.257548D+01  0.255836D+01  0.108790D+02
  332.5296  0.268813D+01  0.274282D+01 -0.347575D+02
   21 330.438 333.422 331.930 -8.608D-03  0.000D+00  1.616D+00  1.690D+01 10300  7.737D-03
  330.4379  0.272058D+01  0.274277D+01 -0.141049D+02
  330.5878  0.250122D+01  0.250698D+01 -0.381810D+01
  330.7375  0.245774D+01  0.238768D+01  0.485718D+02
  330.8872  0.253098D+01  0.252954D+01  0.912214D+00
  331.0369  0.269721D+01  0.270351D+01 -0.400404D+01
  331.1864  0.269499D+01  0.272735D+01 -0.205660D+02
  331.3359  0.259300D+01  0.263088D+01 -0.240730D+02
  331.4854  0.251744D+01  0.253674D+01 -0.122645D+02
  331.6347  0.260265D+01  0.260025D+01  0.152364D+01
  331.7840  0.277361D+01  0.277375D+01 -0.875276D-01
  331.9333  0.288069D+01  0.286176D+01  0.120314D+02
  332.0825  0.283536D+01  0.280251D+01  0.208790D+02
  332.2316  0.264604D+01  0.263855D+01  0.475727D+01
  332.3806  0.257548D+01  0.253829D+01  0.236398D+02
  332.5296  0.268813D+01  0.269580D+01 -0.487875D+01
  332.6785  0.283934D+01  0.286323D+01 -0.151840D+02
  332.8273  0.279568D+01  0.279096D+01  0.299753D+01
  332.9761  0.264492D+01  0.266505D+01 -0.127922D+02
  333.1248  0.266588D+01  0.269479D+01 -0.183748D+02
  333.2735  0.277231D+01  0.277492D+01 -0.165447D+01
  333.4221  0.270834D+01  0.267989D+01  0.180798D+02
   21 331.336 334.312 332.824  2.682D-03  0.000D+00  1.650D+00  1.087D+01 10300  5.133D-03
  331.3359  0.259300D+01  0.257464D+01  0.116726D+02
  331.4854  0.251744D+01  0.252108D+01 -0.231257D+01
  331.6347  0.260265D+01  0.259952D+01  0.198834D+01
  331.7840  0.277361D+01  0.278895D+01 -0.974686D+01
  331.9333  0.288069D+01  0.289560D+01 -0.947282D+01
  332.0825  0.283536D+01  0.284333D+01 -0.506515D+01
  332.2316  0.264604D+01  0.267419D+01 -0.178904D+02
  332.3806  0.257548D+01  0.254869D+01  0.170312D+02
  332.5296  0.268813D+01  0.267551D+01  0.802186D+01
  332.6785  0.283934D+01  0.284096D+01 -0.102574D+01
  332.8273  0.279568D+01  0.277518D+01  0.130267D+02
  332.9761  0.264492D+01  0.264094D+01  0.253105D+01
  333.1248  0.266588D+01  0.266048D+01  0.342986D+01
  333.2735  0.277231D+01  0.275622D+01  0.102261D+02
  333.4221  0.270834D+01  0.270368D+01  0.295965D+01
  333.5706  0.245514D+01  0.246836D+01 -0.840326D+01
  333.7190  0.229836D+01  0.230078D+01 -0.153661D+01
  333.8674  0.236419D+01  0.240543D+01 -0.262116D+02
  334.0157  0.255508D+01  0.256633D+01 -0.714885D+01
  334.1640  0.261062D+01  0.261398D+01 -0.213625D+01
  334.3122  0.269666D+01  0.266799D+01  0.182234D+02
   19 332.232 334.904 333.568 -3.280D-03  0.000D+00  1.610D+00  1.196D+01 10300  5.639D-03
  332.2316  0.264604D+01  0.266679D+01 -0.131882D+02
  332.3806  0.257548D+01  0.255098D+01  0.155698D+02
  332.5296  0.268813D+01  0.268934D+01 -0.771049D+00
  332.6785  0.283934D+01  0.285008D+01 -0.682529D+01
  332.8273  0.279568D+01  0.277619D+01  0.123831D+02
  332.9761  0.264492D+01  0.264445D+01  0.299142D+00
  333.1248  0.266588D+01  0.267012D+01 -0.269849D+01
  333.2735  0.277231D+01  0.276328D+01  0.574278D+01
  333.4221  0.270834D+01  0.270055D+01  0.495314D+01
  333.5706  0.245514D+01  0.245928D+01 -0.262847D+01
  333.7190  0.229836D+01  0.230000D+01 -0.103816D+01
  333.8674  0.236419D+01  0.241202D+01 -0.304000D+02
  334.0157  0.255508D+01  0.256908D+01 -0.889368D+01
  334.1640  0.261062D+01  0.261243D+01 -0.114850D+01
  334.3122  0.269666D+01  0.267010D+01  0.168774D+02
  334.4603  0.283183D+01  0.282653D+01  0.337390D+01
  334.6084  0.296692D+01  0.294074D+01  0.166346D+02
  334.7564  0.288737D+01  0.287750D+01  0.627091D+01
  334.9044  0.262119D+01  0.265307D+01 -0.202653D+02
   13 333.125 334.904 334.015  1.389D-02  0.000D+00  1.594D+00  8.576D+00 10300  8.182D-03
  333.1248  0.266588D+01  0.268509D+01 -0.122135D+02
  333.2735  0.277231D+01  0.275062D+01  0.137896D+02
  333.4221  0.270834D+01  0.269628D+01  0.766282D+01
  333.5706  0.245514D+01  0.246557D+01 -0.663178D+01
  333.7190  0.229836D+01  0.228563D+01  0.809386D+01
  333.8674  0.236419D+01  0.238233D+01 -0.115287D+02
  334.0157  0.255508D+01  0.256024D+01 -0.327656D+01
  334.1640  0.261062D+01  0.262682D+01 -0.102982D+02
  334.3122  0.269666D+01  0.268281D+01  0.879932D+01
  334.4603  0.283183D+01  0.283334D+01 -0.958593D+00
  334.6084  0.296692D+01  0.295229D+01  0.929521D+01
  334.7564  0.288737D+01  0.288632D+01  0.667905D+00
  334.9044  0.262119D+01  0.263033D+01 -0.581165D+01
