           0
 T F
nwave fwave lwave wave  shift    squeeze     sin      rms    exval
   21 263.734 270.866 267.300 -3.191D-02  0.000D+00  4.432D-03  2.984D+00 10000  4.452D-02
  263.7339  0.991458D-03  0.112083D-02 -0.716798D+01
  264.0988  0.164212D-02  0.145262D-02  0.757446D+01
  264.4628  0.155492D-02  0.150130D-02  0.218993D+01
  264.8257  0.129955D-02  0.132398D-02 -0.113946D+01
  265.1878  0.147950D-02  0.140119D-02  0.391286D+01
  265.5489  0.168609D-02  0.164159D-02  0.230538D+01
  265.9091  0.158815D-02  0.165905D-02 -0.381468D+01
  266.2684  0.150077D-02  0.153496D-02 -0.197232D+01
  266.6268  0.149594D-02  0.148514D-02  0.629967D+00
  266.9844  0.149201D-02  0.151782D-02 -0.147381D+01
  267.3412  0.159405D-02  0.159420D-02 -0.888967D-02
  267.6971  0.153365D-02  0.158934D-02 -0.338757D+01
  268.0522  0.148879D-02  0.149210D-02 -0.200942D+00
  268.4065  0.154955D-02  0.150602D-02  0.261953D+01
  268.7600  0.150095D-02  0.148110D-02  0.118122D+01
  269.1128  0.146664D-02  0.143902D-02  0.166182D+01
  269.4648  0.146038D-02  0.144229D-02  0.110029D+01
  269.8161  0.150148D-02  0.151818D-02 -0.102695D+01
  270.1667  0.173434D-02  0.171467D-02  0.115827D+01
  270.5165  0.173934D-02  0.177430D-02 -0.208117D+01
  270.8656  0.171539D-02  0.171124D-02  0.242036D+00
   21 265.909 272.947 269.428 -2.134D-02  0.000D+00  4.448D-03  1.543D+00 10000  2.019D-02
  265.9091  0.158815D-02  0.161862D-02 -0.163945D+01
  266.2684  0.150077D-02  0.149684D-02  0.226406D+00
  266.6268  0.149594D-02  0.144899D-02  0.273699D+01
  266.9844  0.149201D-02  0.148735D-02  0.266329D+00
  267.3412  0.159405D-02  0.157228D-02  0.129621D+01
  267.6971  0.153365D-02  0.158522D-02 -0.313685D+01
  268.0522  0.148879D-02  0.149682D-02 -0.488219D+00
  268.4065  0.154955D-02  0.152033D-02  0.175858D+01
  268.7600  0.150095D-02  0.150587D-02 -0.293087D+00
  269.1128  0.146664D-02  0.146543D-02  0.726370D-01
  269.4648  0.146038D-02  0.146826D-02 -0.479247D+00
  269.8161  0.150148D-02  0.153424D-02 -0.201425D+01
  270.1667  0.173434D-02  0.172025D-02  0.829935D+00
  270.5165  0.173934D-02  0.176195D-02 -0.134583D+01
  270.8656  0.171539D-02  0.166691D-02  0.282610D+01
  271.2141  0.160781D-02  0.160470D-02  0.187388D+00
  271.5619  0.146806D-02  0.143758D-02  0.183403D+01
  271.9091  0.113943D-02  0.116814D-02 -0.184693D+01
  272.2556  0.110190D-02  0.111069D-02 -0.559192D+00
  272.6014  0.128042D-02  0.130386D-02 -0.142543D+01
  272.9467  0.155474D-02  0.153935D-02  0.915867D+00
   21 268.052 275.006 271.529 -6.031D-04  0.000D+00  4.497D-03  1.761D+00 10000  1.717D-02
  268.0522  0.148879D-02  0.149608D-02 -0.443336D+00
  268.4065  0.154955D-02  0.152242D-02  0.163285D+01
  268.7600  0.150095D-02  0.151486D-02 -0.828299D+00
  269.1128  0.146664D-02  0.146978D-02 -0.189320D+00
  269.4648  0.146038D-02  0.147178D-02 -0.693111D+00
  269.8161  0.150148D-02  0.152396D-02 -0.138230D+01
  270.1667  0.173434D-02  0.171205D-02  0.131243D+01
  270.5165  0.173934D-02  0.176313D-02 -0.141597D+01
  270.8656  0.171539D-02  0.166469D-02  0.295538D+01
  271.2141  0.160781D-02  0.160379D-02  0.242025D+00
  271.5619  0.146806D-02  0.144791D-02  0.121254D+01
  271.9091  0.113943D-02  0.117538D-02 -0.231266D+01
  272.2556  0.110190D-02  0.110111D-02  0.501971D-01
  272.6014  0.128042D-02  0.129275D-02 -0.749775D+00
  272.9467  0.155474D-02  0.154880D-02  0.353281D+00
  273.2913  0.149290D-02  0.152332D-02 -0.181040D+01
  273.6354  0.122610D-02  0.122799D-02 -0.116592D+00
  273.9789  0.988956D-03  0.992338D-03 -0.215093D+00
  274.3217  0.985203D-03  0.891243D-03  0.571504D+01
  274.6641  0.877265D-03  0.892601D-03 -0.964233D+00
  275.0059  0.972693D-03  0.997240D-03 -0.147693D+01
   21 270.167 277.046 273.606  2.498D-03  0.000D+00  4.687D-03  1.888D+00 10000  1.761D-02
  270.1667  0.173434D-02  0.173159D-02  0.161609D+00
  270.5165  0.173934D-02  0.177391D-02 -0.205787D+01
  270.8656  0.171539D-02  0.166732D-02  0.280202D+01
  271.2141  0.160781D-02  0.160422D-02  0.216242D+00
  271.5619  0.146806D-02  0.144960D-02  0.111095D+01
  271.9091  0.113943D-02  0.117542D-02 -0.231506D+01
  272.2556  0.110190D-02  0.109890D-02  0.190670D+00
  272.6014  0.128042D-02  0.129144D-02 -0.670308D+00
  272.9467  0.155474D-02  0.155131D-02  0.203856D+00
  273.2913  0.149290D-02  0.152834D-02 -0.210915D+01
  273.6354  0.122610D-02  0.122873D-02 -0.161813D+00
  273.9789  0.988956D-03  0.988200D-03  0.480546D-01
  274.3217  0.985203D-03  0.881463D-03  0.630988D+01
  274.6641  0.877265D-03  0.875008D-03  0.141893D+00
  275.0059  0.972693D-03  0.964955D-03  0.465639D+00
  275.3471  0.115336D-02  0.116292D-02 -0.569014D+00
  275.6878  0.129293D-02  0.132894D-02 -0.205575D+01
  276.0280  0.165910D-02  0.164821D-02  0.597471D+00
  276.3677  0.180367D-02  0.180154D-02  0.113751D+00
  276.7069  0.182851D-02  0.186503D-02 -0.190970D+01
  277.0456  0.190375D-02  0.187318D-02  0.156953D+01
   21 272.256 279.068 275.662  8.968D-03  0.000D+00  4.984D-03  1.856D+00 10300  1.864D-02
  272.2556  0.110190D-02  0.109229D-02  0.610635D+00
  272.6014  0.128042D-02  0.128388D-02 -0.209931D+00
  272.9467  0.155474D-02  0.154716D-02  0.451352D+00
  273.2913  0.149290D-02  0.153276D-02 -0.237238D+01
  273.6354  0.122610D-02  0.123369D-02 -0.466645D+00
  273.9789  0.988956D-03  0.990851D-03 -0.120513D+00
  274.3217  0.985203D-03  0.881862D-03  0.628559D+01
  274.6641  0.877265D-03  0.874414D-03  0.179235D+00
  275.0059  0.972693D-03  0.961611D-03  0.666845D+00
  275.3471  0.115336D-02  0.116215D-02 -0.523265D+00
  275.6878  0.129293D-02  0.132626D-02 -0.190283D+01
  276.0280  0.165910D-02  0.165168D-02  0.406932D+00
  276.3677  0.180367D-02  0.181240D-02 -0.465301D+00
  276.7069  0.182851D-02  0.188478D-02 -0.294273D+01
  277.0456  0.190375D-02  0.189959D-02  0.213529D+00
  277.3839  0.198846D-02  0.193037D-02  0.282619D+01
  277.7216  0.172969D-02  0.170250D-02  0.135850D+01
  278.0589  0.137174D-02  0.140027D-02 -0.146444D+01
  278.3958  0.131063D-02  0.130138D-02  0.479065D+00
  278.7321  0.118875D-02  0.119011D-02 -0.716576D-01
  279.0681  0.903892D-03  0.919083D-03 -0.809594D+00
   21 274.322 281.075 277.698 -5.062D-03  0.000D+00  5.284D-03  1.657D+00 10000  2.792D-02
  274.3217  0.985203D-03  0.934715D-03  0.307089D+01
  274.6641  0.877265D-03  0.907858D-03 -0.192354D+01
  275.0059  0.972693D-03  0.984853D-03 -0.731626D+00
  275.3471  0.115336D-02  0.117353D-02 -0.120022D+01
  275.6878  0.129293D-02  0.132549D-02 -0.185912D+01
  276.0280  0.165910D-02  0.164423D-02  0.815916D+00
  276.3677  0.180367D-02  0.178995D-02  0.731376D+00
  276.7069  0.182851D-02  0.185975D-02 -0.163379D+01
  277.0456  0.190375D-02  0.188141D-02  0.114703D+01
  277.3839  0.198846D-02  0.192196D-02  0.323552D+01
  277.7216  0.172969D-02  0.169485D-02  0.174069D+01
  278.0589  0.137174D-02  0.140808D-02 -0.186568D+01
  278.3958  0.131063D-02  0.133139D-02 -0.107596D+01
  278.7321  0.118875D-02  0.122686D-02 -0.201197D+01
  279.0681  0.903892D-03  0.950816D-03 -0.250074D+01
  279.4037  0.737160D-03  0.712547D-03  0.135027D+01
  279.7388  0.620644D-03  0.627031D-03 -0.364726D+00
  280.0735  0.659423D-03  0.626863D-03  0.184039D+01
  280.4078  0.732335D-03  0.725889D-03  0.368059D+00
  280.7417  0.101022D-02  0.100821D-02  0.111366D+00
  281.0752  0.138711D-02  0.138789D-02 -0.420264D-01
   21 276.368 283.068 279.718 -2.402D-02  0.000D+00  5.806D-03  1.381D+00 10300  1.664D-02
  276.3677  0.180367D-02  0.179352D-02  0.540903D+00
  276.7069  0.182851D-02  0.186934D-02 -0.213532D+01
  277.0456  0.190375D-02  0.190307D-02  0.347710D-01
  277.3839  0.198846D-02  0.193344D-02  0.267704D+01
  277.7216  0.172969D-02  0.169139D-02  0.191352D+01
  278.0589  0.137174D-02  0.141215D-02 -0.207454D+01
  278.3958  0.131063D-02  0.133425D-02 -0.122427D+01
  278.7321  0.118875D-02  0.121313D-02 -0.128738D+01
  279.0681  0.903892D-03  0.931574D-03 -0.147525D+01
  279.4037  0.737160D-03  0.700972D-03  0.198529D+01
  279.7388  0.620644D-03  0.619503D-03  0.651577D-01
  280.0735  0.659423D-03  0.622305D-03  0.209803D+01
  280.4078  0.732335D-03  0.728631D-03  0.211474D+00
  280.7417  0.101022D-02  0.101616D-02 -0.328859D+00
  281.0752  0.138711D-02  0.139314D-02 -0.324506D+00
  281.4083  0.180349D-02  0.180504D-02 -0.787325D-01
  281.7411  0.223936D-02  0.222450D-02  0.729327D+00
  282.0735  0.252296D-02  0.254118D-02 -0.863811D+00
  282.4055  0.271829D-02  0.273074D-02 -0.580782D+00
  282.7372  0.293220D-02  0.289032D-02  0.190534D+01
  283.0685  0.311680D-02  0.313687D-02 -0.920742D+00
   21 278.396 285.049 281.722 -1.745D-02  0.000D+00  6.250D-03  8.926D-01 10000  1.053D-02
  278.3958  0.131063D-02  0.129355D-02  0.884642D+00
  278.7321  0.118875D-02  0.119436D-02 -0.296265D+00
  279.0681  0.903892D-03  0.940288D-03 -0.193968D+01
  279.4037  0.737160D-03  0.717113D-03  0.109976D+01
  279.7388  0.620644D-03  0.630830D-03 -0.581618D+00
  280.0735  0.659423D-03  0.634000D-03  0.143699D+01
  280.4078  0.732335D-03  0.742938D-03 -0.605466D+00
  280.7417  0.101022D-02  0.102329D-02 -0.724100D+00
  281.0752  0.138711D-02  0.139696D-02 -0.530097D+00
  281.4083  0.180349D-02  0.180466D-02 -0.594234D-01
  281.7411  0.223936D-02  0.221479D-02  0.120603D+01
  282.0735  0.252296D-02  0.252887D-02 -0.280126D+00
  282.4055  0.271829D-02  0.272304D-02 -0.221463D+00
  282.7372  0.293220D-02  0.289368D-02  0.175238D+01
  283.0685  0.311680D-02  0.313447D-02 -0.810211D+00
  283.3994  0.319221D-02  0.319121D-02  0.446804D-01
  283.7300  0.312502D-02  0.314655D-02 -0.971695D+00
  284.0603  0.310518D-02  0.311254D-02 -0.324112D+00
  284.3903  0.284142D-02  0.283172D-02  0.452163D+00
  284.7199  0.222435D-02  0.223087D-02 -0.320328D+00
  285.0492  0.149416D-02  0.147895D-02  0.802890D+00
   21 280.408 287.018 283.713  1.533D-03  0.000D+00  6.814D-03  1.155D+00 10000  5.179D-03
  280.4078  0.732335D-03  0.756642D-03 -0.138795D+01
  280.7417  0.101022D-02  0.102112D-02 -0.604037D+00
  281.0752  0.138711D-02  0.138703D-02  0.423982D-02
  281.4083  0.180349D-02  0.178934D-02  0.719928D+00
  281.7411  0.223936D-02  0.219997D-02  0.193355D+01
  282.0735  0.252296D-02  0.252332D-02 -0.167453D-01
  282.4055  0.271829D-02  0.273115D-02 -0.599712D+00
  282.7372  0.293220D-02  0.290668D-02  0.116085D+01
  283.0685  0.311680D-02  0.314433D-02 -0.126287D+01
  283.3994  0.319221D-02  0.321532D-02 -0.102629D+01
  283.7300  0.312502D-02  0.316068D-02 -0.160896D+01
  284.0603  0.310518D-02  0.310498D-02  0.908686D-02
  284.3903  0.284142D-02  0.281353D-02  0.130053D+01
  284.7199  0.222435D-02  0.221060D-02  0.674831D+00
  285.0492  0.149416D-02  0.146263D-02  0.166428D+01
  285.3781  0.124415D-02  0.127472D-02 -0.169412D+01
  285.7068  0.202777D-02  0.198815D-02  0.199723D+01
  286.0352  0.305908D-02  0.304857D-02  0.489924D+00
  286.3632  0.374477D-02  0.376754D-02 -0.101128D+01
  286.6909  0.399603D-02  0.401971D-02 -0.101939D+01
  287.0184  0.425855D-02  0.424298D-02  0.675545D+00
   21 282.405 288.977 285.691  1.570D-03  0.000D+00  7.466D-03  1.352D+00 10340  4.591D-03
  282.4055  0.271829D-02  0.270613D-02  0.566885D+00
  282.7372  0.293220D-02  0.289584D-02  0.165396D+01
  283.0685  0.311680D-02  0.314828D-02 -0.144365D+01
  283.3994  0.319221D-02  0.322189D-02 -0.131775D+01
  283.7300  0.312502D-02  0.316389D-02 -0.175395D+01
  284.0603  0.310518D-02  0.310897D-02 -0.166571D+00
  284.3903  0.284142D-02  0.281229D-02  0.135824D+01
  284.7199  0.222435D-02  0.220483D-02  0.958008D+00
  285.0492  0.149416D-02  0.144564D-02  0.256126D+01
  285.3781  0.124415D-02  0.125152D-02 -0.408301D+00
  285.7068  0.202777D-02  0.197066D-02  0.287905D+01
  286.0352  0.305908D-02  0.303984D-02  0.897217D+00
  286.3632  0.374477D-02  0.376901D-02 -0.107636D+01
  286.6909  0.399603D-02  0.403526D-02 -0.168846D+01
  287.0184  0.425855D-02  0.429248D-02 -0.147177D+01
  287.3455  0.453626D-02  0.453556D-02  0.295188D-01
  287.6724  0.421244D-02  0.419180D-02  0.902425D+00
  287.9989  0.349441D-02  0.348906D-02  0.245015D+00
  288.3252  0.354212D-02  0.355044D-02 -0.381686D+00
  288.6511  0.469084D-02  0.465747D-02  0.142545D+01
  288.9768  0.540906D-02  0.542787D-02 -0.757383D+00
   21 284.390 290.925 287.658 -2.091D-03  0.000D+00  8.298D-03  1.365D+00 10000  4.416D-03
  284.3903  0.284142D-02  0.287147D-02 -0.140148D+01
  284.7199  0.222435D-02  0.222367D-02  0.332279D-01
  285.0492  0.149416D-02  0.143314D-02  0.322097D+01
  285.3781  0.124415D-02  0.123576D-02  0.464891D+00
  285.7068  0.202777D-02  0.197191D-02  0.281625D+01
  286.0352  0.305908D-02  0.304978D-02  0.433592D+00
  286.3632  0.374477D-02  0.377488D-02 -0.133722D+01
  286.6909  0.399603D-02  0.403156D-02 -0.152923D+01
  287.0184  0.425855D-02  0.429530D-02 -0.159436D+01
  287.3455  0.453626D-02  0.455375D-02 -0.735897D+00
  287.6724  0.421244D-02  0.419863D-02  0.603779D+00
  287.9989  0.349441D-02  0.346804D-02  0.120942D+01
  288.3252  0.354212D-02  0.352907D-02  0.598770D+00
  288.6511  0.469084D-02  0.465717D-02  0.143830D+01
  288.9768  0.540906D-02  0.537695D-02  0.129260D+01
  289.3022  0.587583D-02  0.588928D-02 -0.537538D+00
  289.6273  0.685335D-02  0.687311D-02 -0.691091D+00
  289.9521  0.801494D-02  0.806711D-02 -0.182449D+01
  290.2766  0.892097D-02  0.888825D-02  0.107711D+01
  290.6009  0.906751D-02  0.907209D-02 -0.150701D+00
  290.9248  0.885485D-02  0.884800D-02  0.225716D+00
   21 286.363 292.863 289.613  5.203D-03  0.000D+00  9.296D-03  2.411D+00 10300  9.415D-03
  286.3632  0.374477D-02  0.373260D-02  0.540633D+00
  286.6909  0.399603D-02  0.400416D-02 -0.350001D+00
  287.0184  0.425855D-02  0.427627D-02 -0.768675D+00
  287.3455  0.453626D-02  0.457432D-02 -0.160135D+01
  287.6724  0.421244D-02  0.423001D-02 -0.767774D+00
  287.9989  0.349441D-02  0.346454D-02  0.136974D+01
  288.3252  0.354212D-02  0.347873D-02  0.290742D+01
  288.6511  0.469084D-02  0.464933D-02  0.177299D+01
  288.9768  0.540906D-02  0.536833D-02  0.163954D+01
  289.3022  0.587583D-02  0.585193D-02  0.955538D+00
  289.6273  0.685335D-02  0.684209D-02  0.393772D+00
  289.9521  0.801494D-02  0.807082D-02 -0.195446D+01
  290.2766  0.892097D-02  0.894507D-02 -0.793172D+00
  290.6009  0.906751D-02  0.919052D-02 -0.404885D+01
  290.9248  0.885485D-02  0.900722D-02 -0.501553D+01
  291.2485  0.914972D-02  0.910469D-02  0.148209D+01
  291.5719  0.924086D-02  0.910841D-02  0.435955D+01
  291.8950  0.913006D-02  0.902672D-02  0.340163D+01
  292.2179  0.903535D-02  0.897512D-02  0.198247D+01
  292.5404  0.850102D-02  0.847926D-02  0.716288D+00
  292.8627  0.853854D-02  0.866558D-02 -0.418148D+01
   21 288.325 294.790 291.558  9.307D-03  0.000D+00  1.042D-02  2.251D+00 10300  9.980D-03
  288.3252  0.354212D-02  0.351172D-02  0.139437D+01
  288.6511  0.469084D-02  0.475271D-02 -0.264293D+01
  288.9768  0.540906D-02  0.541818D-02 -0.367529D+00
  289.3022  0.587583D-02  0.582465D-02  0.204581D+01
  289.6273  0.685335D-02  0.679823D-02  0.192794D+01
  289.9521  0.801494D-02  0.803072D-02 -0.552091D+00
  290.2766  0.892097D-02  0.890992D-02  0.363769D+00
  290.6009  0.906751D-02  0.916430D-02 -0.318607D+01
  290.9248  0.885485D-02  0.894892D-02 -0.309646D+01
  291.2485  0.914972D-02  0.909372D-02  0.184313D+01
  291.5719  0.924086D-02  0.912106D-02  0.394326D+01
  291.8950  0.913006D-02  0.904645D-02  0.275211D+01
  292.2179  0.903535D-02  0.905321D-02 -0.588118D+00
  292.5404  0.850102D-02  0.851846D-02 -0.574216D+00
  292.8627  0.853854D-02  0.866640D-02 -0.420861D+01
  293.1847  0.100611D-01  0.101078D-01 -0.145067D+01
  293.5063  0.104078D-01  0.104259D-01 -0.562371D+00
  293.8277  0.942135D-02  0.937110D-02  0.156204D+01
  294.1488  0.972694D-02  0.966216D-02  0.201380D+01
  294.4697  0.105669D-01  0.104821D-01  0.263361D+01
  294.7902  0.100415D-01  0.101353D-01 -0.291755D+01
   21 290.277 296.707 293.492  6.970D-03  0.000D+00  1.202D-02  2.515D+00 10300  7.921D-03
  290.2766  0.892097D-02  0.886158D-02  0.195516D+01
  290.6009  0.906751D-02  0.916095D-02 -0.307565D+01
  290.9248  0.885485D-02  0.891721D-02 -0.205252D+01
  291.2485  0.914972D-02  0.912141D-02  0.931840D+00
  291.5719  0.924086D-02  0.914290D-02  0.322436D+01
  291.8950  0.913006D-02  0.904939D-02  0.265552D+01
  292.2179  0.903535D-02  0.910302D-02 -0.222769D+01
  292.5404  0.850102D-02  0.846846D-02  0.107170D+01
  292.8627  0.853854D-02  0.856955D-02 -0.102046D+01
  293.1847  0.100611D-01  0.101645D-01 -0.321345D+01
  293.5063  0.104078D-01  0.104836D-01 -0.235627D+01
  293.8277  0.942135D-02  0.925087D-02  0.529979D+01
  294.1488  0.972694D-02  0.964653D-02  0.249976D+01
  294.4697  0.105669D-01  0.106035D-01 -0.113970D+01
  294.7902  0.100415D-01  0.101521D-01 -0.344024D+01
  295.1104  0.106294D-01  0.106745D-01 -0.140266D+01
  295.4303  0.120805D-01  0.120165D-01  0.188470D+01
  295.7499  0.126631D-01  0.126713D-01 -0.242685D+00
  296.0692  0.138157D-01  0.137669D-01  0.136534D+01
  296.3882  0.135119D-01  0.134123D-01  0.278577D+01
  296.7069  0.107330D-01  0.108415D-01 -0.337119D+01
   21 292.218 298.612 295.415  8.601D-03  0.000D+00  1.404D-02  3.713D+00 10300  5.319D-03
  292.2179  0.903535D-02  0.900063D-02  0.114267D+01
  292.5404  0.850102D-02  0.839390D-02  0.352588D+01
  292.8627  0.853854D-02  0.849706D-02  0.136549D+01
  293.1847  0.100611D-01  0.102807D-01 -0.682579D+01
  293.5063  0.104078D-01  0.106413D-01 -0.725953D+01
  293.8277  0.942135D-02  0.919402D-02  0.706732D+01
  294.1488  0.972694D-02  0.965227D-02  0.232108D+01
  294.4697  0.105669D-01  0.106858D-01 -0.369788D+01
  294.7902  0.100415D-01  0.100711D-01 -0.921060D+00
  295.1104  0.106294D-01  0.105712D-01  0.180782D+01
  295.4303  0.120805D-01  0.119709D-01  0.322740D+01
  295.7499  0.126631D-01  0.125400D-01  0.362547D+01
  296.0692  0.138157D-01  0.137396D-01  0.212904D+01
  296.3882  0.135119D-01  0.135314D-01 -0.545571D+00
  296.7069  0.107330D-01  0.107368D-01 -0.117032D+00
  297.0253  0.105829D-01  0.106404D-01 -0.178524D+01
  297.3434  0.127935D-01  0.128505D-01 -0.167669D+01
  297.6611  0.169198D-01  0.170778D-01 -0.401823D+01
  297.9785  0.174309D-01  0.175738D-01 -0.363470D+01
  298.2955  0.131938D-01  0.131449D-01  0.136913D+01
  298.6122  0.123253D-01  0.121221D-01  0.598504D+01
   21 294.149 300.505 297.327  5.041D-03  0.000D+00  1.782D-02  8.241D+00 10000  9.417D-03
  294.1488  0.972694D-02  0.982076D-02 -0.291686D+01
  294.4697  0.105669D-01  0.107720D-01 -0.637700D+01
  294.7902  0.100415D-01  0.998165D-02  0.185932D+01
  295.1104  0.106294D-01  0.104847D-01  0.449786D+01
  295.4303  0.120805D-01  0.118776D-01  0.597623D+01
  295.7499  0.126631D-01  0.124246D-01  0.702319D+01
  296.0692  0.138157D-01  0.136983D-01  0.328501D+01
  296.3882  0.135119D-01  0.135670D-01 -0.154255D+01
  296.7069  0.107330D-01  0.106629D-01  0.218111D+01
  297.0253  0.105829D-01  0.107107D-01 -0.397114D+01
  297.3434  0.127935D-01  0.129810D-01 -0.552072D+01
  297.6611  0.169198D-01  0.174476D-01 -0.134246D+02
  297.9785  0.174309D-01  0.179193D-01 -0.124232D+02
  298.2955  0.131938D-01  0.132104D-01 -0.464669D+00
  298.6122  0.123253D-01  0.121938D-01  0.387259D+01
  298.9286  0.171307D-01  0.169421D-01  0.479820D+01
  299.2446  0.202277D-01  0.196422D-01  0.136507D+02
  299.5603  0.201669D-01  0.192845D-01  0.205732D+02
  299.8756  0.210926D-01  0.210080D-01  0.197312D+01
  300.1905  0.170914D-01  0.175050D-01 -0.105206D+02
  300.5051  0.206601D-01  0.211040D-01 -0.103489D+02
   21 296.069 302.384 299.227  7.534D-03  0.000D+00  2.436D-02  1.368D+01 10000  1.478D-02
  296.0692  0.138157D-01  0.134439D-01  0.104018D+02
  296.3882  0.135119D-01  0.136231D-01 -0.311169D+01
  296.7069  0.107330D-01  0.107555D-01 -0.698269D+00
  297.0253  0.105829D-01  0.108031D-01 -0.684593D+01
  297.3434  0.127935D-01  0.130160D-01 -0.655191D+01
  297.6611  0.169198D-01  0.174258D-01 -0.128691D+02
  297.9785  0.174309D-01  0.178303D-01 -0.101583D+02
  298.2955  0.131938D-01  0.130161D-01  0.497154D+01
  298.6122  0.123253D-01  0.119042D-01  0.124031D+02
  298.9286  0.171307D-01  0.165771D-01  0.140800D+02
  299.2446  0.202277D-01  0.193424D-01  0.206402D+02
  299.5603  0.201669D-01  0.190596D-01  0.258176D+02
  299.8756  0.210926D-01  0.211446D-01 -0.121284D+01
  300.1905  0.170914D-01  0.178132D-01 -0.183587D+02
  300.5051  0.206601D-01  0.219738D-01 -0.306297D+02
  300.8193  0.244576D-01  0.262816D-01 -0.143752D+02
  301.1331  0.306587D-01  0.313630D-01 -0.547355D+01
  301.4465  0.371403D-01  0.368417D-01  0.225832D+01
  301.7595  0.346831D-01  0.344213D-01  0.197970D+01
  302.0721  0.293970D-01  0.283864D-01  0.774697D+01
  302.3842  0.417492D-01  0.390624D-01  0.200459D+02
   21 297.978 304.248 301.113  4.553D-04  0.000D+00  3.903D-02  1.788D+01 10000  2.040D-02
  297.9785  0.174309D-01  0.180182D-01 -0.149370D+02
  298.2955  0.131938D-01  0.130847D-01  0.305168D+01
  298.6122  0.123253D-01  0.120714D-01  0.747731D+01
  298.9286  0.171307D-01  0.168685D-01  0.666862D+01
  299.2446  0.202277D-01  0.194445D-01  0.182591D+02
  299.5603  0.201669D-01  0.191079D-01  0.246917D+02
  299.8756  0.210926D-01  0.211483D-01 -0.129791D+01
  300.1905  0.170914D-01  0.177101D-01 -0.157360D+02
  300.5051  0.206601D-01  0.221715D-01 -0.352399D+02
  300.8193  0.244576D-01  0.264680D-01 -0.158446D+02
  301.1331  0.306587D-01  0.319005D-01 -0.965102D+01
  301.4465  0.371403D-01  0.376899D-01 -0.415598D+01
  301.7595  0.346831D-01  0.353194D-01 -0.481110D+01
  302.0721  0.293970D-01  0.294783D-01 -0.622598D+00
  302.3842  0.417492D-01  0.416178D-01  0.980179D+00
  302.6960  0.593302D-01  0.576413D-01  0.118132D+02
  303.0073  0.769863D-01  0.726951D-01  0.300160D+02
  303.3182  0.906751D-01  0.857873D-01  0.341893D+02
  303.6286  0.942492D-01  0.927159D-01  0.107253D+02
  303.9386  0.857965D-01  0.884935D-01 -0.188652D+02
  304.2481  0.966081D-01  0.100857D+00 -0.297169D+02
   21 299.876 306.095 302.985  1.427D-02  0.000D+00  7.343D-02  2.355D+01 10000  1.696D-02
  299.8756  0.210926D-01  0.209309D-01  0.377120D+01
  300.1905  0.170914D-01  0.169709D-01  0.306449D+01
  300.5051  0.206601D-01  0.210883D-01 -0.998230D+01
  300.8193  0.244576D-01  0.254017D-01 -0.744090D+01
  301.1331  0.306587D-01  0.306493D-01  0.730605D-01
  301.4465  0.371403D-01  0.368968D-01  0.184181D+01
  301.7595  0.346831D-01  0.353058D-01 -0.470862D+01
  302.0721  0.293970D-01  0.289394D-01  0.350804D+01
  302.3842  0.417492D-01  0.411396D-01  0.454803D+01
  302.6960  0.593302D-01  0.575511D-01  0.124445D+02
  303.0073  0.769863D-01  0.735691D-01  0.239022D+02
  303.3182  0.906751D-01  0.869979D-01  0.257211D+02
  303.6286  0.942492D-01  0.955137D-01 -0.884443D+01
  303.9386  0.857965D-01  0.902615D-01 -0.312319D+02
  304.2481  0.966081D-01  0.102317D+00 -0.399297D+02
  304.5572  0.118660D+00  0.125433D+00 -0.473720D+02
  304.8657  0.133725D+00  0.130625D+00  0.192766D+02
  305.1738  0.172629D+00  0.162622D+00  0.622227D+02
  305.4813  0.176257D+00  0.173860D+00  0.149033D+02
  305.7884  0.145448D+00  0.146181D+00 -0.455521D+01
  306.0949  0.160245D+00  0.164334D+00 -0.254225D+02
   21 301.759 307.922 304.841  5.232D-03  0.000D+00  1.364D-01  3.615D+01 10000  2.322D-02
  301.7595  0.346831D-01  0.352038D-01 -0.393743D+01
  302.0721  0.293970D-01  0.287286D-01  0.512361D+01
  302.3842  0.417492D-01  0.423655D-01 -0.459870D+01
  302.6960  0.593302D-01  0.587501D-01  0.405778D+01
  303.0073  0.769863D-01  0.748603D-01  0.148710D+02
  303.3182  0.906751D-01  0.882032D-01  0.172907D+02
  303.6286  0.942492D-01  0.960071D-01 -0.122961D+02
  303.9386  0.857965D-01  0.897093D-01 -0.273690D+02
  304.2481  0.966081D-01  0.101899D+00 -0.370086D+02
  304.5572  0.118660D+00  0.125202D+00 -0.457594D+02
  304.8657  0.133725D+00  0.128001D+00  0.355889D+02
  305.1738  0.172629D+00  0.161370D+00  0.700091D+02
  305.4813  0.176257D+00  0.170297D+00  0.370599D+02
  305.7884  0.145448D+00  0.140888D+00  0.283534D+02
  306.0949  0.160245D+00  0.161375D+00 -0.702345D+01
  306.4009  0.188141D+00  0.203583D+00 -0.864125D+02
  306.7063  0.189481D+00  0.198449D+00 -0.501821D+02
  307.0112  0.243986D+00  0.243899D+00  0.443451D+00
  307.3155  0.292165D+00  0.283723D+00  0.393664D+02
  307.6193  0.307713D+00  0.297778D+00  0.427662D+02
  307.9224  0.324869D+00  0.331610D+00 -0.269453D+02
   21 303.629 309.728 306.678 -9.748D-03  0.000D+00  2.297D-01  4.796D+01 10300  2.751D-02
  303.6286  0.942492D-01  0.900386D-01  0.294525D+02
  303.9386  0.857965D-01  0.870179D-01 -0.854334D+01
  304.2481  0.966081D-01  0.101653D+00 -0.352885D+02
  304.5572  0.118660D+00  0.125966D+00 -0.511018D+02
  304.8657  0.133725D+00  0.129638D+00  0.254136D+02
  305.1738  0.172629D+00  0.165175D+00  0.463467D+02
  305.4813  0.176257D+00  0.171380D+00  0.303220D+02
  305.7884  0.145448D+00  0.141026D+00  0.274961D+02
  306.0949  0.160245D+00  0.165124D+00 -0.303344D+02
  306.4009  0.188141D+00  0.203414D+00 -0.854627D+02
  306.7063  0.189481D+00  0.196955D+00 -0.418204D+02
  307.0112  0.243986D+00  0.242526D+00  0.742926D+01
  307.3155  0.292165D+00  0.276575D+00  0.727004D+02
  307.6193  0.307713D+00  0.287690D+00  0.861884D+02
  307.9224  0.324869D+00  0.317413D+00  0.297986D+02
  308.2250  0.316880D+00  0.325687D+00 -0.352011D+02
  308.5269  0.357018D+00  0.371429D+00 -0.504028D+02
  308.8282  0.359448D+00  0.374111D+00 -0.482663D+02
  309.1289  0.309965D+00  0.325318D+00 -0.505397D+02
  309.4289  0.319543D+00  0.316530D+00  0.887494D+01
  309.7283  0.379445D+00  0.348796D+00  0.816687D+02
   15 305.481 309.728 307.605 -1.218D-02  0.000D+00  2.834D-01  5.199D+01 10300  3.831D-02
  305.4813  0.176257D+00  0.172566D+00  0.229499D+02
  305.7884  0.145448D+00  0.141280D+00  0.259171D+02
  306.0949  0.160245D+00  0.165363D+00 -0.318226D+02
  306.4009  0.188141D+00  0.202541D+00 -0.805770D+02
  306.7063  0.189481D+00  0.196294D+00 -0.381214D+02
  307.0112  0.243986D+00  0.241725D+00  0.115058D+02
  307.3155  0.292165D+00  0.275381D+00  0.782668D+02
  307.6193  0.307713D+00  0.286938D+00  0.894255D+02
  307.9224  0.324869D+00  0.316782D+00  0.323202D+02
  308.2250  0.316880D+00  0.325481D+00 -0.343780D+02
  308.5269  0.357018D+00  0.371703D+00 -0.513618D+02
  308.8282  0.359448D+00  0.374123D+00 -0.483032D+02
  309.1289  0.309965D+00  0.325592D+00 -0.514392D+02
  309.4289  0.319543D+00  0.317797D+00  0.514357D+01
  309.7283  0.379445D+00  0.349729D+00  0.791827D+02
   21 310.146 313.320 311.733 -4.068D-02  0.000D+00  6.356D-01  1.514D+01   300  2.536D-02
  310.1461  0.358715D+00  0.372494D+00 -0.109042D+02
  310.3055  0.421521D+00  0.453309D+00 -0.263409D+02
  310.4649  0.553004D+00  0.559787D+00 -0.574116D+01
  310.6242  0.653972D+00  0.638458D+00  0.144442D+02
  310.7834  0.711248D+00  0.692650D+00  0.183972D+02
  310.9426  0.745738D+00  0.722343D+00  0.231423D+02
  311.1016  0.751635D+00  0.735043D+00  0.164127D+02
  311.2606  0.737517D+00  0.749913D+00 -0.122617D+02
  311.4195  0.741449D+00  0.757713D+00 -0.183866D+02
  311.5783  0.727778D+00  0.741794D+00 -0.158453D+02
  311.7370  0.698113D+00  0.703557D+00 -0.615533D+01
  311.8957  0.664337D+00  0.668612D+00 -0.483303D+01
  312.0543  0.658172D+00  0.666169D+00 -0.904130D+01
  312.2128  0.697487D+00  0.708514D+00 -0.124658D+02
  312.3712  0.777190D+00  0.770646D+00  0.739818D+01
  312.5295  0.815433D+00  0.807502D+00  0.896554D+01
  312.6878  0.838575D+00  0.826610D+00  0.135264D+02
  312.8459  0.855016D+00  0.853525D+00  0.168587D+01
  313.0040  0.888702D+00  0.871583D+00  0.193532D+02
  313.1621  0.878516D+00  0.870195D+00  0.940670D+01
  313.3200  0.840183D+00  0.865103D+00 -0.281717D+02
   21 311.102 314.266 312.684  4.449D-02  0.000D+00  7.374D-01  3.125D+01 10304  3.112D-02
  311.1016  0.751635D+00  0.704733D+00  0.463956D+02
  311.2606  0.737517D+00  0.730852D+00  0.659300D+01
  311.4195  0.741449D+00  0.756413D+00 -0.169173D+02
  311.5783  0.727778D+00  0.760998D+00 -0.375566D+02
  311.7370  0.698113D+00  0.734885D+00 -0.415721D+02
  311.8957  0.664337D+00  0.691479D+00 -0.306840D+02
  312.0543  0.658172D+00  0.666015D+00 -0.886666D+01
  312.2128  0.697487D+00  0.683176D+00  0.161796D+02
  312.3712  0.777190D+00  0.741035D+00  0.408734D+02
  312.5295  0.815433D+00  0.793880D+00  0.243656D+02
  312.6878  0.838575D+00  0.812075D+00  0.299584D+02
  312.8459  0.855016D+00  0.831245D+00  0.268734D+02
  313.0040  0.888702D+00  0.856833D+00  0.360284D+02
  313.1621  0.878516D+00  0.864855D+00  0.154436D+02
  313.3200  0.840183D+00  0.858813D+00 -0.210613D+02
  313.4779  0.823206D+00  0.862592D+00 -0.445262D+02
  313.6357  0.850995D+00  0.903168D+00 -0.589827D+02
  313.7934  0.962597D+00  0.981636D+00 -0.215244D+02
  313.9510  0.105123D+01  0.105746D+01 -0.703614D+01
  314.1086  0.111182D+01  0.107319D+01  0.382044D+02
  314.2660  0.100799D+01  0.992625D+00  0.173676D+02
   21 312.054 315.209 313.632  7.652D-03  0.000D+00  7.986D-01  3.604D+01 10300  1.781D-02
  312.0543  0.658172D+00  0.686596D+00 -0.321338D+02
  312.2128  0.697487D+00  0.708632D+00 -0.125989D+02
  312.3712  0.777190D+00  0.769174D+00  0.906176D+01
  312.5295  0.815433D+00  0.807998D+00  0.840539D+01
  312.6878  0.838575D+00  0.813176D+00  0.287139D+02
  312.8459  0.855016D+00  0.831886D+00  0.261490D+02
  313.0040  0.888702D+00  0.852195D+00  0.412715D+02
  313.1621  0.878516D+00  0.853032D+00  0.288105D+02
  313.3200  0.840183D+00  0.844734D+00 -0.514485D+01
  313.4779  0.823206D+00  0.855315D+00 -0.362997D+02
  313.6357  0.850995D+00  0.910000D+00 -0.667065D+02
  313.7934  0.962597D+00  0.100248D+01 -0.450884D+02
  313.9510  0.105123D+01  0.108348D+01 -0.364580D+02
  314.1086  0.111182D+01  0.109570D+01  0.159439D+02
  314.2660  0.100799D+01  0.100279D+01  0.587432D+01
  314.4234  0.858054D+00  0.838272D+00  0.223642D+02
  314.5807  0.810608D+00  0.777460D+00  0.374745D+02
  314.7380  0.950266D+00  0.895373D+00  0.620577D+02
  314.8951  0.112272D+01  0.107040D+01  0.517481D+02
  315.0522  0.118812D+01  0.119866D+01 -0.104205D+02
  315.2092  0.119992D+01  0.126302D+01 -0.624236D+02
   21 313.004 316.150 314.577 -2.991D-02  0.000D+00  9.079D-01  3.885D+01 10300  1.604D-02
  313.0040  0.888702D+00  0.868877D+00  0.224128D+02
  313.1621  0.878516D+00  0.849352D+00  0.329703D+02
  313.3200  0.840183D+00  0.834031D+00  0.695576D+01
  313.4779  0.823206D+00  0.849052D+00 -0.292188D+02
  313.6357  0.850995D+00  0.912570D+00 -0.696114D+02
  313.7934  0.962597D+00  0.100716D+01 -0.503821D+02
  313.9510  0.105123D+01  0.107754D+01 -0.297380D+02
  314.1086  0.111182D+01  0.107193D+01  0.394534D+02
  314.2660  0.100799D+01  0.959869D+00  0.543990D+02
  314.4234  0.858054D+00  0.810898D+00  0.533106D+02
  314.5807  0.810608D+00  0.794760D+00  0.179158D+02
  314.7380  0.950266D+00  0.929360D+00  0.236350D+02
  314.8951  0.112272D+01  0.108481D+01  0.374934D+02
  315.0522  0.118812D+01  0.117564D+01  0.123474D+02
  315.2092  0.119992D+01  0.120324D+01 -0.328518D+01
  315.3661  0.114970D+01  0.119354D+01 -0.433683D+02
  315.5230  0.107849D+01  0.112782D+01 -0.487987D+02
  315.6797  0.937131D+00  0.985704D+00 -0.512519D+02
  315.8365  0.813020D+00  0.825599D+00 -0.142209D+02
  315.9931  0.761553D+00  0.753470D+00  0.913866D+01
  316.1497  0.847600D+00  0.791992D+00  0.628662D+02
   21 313.951 317.087 315.519 -4.593D-02  0.000D+00  9.957D-01  3.339D+01 10300  1.434D-02
  313.9510  0.105123D+01  0.109716D+01 -0.519253D+02
  314.1086  0.111182D+01  0.108671D+01  0.248325D+02
  314.2660  0.100799D+01  0.967698D+00  0.455489D+02
  314.4234  0.858054D+00  0.830158D+00  0.315368D+02
  314.5807  0.810608D+00  0.826263D+00 -0.176988D+02
  314.7380  0.950266D+00  0.955894D+00 -0.636321D+01
  314.8951  0.112272D+01  0.109563D+01  0.267963D+02
  315.0522  0.118812D+01  0.117332D+01  0.146383D+02
  315.2092  0.119992D+01  0.119344D+01  0.641061D+01
  315.3661  0.114970D+01  0.117710D+01 -0.271007D+02
  315.5230  0.107849D+01  0.110689D+01 -0.280969D+02
  315.6797  0.937131D+00  0.972048D+00 -0.368432D+02
  315.8365  0.813020D+00  0.835194D+00 -0.250675D+02
  315.9931  0.761553D+00  0.792626D+00 -0.351288D+02
  316.1497  0.847600D+00  0.864523D+00 -0.191321D+02
  316.3061  0.101085D+01  0.993955D+00  0.167097D+02
  316.4625  0.114354D+01  0.110308D+01  0.400177D+02
  316.6188  0.124343D+01  0.117512D+01  0.675743D+02
  316.7751  0.128418D+01  0.124741D+01  0.363658D+02
  316.9312  0.135816D+01  0.135953D+01 -0.135788D+01
  317.0873  0.146199D+01  0.151569D+01 -0.531187D+02
   21 314.895 318.022 316.459 -6.534D-02  0.000D+00  1.048D+00  2.675D+01 10300  1.590D-02
  314.8951  0.112272D+01  0.111387D+01  0.875285D+01
  315.0522  0.118812D+01  0.117818D+01  0.983940D+01
  315.2092  0.119992D+01  0.119019D+01  0.962426D+01
  315.3661  0.114970D+01  0.117102D+01 -0.210870D+02
  315.5230  0.107849D+01  0.109368D+01 -0.150260D+02
  315.6797  0.937131D+00  0.949073D+00 -0.126001D+02
  315.8365  0.813020D+00  0.813285D+00 -0.299740D+00
  315.9931  0.761553D+00  0.785254D+00 -0.267941D+02
  316.1497  0.847600D+00  0.873634D+00 -0.294324D+02
  316.3061  0.101085D+01  0.100995D+01  0.888800D+00
  316.4625  0.114354D+01  0.111122D+01  0.319689D+02
  316.6188  0.124343D+01  0.117408D+01  0.686037D+02
  316.7751  0.128418D+01  0.124068D+01  0.430269D+02
  316.9312  0.135816D+01  0.135013D+01  0.794119D+01
  317.0873  0.146199D+01  0.150209D+01 -0.396719D+02
  317.2433  0.159334D+01  0.160219D+01 -0.875426D+01
  317.3993  0.159941D+01  0.161185D+01 -0.123069D+02
  317.5551  0.155590D+01  0.158882D+01 -0.325678D+02
  317.7109  0.147959D+01  0.149760D+01 -0.178172D+02
  317.8666  0.132814D+01  0.129446D+01  0.333125D+02
  318.0223  0.113255D+01  0.111209D+01  0.202391D+02
   21 315.836 318.955 317.396 -3.956D-02  0.000D+00  1.110D+00  2.237D+01 10300  9.199D-03
  315.8365  0.813020D+00  0.812846D+00  0.196899D+00
  315.9931  0.761553D+00  0.775951D+00 -0.162773D+02
  316.1497  0.847600D+00  0.863875D+00 -0.184000D+02
  316.3061  0.101085D+01  0.101536D+01 -0.446135D+01
  316.4625  0.114354D+01  0.113165D+01  0.117588D+02
  316.6188  0.124343D+01  0.119386D+01  0.490367D+02
  316.7751  0.128418D+01  0.125147D+01  0.323552D+02
  316.9312  0.135816D+01  0.134392D+01  0.140907D+02
  317.0873  0.146199D+01  0.149607D+01 -0.337115D+02
  317.2433  0.159334D+01  0.160733D+01 -0.138425D+02
  317.3993  0.159941D+01  0.161067D+01 -0.111399D+02
  317.5551  0.155590D+01  0.158286D+01 -0.266735D+02
  317.7109  0.147959D+01  0.151218D+01 -0.322366D+02
  317.8666  0.132814D+01  0.131056D+01  0.173926D+02
  318.0223  0.113255D+01  0.110172D+01  0.304882D+02
  318.1778  0.105722D+01  0.104707D+01  0.100458D+02
  318.3333  0.115095D+01  0.113008D+01  0.206432D+02
  318.4887  0.130643D+01  0.127811D+01  0.280141D+02
  318.6441  0.144680D+01  0.144560D+01  0.118799D+01
  318.7993  0.161594D+01  0.162781D+01 -0.110458D+02
  318.9545  0.174363D+01  0.176071D+01 -0.150201D+02
   21 316.775 319.884 318.330 -1.539D-02  0.000D+00  1.226D+00  2.925D+01 10300  1.033D-02
  316.7751  0.128418D+01  0.130749D+01 -0.230662D+02
  316.9312  0.135816D+01  0.134679D+01  0.112530D+02
  317.0873  0.146199D+01  0.145979D+01  0.217967D+01
  317.2433  0.159334D+01  0.156505D+01  0.279817D+02
  317.3993  0.159941D+01  0.157833D+01  0.208578D+02
  317.5551  0.155590D+01  0.155963D+01 -0.369547D+01
  317.7109  0.147959D+01  0.151703D+01 -0.370381D+02
  317.8666  0.132814D+01  0.135240D+01 -0.239975D+02
  318.0223  0.113255D+01  0.114519D+01 -0.125079D+02
  318.1778  0.105722D+01  0.107235D+01 -0.149623D+02
  318.3333  0.115095D+01  0.114460D+01  0.628805D+01
  318.4887  0.130643D+01  0.128934D+01  0.169041D+02
  318.6441  0.144680D+01  0.144750D+01 -0.695186D+00
  318.7993  0.161594D+01  0.160421D+01  0.109214D+02
  318.9545  0.174363D+01  0.170766D+01  0.316299D+02
  319.1096  0.166062D+01  0.161183D+01  0.428968D+02
  319.2646  0.140856D+01  0.139049D+01  0.178680D+02
  319.4196  0.126041D+01  0.131795D+01 -0.569165D+02
  319.5745  0.132153D+01  0.139370D+01 -0.713909D+02
  319.7293  0.148308D+01  0.148464D+01 -0.154595D+01
  319.8841  0.158547D+01  0.153727D+01  0.423836D+02
   21 317.711 320.811 319.261  7.776D-03  0.000D+00  1.288D+00  2.945D+01   300  1.056D-02
  317.7109  0.147959D+01  0.141960D+01  0.593393D+02
  317.8666  0.132814D+01  0.136287D+01 -0.343548D+02
  318.0223  0.113255D+01  0.118088D+01 -0.478170D+02
  318.1778  0.105722D+01  0.109961D+01 -0.419347D+02
  318.3333  0.115095D+01  0.116656D+01 -0.154367D+02
  318.4887  0.130643D+01  0.130745D+01 -0.101426D+01
  318.6441  0.144680D+01  0.145661D+01 -0.970777D+01
  318.7993  0.161594D+01  0.159503D+01  0.194724D+02
  318.9545  0.174363D+01  0.170130D+01  0.372159D+02
  319.1096  0.166062D+01  0.161930D+01  0.363296D+02
  319.2646  0.140856D+01  0.137175D+01  0.364136D+02
  319.4196  0.126041D+01  0.126580D+01 -0.533725D+01
  319.5745  0.132153D+01  0.135021D+01 -0.283719D+02
  319.7293  0.148308D+01  0.147307D+01  0.989397D+01
  319.8841  0.158547D+01  0.160350D+01 -0.158518D+02
  320.0388  0.163507D+01  0.166664D+01 -0.277654D+02
  320.1934  0.164757D+01  0.168925D+01 -0.366454D+02
  320.3479  0.177633D+01  0.177726D+01 -0.818792D+00
  320.5023  0.191831D+01  0.190077D+01  0.154288D+02
  320.6567  0.202312D+01  0.198641D+01  0.322855D+02
  320.8110  0.196093D+01  0.197463D+01 -0.120444D+02
   21 318.644 321.735 320.190  4.860D-02  0.000D+00  1.272D+00  2.835D+01 10300  9.038D-03
  318.6441  0.144680D+01  0.149454D+01 -0.472279D+02
  318.7993  0.161594D+01  0.159417D+01  0.202755D+02
  318.9545  0.174363D+01  0.169647D+01  0.414695D+02
  319.1096  0.166062D+01  0.166735D+01 -0.591389D+01
  319.2646  0.140856D+01  0.141414D+01 -0.551976D+01
  319.4196  0.126041D+01  0.124353D+01  0.166968D+02
  319.5745  0.132153D+01  0.131155D+01  0.986701D+01
  319.7293  0.148308D+01  0.144201D+01  0.406268D+02
  319.8841  0.158547D+01  0.159162D+01 -0.540135D+01
  320.0388  0.163507D+01  0.169461D+01 -0.523571D+02
  320.1934  0.164757D+01  0.171450D+01 -0.588455D+02
  320.3479  0.177633D+01  0.178541D+01 -0.798664D+01
  320.5023  0.191831D+01  0.190412D+01  0.124808D+02
  320.6567  0.202312D+01  0.198606D+01  0.325895D+02
  320.8110  0.196093D+01  0.196696D+01 -0.530128D+01
  320.9653  0.180823D+01  0.181137D+01 -0.276257D+01
  321.1194  0.159325D+01  0.159037D+01  0.253078D+01
  321.2735  0.146815D+01  0.144459D+01  0.219347D+02
  321.4275  0.145484D+01  0.142407D+01  0.286462D+02
  321.5815  0.155089D+01  0.153955D+01  0.997519D+01
  321.7354  0.170271D+01  0.174623D+01 -0.382678D+02
   21 319.575 322.657 321.116  2.396D-02  0.000D+00  1.396D+00  4.563D+01 10300  2.077D-02
  319.5745  0.132153D+01  0.130238D+01  0.189440D+02
  319.7293  0.148308D+01  0.143626D+01  0.463092D+02
  319.8841  0.158547D+01  0.157954D+01  0.522048D+01
  320.0388  0.163507D+01  0.167842D+01 -0.381220D+02
  320.1934  0.164757D+01  0.173421D+01 -0.761825D+02
  320.3479  0.177633D+01  0.182144D+01 -0.396616D+02
  320.5023  0.191831D+01  0.192979D+01 -0.100956D+02
  320.6567  0.202312D+01  0.198981D+01  0.292949D+02
  320.8110  0.196093D+01  0.194237D+01  0.163235D+02
  320.9653  0.180823D+01  0.177709D+01  0.273787D+02
  321.1194  0.159325D+01  0.157291D+01  0.178850D+02
  321.2735  0.146815D+01  0.143618D+01  0.297651D+02
  321.4275  0.145484D+01  0.141435D+01  0.376996D+02
  321.5815  0.155089D+01  0.150232D+01  0.427147D+02
  321.7354  0.170271D+01  0.165515D+01  0.418178D+02
  321.8892  0.180912D+01  0.181093D+01 -0.158387D+01
  322.0428  0.182646D+01  0.188917D+01 -0.551402D+02
  322.1965  0.169600D+01  0.182095D+01 -0.109861D+03
  322.3501  0.163730D+01  0.167621D+01 -0.342122D+02
  322.5036  0.155599D+01  0.154336D+01  0.111078D+02
  322.6570  0.148549D+01  0.138512D+01  0.882515D+02
   21 320.502 323.576 322.039 -2.019D-02  0.000D+00  1.366D+00  2.997D+01 10300  1.328D-02
  320.5023  0.191831D+01  0.194440D+01 -0.229357D+02
  320.6567  0.202312D+01  0.201394D+01  0.807422D+01
  320.8110  0.196093D+01  0.195307D+01  0.691451D+01
  320.9653  0.180823D+01  0.177884D+01  0.258403D+02
  321.1194  0.159325D+01  0.158803D+01  0.459026D+01
  321.2735  0.146815D+01  0.147046D+01 -0.214338D+01
  321.4275  0.145484D+01  0.146346D+01 -0.802077D+01
  321.5815  0.155089D+01  0.155223D+01 -0.117189D+01
  321.7354  0.170271D+01  0.168435D+01  0.161357D+02
  321.8892  0.180912D+01  0.180106D+01  0.709308D+01
  322.0428  0.182646D+01  0.182942D+01 -0.260535D+01
  322.1965  0.169600D+01  0.175663D+01 -0.533123D+02
  322.3501  0.163730D+01  0.164900D+01 -0.102887D+02
  322.5036  0.155599D+01  0.155084D+01  0.452243D+01
  322.6570  0.148549D+01  0.144468D+01  0.358831D+02
  322.8104  0.132349D+01  0.135766D+01 -0.300429D+02
  322.9637  0.132001D+01  0.135482D+01 -0.306071D+02
  323.1169  0.148245D+01  0.145562D+01  0.235914D+02
  323.2701  0.165901D+01  0.158365D+01  0.662646D+02
  323.4232  0.170405D+01  0.166318D+01  0.359361D+02
  323.5762  0.166205D+01  0.174095D+01 -0.693794D+02
   21 321.428 324.493 322.960 -3.474D-02  0.000D+00  1.401D+00  2.573D+01   300  1.739D-02
  321.4275  0.145484D+01  0.149454D+01 -0.369612D+02
  321.5815  0.155089D+01  0.155348D+01 -0.226953D+01
  321.7354  0.170271D+01  0.166777D+01  0.307208D+02
  321.8892  0.180912D+01  0.178015D+01  0.254788D+02
  322.0428  0.182646D+01  0.180628D+01  0.177451D+02
  322.1965  0.169600D+01  0.171796D+01 -0.193037D+02
  322.3501  0.163730D+01  0.162714D+01  0.892875D+01
  322.5036  0.155599D+01  0.156278D+01 -0.596829D+01
  322.6570  0.148549D+01  0.146646D+01  0.167277D+02
  322.8104  0.132349D+01  0.137652D+01 -0.466301D+02
  322.9637  0.132001D+01  0.138470D+01 -0.568873D+02
  323.1169  0.148245D+01  0.151632D+01 -0.297787D+02
  323.2701  0.165901D+01  0.164157D+01  0.153321D+02
  323.4232  0.170405D+01  0.165239D+01  0.454241D+02
  323.5762  0.166205D+01  0.164604D+01  0.140804D+02
  323.7291  0.173764D+01  0.172060D+01  0.149811D+02
  323.8820  0.184612D+01  0.184565D+01  0.385401D+00
  324.0348  0.199257D+01  0.197143D+01  0.167221D+02
  324.1875  0.202714D+01  0.205196D+01 -0.196381D+02
  324.3401  0.205056D+01  0.206657D+01 -0.126749D+02
  324.4927  0.206753D+01  0.206352D+01  0.317766D+01
   21 322.350 325.407 323.878 -4.038D-02  0.000D+00  1.521D+00  3.579D+01 10300  2.001D-02
  322.3501  0.163730D+01  0.158085D+01  0.496369D+02
  322.5036  0.155599D+01  0.157326D+01 -0.151841D+02
  322.6570  0.148549D+01  0.147527D+01  0.898470D+01
  322.8104  0.132349D+01  0.137438D+01 -0.447459D+02
  322.9637  0.132001D+01  0.137739D+01 -0.504597D+02
  323.1169  0.148245D+01  0.154695D+01 -0.567123D+02
  323.2701  0.165901D+01  0.169168D+01 -0.287285D+02
  323.4232  0.170405D+01  0.165207D+01  0.457036D+02
  323.5762  0.166205D+01  0.161450D+01  0.418132D+02
  323.7291  0.173764D+01  0.169638D+01  0.362837D+02
  323.8820  0.184612D+01  0.182026D+01  0.215393D+02
  324.0348  0.199257D+01  0.194779D+01  0.354376D+02
  324.1875  0.202714D+01  0.203441D+01 -0.575165D+01
  324.3401  0.205056D+01  0.203579D+01  0.116834D+02
  324.4927  0.206753D+01  0.206931D+01 -0.140733D+01
  324.6453  0.204126D+01  0.206450D+01 -0.183912D+02
  324.7977  0.191045D+01  0.191871D+01 -0.653881D+01
  324.9501  0.176150D+01  0.182408D+01 -0.521307D+02
  325.1024  0.177892D+01  0.184305D+01 -0.507475D+02
  325.2546  0.190393D+01  0.189396D+01  0.789004D+01
  325.4068  0.204904D+01  0.198270D+01  0.524988D+02
   21 323.270 326.318 324.794 -3.556D-02  0.000D+00  1.469D+00  2.178D+01 10300  1.185D-02
  323.2701  0.165901D+01  0.170142D+01 -0.372896D+02
  323.4232  0.170405D+01  0.167487D+01  0.256577D+02
  323.5762  0.166205D+01  0.163864D+01  0.205866D+02
  323.7291  0.173764D+01  0.172747D+01  0.894243D+01
  323.8820  0.184612D+01  0.185204D+01 -0.493472D+01
  324.0348  0.199257D+01  0.197283D+01  0.156193D+02
  324.1875  0.202714D+01  0.205619D+01 -0.229846D+02
  324.3401  0.205056D+01  0.203479D+01  0.124728D+02
  324.4927  0.206753D+01  0.205545D+01  0.956200D+01
  324.6453  0.204126D+01  0.205364D+01 -0.979878D+01
  324.7977  0.191045D+01  0.189286D+01  0.139232D+02
  324.9501  0.176150D+01  0.179484D+01 -0.277775D+02
  325.1024  0.177892D+01  0.182813D+01 -0.389419D+02
  325.2546  0.190393D+01  0.190331D+01  0.488682D+00
  325.4068  0.204904D+01  0.202771D+01  0.168754D+02
  325.5589  0.224552D+01  0.225692D+01 -0.901921D+01
  325.7109  0.242780D+01  0.243731D+01 -0.684203D+01
  325.8629  0.260097D+01  0.255030D+01  0.364549D+02
  326.0148  0.269068D+01  0.267388D+01  0.120855D+02
  326.1666  0.275162D+01  0.272383D+01  0.199904D+02
  326.3184  0.268666D+01  0.274048D+01 -0.387194D+02
   21 324.188 327.227 325.707  8.637D-03  0.000D+00  1.501D+00  2.314D+01   300  1.166D-02
  324.1875  0.202714D+01  0.208603D+01 -0.466005D+02
  324.3401  0.205056D+01  0.203511D+01  0.122211D+02
  324.4927  0.206753D+01  0.200399D+01  0.502876D+02
  324.6453  0.204126D+01  0.201989D+01  0.169120D+02
  324.7977  0.191045D+01  0.190386D+01  0.521700D+01
  324.9501  0.176150D+01  0.177902D+01 -0.145975D+02
  325.1024  0.177892D+01  0.180517D+01 -0.207749D+02
  325.2546  0.190393D+01  0.189616D+01  0.614617D+01
  325.4068  0.204904D+01  0.202493D+01  0.190785D+02
  325.5589  0.224552D+01  0.225512D+01 -0.759682D+01
  325.7109  0.242780D+01  0.248762D+01 -0.430325D+02
  325.8629  0.260097D+01  0.260558D+01 -0.331459D+01
  326.0148  0.269068D+01  0.271285D+01 -0.159491D+02
  326.1666  0.275162D+01  0.273518D+01  0.118271D+02
  326.3184  0.268666D+01  0.268039D+01  0.450667D+01
  326.4700  0.258917D+01  0.257350D+01  0.112764D+02
  326.6216  0.263045D+01  0.256901D+01  0.442076D+02
  326.7732  0.274742D+01  0.275089D+01 -0.249518D+01
  326.9247  0.281765D+01  0.282037D+01 -0.195876D+01
  327.0760  0.265646D+01  0.269064D+01 -0.245926D+02
  327.2274  0.254619D+01  0.254256D+01  0.261682D+01
   21 325.102 328.134 326.618  1.356D-02  0.000D+00  1.611D+00  2.154D+01 10300  1.400D-02
  325.1024  0.177892D+01  0.176872D+01  0.807794D+01
  325.2546  0.190393D+01  0.188058D+01  0.184790D+02
  325.4068  0.204904D+01  0.203041D+01  0.147422D+02
  325.5589  0.224552D+01  0.226159D+01 -0.127125D+02
  325.7109  0.242780D+01  0.249112D+01 -0.455526D+02
  325.8629  0.260097D+01  0.262197D+01 -0.151092D+02
  326.0148  0.269068D+01  0.271751D+01 -0.193067D+02
  326.1666  0.275162D+01  0.273586D+01  0.113329D+02
  326.3184  0.268666D+01  0.267533D+01  0.815153D+01
  326.4700  0.258917D+01  0.257454D+01  0.105278D+02
  326.6216  0.263045D+01  0.256676D+01  0.458231D+02
  326.7732  0.274742D+01  0.271500D+01  0.233191D+02
  326.9247  0.281765D+01  0.278584D+01  0.228800D+02
  327.0760  0.265646D+01  0.268498D+01 -0.205176D+02
  327.2274  0.254619D+01  0.256905D+01 -0.164462D+02
  327.3787  0.254923D+01  0.258787D+01 -0.277969D+02
  327.5298  0.262965D+01  0.263019D+01 -0.385956D+00
  327.6810  0.255549D+01  0.256452D+01 -0.650170D+01
  327.8320  0.242637D+01  0.244521D+01 -0.135531D+02
  327.9830  0.233121D+01  0.234664D+01 -0.110994D+02
  328.1340  0.232076D+01  0.227688D+01  0.315699D+02
   21 326.015 329.038 327.526  1.881D-02  0.000D+00  1.552D+00  2.370D+01   300  1.754D-02
  326.0148  0.269068D+01  0.268020D+01  0.753883D+01
  326.1666  0.275162D+01  0.274121D+01  0.748657D+01
  326.3184  0.268666D+01  0.270852D+01 -0.157317D+02
  326.4700  0.258917D+01  0.263383D+01 -0.321275D+02
  326.6216  0.263045D+01  0.262750D+01  0.212626D+01
  326.7732  0.274742D+01  0.272224D+01  0.181125D+02
  326.9247  0.281765D+01  0.276722D+01  0.362799D+02
  327.0760  0.265646D+01  0.267635D+01 -0.143154D+02
  327.2274  0.254619D+01  0.256941D+01 -0.167037D+02
  327.3787  0.254923D+01  0.255588D+01 -0.478277D+01
  327.5298  0.262965D+01  0.257518D+01  0.391883D+02
  327.6810  0.255549D+01  0.253078D+01  0.177717D+02
  327.8320  0.242637D+01  0.244841D+01 -0.158513D+02
  327.9830  0.233121D+01  0.239235D+01 -0.439831D+02
  328.1340  0.232076D+01  0.237761D+01 -0.409009D+02
  328.2849  0.237991D+01  0.238229D+01 -0.171190D+01
  328.4356  0.243584D+01  0.238633D+01  0.356220D+02
  328.5863  0.238107D+01  0.234562D+01  0.255007D+02
  328.7370  0.230807D+01  0.229381D+01  0.102563D+02
  328.8876  0.242852D+01  0.242171D+01  0.489634D+01
  329.0381  0.273991D+01  0.277346D+01 -0.221225D+02
   21 326.925 329.940 328.432 -2.292D-02  0.000D+00  1.552D+00  2.918D+01   300  2.122D-02
  326.9247  0.281765D+01  0.284117D+01 -0.169200D+02
  327.0760  0.265646D+01  0.267204D+01 -0.112110D+02
  327.2274  0.254619D+01  0.255211D+01 -0.425361D+01
  327.3787  0.254923D+01  0.253829D+01  0.786970D+01
  327.5298  0.262965D+01  0.253890D+01  0.652871D+02
  327.6810  0.255549D+01  0.248971D+01  0.473226D+02
  327.8320  0.242637D+01  0.242817D+01 -0.129373D+01
  327.9830  0.233121D+01  0.240119D+01 -0.503405D+02
  328.1340  0.232076D+01  0.240986D+01 -0.641056D+02
  328.2849  0.237991D+01  0.242553D+01 -0.328233D+02
  328.4356  0.243584D+01  0.241758D+01  0.131372D+02
  328.5863  0.238107D+01  0.235035D+01  0.221008D+02
  328.7370  0.230807D+01  0.230489D+01  0.228628D+01
  328.8876  0.242852D+01  0.244741D+01 -0.135918D+02
  329.0381  0.273991D+01  0.272354D+01  0.107936D+02
  329.1885  0.298170D+01  0.293993D+01  0.275452D+02
  329.3389  0.309187D+01  0.306574D+01  0.172311D+02
  329.4893  0.312761D+01  0.313475D+01 -0.470770D+01
  329.6395  0.317238D+01  0.316024D+01  0.800666D+01
  329.7897  0.313137D+01  0.317941D+01 -0.316812D+02
  329.9398  0.323332D+01  0.322305D+01  0.677132D+01
   21 327.832 330.839 329.336 -2.756D-02  0.000D+00  1.650D+00  2.246D+01 10300  1.088D-02
  327.8320  0.242637D+01  0.235483D+01  0.514660D+02
  327.9830  0.233121D+01  0.235841D+01 -0.195655D+02
  328.1340  0.232076D+01  0.239024D+01 -0.499852D+02
  328.2849  0.237991D+01  0.242270D+01 -0.307823D+02
  328.4356  0.243584D+01  0.242812D+01  0.555756D+01
  328.5863  0.238107D+01  0.235165D+01  0.211656D+02
  328.7370  0.230807D+01  0.228256D+01  0.183494D+02
  328.8876  0.242852D+01  0.244084D+01 -0.886869D+01
  329.0381  0.273991D+01  0.274207D+01 -0.142087D+01
  329.1885  0.298170D+01  0.294896D+01  0.215903D+02
  329.3389  0.309187D+01  0.306307D+01  0.189963D+02
  329.4893  0.312761D+01  0.313009D+01 -0.163468D+01
  329.6395  0.317238D+01  0.314909D+01  0.153568D+02
  329.7897  0.313137D+01  0.317162D+01 -0.265439D+02
  329.9398  0.323332D+01  0.323799D+01 -0.308103D+01
  330.0898  0.324797D+01  0.326592D+01 -0.118366D+02
  330.2399  0.309822D+01  0.309559D+01  0.172882D+01
  330.3898  0.283659D+01  0.283073D+01  0.386252D+01
  330.5396  0.254870D+01  0.259103D+01 -0.291284D+02
  330.6894  0.246077D+01  0.243394D+01  0.193038D+02
  330.8391  0.248955D+01  0.247846D+01  0.797539D+01
   21 328.737 331.736 330.237 -9.148D-03  0.000D+00  1.626D+00  1.450D+01 10300  6.525D-03
  328.7370  0.230807D+01  0.228522D+01  0.164421D+02
  328.8876  0.242852D+01  0.242940D+01 -0.633034D+00
  329.0381  0.273991D+01  0.276481D+01 -0.164169D+02
  329.1885  0.298170D+01  0.298668D+01 -0.328185D+01
  329.3389  0.309187D+01  0.309101D+01  0.569123D+00
  329.4893  0.312761D+01  0.315411D+01 -0.174711D+02
  329.6395  0.317238D+01  0.315370D+01  0.123154D+02
  329.7897  0.313137D+01  0.315120D+01 -0.130785D+02
  329.9398  0.323332D+01  0.319823D+01  0.231387D+02
  330.0898  0.324797D+01  0.324920D+01 -0.811863D+00
  330.2399  0.309822D+01  0.309116D+01  0.465126D+01
  330.3898  0.283659D+01  0.281902D+01  0.115847D+02
  330.5396  0.254870D+01  0.258960D+01 -0.281492D+02
  330.6894  0.246077D+01  0.241814D+01  0.306708D+02
  330.8391  0.248955D+01  0.248306D+01  0.466559D+01
  330.9888  0.265512D+01  0.266900D+01 -0.915464D+01
  331.1384  0.271757D+01  0.273332D+01 -0.103823D+02
  331.2878  0.263045D+01  0.265789D+01 -0.180934D+02
  331.4373  0.253154D+01  0.253927D+01 -0.531980D+01
  331.5867  0.256496D+01  0.254245D+01  0.148448D+02
  331.7360  0.270971D+01  0.270250D+01  0.475486D+01
   21 329.640 332.631 331.135  1.618D-04  0.000D+00  1.575D+00  2.299D+01 10300  9.522D-03
  329.6395  0.317238D+01  0.319891D+01 -0.174992D+02
  329.7897  0.313137D+01  0.316157D+01 -0.199169D+02
  329.9398  0.323332D+01  0.318330D+01  0.329824D+02
  330.0898  0.324797D+01  0.323392D+01  0.926759D+01
  330.2399  0.309822D+01  0.308489D+01  0.878740D+01
  330.3898  0.283659D+01  0.281137D+01  0.166329D+02
  330.5396  0.254870D+01  0.258896D+01 -0.277041D+02
  330.6894  0.246077D+01  0.241167D+01  0.353284D+02
  330.8391  0.248955D+01  0.247217D+01  0.125004D+02
  330.9888  0.265512D+01  0.267628D+01 -0.139548D+02
  331.1384  0.271757D+01  0.276003D+01 -0.279975D+02
  331.2878  0.263045D+01  0.269417D+01 -0.420213D+02
  331.4373  0.253154D+01  0.256914D+01 -0.258769D+02
  331.5867  0.256496D+01  0.255475D+01  0.672995D+01
  331.7360  0.270971D+01  0.270376D+01  0.392242D+01
  331.8853  0.286429D+01  0.283693D+01  0.180459D+02
  332.0345  0.286965D+01  0.282811D+01  0.273947D+02
  332.1836  0.271302D+01  0.269616D+01  0.111183D+02
  332.3326  0.257372D+01  0.254580D+01  0.184098D+02
  332.4816  0.263805D+01  0.261868D+01  0.127703D+02
  332.6306  0.279683D+01  0.285589D+01 -0.389479D+02
   21 330.540 333.523 332.031 -4.564D-03  0.000D+00  1.624D+00  1.832D+01 10300  7.752D-03
  330.5396  0.254870D+01  0.258654D+01 -0.260429D+02
  330.6894  0.246077D+01  0.240288D+01  0.416464D+02
  330.8391  0.248955D+01  0.246368D+01  0.186109D+02
  330.9888  0.265512D+01  0.266042D+01 -0.349567D+01
  331.1384  0.271757D+01  0.273990D+01 -0.147246D+02
  331.2878  0.263045D+01  0.267631D+01 -0.302411D+02
  331.4373  0.253154D+01  0.256013D+01 -0.196721D+02
  331.5867  0.256496D+01  0.255854D+01  0.423134D+01
  331.7360  0.270971D+01  0.271471D+01 -0.329667D+01
  331.8853  0.286429D+01  0.284797D+01  0.107613D+02
  332.0345  0.286965D+01  0.283663D+01  0.217756D+02
  332.1836  0.271302D+01  0.269933D+01  0.902338D+01
  332.3326  0.257372D+01  0.254727D+01  0.174392D+02
  332.4816  0.263805D+01  0.261588D+01  0.146177D+02
  332.6306  0.279683D+01  0.282599D+01 -0.192294D+02
  332.7794  0.284401D+01  0.283780D+01  0.409077D+01
  332.9282  0.267263D+01  0.269867D+01 -0.171705D+02
  333.0770  0.265422D+01  0.267071D+01 -0.108722D+02
  333.2256  0.273357D+01  0.276410D+01 -0.201337D+02
  333.3742  0.276681D+01  0.275051D+01  0.107467D+02
  333.5228  0.254432D+01  0.252200D+01  0.147191D+02
   21 331.437 334.413 332.925  3.636D-03  0.000D+00  1.646D+00  1.082D+01 10300  4.976D-03
  331.4373  0.253154D+01  0.252052D+01  0.758104D+01
  331.5867  0.256496D+01  0.254876D+01  0.106846D+02
  331.7360  0.270971D+01  0.272453D+01 -0.977419D+01
  331.8853  0.286429D+01  0.287844D+01 -0.933009D+01
  332.0345  0.286965D+01  0.287754D+01 -0.520054D+01
  332.1836  0.271302D+01  0.273929D+01 -0.173299D+02
  332.3326  0.257372D+01  0.257161D+01  0.139063D+01
  332.4816  0.263805D+01  0.261219D+01  0.170515D+02
  332.6306  0.279683D+01  0.280846D+01 -0.766963D+01
  332.7794  0.284401D+01  0.282167D+01  0.147331D+02
  332.9282  0.267263D+01  0.267699D+01 -0.287390D+01
  333.0770  0.265422D+01  0.263610D+01  0.119486D+02
  333.2256  0.273357D+01  0.273138D+01  0.144278D+01
  333.3742  0.276681D+01  0.274443D+01  0.147590D+02
  333.5228  0.254432D+01  0.255409D+01 -0.644325D+01
  333.6712  0.232773D+01  0.232789D+01 -0.104651D+00
  333.8196  0.232451D+01  0.235106D+01 -0.175054D+02
  333.9680  0.249839D+01  0.252706D+01 -0.189075D+02
  334.1162  0.260821D+01  0.261091D+01 -0.178465D+01
  334.2645  0.265753D+01  0.264863D+01  0.586511D+01
  334.4126  0.279200D+01  0.277720D+01  0.976275D+01
   18 332.333 334.857 333.595  2.562D-04  0.000D+00  1.608D+00  1.239D+01 10300  6.194D-03
  332.3326  0.257372D+01  0.258145D+01 -0.510265D+01
  332.4816  0.263805D+01  0.262515D+01  0.850479D+01
  332.6306  0.279683D+01  0.281986D+01 -0.151906D+02
  332.7794  0.284401D+01  0.282514D+01  0.124454D+02
  332.9282  0.267263D+01  0.267762D+01 -0.329094D+01
  333.0770  0.265422D+01  0.264026D+01  0.920865D+01
  333.2256  0.273357D+01  0.273665D+01 -0.203143D+01
  333.3742  0.276681D+01  0.274552D+01  0.140355D+02
  333.5228  0.254432D+01  0.255057D+01 -0.412510D+01
  333.6712  0.232773D+01  0.232610D+01  0.107296D+01
  333.8196  0.232451D+01  0.235542D+01 -0.203863D+02
  333.9680  0.249839D+01  0.253105D+01 -0.215400D+02
  334.1162  0.260821D+01  0.261057D+01 -0.155863D+01
  334.2645  0.265753D+01  0.264600D+01  0.760358D+01
  334.4126  0.279200D+01  0.277341D+01  0.122652D+02
  334.5607  0.294006D+01  0.292312D+01  0.103130D+02
  334.7087  0.295489D+01  0.292895D+01  0.157932D+02
  334.8567  0.270372D+01  0.273975D+01 -0.228064D+02
   12 333.226 334.857 334.041  1.881D-02  0.000D+00  1.597D+00  8.212D+00 10300  8.003D-03
  333.2256  0.273357D+01  0.274805D+01 -0.954795D+01
  333.3742  0.276681D+01  0.274263D+01  0.159424D+02
  333.5228  0.254432D+01  0.255519D+01 -0.716881D+01
  333.6712  0.232773D+01  0.231779D+01  0.655603D+01
  333.8196  0.232451D+01  0.231977D+01  0.312383D+01
  333.9680  0.249839D+01  0.250837D+01 -0.658072D+01
  334.1162  0.260821D+01  0.261939D+01 -0.737258D+01
  334.2645  0.265753D+01  0.266430D+01 -0.446652D+01
  334.4126  0.279200D+01  0.278519D+01  0.449044D+01
  334.5607  0.294006D+01  0.293543D+01  0.281917D+01
  334.7087  0.295489D+01  0.293645D+01  0.112305D+02
  334.8567  0.270372D+01  0.271854D+01 -0.937872D+01
