           0
 T F
nwave fwave lwave wave  shift    squeeze     sin      rms    exval
   21 264.229 271.381 267.805 -1.313D-01  0.000D+00  2.383D-03  1.621D+00 10000  3.048D-02
  264.2290  0.113711D-02  0.112244D-02  0.861185D+00
  264.5962  0.943766D-03  0.957724D-03 -0.873789D+00
  264.9622  0.870759D-03  0.873445D-03 -0.197373D+00
  265.3271  0.989677D-03  0.970249D-03  0.150632D+01
  265.6908  0.983879D-03  0.994386D-03 -0.845689D+00
  266.0536  0.881882D-03  0.907305D-03 -0.221501D+01
  266.4152  0.853839D-03  0.837882D-03  0.140477D+01
  266.7759  0.842361D-03  0.831878D-03  0.973618D+00
  267.1355  0.844846D-03  0.857088D-03 -0.112454D+01
  267.4942  0.859518D-03  0.872205D-03 -0.119130D+01
  267.8519  0.813726D-03  0.820597D-03 -0.645139D+00
  268.2086  0.841059D-03  0.813545D-03  0.261272D+01
  268.5645  0.831712D-03  0.812949D-03  0.178169D+01
  268.9195  0.796687D-03  0.789809D-03  0.660536D+00
  269.2735  0.800829D-03  0.790403D-03  0.100122D+01
  269.6267  0.767698D-03  0.816687D-03 -0.470480D+01
  269.9791  0.923888D-03  0.915184D-03  0.799516D+00
  270.3307  0.968970D-03  0.969193D-03 -0.198253D-01
  270.6814  0.944121D-03  0.937470D-03  0.611040D+00
  271.0314  0.890520D-03  0.908014D-03 -0.166123D+01
  271.3806  0.857507D-03  0.841234D-03  0.154526D+01
   21 266.415 273.461 269.938 -1.318D-02  0.000D+00  2.424D-03  1.777D+00 10000  2.237D-02
  266.4152  0.853839D-03  0.847243D-03  0.580662D+00
  266.7759  0.842361D-03  0.827746D-03  0.135736D+01
  267.1355  0.844846D-03  0.847113D-03 -0.208283D+00
  267.4942  0.859518D-03  0.880951D-03 -0.201257D+01
  267.8519  0.813726D-03  0.843825D-03 -0.282632D+01
  268.2086  0.841059D-03  0.816340D-03  0.234727D+01
  268.5645  0.831712D-03  0.825182D-03  0.620026D+00
  268.9195  0.796687D-03  0.802231D-03 -0.532403D+00
  269.2735  0.800829D-03  0.794079D-03  0.648268D+00
  269.6267  0.767698D-03  0.801622D-03 -0.325796D+01
  269.9791  0.923888D-03  0.878707D-03  0.415033D+01
  270.3307  0.968970D-03  0.957668D-03  0.100540D+01
  270.6814  0.944121D-03  0.940900D-03  0.295893D+00
  271.0314  0.890520D-03  0.898987D-03 -0.804040D+00
  271.3806  0.857507D-03  0.850990D-03  0.618781D+00
  271.7290  0.709836D-03  0.725449D-03 -0.153426D+01
  272.0767  0.621210D-03  0.614352D-03  0.681920D+00
  272.4237  0.639551D-03  0.659361D-03 -0.199311D+01
  272.7700  0.767224D-03  0.789749D-03 -0.213889D+01
  273.1157  0.880107D-03  0.860308D-03  0.185922D+01
  273.4606  0.751605D-03  0.742532D-03  0.807119D+00
   21 268.565 275.517 272.041  1.088D-02  0.000D+00  2.502D-03  1.802D+00 10000  2.074D-02
  268.5645  0.831712D-03  0.828396D-03  0.314834D+00
  268.9195  0.796687D-03  0.806847D-03 -0.975674D+00
  269.2735  0.800829D-03  0.797767D-03  0.294068D+00
  269.6267  0.767698D-03  0.800966D-03 -0.319499D+01
  269.9791  0.923888D-03  0.873344D-03  0.464301D+01
  270.3307  0.968970D-03  0.959204D-03  0.868767D+00
  270.6814  0.944121D-03  0.944016D-03  0.966511D-02
  271.0314  0.890520D-03  0.898220D-03 -0.731180D+00
  271.3806  0.857507D-03  0.855753D-03  0.166528D+00
  271.7290  0.709836D-03  0.732924D-03 -0.226885D+01
  272.0767  0.621210D-03  0.610793D-03  0.103570D+01
  272.4237  0.639551D-03  0.649300D-03 -0.980881D+00
  272.7700  0.767224D-03  0.782644D-03 -0.146419D+01
  273.1157  0.880107D-03  0.874847D-03  0.493941D+00
  273.4606  0.751605D-03  0.767771D-03 -0.143813D+01
  273.8049  0.644875D-03  0.606285D-03  0.354501D+01
  274.1486  0.522763D-03  0.506815D-03  0.158569D+01
  274.4916  0.488685D-03  0.476388D-03  0.123720D+01
  274.8340  0.469753D-03  0.491098D-03 -0.214750D+01
  275.1759  0.585713D-03  0.578913D-03  0.652978D+00
  275.5172  0.659548D-03  0.668418D-03 -0.832923D+00
   21 270.681 277.553 274.117  2.908D-02  0.000D+00  2.608D-03  1.372D+00 10000  1.535D-02
  270.6814  0.944121D-03  0.938363D-03  0.528931D+00
  271.0314  0.890520D-03  0.891836D-03 -0.124994D+00
  271.3806  0.857507D-03  0.851081D-03  0.610187D+00
  271.7290  0.709836D-03  0.734873D-03 -0.246036D+01
  272.0767  0.621210D-03  0.611232D-03  0.992109D+00
  272.4237  0.639551D-03  0.640949D-03 -0.140657D+00
  272.7700  0.767224D-03  0.771826D-03 -0.437018D+00
  273.1157  0.880107D-03  0.870897D-03  0.864810D+00
  273.4606  0.751605D-03  0.775767D-03 -0.214941D+01
  273.8049  0.644875D-03  0.614541D-03  0.278658D+01
  274.1486  0.522763D-03  0.511766D-03  0.109338D+01
  274.4916  0.488685D-03  0.477956D-03  0.107947D+01
  274.8340  0.469753D-03  0.490586D-03 -0.209594D+01
  275.1759  0.585713D-03  0.573659D-03  0.115761D+01
  275.5172  0.659548D-03  0.664347D-03 -0.450690D+00
  275.8579  0.809822D-03  0.795765D-03  0.126381D+01
  276.1980  0.903181D-03  0.936423D-03 -0.280942D+01
  276.5377  0.100139D-02  0.995805D-03  0.458340D+00
  276.8768  0.101334D-02  0.100920D-02  0.330245D+00
  277.2153  0.102151D-02  0.102469D-02 -0.256511D+00
  277.5534  0.989322D-03  0.982310D-03  0.559001D+00
   21 272.770 279.572 276.171  1.372D-02  0.000D+00  2.702D-03  1.382D+00 10000  1.660D-02
  272.7700  0.767224D-03  0.771545D-03 -0.410332D+00
  273.1157  0.880107D-03  0.869326D-03  0.101238D+01
  273.4606  0.751605D-03  0.775763D-03 -0.214906D+01
  273.8049  0.644875D-03  0.618288D-03  0.244236D+01
  274.1486  0.522763D-03  0.517288D-03  0.544424D+00
  274.4916  0.488685D-03  0.483952D-03  0.476206D+00
  274.8340  0.469753D-03  0.497745D-03 -0.281630D+01
  275.1759  0.585713D-03  0.579560D-03  0.590887D+00
  275.5172  0.659548D-03  0.667570D-03 -0.753334D+00
  275.8579  0.809822D-03  0.797851D-03  0.107628D+01
  276.1980  0.903181D-03  0.928828D-03 -0.216749D+01
  276.5377  0.100139D-02  0.984786D-03  0.136242D+01
  276.8768  0.101334D-02  0.999148D-03  0.113169D+01
  277.2153  0.102151D-02  0.101741D-02  0.329491D+00
  277.5534  0.989322D-03  0.975184D-03  0.112716D+01
  277.8910  0.789470D-03  0.824670D-03 -0.283319D+01
  278.2281  0.722142D-03  0.723994D-03 -0.146302D+00
  278.5648  0.689958D-03  0.689179D-03  0.626585D-01
  278.9010  0.597545D-03  0.594974D-03  0.208891D+00
  279.2367  0.462654D-03  0.454082D-03  0.696595D+00
  279.5721  0.368182D-03  0.369470D-03 -0.111571D+00
   21 274.834 281.575 278.205  1.406D-03  0.000D+00  2.891D-03  1.305D+00 10000  2.023D-02
  274.8340  0.469753D-03  0.486286D-03 -0.166339D+01
  275.1759  0.585713D-03  0.571315D-03  0.138269D+01
  275.5172  0.659548D-03  0.658139D-03  0.132310D+00
  275.8579  0.809822D-03  0.794472D-03  0.138005D+01
  276.1980  0.903181D-03  0.927558D-03 -0.206017D+01
  276.5377  0.100139D-02  0.986671D-03  0.120781D+01
  276.8768  0.101334D-02  0.100349D-02  0.785809D+00
  277.2153  0.102151D-02  0.102791D-02 -0.515630D+00
  277.5534  0.989322D-03  0.983485D-03  0.465330D+00
  277.8910  0.789470D-03  0.825671D-03 -0.291378D+01
  278.2281  0.722142D-03  0.725650D-03 -0.277089D+00
  278.5648  0.689958D-03  0.688562D-03  0.112308D+00
  278.9010  0.597545D-03  0.584576D-03  0.105391D+01
  279.2367  0.462654D-03  0.437184D-03  0.206975D+01
  279.5721  0.368182D-03  0.351375D-03  0.145684D+01
  279.9070  0.325005D-03  0.329940D-03 -0.438985D+00
  280.2414  0.341772D-03  0.353730D-03 -0.107965D+01
  280.5755  0.448573D-03  0.452996D-03 -0.393511D+00
  280.9092  0.630558D-03  0.641813D-03 -0.980632D+00
  281.2425  0.880462D-03  0.858370D-03  0.179528D+01
  281.5754  0.109061D-02  0.109986D-02 -0.744311D+00
   21 276.877 283.565 280.221  3.610D-02  0.000D+00  3.241D-03  1.144D+00 10000  1.647D-02
  276.8768  0.101334D-02  0.100858D-02  0.379913D+00
  277.2153  0.102151D-02  0.101915D-02  0.189575D+00
  277.5534  0.989322D-03  0.983985D-03  0.425516D+00
  277.8910  0.789470D-03  0.823558D-03 -0.274372D+01
  278.2281  0.722142D-03  0.714076D-03  0.637074D+00
  278.5648  0.689958D-03  0.685655D-03  0.346301D+00
  278.9010  0.597545D-03  0.595446D-03  0.170552D+00
  279.2367  0.462654D-03  0.447186D-03  0.125693D+01
  279.5721  0.368182D-03  0.356140D-03  0.104385D+01
  279.9070  0.325005D-03  0.332980D-03 -0.709394D+00
  280.2414  0.341772D-03  0.352860D-03 -0.100111D+01
  280.5755  0.448573D-03  0.444765D-03  0.338769D+00
  280.9092  0.630558D-03  0.635806D-03 -0.457205D+00
  281.2425  0.880462D-03  0.855102D-03  0.206080D+01
  281.5754  0.109061D-02  0.109959D-02 -0.723239D+00
  281.9079  0.130963D-02  0.132135D-02 -0.916882D+00
  282.2401  0.147434D-02  0.147421D-02  0.100749D-01
  282.5719  0.157361D-02  0.155148D-02  0.165560D+01
  282.9034  0.163088D-02  0.164033D-02 -0.706485D+00
  283.2345  0.170010D-02  0.172568D-02 -0.189626D+01
  283.5653  0.167573D-02  0.165617D-02  0.144994D+01
   21 278.901 285.543 282.222  3.136D-03  0.000D+00  3.484D-03  1.620D+00 10000  1.100D-02
  278.9010  0.597545D-03  0.595929D-03  0.131363D+00
  279.2367  0.462654D-03  0.446180D-03  0.133866D+01
  279.5721  0.368182D-03  0.360738D-03  0.645241D+00
  279.9070  0.325005D-03  0.340142D-03 -0.134657D+01
  280.2414  0.341772D-03  0.362217D-03 -0.184599D+01
  280.5755  0.448573D-03  0.460965D-03 -0.110236D+01
  280.9092  0.630558D-03  0.653778D-03 -0.202307D+01
  281.2425  0.880462D-03  0.865141D-03  0.124501D+01
  281.5754  0.109061D-02  0.110086D-02 -0.825519D+00
  281.9079  0.130963D-02  0.130723D-02  0.187768D+00
  282.2401  0.147434D-02  0.144886D-02  0.195729D+01
  282.5719  0.157361D-02  0.152602D-02  0.355921D+01
  282.9034  0.163088D-02  0.163723D-02 -0.474604D+00
  283.2345  0.170010D-02  0.174289D-02 -0.317186D+01
  283.5653  0.167573D-02  0.170419D-02 -0.211020D+01
  283.8958  0.169111D-02  0.169060D-02  0.384848D-01
  284.2259  0.164674D-02  0.161647D-02  0.224410D+01
  284.5558  0.139613D-02  0.138568D-02  0.825250D+00
  284.8853  0.968733D-03  0.980511D-03 -0.995423D+00
  285.2144  0.631978D-03  0.645738D-03 -0.125045D+01
  285.5433  0.831357D-03  0.822502D-03  0.771482D+00
   21 280.909 287.510 284.210 -7.028D-03  0.000D+00  3.759D-03  2.033D+00 10300  9.602D-03
  280.9092  0.630558D-03  0.656242D-03 -0.223771D+01
  281.2425  0.880462D-03  0.864609D-03  0.128822D+01
  281.5754  0.109061D-02  0.109877D-02 -0.656898D+00
  281.9079  0.130963D-02  0.130400D-02  0.440760D+00
  282.2401  0.147434D-02  0.144662D-02  0.212950D+01
  282.5719  0.157361D-02  0.152772D-02  0.343234D+01
  282.9034  0.163088D-02  0.164642D-02 -0.116173D+01
  283.2345  0.170010D-02  0.175316D-02 -0.393288D+01
  283.5653  0.167573D-02  0.171402D-02 -0.283831D+01
  283.8958  0.169111D-02  0.170109D-02 -0.752579D+00
  284.2259  0.164674D-02  0.161760D-02  0.216032D+01
  284.5558  0.139613D-02  0.137381D-02  0.176258D+01
  284.8853  0.968733D-03  0.957238D-03  0.971462D+00
  285.2144  0.631978D-03  0.628526D-03  0.313698D+00
  285.5433  0.831357D-03  0.807198D-03  0.210487D+01
  285.8719  0.138761D-02  0.137795D-02  0.755475D+00
  286.2002  0.191321D-02  0.190188D-02  0.818177D+00
  286.5282  0.212975D-02  0.213709D-02 -0.525861D+00
  286.8559  0.215483D-02  0.221661D-02 -0.438778D+01
  287.1833  0.243503D-02  0.240923D-02  0.178722D+01
  287.5105  0.239373D-02  0.238364D-02  0.705044D+00
   21 282.903 289.467 286.185 -2.397D-03  0.000D+00  4.141D-03  2.100D+00 10300  7.673D-03
  282.9034  0.163088D-02  0.161065D-02  0.151331D+01
  283.2345  0.170010D-02  0.172862D-02 -0.211401D+01
  283.5653  0.167573D-02  0.169911D-02 -0.173351D+01
  283.8958  0.169111D-02  0.169223D-02 -0.845481D-01
  284.2259  0.164674D-02  0.161572D-02  0.229930D+01
  284.5558  0.139613D-02  0.137750D-02  0.147122D+01
  284.8853  0.968733D-03  0.963972D-03  0.402357D+00
  285.2144  0.631978D-03  0.630182D-03  0.163212D+00
  285.5433  0.831357D-03  0.802179D-03  0.254215D+01
  285.8719  0.138761D-02  0.137357D-02  0.109801D+01
  286.2002  0.191321D-02  0.190492D-02  0.598601D+00
  286.5282  0.212975D-02  0.214816D-02 -0.131920D+01
  286.8559  0.215483D-02  0.223194D-02 -0.547591D+01
  287.1833  0.243503D-02  0.243299D-02  0.141010D+00
  287.5105  0.239373D-02  0.242169D-02 -0.195278D+01
  287.8373  0.212856D-02  0.206458D-02  0.419201D+01
  288.1639  0.175205D-02  0.174715D-02  0.370010D+00
  288.4902  0.221151D-02  0.219093D-02  0.147376D+01
  288.8163  0.281308D-02  0.277393D-02  0.234608D+01
  289.1420  0.303080D-02  0.302262D-02  0.486875D+00
  289.4675  0.338234D-02  0.342462D-02 -0.244708D+01
   21 284.885 291.414 288.150 -5.779D-03  0.000D+00  4.591D-03  2.386D+00 10300  8.614D-03
  284.8853  0.968733D-03  0.959334D-03  0.794317D+00
  285.2144  0.631978D-03  0.624654D-03  0.665580D+00
  285.5433  0.831357D-03  0.803867D-03  0.239508D+01
  285.8719  0.138761D-02  0.138169D-02  0.462952D+00
  286.2002  0.191321D-02  0.191308D-02  0.955890D-02
  286.5282  0.212975D-02  0.215154D-02 -0.156114D+01
  286.8559  0.215483D-02  0.223117D-02 -0.542141D+01
  287.1833  0.243503D-02  0.243545D-02 -0.294469D-01
  287.5105  0.239373D-02  0.241839D-02 -0.172222D+01
  287.8373  0.212856D-02  0.205444D-02  0.485588D+01
  288.1639  0.175205D-02  0.173189D-02  0.152149D+01
  288.4902  0.221151D-02  0.218520D-02  0.188420D+01
  288.8163  0.281308D-02  0.275973D-02  0.319759D+01
  289.1420  0.303080D-02  0.299298D-02  0.225089D+01
  289.4675  0.338234D-02  0.338453D-02 -0.126477D+00
  289.7927  0.403373D-02  0.404740D-02 -0.770514D+00
  290.1176  0.461825D-02  0.464739D-02 -0.153900D+01
  290.4422  0.491289D-02  0.495656D-02 -0.230662D+01
  290.7666  0.489277D-02  0.491766D-02 -0.131492D+01
  291.0907  0.484426D-02  0.488741D-02 -0.227921D+01
  291.4145  0.506316D-02  0.498339D-02  0.421362D+01
   21 286.856 293.351 290.104  1.248D-02  0.000D+00  5.184D-03  2.426D+00 10000  1.023D-02
  286.8559  0.215483D-02  0.217769D-02 -0.162319D+01
  287.1833  0.243503D-02  0.241558D-02  0.134740D+01
  287.5105  0.239373D-02  0.244160D-02 -0.334380D+01
  287.8373  0.212856D-02  0.209554D-02  0.216368D+01
  288.1639  0.175205D-02  0.171745D-02  0.261069D+01
  288.4902  0.221151D-02  0.216590D-02  0.326676D+01
  288.8163  0.281308D-02  0.279001D-02  0.138240D+01
  289.1420  0.303080D-02  0.301115D-02  0.116918D+01
  289.4675  0.338234D-02  0.338172D-02  0.359324D-01
  289.7927  0.403373D-02  0.405103D-02 -0.974979D+00
  290.1176  0.461825D-02  0.466554D-02 -0.249737D+01
  290.4422  0.491289D-02  0.498857D-02 -0.399771D+01
  290.7666  0.489277D-02  0.493868D-02 -0.242503D+01
  291.0907  0.484426D-02  0.487484D-02 -0.161520D+01
  291.4145  0.506316D-02  0.498175D-02  0.429990D+01
  291.7380  0.493655D-02  0.489078D-02  0.241770D+01
  292.0613  0.499808D-02  0.492657D-02  0.377711D+01
  292.3842  0.478746D-02  0.476258D-02  0.131404D+01
  292.7069  0.445260D-02  0.451026D-02 -0.304594D+01
  293.0293  0.501938D-02  0.503927D-02 -0.105052D+01
  293.3514  0.572460D-02  0.573296D-02 -0.415467D+00
   21 288.816 295.278 292.047  6.724D-03  0.000D+00  5.844D-03  2.270D+00 10300  8.995D-03
  288.8163  0.281308D-02  0.281739D-02 -0.258736D+00
  289.1420  0.303080D-02  0.298967D-02  0.244764D+01
  289.4675  0.338234D-02  0.335484D-02  0.159191D+01
  289.7927  0.403373D-02  0.404304D-02 -0.525002D+00
  290.1176  0.461825D-02  0.466419D-02 -0.242626D+01
  290.4422  0.491289D-02  0.498731D-02 -0.393096D+01
  290.7666  0.489277D-02  0.491728D-02 -0.129449D+01
  291.0907  0.484426D-02  0.485105D-02 -0.358839D+00
  291.4145  0.506316D-02  0.499914D-02  0.338166D+01
  291.7380  0.493655D-02  0.487400D-02  0.330409D+01
  292.0613  0.499808D-02  0.494565D-02  0.276949D+01
  292.3842  0.478746D-02  0.477216D-02  0.808096D+00
  292.7069  0.445260D-02  0.446503D-02 -0.656864D+00
  293.0293  0.501938D-02  0.504220D-02 -0.120550D+01
  293.3514  0.572460D-02  0.579976D-02 -0.373624D+01
  293.6732  0.529981D-02  0.529523D-02  0.241956D+00
  293.9947  0.500518D-02  0.495799D-02  0.249254D+01
  294.3159  0.554830D-02  0.555393D-02 -0.297384D+00
  294.6368  0.566070D-02  0.569636D-02 -0.177277D+01
  294.9574  0.534359D-02  0.539851D-02 -0.290075D+01
  295.2776  0.628901D-02  0.622015D-02  0.342323D+01
   21 290.767 297.192 293.979  1.898D-03  0.000D+00  6.737D-03  1.979D+00 10300  5.116D-03
  290.7666  0.489277D-02  0.491529D-02 -0.118925D+01
  291.0907  0.484426D-02  0.486292D-02 -0.985661D+00
  291.4145  0.506316D-02  0.503164D-02  0.166498D+01
  291.7380  0.493655D-02  0.489161D-02  0.237404D+01
  292.0613  0.499808D-02  0.497713D-02  0.110660D+01
  292.3842  0.478746D-02  0.478818D-02 -0.377997D-01
  292.7069  0.445260D-02  0.445809D-02 -0.290005D+00
  293.0293  0.501938D-02  0.505892D-02 -0.208843D+01
  293.3514  0.572460D-02  0.582755D-02 -0.511778D+01
  293.6732  0.529981D-02  0.526753D-02  0.170519D+01
  293.9947  0.500518D-02  0.492925D-02  0.401041D+01
  294.3159  0.554830D-02  0.555578D-02 -0.395266D+00
  294.6368  0.566070D-02  0.568903D-02 -0.140825D+01
  294.9574  0.534359D-02  0.536254D-02 -0.100077D+01
  295.2776  0.628901D-02  0.625548D-02  0.166687D+01
  295.5975  0.664754D-02  0.659212D-02  0.260221D+01
  295.9171  0.708535D-02  0.712398D-02 -0.181391D+01
  296.2364  0.757758D-02  0.755582D-02  0.968181D+00
  296.5553  0.640616D-02  0.642711D-02 -0.983801D+00
  296.8739  0.543589D-02  0.546439D-02 -0.141706D+01
  297.1921  0.612454D-02  0.610783D-02  0.830556D+00
   21 292.707 299.094 295.900  3.803D-03  0.000D+00  7.859D-03  3.574D+00 10000  5.656D-03
  292.7069  0.445260D-02  0.433987D-02  0.595445D+01
  293.0293  0.501938D-02  0.501336D-02  0.317752D+00
  293.3514  0.572460D-02  0.583726D-02 -0.560074D+01
  293.6732  0.529981D-02  0.533376D-02 -0.179341D+01
  293.9947  0.500518D-02  0.500087D-02  0.227388D+00
  294.3159  0.554830D-02  0.560526D-02 -0.300900D+01
  294.6368  0.566070D-02  0.571939D-02 -0.291726D+01
  294.9574  0.534359D-02  0.538328D-02 -0.209630D+01
  295.2776  0.628901D-02  0.620990D-02  0.393293D+01
  295.5975  0.664754D-02  0.653365D-02  0.534741D+01
  295.9171  0.708535D-02  0.703439D-02  0.239263D+01
  296.2364  0.757758D-02  0.744374D-02  0.595324D+01
  296.5553  0.640616D-02  0.637458D-02  0.148267D+01
  296.8739  0.543589D-02  0.545861D-02 -0.112969D+01
  297.1921  0.612454D-02  0.614410D-02 -0.972146D+00
  297.5100  0.785091D-02  0.800009D-02 -0.663555D+01
  297.8275  0.959267D-02  0.970689D-02 -0.459667D+01
  298.1446  0.813608D-02  0.818399D-02 -0.202455D+01
  298.4613  0.644047D-02  0.642203D-02  0.865721D+00
  298.7776  0.778347D-02  0.774163D-02  0.186081D+01
  299.0936  0.104789D-01  0.103852D-01  0.360127D+01
   21 294.637 300.980 297.808  5.912D-03  0.000D+00  1.016D-02  4.855D+00 10000  7.614D-03
  294.6368  0.566070D-02  0.574938D-02 -0.440840D+01
  294.9574  0.534359D-02  0.537557D-02 -0.168911D+01
  295.2776  0.628901D-02  0.622864D-02  0.300133D+01
  295.5975  0.664754D-02  0.654105D-02  0.499986D+01
  295.9171  0.708535D-02  0.704556D-02  0.186795D+01
  296.2364  0.757758D-02  0.748224D-02  0.424082D+01
  296.5553  0.640616D-02  0.640413D-02  0.949926D-01
  296.8739  0.543589D-02  0.545971D-02 -0.118445D+01
  297.1921  0.612454D-02  0.614946D-02 -0.123902D+01
  297.5100  0.785091D-02  0.801469D-02 -0.728476D+01
  297.8275  0.959267D-02  0.978048D-02 -0.755831D+01
  298.1446  0.813608D-02  0.822070D-02 -0.357557D+01
  298.4613  0.644047D-02  0.639604D-02  0.208598D+01
  298.7776  0.778347D-02  0.770685D-02  0.340790D+01
  299.0936  0.104789D-01  0.103877D-01  0.350428D+01
  299.4091  0.108126D-01  0.105733D-01  0.919378D+01
  299.7242  0.116870D-01  0.116048D-01  0.302305D+01
  300.0388  0.105511D-01  0.109946D-01 -0.513442D+01
  300.3531  0.102683D-01  0.108240D-01 -0.643303D+01
  300.6668  0.131353D-01  0.139878D-01 -0.973596D+01
  300.9801  0.157350D-01  0.159668D-01 -0.261202D+01
   21 296.555 302.850 299.702  5.308D-03  0.000D+00  1.506D-02  1.114D+01 10300  1.594D-02
  296.5553  0.640616D-02  0.616237D-02  0.114462D+02
  296.8739  0.543589D-02  0.541340D-02  0.111794D+01
  297.1921  0.612454D-02  0.620692D-02 -0.409547D+01
  297.5100  0.785091D-02  0.813059D-02 -0.124401D+02
  297.8275  0.959267D-02  0.993436D-02 -0.137511D+02
  298.1446  0.813608D-02  0.822370D-02 -0.370259D+01
  298.4613  0.644047D-02  0.629773D-02  0.670211D+01
  298.7776  0.778347D-02  0.757646D-02  0.920763D+01
  299.0936  0.104789D-01  0.102530D-01  0.867770D+01
  299.4091  0.108126D-01  0.103651D-01  0.171895D+02
  299.7242  0.116870D-01  0.115386D-01  0.545353D+01
  300.0388  0.105511D-01  0.110312D-01 -0.555786D+01
  300.3531  0.102683D-01  0.110304D-01 -0.882247D+01
  300.6668  0.131353D-01  0.147437D-01 -0.183686D+02
  300.9801  0.157350D-01  0.172264D-01 -0.168056D+02
  301.2929  0.206893D-01  0.216657D-01 -0.108584D+02
  301.6053  0.223364D-01  0.235400D-01 -0.130417D+02
  301.9171  0.190658D-01  0.199738D-01 -0.996537D+01
  302.2284  0.211129D-01  0.215659D-01 -0.490816D+01
  302.5392  0.318971D-01  0.320681D-01 -0.180659D+01
  302.8495  0.448691D-01  0.429162D-01  0.206310D+02
   21 298.461 304.699 301.580  1.205D-02  0.000D+00  2.790D-02  1.466D+01 10000  2.149D-02
  298.4613  0.644047D-02  0.659794D-02 -0.739358D+01
  298.7776  0.778347D-02  0.777997D-02  0.155416D+00
  299.0936  0.104789D-01  0.104496D-01  0.112498D+01
  299.4091  0.108126D-01  0.105071D-01  0.117366D+02
  299.7242  0.116870D-01  0.115379D-01  0.548007D+01
  300.0388  0.105511D-01  0.110357D-01 -0.560958D+01
  300.3531  0.102683D-01  0.108816D-01 -0.710049D+01
  300.6668  0.131353D-01  0.145116D-01 -0.157174D+02
  300.9801  0.157350D-01  0.169639D-01 -0.138476D+02
  301.2929  0.206893D-01  0.213743D-01 -0.761757D+01
  301.6053  0.223364D-01  0.234201D-01 -0.117426D+02
  301.9171  0.190658D-01  0.200720D-01 -0.110432D+02
  302.2284  0.211129D-01  0.215361D-01 -0.458615D+01
  302.5392  0.318971D-01  0.322559D-01 -0.379100D+01
  302.8495  0.448691D-01  0.435619D-01  0.138095D+02
  303.1592  0.562284D-01  0.530587D-01  0.334853D+02
  303.4684  0.647715D-01  0.629811D-01  0.189142D+02
  303.7770  0.618015D-01  0.629792D-01 -0.124409D+02
  304.0850  0.629375D-01  0.653144D-01 -0.251102D+02
  304.3924  0.767816D-01  0.793215D-01 -0.238504D+02
  304.6991  0.929094D-01  0.908096D-01  0.197178D+02
   21 300.353 306.526 303.439  9.668D-03  0.000D+00  6.012D-02  3.434D+01 10000  2.884D-02
  300.3531  0.102683D-01  0.117404D-01 -0.170427D+02
  300.6668  0.131353D-01  0.141444D-01 -0.115242D+02
  300.9801  0.157350D-01  0.155400D-01  0.219718D+01
  301.2929  0.206893D-01  0.192129D-01  0.164174D+02
  301.6053  0.223364D-01  0.211476D-01  0.128799D+02
  301.9171  0.190658D-01  0.184012D-01  0.729493D+01
  302.2284  0.211129D-01  0.203529D-01  0.823375D+01
  302.5392  0.318971D-01  0.314461D-01  0.476372D+01
  302.8495  0.448691D-01  0.435241D-01  0.142091D+02
  303.1592  0.562284D-01  0.539974D-01  0.235686D+02
  303.4684  0.647715D-01  0.651841D-01 -0.435793D+01
  303.7770  0.618015D-01  0.656023D-01 -0.401519D+02
  304.0850  0.629375D-01  0.684470D-01 -0.582031D+02
  304.3924  0.767816D-01  0.833643D-01 -0.618133D+02
  304.6991  0.929094D-01  0.949635D-01 -0.192890D+02
  305.0053  0.114196D+00  0.105823D+00  0.707643D+02
  305.3108  0.136347D+00  0.128789D+00  0.638710D+02
  305.6156  0.123804D+00  0.120404D+00  0.287354D+02
  305.9197  0.111711D+00  0.107763D+00  0.333646D+02
  306.2232  0.134016D+00  0.137858D+00 -0.295199D+02
  306.5259  0.144547D+00  0.150207D+00 -0.434909D+02
   21 302.228 308.326 305.277  7.150D-03  0.000D+00  1.179D-01  4.843D+01 10000  3.708D-02
  302.2284  0.211129D-01  0.219581D-01 -0.915845D+01
  302.5392  0.318971D-01  0.327539D-01 -0.905198D+01
  302.8495  0.448691D-01  0.440467D-01  0.868873D+01
  303.1592  0.562284D-01  0.534681D-01  0.291604D+02
  303.4684  0.647715D-01  0.639673D-01  0.849550D+01
  303.7770  0.618015D-01  0.637502D-01 -0.205857D+02
  304.0850  0.629375D-01  0.665771D-01 -0.384490D+02
  304.3924  0.767816D-01  0.815830D-01 -0.450862D+02
  304.6991  0.929094D-01  0.934024D-01 -0.462943D+01
  305.0053  0.114196D+00  0.104908D+00  0.784970D+02
  305.3108  0.136347D+00  0.129540D+00  0.575245D+02
  305.6156  0.123804D+00  0.121951D+00  0.156582D+02
  305.9197  0.111711D+00  0.110156D+00  0.131418D+02
  306.2232  0.134016D+00  0.144387D+00 -0.796820D+02
  306.5259  0.144547D+00  0.158946D+00 -0.110626D+03
  306.8279  0.164840D+00  0.167801D+00 -0.208572D+02
  307.1292  0.215128D+00  0.209789D+00  0.347121D+02
  307.4297  0.244852D+00  0.230271D+00  0.821472D+02
  307.7294  0.259323D+00  0.247031D+00  0.649243D+02
  308.0283  0.267594D+00  0.270483D+00 -0.152615D+02
  308.3264  0.273392D+00  0.284714D+00 -0.531581D+02
   20 304.085 309.804 306.944 -1.903D-02  0.000D+00  1.948D-01  5.601D+01 10000  4.027D-02
  304.0850  0.629375D-01  0.622796D-01  0.695026D+01
  304.3924  0.767816D-01  0.806746D-01 -0.365561D+02
  304.6991  0.929094D-01  0.934784D-01 -0.534328D+01
  305.0053  0.114196D+00  0.108362D+00  0.493078D+02
  305.3108  0.136347D+00  0.131651D+00  0.396862D+02
  305.6156  0.123804D+00  0.121391D+00  0.203968D+02
  305.9197  0.111711D+00  0.112395D+00 -0.577729D+01
  306.2232  0.134016D+00  0.146739D+00 -0.977537D+02
  306.5259  0.144547D+00  0.157133D+00 -0.966991D+02
  306.8279  0.164840D+00  0.168233D+00 -0.238983D+02
  307.1292  0.215128D+00  0.207954D+00  0.466410D+02
  307.4297  0.244852D+00  0.225515D+00  0.108943D+03
  307.7294  0.259323D+00  0.242744D+00  0.875721D+02
  308.0283  0.267594D+00  0.264378D+00  0.169874D+02
  308.3264  0.273392D+00  0.281349D+00 -0.373599D+02
  308.6237  0.305860D+00  0.319260D+00 -0.566227D+02
  308.9200  0.294075D+00  0.306357D+00 -0.494274D+02
  309.2156  0.263511D+00  0.274356D+00 -0.436415D+02
  309.5102  0.291081D+00  0.291451D+00 -0.130132D+01
  309.8039  0.332697D+00  0.307063D+00  0.802351D+02
   14 305.920 309.804 307.862 -4.366D-02  0.000D+00  2.475D-01  5.655D+01 10000  6.281D-02
  305.9197  0.111711D+00  0.101937D+00  0.826015D+02
  306.2232  0.134016D+00  0.141663D+00 -0.587565D+02
  306.5259  0.144547D+00  0.154139D+00 -0.736974D+02
  306.8279  0.164840D+00  0.171112D+00 -0.441718D+02
  307.1292  0.215128D+00  0.211781D+00  0.217602D+02
  307.4297  0.244852D+00  0.227879D+00  0.956258D+02
  307.7294  0.259323D+00  0.245587D+00  0.725514D+02
  308.0283  0.267594D+00  0.264879D+00  0.143375D+02
  308.3264  0.273392D+00  0.282772D+00 -0.440431D+02
  308.6237  0.305860D+00  0.317759D+00 -0.502802D+02
  308.9200  0.294075D+00  0.300917D+00 -0.275365D+02
  309.2156  0.263511D+00  0.271474D+00 -0.320433D+02
  309.5102  0.291081D+00  0.294338D+00 -0.114663D+02
  309.8039  0.332697D+00  0.308692D+00  0.751357D+02
   21 310.092 313.262 311.677 -4.557D-02  0.000D+00  5.614D-01  2.371D+01 10300  2.743D-02
  310.0923  0.341328D+00  0.328487D+00  0.150470D+02
  310.2516  0.360166D+00  0.387468D+00 -0.331279D+02
  310.4107  0.466204D+00  0.489052D+00 -0.303430D+02
  310.5698  0.576306D+00  0.574844D+00  0.194124D+01
  310.7289  0.643870D+00  0.633157D+00  0.142268D+02
  310.8878  0.687887D+00  0.666793D+00  0.296598D+02
  311.0467  0.701613D+00  0.678352D+00  0.347505D+02
  311.2054  0.695874D+00  0.685074D+00  0.161346D+02
  311.3642  0.680728D+00  0.688936D+00 -0.122625D+02
  311.5228  0.661618D+00  0.674679D+00 -0.195122D+02
  311.6813  0.619199D+00  0.639163D+00 -0.318155D+02
  311.8398  0.589795D+00  0.599291D+00 -0.162135D+02
  311.9982  0.570153D+00  0.581812D+00 -0.199071D+02
  312.1565  0.588316D+00  0.602861D+00 -0.248344D+02
  312.3147  0.650910D+00  0.651241D+00 -0.564446D+00
  312.4729  0.703802D+00  0.691533D+00  0.195512D+02
  312.6310  0.735809D+00  0.712533D+00  0.370916D+02
  312.7889  0.745216D+00  0.737529D+00  0.122500D+02
  312.9468  0.778524D+00  0.764620D+00  0.207734D+02
  313.1047  0.785506D+00  0.778987D+00  0.973922D+01
  313.2625  0.760302D+00  0.788352D+00 -0.419063D+02
   21 311.047 314.207 312.627  5.222D-02  0.000D+00  6.391D-01  4.384D+01   300  3.959D-02
  311.0467  0.701613D+00  0.676335D+00  0.377638D+02
  311.2054  0.695874D+00  0.678626D+00  0.257674D+02
  311.3642  0.680728D+00  0.684920D+00 -0.626285D+01
  311.5228  0.661618D+00  0.684116D+00 -0.336108D+02
  311.6813  0.619199D+00  0.661887D+00 -0.680267D+02
  311.8398  0.589795D+00  0.621450D+00 -0.540478D+02
  311.9982  0.570153D+00  0.586751D+00 -0.283403D+02
  312.1565  0.588316D+00  0.583811D+00  0.769116D+01
  312.3147  0.650910D+00  0.621402D+00  0.503826D+02
  312.4729  0.703802D+00  0.675179D+00  0.456117D+02
  312.6310  0.735809D+00  0.704757D+00  0.494834D+02
  312.7889  0.745216D+00  0.721313D+00  0.380903D+02
  312.9468  0.778524D+00  0.747187D+00  0.468172D+02
  313.1047  0.785506D+00  0.765300D+00  0.301868D+02
  313.2625  0.760302D+00  0.767211D+00 -0.103217D+02
  313.4201  0.734862D+00  0.767607D+00 -0.489198D+02
  313.5777  0.737998D+00  0.790874D+00 -0.789963D+02
  313.7352  0.809526D+00  0.850024D+00 -0.605043D+02
  313.8927  0.904541D+00  0.924219D+00 -0.293983D+02
  314.0500  0.981926D+00  0.963046D+00  0.282065D+02
  314.2073  0.962698D+00  0.925961D+00  0.548858D+02
   21 311.998 315.149 313.574  2.419D-02  0.000D+00  7.077D-01  4.388D+01 10300  1.881D-02
  311.9982  0.570153D+00  0.588875D+00 -0.319665D+02
  312.1565  0.588316D+00  0.597239D+00 -0.152359D+02
  312.3147  0.650910D+00  0.644058D+00  0.116988D+02
  312.4729  0.703802D+00  0.697288D+00  0.103799D+02
  312.6310  0.735809D+00  0.716866D+00  0.301874D+02
  312.7889  0.745216D+00  0.728882D+00  0.260284D+02
  312.9468  0.778524D+00  0.751363D+00  0.405788D+02
  313.1047  0.785506D+00  0.761361D+00  0.360722D+02
  313.2625  0.760302D+00  0.756661D+00  0.544045D+01
  313.4201  0.734862D+00  0.755823D+00 -0.313146D+02
  313.5777  0.737998D+00  0.785210D+00 -0.705346D+02
  313.7352  0.809526D+00  0.854363D+00 -0.669867D+02
  313.8927  0.904541D+00  0.937475D+00 -0.492026D+02
  314.0500  0.981926D+00  0.982713D+00 -0.117514D+01
  314.2073  0.962698D+00  0.949489D+00  0.197350D+02
  314.3646  0.834729D+00  0.827182D+00  0.112750D+02
  314.5217  0.747405D+00  0.716369D+00  0.463675D+02
  314.6787  0.795031D+00  0.754174D+00  0.610396D+02
  314.8357  0.967017D+00  0.907899D+00  0.883213D+02
  314.9926  0.106505D+01  0.106165D+01  0.507331D+01
  315.1494  0.110428D+01  0.116142D+01 -0.853737D+02
   21 312.947 316.089 314.518 -1.802D-02  0.000D+00  8.191D-01  4.732D+01   300  1.682D-02
  312.9468  0.778524D+00  0.773716D+00  0.718382D+01
  313.1047  0.785506D+00  0.758579D+00  0.402279D+02
  313.2625  0.760302D+00  0.741654D+00  0.278596D+02
  313.4201  0.734862D+00  0.742745D+00 -0.117768D+02
  313.5777  0.737998D+00  0.782150D+00 -0.659620D+02
  313.7352  0.809526D+00  0.859899D+00 -0.752572D+02
  313.8927  0.904541D+00  0.940761D+00 -0.541108D+02
  314.0500  0.981926D+00  0.973550D+00  0.125146D+02
  314.2073  0.962698D+00  0.921044D+00  0.622312D+02
  314.3646  0.834729D+00  0.795301D+00  0.589042D+02
  314.5217  0.747405D+00  0.719375D+00  0.418761D+02
  314.6787  0.795031D+00  0.789041D+00  0.894914D+01
  314.8357  0.967017D+00  0.932599D+00  0.514205D+02
  314.9926  0.106505D+01  0.104625D+01  0.280804D+02
  315.1494  0.110428D+01  0.109620D+01  0.120648D+02
  315.3062  0.107611D+01  0.109995D+01 -0.356171D+02
  315.4629  0.101837D+01  0.106212D+01 -0.653572D+02
  315.6194  0.913889D+00  0.958519D+00 -0.666760D+02
  315.7760  0.786748D+00  0.807597D+00 -0.311482D+02
  315.9324  0.709185D+00  0.693758D+00  0.230480D+02
  316.0888  0.731312D+00  0.674912D+00  0.842605D+02
   21 313.893 317.025 315.459 -4.018D-02  0.000D+00  9.081D-01  4.434D+01 10300  1.537D-02
  313.8927  0.904541D+00  0.941776D+00 -0.556286D+02
  314.0500  0.981926D+00  0.980225D+00  0.254230D+01
  314.2073  0.962698D+00  0.922503D+00  0.600514D+02
  314.3646  0.834729D+00  0.802252D+00  0.485197D+02
  314.5217  0.747405D+00  0.745196D+00  0.329916D+01
  314.6787  0.795031D+00  0.821218D+00 -0.391230D+02
  314.8357  0.967017D+00  0.953704D+00  0.198891D+02
  314.9926  0.106505D+01  0.105026D+01  0.221013D+02
  315.1494  0.110428D+01  0.108915D+01  0.226006D+02
  315.3062  0.107611D+01  0.108695D+01 -0.161933D+02
  315.4629  0.101837D+01  0.104461D+01 -0.392064D+02
  315.6194  0.913889D+00  0.944091D+00 -0.451212D+02
  315.7760  0.786748D+00  0.813922D+00 -0.405981D+02
  315.9324  0.709185D+00  0.734959D+00 -0.385053D+02
  316.0888  0.731312D+00  0.758776D+00 -0.410300D+02
  316.2451  0.868570D+00  0.862711D+00  0.875311D+01
  316.4013  0.100796D+01  0.978789D+00  0.435784D+02
  316.5574  0.112392D+01  0.106524D+01  0.876592D+02
  316.7135  0.118604D+01  0.113871D+01  0.665528D+02
  316.8695  0.123591D+01  0.123776D+01 -0.259490D+01
  317.0254  0.132466D+01  0.138561D+01 -0.809457D+02
   21 314.836 317.959 316.398 -6.318D-02  0.000D+00  9.686D-01  3.805D+01 10300  1.976D-02
  314.8357  0.967017D+00  0.969178D+00 -0.322796D+01
  314.9926  0.106505D+01  0.105621D+01  0.132083D+02
  315.1494  0.110428D+01  0.108483D+01  0.290491D+02
  315.3062  0.107611D+01  0.108136D+01 -0.783094D+01
  315.4629  0.101837D+01  0.103747D+01 -0.285396D+02
  315.6194  0.913889D+00  0.928747D+00 -0.221981D+02
  315.7760  0.786748D+00  0.791482D+00 -0.707282D+01
  315.9324  0.709185D+00  0.722687D+00 -0.201703D+02
  316.0888  0.731312D+00  0.766835D+00 -0.530703D+02
  316.2451  0.868570D+00  0.884299D+00 -0.234979D+02
  316.4013  0.100796D+01  0.997765D+00  0.152287D+02
  316.5574  0.112392D+01  0.106894D+01  0.821374D+02
  316.7135  0.118604D+01  0.112755D+01  0.822378D+02
  316.8695  0.123591D+01  0.121177D+01  0.339465D+02
  317.0254  0.132466D+01  0.134451D+01 -0.263605D+02
  317.1812  0.143446D+01  0.146975D+01 -0.468591D+02
  317.3370  0.150717D+01  0.151247D+01 -0.703128D+01
  317.4927  0.147588D+01  0.150212D+01 -0.348556D+02
  317.6483  0.142192D+01  0.145390D+01 -0.424726D+02
  317.8038  0.131206D+01  0.130405D+01  0.112600D+02
  317.9593  0.114871D+01  0.110847D+01  0.565722D+02
   21 315.776 318.890 317.333 -3.165D-02  0.000D+00  1.037D+00  3.271D+01 10300  1.157D-02
  315.7760  0.786748D+00  0.788743D+00 -0.298018D+01
  315.9324  0.709185D+00  0.711554D+00 -0.353785D+01
  316.0888  0.731312D+00  0.750013D+00 -0.279377D+02
  316.2451  0.868570D+00  0.878441D+00 -0.147464D+02
  316.4013  0.100796D+01  0.101471D+01 -0.100939D+02
  316.5574  0.112392D+01  0.109122D+01  0.488534D+02
  316.7135  0.118604D+01  0.114365D+01  0.596081D+02
  316.8695  0.123591D+01  0.121004D+01  0.363841D+02
  317.0254  0.132466D+01  0.133232D+01 -0.101717D+02
  317.1812  0.143446D+01  0.147079D+01 -0.482413D+02
  317.3370  0.150717D+01  0.151585D+01 -0.115191D+02
  317.4927  0.147588D+01  0.149425D+01 -0.243952D+02
  317.6483  0.142192D+01  0.146209D+01 -0.533403D+02
  317.8038  0.131206D+01  0.133117D+01 -0.268811D+02
  317.9593  0.114871D+01  0.111181D+01  0.518826D+02
  318.1147  0.100890D+01  0.988076D+00  0.311180D+02
  318.2700  0.103789D+01  0.101936D+01  0.276837D+02
  318.4252  0.116746D+01  0.114344D+01  0.337701D+02
  318.5804  0.132158D+01  0.130340D+01  0.241427D+02
  318.7355  0.146866D+01  0.147774D+01 -0.120572D+02
  318.8905  0.162982D+01  0.165579D+01 -0.326766D+02
   21 316.714 319.819 318.266 -8.561D-03  0.000D+00  1.152D+00  3.831D+01 10300  1.012D-02
  316.7135  0.118604D+01  0.121972D+01 -0.473663D+02
  316.8695  0.123591D+01  0.122846D+01  0.104841D+02
  317.0254  0.132466D+01  0.130288D+01  0.289204D+02
  317.1812  0.143446D+01  0.142031D+01  0.187901D+02
  317.3370  0.150717D+01  0.147271D+01  0.457722D+02
  317.4927  0.147588D+01  0.146137D+01  0.192597D+02
  317.6483  0.142192D+01  0.144753D+01 -0.340079D+02
  317.8038  0.131206D+01  0.135629D+01 -0.622038D+02
  317.9593  0.114871D+01  0.115827D+01 -0.134539D+02
  318.1147  0.100890D+01  0.102325D+01 -0.214384D+02
  318.2700  0.103789D+01  0.104252D+01 -0.691049D+01
  318.4252  0.116746D+01  0.116207D+01  0.757436D+01
  318.5804  0.132158D+01  0.131606D+01  0.732576D+01
  318.7355  0.146866D+01  0.146913D+01 -0.624583D+00
  318.8905  0.162982D+01  0.160951D+01  0.255549D+02
  319.0454  0.165224D+01  0.162069D+01  0.396928D+02
  319.2003  0.147605D+01  0.142753D+01  0.610493D+02
  319.3550  0.125461D+01  0.126535D+01 -0.142620D+02
  319.5098  0.121982D+01  0.129003D+01 -0.932391D+02
  319.6644  0.134199D+01  0.137223D+01 -0.401596D+02
  319.8190  0.147712D+01  0.143720D+01  0.502212D+02
   21 317.648 320.745 319.197  1.192D-02  0.000D+00  1.232D+00  5.158D+01 10300  1.403D-02
  317.6483  0.142192D+01  0.133364D+01  0.117229D+03
  317.8038  0.131206D+01  0.135165D+01 -0.556685D+02
  317.9593  0.114871D+01  0.120092D+01 -0.734220D+02
  318.1147  0.100890D+01  0.106004D+01 -0.763971D+02
  318.2700  0.103789D+01  0.106757D+01 -0.443382D+02
  318.4252  0.116746D+01  0.117956D+01 -0.170148D+02
  318.5804  0.132158D+01  0.132256D+01 -0.129737D+01
  318.7355  0.146866D+01  0.145642D+01  0.162484D+02
  318.8905  0.162982D+01  0.158231D+01  0.597709D+02
  319.0454  0.165224D+01  0.160387D+01  0.608516D+02
  319.2003  0.147605D+01  0.141156D+01  0.811372D+02
  319.3550  0.125461D+01  0.122371D+01  0.410324D+02
  319.5098  0.121982D+01  0.124493D+01 -0.333421D+02
  319.6644  0.134199D+01  0.135686D+01 -0.197486D+02
  319.8190  0.147712D+01  0.148554D+01 -0.105990D+02
  319.9735  0.154173D+01  0.158702D+01 -0.569841D+02
  320.1279  0.158101D+01  0.161378D+01 -0.412327D+02
  320.2823  0.163615D+01  0.166789D+01 -0.379395D+02
  320.4365  0.179281D+01  0.178240D+01  0.124488D+02
  320.5907  0.192060D+01  0.189069D+01  0.340555D+02
  320.7449  0.194604D+01  0.192813D+01  0.203958D+02
   21 318.580 321.668 320.124  6.243D-02  0.000D+00  1.218D+00  3.726D+01 10300  9.437D-03
  318.5804  0.132158D+01  0.136756D+01 -0.610551D+02
  318.7355  0.146866D+01  0.147068D+01 -0.267917D+01
  318.8905  0.162982D+01  0.157378D+01  0.705022D+02
  319.0454  0.165224D+01  0.162961D+01  0.284676D+02
  319.2003  0.147605D+01  0.148820D+01 -0.152761D+02
  319.3550  0.125461D+01  0.125735D+01 -0.364011D+01
  319.5098  0.121982D+01  0.121438D+01  0.722168D+01
  319.6644  0.134199D+01  0.132138D+01  0.273691D+02
  319.8190  0.147712D+01  0.145416D+01  0.288887D+02
  319.9735  0.154173D+01  0.158677D+01 -0.566712D+02
  320.1279  0.158101D+01  0.163984D+01 -0.740092D+02
  320.2823  0.163615D+01  0.167582D+01 -0.474136D+02
  320.4365  0.179281D+01  0.177417D+01  0.222818D+02
  320.5907  0.192060D+01  0.187949D+01  0.467957D+02
  320.7449  0.194604D+01  0.192094D+01  0.285804D+02
  320.8989  0.184434D+01  0.184479D+01 -0.510993D+00
  321.0529  0.165597D+01  0.166040D+01 -0.529728D+01
  321.2068  0.148801D+01  0.148016D+01  0.986577D+01
  321.3607  0.141660D+01  0.140261D+01  0.176008D+02
  321.5144  0.147712D+01  0.145538D+01  0.259870D+02
  321.6681  0.159178D+01  0.163105D+01 -0.469433D+02
   21 319.510 322.589 321.049  3.510D-02  0.000D+00  1.358D+00  5.466D+01 10300  1.950D-02
  319.5098  0.121982D+01  0.121978D+01  0.525411D-01
  319.6644  0.134199D+01  0.131005D+01  0.424142D+02
  319.8190  0.147712D+01  0.143996D+01  0.467456D+02
  319.9735  0.154173D+01  0.155756D+01 -0.199263D+02
  320.1279  0.158101D+01  0.163535D+01 -0.683664D+02
  320.2823  0.163615D+01  0.171015D+01 -0.884449D+02
  320.4365  0.179281D+01  0.180937D+01 -0.197830D+02
  320.5907  0.192060D+01  0.189645D+01  0.274954D+02
  320.7449  0.194604D+01  0.190898D+01  0.421932D+02
  320.8989  0.184434D+01  0.181384D+01  0.347220D+02
  321.0529  0.165597D+01  0.164178D+01  0.169567D+02
  321.2068  0.148801D+01  0.148020D+01  0.981987D+01
  321.3607  0.141660D+01  0.140493D+01  0.146799D+02
  321.5144  0.147712D+01  0.143730D+01  0.475915D+02
  321.6681  0.159178D+01  0.155483D+01  0.441572D+02
  321.8217  0.173684D+01  0.170221D+01  0.394294D+02
  321.9753  0.178122D+01  0.181283D+01 -0.359854D+02
  322.1288  0.171975D+01  0.181106D+01 -0.103942D+03
  322.2822  0.161515D+01  0.169889D+01 -0.100088D+03
  322.4355  0.155314D+01  0.155139D+01  0.209420D+01
  322.5887  0.149108D+01  0.139483D+01  0.115045D+03
   21 320.437 323.507 321.972 -1.744D-02  0.000D+00  1.340D+00  3.425D+01   300  1.242D-02
  320.4365  0.179281D+01  0.180370D+01 -0.130151D+02
  320.5907  0.192060D+01  0.192341D+01 -0.319293D+01
  320.7449  0.194604D+01  0.193184D+01  0.161645D+02
  320.8989  0.184434D+01  0.182030D+01  0.273737D+02
  321.0529  0.165597D+01  0.164834D+01  0.911433D+01
  321.2068  0.148801D+01  0.150228D+01 -0.179593D+02
  321.3607  0.141660D+01  0.144636D+01 -0.374445D+02
  321.5144  0.147712D+01  0.148699D+01 -0.118015D+02
  321.6681  0.159178D+01  0.159044D+01  0.160128D+01
  321.8217  0.173684D+01  0.170378D+01  0.376355D+02
  321.9753  0.178122D+01  0.176452D+01  0.190046D+02
  322.1288  0.171975D+01  0.173686D+01 -0.194836D+02
  322.2822  0.161515D+01  0.164776D+01 -0.389836D+02
  322.4355  0.155314D+01  0.154767D+01  0.654833D+01
  322.5887  0.149108D+01  0.145108D+01  0.478103D+02
  322.7419  0.136714D+01  0.136443D+01  0.340877D+01
  322.8951  0.127395D+01  0.132971D+01 -0.701490D+02
  323.0482  0.136932D+01  0.138742D+01 -0.216243D+02
  323.2011  0.155800D+01  0.150775D+01  0.600537D+02
  323.3540  0.167472D+01  0.162464D+01  0.570037D+02
  323.5068  0.167632D+01  0.172626D+01 -0.568395D+02
   21 321.361 324.422 322.892 -4.291D-02  0.000D+00  1.365D+00  3.658D+01   300  1.779D-02
  321.3607  0.141660D+01  0.145731D+01 -0.512268D+02
  321.5144  0.147712D+01  0.147761D+01 -0.587930D+00
  321.6681  0.159178D+01  0.157551D+01  0.194410D+02
  321.8217  0.173684D+01  0.169313D+01  0.497580D+02
  321.9753  0.178122D+01  0.176111D+01  0.228867D+02
  322.1288  0.171975D+01  0.171584D+01  0.444790D+01
  322.2822  0.161515D+01  0.161965D+01 -0.537751D+01
  322.4355  0.155314D+01  0.155455D+01 -0.167747D+01
  322.5887  0.149108D+01  0.147655D+01  0.173670D+02
  322.7419  0.136714D+01  0.137992D+01 -0.160845D+02
  322.8951  0.127395D+01  0.134495D+01 -0.893202D+02
  323.0482  0.136932D+01  0.143137D+01 -0.741555D+02
  323.2011  0.155800D+01  0.157506D+01 -0.203977D+02
  323.3540  0.167472D+01  0.163336D+01  0.470841D+02
  323.5068  0.167632D+01  0.162179D+01  0.620766D+02
  323.6596  0.168525D+01  0.166551D+01  0.224783D+02
  323.8123  0.179465D+01  0.177733D+01  0.197072D+02
  323.9649  0.192055D+01  0.190910D+01  0.124323D+02
  324.1175  0.201213D+01  0.201716D+01 -0.523163D+01
  324.2700  0.204597D+01  0.206128D+01 -0.159085D+02
  324.4224  0.205615D+01  0.206967D+01 -0.140594D+02
   21 322.282 325.335 323.809 -3.771D-02  0.000D+00  1.510D+00  4.759D+01 10300  1.986D-02
  322.2822  0.161515D+01  0.157172D+01  0.519052D+02
  322.4355  0.155314D+01  0.155533D+01 -0.261398D+01
  322.5887  0.149108D+01  0.149706D+01 -0.714192D+01
  322.7419  0.136714D+01  0.138310D+01 -0.200853D+02
  322.8951  0.127395D+01  0.132576D+01 -0.651793D+02
  323.0482  0.136932D+01  0.142212D+01 -0.631004D+02
  323.2011  0.155800D+01  0.161613D+01 -0.694851D+02
  323.3540  0.167472D+01  0.166097D+01  0.156582D+02
  323.5068  0.167632D+01  0.159922D+01  0.877610D+02
  323.6596  0.168525D+01  0.163225D+01  0.603289D+02
  323.8123  0.179465D+01  0.175235D+01  0.481480D+02
  323.9649  0.192055D+01  0.188357D+01  0.401720D+02
  324.1175  0.201213D+01  0.200791D+01  0.438194D+01
  324.2700  0.204597D+01  0.204704D+01 -0.111422D+01
  324.4224  0.205615D+01  0.205499D+01  0.120624D+01
  324.5747  0.206496D+01  0.209350D+01 -0.296594D+02
  324.7270  0.197782D+01  0.200431D+01 -0.275366D+02
  324.8792  0.182624D+01  0.185030D+01 -0.261366D+02
  325.0313  0.174075D+01  0.181449D+01 -0.801223D+02
  325.1833  0.183506D+01  0.184217D+01 -0.772696D+01
  325.3353  0.196421D+01  0.188366D+01  0.837128D+02
   21 323.201 326.246 324.723 -2.997D-02  0.000D+00  1.476D+00  2.481D+01 10300  1.069D-02
  323.2011  0.155800D+01  0.158559D+01 -0.329857D+02
  323.3540  0.167472D+01  0.167871D+01 -0.453459D+01
  323.5068  0.167632D+01  0.163447D+01  0.476436D+02
  323.6596  0.168525D+01  0.167048D+01  0.168121D+02
  323.8123  0.179465D+01  0.179132D+01  0.378924D+01
  323.9649  0.192055D+01  0.191545D+01  0.553559D+01
  324.1175  0.201213D+01  0.202934D+01 -0.178890D+02
  324.2700  0.204597D+01  0.205388D+01 -0.822263D+01
  324.4224  0.205615D+01  0.203962D+01  0.171724D+02
  324.5747  0.206496D+01  0.206674D+01 -0.184438D+01
  324.7270  0.197782D+01  0.197809D+01 -0.284145D+00
  324.8792  0.182624D+01  0.182304D+01  0.347772D+01
  325.0313  0.174075D+01  0.179698D+01 -0.610932D+02
  325.1833  0.183506D+01  0.185527D+01 -0.219644D+02
  325.3353  0.196421D+01  0.194901D+01  0.157938D+02
  325.4872  0.215205D+01  0.212998D+01  0.219799D+02
  325.6391  0.234468D+01  0.235986D+01 -0.151178D+02
  325.7909  0.254063D+01  0.250498D+01  0.340870D+02
  325.9426  0.267611D+01  0.264600D+01  0.287932D+02
  326.0942  0.276273D+01  0.275794D+01  0.457814D+01
  326.2458  0.277722D+01  0.281539D+01 -0.364910D+02
   21 324.117 327.154 325.636  1.985D-02  0.000D+00  1.501D+00  3.792D+01   300  1.311D-02
  324.1175  0.201213D+01  0.206400D+01 -0.539129D+02
  324.2700  0.204597D+01  0.206551D+01 -0.203093D+02
  324.4224  0.205615D+01  0.198911D+01  0.696696D+02
  324.5747  0.206496D+01  0.200805D+01  0.591489D+02
  324.7270  0.197782D+01  0.198635D+01 -0.887268D+01
  324.8792  0.182624D+01  0.181645D+01  0.106321D+02
  325.0313  0.174075D+01  0.176868D+01 -0.303443D+02
  325.1833  0.183506D+01  0.184510D+01 -0.109127D+02
  325.3353  0.196421D+01  0.195327D+01  0.113650D+02
  325.4872  0.215205D+01  0.212142D+01  0.305096D+02
  325.6391  0.234468D+01  0.240388D+01 -0.589588D+02
  325.7909  0.254063D+01  0.257820D+01 -0.359225D+02
  325.9426  0.267611D+01  0.268932D+01 -0.126271D+02
  326.0942  0.276273D+01  0.278226D+01 -0.186789D+02
  326.2458  0.277722D+01  0.275945D+01  0.169954D+02
  326.3973  0.267961D+01  0.268291D+01 -0.315568D+01
  326.5487  0.265559D+01  0.257074D+01  0.811292D+02
  326.7001  0.273013D+01  0.268011D+01  0.478239D+02
  326.8514  0.284680D+01  0.286534D+01 -0.170461D+02
  327.0026  0.278894D+01  0.282988D+01 -0.376438D+02
  327.1537  0.262683D+01  0.263604D+01 -0.880657D+01
   21 325.031 328.059 326.545  2.615D-02  0.000D+00  1.632D+00  3.220D+01 10300  1.431D-02
  325.0313  0.174075D+01  0.173117D+01  0.104059D+02
  325.1833  0.183506D+01  0.182191D+01  0.142778D+02
  325.3353  0.196421D+01  0.194956D+01  0.152197D+02
  325.4872  0.215205D+01  0.213343D+01  0.185426D+02
  325.6391  0.234468D+01  0.239852D+01 -0.536241D+02
  325.7909  0.254063D+01  0.258671D+01 -0.440565D+02
  325.9426  0.267611D+01  0.269898D+01 -0.218630D+02
  326.0942  0.276273D+01  0.277835D+01 -0.149394D+02
  326.2458  0.277722D+01  0.275661D+01  0.197091D+02
  326.3973  0.267961D+01  0.267380D+01  0.555489D+01
  326.5487  0.265559D+01  0.257845D+01  0.737543D+02
  326.7001  0.273013D+01  0.266158D+01  0.655453D+02
  326.8514  0.284680D+01  0.282416D+01  0.208117D+02
  327.0026  0.278894D+01  0.281291D+01 -0.220382D+02
  327.1537  0.262683D+01  0.266254D+01 -0.341409D+02
  327.3048  0.256649D+01  0.259504D+01 -0.273059D+02
  327.4559  0.262689D+01  0.265742D+01 -0.291922D+02
  327.6068  0.264606D+01  0.265649D+01 -0.996927D+01
  327.7577  0.254116D+01  0.254068D+01  0.460044D+00
  327.9085  0.240349D+01  0.241449D+01 -0.105167D+02
  328.0593  0.236036D+01  0.232234D+01  0.363514D+02
   21 325.943 328.962 327.452  2.109D-02  0.000D+00  1.585D+00  3.853D+01 10300  2.910D-02
  325.9426  0.267611D+01  0.266251D+01  0.130050D+02
  326.0942  0.276273D+01  0.276140D+01  0.127463D+01
  326.2458  0.277722D+01  0.277339D+01  0.366292D+01
  326.3973  0.267961D+01  0.272434D+01 -0.427704D+02
  326.5487  0.265559D+01  0.268959D+01 -0.325174D+02
  326.7001  0.273013D+01  0.272245D+01  0.733967D+01
  326.8514  0.284680D+01  0.277477D+01  0.662206D+02
  327.0026  0.278894D+01  0.275190D+01  0.340481D+02
  327.1537  0.262683D+01  0.266611D+01 -0.375596D+02
  327.3048  0.256649D+01  0.260894D+01 -0.405913D+02
  327.4559  0.262689D+01  0.260023D+01  0.254942D+02
  327.6068  0.264606D+01  0.258322D+01  0.600884D+02
  327.7577  0.254116D+01  0.252538D+01  0.150957D+02
  327.9085  0.240349D+01  0.246241D+01 -0.563354D+02
  328.0593  0.236036D+01  0.242692D+01 -0.636404D+02
  328.2099  0.237929D+01  0.241992D+01 -0.388477D+02
  328.3605  0.245993D+01  0.242045D+01  0.377509D+02
  328.5110  0.246709D+01  0.240469D+01  0.596684D+02
  328.6615  0.239982D+01  0.237434D+01  0.243629D+02
  328.8120  0.240497D+01  0.242666D+01 -0.207405D+02
  328.9623  0.263866D+01  0.265437D+01 -0.150146D+02
   21 326.851 329.863 328.357 -2.996D-02  0.000D+00  1.573D+00  4.776D+01 10304  3.635D-02
  326.8514  0.284680D+01  0.288638D+01 -0.363887D+02
  327.0026  0.278894D+01  0.276956D+01  0.178176D+02
  327.1537  0.262683D+01  0.264846D+01 -0.206756D+02
  327.3048  0.256649D+01  0.258569D+01 -0.183611D+02
  327.4559  0.262689D+01  0.256516D+01  0.590208D+02
  327.6068  0.264606D+01  0.253881D+01  0.102544D+03
  327.7577  0.254116D+01  0.249317D+01  0.458925D+02
  327.9085  0.240349D+01  0.245817D+01 -0.522839D+02
  328.0593  0.236036D+01  0.244952D+01 -0.852498D+02
  328.2099  0.237929D+01  0.245731D+01 -0.745984D+02
  328.3605  0.245993D+01  0.245491D+01  0.480077D+01
  328.5110  0.246709D+01  0.242573D+01  0.395458D+02
  328.6615  0.239982D+01  0.240035D+01 -0.500084D+00
  328.8120  0.240497D+01  0.247065D+01 -0.627968D+02
  328.9623  0.263866D+01  0.266267D+01 -0.229524D+02
  329.1125  0.294329D+01  0.289164D+01  0.457280D+02
  329.2628  0.313670D+01  0.306757D+01  0.611960D+02
  329.4128  0.320586D+01  0.317657D+01  0.259287D+02
  329.5629  0.325076D+01  0.323882D+01  0.105706D+02
  329.7130  0.325496D+01  0.327557D+01 -0.182437D+02
  329.8629  0.327756D+01  0.330995D+01 -0.286709D+02
   21 327.758 330.761 329.259 -2.887D-02  0.000D+00  1.689D+00  3.528D+01 10300  1.437D-02
  327.7577  0.254116D+01  0.245673D+01  0.807330D+02
  327.9085  0.240349D+01  0.242547D+01 -0.210101D+02
  328.0593  0.236036D+01  0.243150D+01 -0.680222D+02
  328.2099  0.237929D+01  0.245440D+01 -0.718147D+02
  328.3605  0.245993D+01  0.247010D+01 -0.972395D+01
  328.5110  0.246709D+01  0.243379D+01  0.318440D+02
  328.6615  0.239982D+01  0.235664D+01  0.412936D+02
  328.8120  0.240497D+01  0.240217D+01  0.268227D+01
  328.9623  0.263866D+01  0.264993D+01 -0.107695D+02
  329.1125  0.294329D+01  0.291837D+01  0.220641D+02
  329.2628  0.313670D+01  0.308739D+01  0.436489D+02
  329.4128  0.320586D+01  0.318976D+01  0.142501D+02
  329.5629  0.325076D+01  0.324200D+01  0.776312D+01
  329.7130  0.325496D+01  0.326911D+01 -0.125239D+02
  329.8629  0.327756D+01  0.331836D+01 -0.361182D+02
  330.0127  0.335868D+01  0.337377D+01 -0.128835D+02
  330.1625  0.328851D+01  0.330272D+01 -0.121317D+02
  330.3123  0.308576D+01  0.306852D+01  0.152638D+02
  330.4619  0.277237D+01  0.280065D+01 -0.259940D+02
  330.6115  0.257465D+01  0.258129D+01 -0.634885D+01
  330.7610  0.253827D+01  0.250390D+01  0.328628D+02
   21 328.662 331.657 330.159 -2.387D-03  0.000D+00  1.683D+00  1.900D+01   300  5.847D-03
  328.6615  0.239982D+01  0.238737D+01  0.119117D+02
  328.8120  0.240497D+01  0.238455D+01  0.195282D+02
  328.9623  0.263866D+01  0.265541D+01 -0.160070D+02
  329.1125  0.294329D+01  0.297264D+01 -0.259835D+02
  329.2628  0.313670D+01  0.313251D+01  0.370906D+01
  329.4128  0.320586D+01  0.322267D+01 -0.148834D+02
  329.5629  0.325076D+01  0.325718D+01 -0.568037D+01
  329.7130  0.325496D+01  0.324856D+01  0.566838D+01
  329.8629  0.327756D+01  0.326350D+01  0.124528D+02
  330.0127  0.335868D+01  0.333076D+01  0.238308D+02
  330.1625  0.328851D+01  0.330438D+01 -0.135466D+02
  330.3123  0.308576D+01  0.305913D+01  0.235739D+02
  330.4619  0.277237D+01  0.279852D+01 -0.240365D+02
  330.6115  0.257465D+01  0.257628D+01 -0.156202D+01
  330.7610  0.253827D+01  0.249300D+01  0.432808D+02
  330.9105  0.263724D+01  0.264645D+01 -0.845865D+01
  331.0599  0.278391D+01  0.279983D+01 -0.140925D+02
  331.2092  0.277291D+01  0.280233D+01 -0.260517D+02
  331.3585  0.267191D+01  0.269463D+01 -0.208843D+02
  331.5077  0.262807D+01  0.261462D+01  0.119152D+02
  331.6568  0.272540D+01  0.270327D+01  0.195911D+02
   21 329.563 332.550 331.057  6.273D-03  0.000D+00  1.626D+00  3.117D+01 10300  9.527D-03
  329.5629  0.325076D+01  0.329392D+01 -0.382053D+02
  329.7130  0.325496D+01  0.325753D+01 -0.226795D+01
  329.8629  0.327756D+01  0.325129D+01  0.232605D+02
  330.0127  0.335868D+01  0.330811D+01  0.431654D+02
  330.1625  0.328851D+01  0.329161D+01 -0.264331D+01
  330.3123  0.308576D+01  0.305651D+01  0.258938D+02
  330.4619  0.277237D+01  0.280000D+01 -0.254032D+02
  330.6115  0.257465D+01  0.258276D+01 -0.775419D+01
  330.7610  0.253827D+01  0.249198D+01  0.442563D+02
  330.9105  0.263724D+01  0.264653D+01 -0.853273D+01
  331.0599  0.278391D+01  0.281671D+01 -0.290405D+02
  331.2092  0.277291D+01  0.283190D+01 -0.522295D+02
  331.3585  0.267191D+01  0.272710D+01 -0.507377D+02
  331.5077  0.262807D+01  0.263486D+01 -0.600331D+01
  331.6568  0.272540D+01  0.270403D+01  0.189136D+02
  331.8058  0.290342D+01  0.287674D+01  0.236163D+02
  331.9549  0.300524D+01  0.296348D+01  0.369733D+02
  332.1038  0.294489D+01  0.290764D+01  0.329778D+02
  332.2527  0.276764D+01  0.275753D+01  0.894776D+01
  332.4014  0.271540D+01  0.269405D+01  0.188997D+02
  332.5502  0.283213D+01  0.289527D+01 -0.559004D+02
   21 330.462 333.441 331.952 -3.308D-04  0.000D+00  1.688D+00  2.411D+01 10300  7.759D-03
  330.4619  0.277237D+01  0.279927D+01 -0.247244D+02
  330.6115  0.257465D+01  0.256406D+01  0.101287D+02
  330.7610  0.253827D+01  0.247489D+01  0.605917D+02
  330.9105  0.263724D+01  0.263137D+01  0.540231D+01
  331.0599  0.278391D+01  0.279655D+01 -0.111924D+02
  331.2092  0.277291D+01  0.281250D+01 -0.350522D+02
  331.3585  0.267191D+01  0.271463D+01 -0.392677D+02
  331.5077  0.262807D+01  0.263705D+01 -0.794830D+01
  331.6568  0.272540D+01  0.272238D+01  0.267231D+01
  331.8058  0.290342D+01  0.290119D+01  0.197143D+01
  331.9549  0.300524D+01  0.298245D+01  0.201753D+02
  332.1038  0.294489D+01  0.291479D+01  0.266521D+02
  332.2527  0.276764D+01  0.274990D+01  0.157076D+02
  332.4014  0.271540D+01  0.267545D+01  0.353692D+02
  332.5502  0.283213D+01  0.284860D+01 -0.145814D+02
  332.6989  0.297572D+01  0.300133D+01 -0.218635D+02
  332.8474  0.291135D+01  0.291951D+01 -0.696793D+01
  332.9960  0.278977D+01  0.280350D+01 -0.121546D+02
  333.1445  0.281343D+01  0.284121D+01 -0.245922D+02
  333.2928  0.290596D+01  0.290754D+01 -0.130199D+01
  333.4412  0.281793D+01  0.278660D+01  0.267483D+02
   21 331.358 334.330 332.844  1.204D-02  0.000D+00  1.731D+00  1.669D+01 10300  5.796D-03
  331.3585  0.267191D+01  0.265588D+01  0.147387D+02
  331.5077  0.262807D+01  0.262265D+01  0.480296D+01
  331.6568  0.272540D+01  0.272521D+01  0.162338D+00
  331.8058  0.290342D+01  0.292201D+01 -0.164571D+02
  331.9549  0.300524D+01  0.302288D+01 -0.156151D+02
  332.1038  0.294489D+01  0.296163D+01 -0.148230D+02
  332.2527  0.276764D+01  0.278943D+01 -0.192905D+02
  332.4014  0.271540D+01  0.268508D+01  0.268377D+02
  332.5502  0.283213D+01  0.282395D+01  0.723532D+01
  332.6989  0.297572D+01  0.297378D+01  0.164893D+01
  332.8474  0.291135D+01  0.289838D+01  0.110689D+02
  332.9960  0.278977D+01  0.277356D+01  0.143462D+02
  333.1445  0.281343D+01  0.280104D+01  0.109700D+02
  333.2928  0.290596D+01  0.288617D+01  0.163111D+02
  333.4412  0.281793D+01  0.281540D+01  0.215829D+01
  333.5895  0.256181D+01  0.257395D+01 -0.107476D+02
  333.7377  0.241450D+01  0.242430D+01 -0.868041D+01
  333.8858  0.249088D+01  0.253585D+01 -0.398160D+02
  334.0339  0.267120D+01  0.269277D+01 -0.184110D+02
  334.1819  0.275066D+01  0.274589D+01  0.407244D+01
  334.3299  0.285076D+01  0.281482D+01  0.296273D+02
   19 332.253 334.921 333.587  6.425D-03  0.000D+00  1.686D+00  1.671D+01 10300  5.916D-03
  332.2527  0.276764D+01  0.278377D+01 -0.142773D+02
  332.4014  0.271540D+01  0.269327D+01  0.195936D+02
  332.5502  0.283213D+01  0.284013D+01 -0.708418D+01
  332.6989  0.297572D+01  0.298301D+01 -0.622863D+01
  332.8474  0.291135D+01  0.290215D+01  0.784883D+01
  332.9960  0.278977D+01  0.278111D+01  0.766777D+01
  333.1445  0.281343D+01  0.281232D+01  0.981335D+00
  333.2928  0.290596D+01  0.289111D+01  0.122421D+02
  333.4412  0.281793D+01  0.280934D+01  0.732953D+01
  333.5895  0.256181D+01  0.256591D+01 -0.363004D+01
  333.7377  0.241450D+01  0.242525D+01 -0.952481D+01
  333.8858  0.249088D+01  0.254018D+01 -0.436467D+02
  334.0339  0.267120D+01  0.269163D+01 -0.174338D+02
  334.1819  0.275066D+01  0.274395D+01  0.572421D+01
  334.3299  0.285076D+01  0.281863D+01  0.264856D+02
  334.4777  0.299406D+01  0.298256D+01  0.947423D+01
  334.6255  0.312711D+01  0.309701D+01  0.239867D+02
  334.7733  0.303180D+01  0.303148D+01  0.253153D+00
  334.9210  0.279296D+01  0.282243D+01 -0.242864D+02
   13 333.144 334.921 334.033  2.592D-02  0.000D+00  1.671D+00  1.142D+01 10300  8.216D-03
  333.1445  0.281343D+01  0.283167D+01 -0.161451D+02
  333.2928  0.290596D+01  0.288010D+01  0.213185D+02
  333.4412  0.281793D+01  0.280729D+01  0.907829D+01
  333.5895  0.256181D+01  0.257058D+01 -0.776297D+01
  333.7377  0.241450D+01  0.240664D+01  0.695174D+01
  333.8858  0.249088D+01  0.250673D+01 -0.140368D+02
  334.0339  0.267120D+01  0.268262D+01 -0.974370D+01
  334.1819  0.275066D+01  0.275888D+01 -0.701723D+01
  334.3299  0.285076D+01  0.283268D+01  0.149061D+02
  334.4777  0.299406D+01  0.299274D+01  0.108867D+01
  334.6255  0.312711D+01  0.311241D+01  0.117116D+02
  334.7733  0.303180D+01  0.304350D+01 -0.932404D+01
  334.9210  0.279296D+01  0.279452D+01 -0.128673D+01
