           0
 T F
nwave fwave lwave wave  shift    squeeze     sin      rms    exval
   21 263.694 270.863 267.279 -6.816D-02  0.000D+00  4.215D-03  2.440D+00 10000  3.163D-02
  263.6940  0.121169D-02  0.131125D-02 -0.517695D+01
  264.0618  0.176528D-02  0.162492D-02  0.605733D+01
  264.4285  0.162468D-02  0.161456D-02  0.458334D+00
  264.7941  0.132834D-02  0.137354D-02 -0.237010D+01
  265.1586  0.149101D-02  0.142464D-02  0.375940D+01
  265.5221  0.166093D-02  0.163831D-02  0.134136D+01
  265.8846  0.158574D-02  0.162168D-02 -0.217103D+01
  266.2461  0.142402D-02  0.147989D-02 -0.365441D+01
  266.6066  0.145002D-02  0.142433D-02  0.169820D+01
  266.9662  0.146579D-02  0.145012D-02  0.103559D+01
  267.3248  0.149479D-02  0.152081D-02 -0.170188D+01
  267.6824  0.148518D-02  0.150370D-02 -0.125046D+01
  268.0392  0.143095D-02  0.141409D-02  0.115000D+01
  268.3951  0.144041D-02  0.143369D-02  0.453724D+00
  268.7502  0.141881D-02  0.140626D-02  0.847068D+00
  269.1043  0.139154D-02  0.137246D-02  0.128826D+01
  269.4577  0.138382D-02  0.137755D-02  0.427667D+00
  269.8102  0.143363D-02  0.146432D-02 -0.209375D+01
  270.1620  0.164533D-02  0.165108D-02 -0.361184D+00
  270.5129  0.171516D-02  0.168601D-02  0.186748D+01
  270.8631  0.159898D-02  0.161621D-02 -0.110403D+01
   21 265.885 272.949 269.417 -2.724D-02  0.000D+00  4.232D-03  1.549D+00 10000  1.900D-02
  265.8846  0.158574D-02  0.159823D-02 -0.754446D+00
  266.2461  0.142402D-02  0.146213D-02 -0.249274D+01
  266.6066  0.145002D-02  0.139835D-02  0.341452D+01
  266.9662  0.146579D-02  0.142503D-02  0.269321D+01
  267.3248  0.149479D-02  0.149940D-02 -0.301746D+00
  267.6824  0.148518D-02  0.151231D-02 -0.183115D+01
  268.0392  0.143095D-02  0.142140D-02  0.651616D+00
  268.3951  0.144041D-02  0.144321D-02 -0.188989D+00
  268.7502  0.141881D-02  0.143063D-02 -0.797539D+00
  269.1043  0.139154D-02  0.139206D-02 -0.346693D-01
  269.4577  0.138382D-02  0.139678D-02 -0.883769D+00
  269.8102  0.143363D-02  0.146113D-02 -0.187562D+01
  270.1620  0.164533D-02  0.164460D-02  0.453089D-01
  270.5129  0.171516D-02  0.168677D-02  0.181879D+01
  270.8631  0.159898D-02  0.159649D-02  0.159934D+00
  271.2126  0.157140D-02  0.154048D-02  0.196117D+01
  271.5613  0.137231D-02  0.137888D-02 -0.438752D+00
  271.9093  0.110687D-02  0.111753D-02 -0.727625D+00
  272.2566  0.108370D-02  0.106790D-02  0.105511D+01
  272.6032  0.121894D-02  0.125638D-02 -0.247387D+01
  272.9491  0.149353D-02  0.148005D-02  0.863732D+00
   21 268.039 275.011 271.525  5.132D-03  0.000D+00  4.326D-03  1.285D+00 10000  1.201D-02
  268.0392  0.143095D-02  0.141745D-02  0.920797D+00
  268.3951  0.144041D-02  0.143937D-02  0.699140D-01
  268.7502  0.141881D-02  0.143760D-02 -0.126790D+01
  269.1043  0.139154D-02  0.139424D-02 -0.181708D+00
  269.4577  0.138382D-02  0.139880D-02 -0.102161D+01
  269.8102  0.143363D-02  0.144585D-02 -0.833648D+00
  270.1620  0.164533D-02  0.162921D-02  0.101208D+01
  270.5129  0.171516D-02  0.168744D-02  0.177580D+01
  270.8631  0.159898D-02  0.159705D-02  0.123885D+00
  271.2126  0.157140D-02  0.154186D-02  0.187391D+01
  271.5613  0.137231D-02  0.139768D-02 -0.169386D+01
  271.9093  0.110687D-02  0.113590D-02 -0.198024D+01
  272.2566  0.108370D-02  0.106050D-02  0.154895D+01
  272.6032  0.121894D-02  0.124513D-02 -0.173092D+01
  272.9491  0.149353D-02  0.149448D-02 -0.611418D-01
  273.2944  0.146610D-02  0.147233D-02 -0.399239D+00
  273.6390  0.121201D-02  0.118496D-02  0.178720D+01
  273.9830  0.974932D-03  0.954820D-03  0.137195D+01
  274.3264  0.834643D-03  0.854548D-03 -0.140307D+01
  274.6692  0.830387D-03  0.852514D-03 -0.152583D+01
  275.0114  0.962637D-03  0.947873D-03  0.100710D+01
   21 270.162 277.053 273.607  1.109D-02  0.000D+00  4.513D-03  1.394D+00 10000  1.260D-02
  270.1620  0.164533D-02  0.165317D-02 -0.492979D+00
  270.5129  0.171516D-02  0.170192D-02  0.848366D+00
  270.8631  0.159898D-02  0.160343D-02 -0.284669D+00
  271.2126  0.157140D-02  0.154205D-02  0.186215D+01
  271.5613  0.137231D-02  0.139828D-02 -0.173370D+01
  271.9093  0.110687D-02  0.113764D-02 -0.209933D+01
  272.2566  0.108370D-02  0.105739D-02  0.175639D+01
  272.6032  0.121894D-02  0.123937D-02 -0.134993D+01
  272.9491  0.149353D-02  0.148915D-02  0.280923D+00
  273.2944  0.146610D-02  0.147377D-02 -0.491395D+00
  273.6390  0.121201D-02  0.118782D-02  0.159796D+01
  273.9830  0.974932D-03  0.953872D-03  0.143660D+01
  274.3264  0.834643D-03  0.848403D-03 -0.969944D+00
  274.6692  0.830387D-03  0.840104D-03 -0.670078D+00
  275.0114  0.962637D-03  0.924011D-03  0.263486D+01
  275.3530  0.111869D-02  0.110982D-02  0.598488D+00
  275.6941  0.123171D-02  0.126660D-02 -0.228203D+01
  276.0346  0.157345D-02  0.156262D-02  0.673165D+00
  276.3746  0.167417D-02  0.170373D-02 -0.178565D+01
  276.7140  0.175346D-02  0.175561D-02 -0.125172D+00
  277.0529  0.177568D-02  0.175445D-02  0.122464D+01
   21 272.257 279.076 275.666  1.858D-02  0.000D+00  4.705D-03  1.263D+00 10000  1.226D-02
  272.2566  0.108370D-02  0.105585D-02  0.185981D+01
  272.6032  0.121894D-02  0.124050D-02 -0.142440D+01
  272.9491  0.149353D-02  0.149377D-02 -0.153801D-01
  273.2944  0.146610D-02  0.148811D-02 -0.141007D+01
  273.6390  0.121201D-02  0.120465D-02  0.486219D+00
  273.9830  0.974932D-03  0.964206D-03  0.731718D+00
  274.3264  0.834643D-03  0.852051D-03 -0.122708D+01
  274.6692  0.830387D-03  0.839018D-03 -0.595203D+00
  275.0114  0.962637D-03  0.917870D-03  0.305379D+01
  275.3530  0.111869D-02  0.109783D-02  0.140773D+01
  275.6941  0.123171D-02  0.125495D-02 -0.151990D+01
  276.0346  0.157345D-02  0.154542D-02  0.174304D+01
  276.3746  0.167417D-02  0.169838D-02 -0.146258D+01
  276.7140  0.175346D-02  0.176453D-02 -0.644328D+00
  277.0529  0.177568D-02  0.178392D-02 -0.474887D+00
  277.3914  0.181383D-02  0.181200D-02  0.101628D+00
  277.7293  0.162941D-02  0.161347D-02  0.894761D+00
  278.0667  0.135198D-02  0.134608D-02  0.340381D+00
  278.4037  0.123281D-02  0.125987D-02 -0.156022D+01
  278.7402  0.117859D-02  0.116675D-02  0.682860D+00
  279.0763  0.929378D-03  0.923294D-03  0.357342D+00
   21 274.326 281.084 277.705  1.835D-02  0.000D+00  4.996D-03  1.272D+00 10000  2.256D-02
  274.3264  0.834643D-03  0.856402D-03 -0.153380D+01
  274.6692  0.830387D-03  0.841143D-03 -0.741692D+00
  275.0114  0.962637D-03  0.920044D-03  0.290549D+01
  275.3530  0.111869D-02  0.109604D-02  0.152838D+01
  275.6941  0.123171D-02  0.125767D-02 -0.169804D+01
  276.0346  0.157345D-02  0.154265D-02  0.191546D+01
  276.3746  0.167417D-02  0.169895D-02 -0.149708D+01
  276.7140  0.175346D-02  0.176607D-02 -0.734119D+00
  277.0529  0.177568D-02  0.178812D-02 -0.717207D+00
  277.3914  0.181383D-02  0.181156D-02  0.126180D+00
  277.7293  0.162941D-02  0.161462D-02  0.829818D+00
  278.0667  0.135198D-02  0.134987D-02  0.121571D+00
  278.4037  0.123281D-02  0.125757D-02 -0.142761D+01
  278.7402  0.117859D-02  0.115908D-02  0.112497D+01
  279.0763  0.929378D-03  0.915910D-03  0.791113D+00
  279.4119  0.697191D-03  0.693306D-03  0.239262D+00
  279.7471  0.601037D-03  0.606557D-03 -0.350165D+00
  280.0818  0.596781D-03  0.610021D-03 -0.857096D+00
  280.4162  0.747159D-03  0.714029D-03  0.208098D+01
  280.7501  0.985020D-03  0.995245D-03 -0.648647D+00
  281.0836  0.139107D-02  0.139659D-02 -0.330432D+00
   21 276.375 283.077 279.726 -4.745D-03  0.000D+00  5.635D-03  1.222D+00 10000  1.408D-02
  276.3746  0.167417D-02  0.167034D-02  0.231690D+00
  276.7140  0.175346D-02  0.174807D-02  0.313855D+00
  277.0529  0.177568D-02  0.178865D-02 -0.747519D+00
  277.3914  0.181383D-02  0.181349D-02  0.187915D-01
  277.7293  0.162941D-02  0.161176D-02  0.990869D+00
  278.0667  0.135198D-02  0.136117D-02 -0.530310D+00
  278.4037  0.123281D-02  0.127543D-02 -0.245761D+01
  278.7402  0.117859D-02  0.116386D-02  0.849174D+00
  279.0763  0.929378D-03  0.910613D-03  0.110225D+01
  279.4119  0.697191D-03  0.690913D-03  0.386676D+00
  279.7471  0.601037D-03  0.605848D-03 -0.305163D+00
  280.0818  0.596781D-03  0.608542D-03 -0.761292D+00
  280.4162  0.747159D-03  0.713142D-03  0.213667D+01
  280.7501  0.985020D-03  0.983771D-03  0.792680D-01
  281.0836  0.139107D-02  0.134764D-02  0.259940D+01
  281.4168  0.175283D-02  0.174462D-02  0.473267D+00
  281.7496  0.209268D-02  0.214295D-02 -0.287324D+01
  282.0820  0.243142D-02  0.244335D-02 -0.658050D+00
  282.4140  0.262467D-02  0.261911D-02  0.299264D+00
  282.7456  0.276669D-02  0.275845D-02  0.446816D+00
  283.0769  0.295443D-02  0.295025D-02  0.224975D+00
   21 278.404 285.058 281.731 -1.173D-02  0.000D+00  6.019D-03  1.156D+00 10000  1.248D-02
  278.4037  0.123281D-02  0.124782D-02 -0.865432D+00
  278.7402  0.117859D-02  0.115831D-02  0.116928D+01
  279.0763  0.929378D-03  0.915894D-03  0.792012D+00
  279.4119  0.697191D-03  0.701314D-03 -0.253960D+00
  279.7471  0.601037D-03  0.617692D-03 -0.105655D+01
  280.0818  0.596781D-03  0.621133D-03 -0.157643D+01
  280.4162  0.747159D-03  0.728046D-03  0.120054D+01
  280.7501  0.985020D-03  0.999943D-03 -0.946717D+00
  281.0836  0.139107D-02  0.135903D-02  0.191748D+01
  281.4168  0.175283D-02  0.174821D-02  0.266224D+00
  281.7496  0.209268D-02  0.213445D-02 -0.238740D+01
  282.0820  0.243142D-02  0.242481D-02  0.364746D+00
  282.4140  0.262467D-02  0.259894D-02  0.138346D+01
  282.7456  0.276669D-02  0.275123D-02  0.838778D+00
  283.0769  0.295443D-02  0.296656D-02 -0.651868D+00
  283.4079  0.298611D-02  0.300941D-02 -0.122151D+01
  283.7385  0.294119D-02  0.296092D-02 -0.104303D+01
  284.0688  0.295680D-02  0.292168D-02  0.188768D+01
  284.3987  0.265793D-02  0.265404D-02  0.214606D+00
  284.7284  0.208937D-02  0.208939D-02 -0.150072D-02
  285.0577  0.138004D-02  0.139126D-02 -0.718913D+00
   21 280.416 287.027 283.722  4.822D-03  0.000D+00  6.422D-03  1.229D+00 10000  4.801D-03
  280.4162  0.747159D-03  0.760909D-03 -0.863659D+00
  280.7501  0.985020D-03  0.101644D-02 -0.199310D+01
  281.0836  0.139107D-02  0.136353D-02  0.164852D+01
  281.4168  0.175283D-02  0.173796D-02  0.857369D+00
  281.7496  0.209268D-02  0.211857D-02 -0.147980D+01
  282.0820  0.243142D-02  0.241053D-02  0.115252D+01
  282.4140  0.262467D-02  0.259156D-02  0.178006D+01
  282.7456  0.276669D-02  0.274479D-02  0.118753D+01
  283.0769  0.295443D-02  0.297314D-02 -0.100590D+01
  283.4079  0.298611D-02  0.303099D-02 -0.235262D+01
  283.7385  0.294119D-02  0.297546D-02 -0.181164D+01
  284.0688  0.295680D-02  0.293404D-02  0.122322D+01
  284.3987  0.265793D-02  0.265882D-02 -0.490265D-01
  284.7284  0.208937D-02  0.208541D-02  0.232475D+00
  285.0577  0.138004D-02  0.135844D-02  0.138377D+01
  285.3867  0.117228D-02  0.118391D-02 -0.776335D+00
  285.7153  0.190273D-02  0.189386D-02  0.531241D+00
  286.0437  0.293977D-02  0.292164D-02  0.975035D+00
  286.3718  0.359598D-02  0.359651D-02 -0.268143D-01
  286.6996  0.380941D-02  0.380957D-02 -0.812038D-02
  287.0270  0.400156D-02  0.401291D-02 -0.558200D+00
   21 282.414 288.986 285.700  3.653D-03  0.000D+00  7.049D-03  2.197D+00 10300  6.506D-03
  282.4140  0.262467D-02  0.258516D-02  0.212403D+01
  282.7456  0.276669D-02  0.274767D-02  0.103176D+01
  283.0769  0.295443D-02  0.299069D-02 -0.194932D+01
  283.4079  0.298611D-02  0.304362D-02 -0.301510D+01
  283.7385  0.294119D-02  0.297730D-02 -0.190908D+01
  284.0688  0.295680D-02  0.293509D-02  0.116711D+01
  284.3987  0.265793D-02  0.265048D-02  0.411321D+00
  284.7284  0.208937D-02  0.206996D-02  0.114005D+01
  285.0577  0.138004D-02  0.132668D-02  0.341914D+01
  285.3867  0.117228D-02  0.114632D-02  0.173390D+01
  285.7153  0.190273D-02  0.186838D-02  0.205578D+01
  286.0437  0.293977D-02  0.290840D-02  0.168637D+01
  286.3718  0.359598D-02  0.359509D-02  0.447208D-01
  286.6996  0.380941D-02  0.382235D-02 -0.646545D+00
  287.0270  0.400156D-02  0.407187D-02 -0.345789D+01
  287.3542  0.429270D-02  0.433064D-02 -0.182365D+01
  287.6811  0.401212D-02  0.398240D-02  0.142813D+01
  288.0077  0.328230D-02  0.326292D-02  0.991252D+00
  288.3340  0.327394D-02  0.333072D-02 -0.290501D+01
  288.6600  0.457264D-02  0.446291D-02  0.493751D+01
  288.9858  0.511315D-02  0.515276D-02 -0.175708D+01
   21 284.399 290.935 287.667  1.156D-03  0.000D+00  7.868D-03  2.212D+00 10000  6.282D-03
  284.3987  0.265793D-02  0.269632D-02 -0.211797D+01
  284.7284  0.208937D-02  0.208905D-02  0.186724D-01
  285.0577  0.138004D-02  0.131354D-02  0.426091D+01
  285.3867  0.117228D-02  0.112640D-02  0.306380D+01
  285.7153  0.190273D-02  0.187097D-02  0.190090D+01
  286.0437  0.293977D-02  0.292668D-02  0.703854D+00
  286.3718  0.359598D-02  0.361190D-02 -0.801878D+00
  286.6996  0.380941D-02  0.382417D-02 -0.737632D+00
  287.0270  0.400156D-02  0.407638D-02 -0.367972D+01
  287.3542  0.429270D-02  0.435275D-02 -0.288601D+01
  287.6811  0.401212D-02  0.398952D-02  0.108582D+01
  288.0077  0.328230D-02  0.323461D-02  0.243958D+01
  288.3340  0.327394D-02  0.329341D-02 -0.995883D+00
  288.6600  0.457264D-02  0.445634D-02  0.523269D+01
  288.9858  0.511315D-02  0.509457D-02  0.824367D+00
  289.3113  0.553906D-02  0.553787D-02  0.504041D-01
  289.6365  0.646119D-02  0.648975D-02 -0.113221D+01
  289.9614  0.762449D-02  0.763151D-02 -0.261839D+00
  290.2860  0.834012D-02  0.839710D-02 -0.212625D+01
  290.6104  0.854189D-02  0.854291D-02 -0.361720D-01
  290.9345  0.831490D-02  0.828197D-02  0.122900D+01
   21 286.372 292.873 289.623  6.397D-03  0.000D+00  8.759D-03  2.935D+00 10300  1.017D-02
  286.3718  0.359598D-02  0.356936D-02  0.134019D+01
  286.6996  0.380941D-02  0.379478D-02  0.730443D+00
  287.0270  0.400156D-02  0.405624D-02 -0.268935D+01
  287.3542  0.429270D-02  0.436990D-02 -0.371031D+01
  287.6811  0.401212D-02  0.401381D-02 -0.815459D-01
  288.0077  0.328230D-02  0.322602D-02  0.287936D+01
  288.3340  0.327394D-02  0.324547D-02  0.145655D+01
  288.6600  0.457264D-02  0.445711D-02  0.519830D+01
  288.9858  0.511315D-02  0.508558D-02  0.122324D+01
  289.3113  0.553906D-02  0.550320D-02  0.151703D+01
  289.6365  0.646119D-02  0.646392D-02 -0.108237D+00
  289.9614  0.762449D-02  0.763777D-02 -0.495726D+00
  290.2860  0.834012D-02  0.845050D-02 -0.411905D+01
  290.6104  0.854189D-02  0.865602D-02 -0.402255D+01
  290.9345  0.831490D-02  0.843053D-02 -0.431513D+01
  291.2583  0.861440D-02  0.856476D-02  0.174934D+01
  291.5819  0.870582D-02  0.855574D-02  0.528972D+01
  291.9051  0.853716D-02  0.847633D-02  0.227001D+01
  292.2281  0.855923D-02  0.845883D-02  0.374640D+01
  292.5508  0.790664D-02  0.793523D-02 -0.106691D+01
  292.8733  0.803275D-02  0.812917D-02 -0.359823D+01
   21 288.334 294.802 291.568  1.582D-02  0.000D+00  9.796D-03  2.060D+00 10300  7.649D-03
  288.3340  0.327394D-02  0.329474D-02 -0.106393D+01
  288.6600  0.457264D-02  0.455350D-02  0.861589D+00
  288.9858  0.511315D-02  0.514128D-02 -0.124778D+01
  289.3113  0.553906D-02  0.548831D-02  0.214652D+01
  289.6365  0.646119D-02  0.641658D-02  0.176867D+01
  289.9614  0.762449D-02  0.759008D-02  0.128392D+01
  290.2860  0.834012D-02  0.841250D-02 -0.270084D+01
  290.6104  0.854189D-02  0.863782D-02 -0.338111D+01
  290.9345  0.831490D-02  0.839143D-02 -0.285603D+01
  291.2583  0.861440D-02  0.855473D-02  0.210275D+01
  291.5819  0.870582D-02  0.856920D-02  0.481530D+01
  291.9051  0.853716D-02  0.849053D-02  0.174005D+01
  292.2281  0.855923D-02  0.852744D-02  0.118613D+01
  292.5508  0.790664D-02  0.796588D-02 -0.221055D+01
  292.8733  0.803275D-02  0.808910D-02 -0.210310D+01
  293.1954  0.950500D-02  0.955010D-02 -0.158949D+01
  293.5173  0.985336D-02  0.982605D-02  0.962512D+00
  293.8388  0.871370D-02  0.871255D-02  0.431835D-01
  294.1601  0.903999D-02  0.904969D-02 -0.341713D+00
  294.4811  0.992271D-02  0.986969D-02  0.186871D+01
  294.8018  0.940096D-02  0.942926D-02 -0.997237D+00
   21 290.286 296.720 293.503  1.269D-02  0.000D+00  1.129D-02  2.072D+00 10300  5.909D-03
  290.2860  0.834012D-02  0.832332D-02  0.626996D+00
  290.6104  0.854189D-02  0.860399D-02 -0.218897D+01
  290.9345  0.831490D-02  0.835626D-02 -0.154328D+01
  291.2583  0.861440D-02  0.857796D-02  0.128402D+01
  291.5819  0.870582D-02  0.858902D-02  0.411652D+01
  291.9051  0.853716D-02  0.850182D-02  0.131890D+01
  292.2281  0.855923D-02  0.857255D-02 -0.497321D+00
  292.5508  0.790664D-02  0.793554D-02 -0.107843D+01
  292.8733  0.803275D-02  0.803493D-02 -0.815487D-01
  293.1954  0.950500D-02  0.960263D-02 -0.344121D+01
  293.5173  0.985336D-02  0.986490D-02 -0.406979D+00
  293.8388  0.871370D-02  0.862753D-02  0.321580D+01
  294.1601  0.903999D-02  0.906022D-02 -0.713006D+00
  294.4811  0.992271D-02  0.997639D-02 -0.189193D+01
  294.8018  0.940096D-02  0.946697D-02 -0.232643D+01
  295.1222  0.999207D-02  0.999512D-02 -0.101797D+00
  295.4424  0.113682D-01  0.112478D-01  0.381926D+01
  295.7621  0.118742D-01  0.118192D-01  0.174274D+01
  296.0816  0.128436D-01  0.128592D-01 -0.472152D+00
  296.4008  0.125267D-01  0.124791D-01  0.143903D+01
  296.7197  0.986912D-02  0.995925D-02 -0.300946D+01
   21 292.228 298.626 295.427  7.953D-03  0.000D+00  1.312D-02  3.718D+00 10000  5.052D-03
  292.2281  0.855923D-02  0.848481D-02  0.277706D+01
  292.5508  0.790664D-02  0.786931D-02  0.139309D+01
  292.8733  0.803275D-02  0.800370D-02  0.108382D+01
  293.1954  0.950500D-02  0.972824D-02 -0.786804D+01
  293.5173  0.985336D-02  0.996272D-02 -0.385468D+01
  293.8388  0.871370D-02  0.856047D-02  0.571840D+01
  294.1601  0.903999D-02  0.907733D-02 -0.131591D+01
  294.4811  0.992271D-02  0.100302D-01 -0.378936D+01
  294.8018  0.940096D-02  0.935822D-02  0.150634D+01
  295.1222  0.999207D-02  0.993686D-02  0.184349D+01
  295.4424  0.113682D-01  0.111949D-01  0.549539D+01
  295.7621  0.118742D-01  0.117219D-01  0.482928D+01
  296.0816  0.128436D-01  0.128524D-01 -0.266214D+00
  296.4008  0.125267D-01  0.125555D-01 -0.870289D+00
  296.7197  0.986912D-02  0.987361D-02 -0.149892D+00
  297.0382  0.989907D-02  0.993826D-02 -0.130849D+01
  297.3564  0.119861D-01  0.120639D-01 -0.246891D+01
  297.6743  0.159520D-01  0.160759D-01 -0.357231D+01
  297.9918  0.161002D-01  0.162496D-01 -0.412130D+01
  298.3090  0.120271D-01  0.120106D-01  0.522644D+00
  298.6258  0.115416D-01  0.113056D-01  0.748333D+01
   21 294.160 300.519 297.340 -1.529D-03  0.000D+00  1.656D-02  8.516D+00 10000  9.760D-03
  294.1601  0.903999D-02  0.915405D-02 -0.401987D+01
  294.4811  0.992271D-02  0.100779D-01 -0.546971D+01
  294.8018  0.940096D-02  0.923538D-02  0.583584D+01
  295.1222  0.999207D-02  0.992583D-02  0.221166D+01
  295.4424  0.113682D-01  0.111513D-01  0.687759D+01
  295.7621  0.118742D-01  0.116703D-01  0.646582D+01
  296.0816  0.128436D-01  0.128736D-01 -0.905818D+00
  296.4008  0.125267D-01  0.125805D-01 -0.162314D+01
  296.7197  0.986912D-02  0.974254D-02  0.422659D+01
  297.0382  0.989907D-02  0.100080D-01 -0.363802D+01
  297.3564  0.119861D-01  0.121901D-01 -0.647331D+01
  297.6743  0.159520D-01  0.164464D-01 -0.142554D+02
  297.9918  0.161002D-01  0.164291D-01 -0.907410D+01
  298.3090  0.120271D-01  0.119117D-01  0.366010D+01
  298.6258  0.115416D-01  0.113496D-01  0.609042D+01
  298.9423  0.161947D-01  0.160835D-01  0.306794D+01
  299.2584  0.188177D-01  0.182471D-01  0.144791D+02
  299.5741  0.188319D-01  0.180298D-01  0.203533D+02
  299.8895  0.193804D-01  0.196560D-01 -0.699298D+01
  300.2045  0.157282D-01  0.162056D-01 -0.131689D+02
  300.5190  0.193253D-01  0.203445D-01 -0.898080D+01
   21 296.082 302.398 299.240 -5.563D-03  0.000D+00  2.288D-02  1.220D+01 10000  1.319D-02
  296.0816  0.128436D-01  0.126565D-01  0.565043D+01
  296.4008  0.125267D-01  0.125404D-01 -0.413946D+00
  296.7197  0.986912D-02  0.972662D-02  0.475785D+01
  297.0382  0.989907D-02  0.100703D-01 -0.571804D+01
  297.3564  0.119861D-01  0.122423D-01 -0.812894D+01
  297.6743  0.159520D-01  0.164931D-01 -0.156045D+02
  297.9918  0.161002D-01  0.162955D-01 -0.538886D+01
  298.3090  0.120271D-01  0.116937D-01  0.105737D+02
  298.6258  0.115416D-01  0.111835D-01  0.113590D+02
  298.9423  0.161947D-01  0.159554D-01  0.660061D+01
  299.2584  0.188177D-01  0.180684D-01  0.190131D+02
  299.5741  0.188319D-01  0.179616D-01  0.220849D+02
  299.8895  0.193804D-01  0.198297D-01 -0.114007D+02
  300.2045  0.157282D-01  0.164520D-01 -0.199640D+02
  300.5190  0.193253D-01  0.212464D-01 -0.169276D+02
  300.8332  0.226213D-01  0.248036D-01 -0.192293D+02
  301.1470  0.288507D-01  0.299899D-01 -0.976575D+01
  301.4603  0.345080D-01  0.347821D-01 -0.231838D+01
  301.7732  0.318646D-01  0.315879D-01  0.237230D+01
  302.0857  0.274494D-01  0.262246D-01  0.106439D+02
  302.3977  0.392085D-01  0.376756D-01  0.127960D+02
   21 297.992 304.260 301.126 -1.209D-02  0.000D+00  3.685D-02  1.602D+01 10000  1.807D-02
  297.9918  0.161002D-01  0.165291D-01 -0.118320D+02
  298.3090  0.120271D-01  0.118809D-01  0.463468D+01
  298.6258  0.115416D-01  0.114398D-01  0.322794D+01
  298.9423  0.161947D-01  0.161559D-01  0.107218D+01
  299.2584  0.188177D-01  0.180643D-01  0.191172D+02
  299.5741  0.188319D-01  0.180270D-01  0.204245D+02
  299.8895  0.193804D-01  0.196331D-01 -0.641145D+01
  300.2045  0.157282D-01  0.164831D-01 -0.208234D+02
  300.5190  0.193253D-01  0.213214D-01 -0.175885D+02
  300.8332  0.226213D-01  0.249976D-01 -0.209384D+02
  301.1470  0.288507D-01  0.304870D-01 -0.140275D+02
  301.4603  0.345080D-01  0.355339D-01 -0.867734D+01
  301.7732  0.318646D-01  0.324867D-01 -0.533337D+01
  302.0857  0.274494D-01  0.277364D-01 -0.249398D+01
  302.3977  0.392085D-01  0.403147D-01 -0.923411D+01
  302.7093  0.558320D-01  0.551922D-01  0.507342D+01
  303.0204  0.723515D-01  0.688046D-01  0.281269D+02
  303.3310  0.850090D-01  0.812717D-01  0.296375D+02
  303.6411  0.877833D-01  0.860977D-01  0.133668D+02
  303.9507  0.809107D-01  0.826683D-01 -0.139377D+02
  304.2598  0.918501D-01  0.953081D-01 -0.274224D+02
   21 299.889 306.103 302.996  1.539D-02  0.000D+00  6.894D-02  2.557D+01 10000  1.886D-02
  299.8895  0.193804D-01  0.192713D-01  0.277011D+01
  300.2045  0.157282D-01  0.158037D-01 -0.208264D+01
  300.5190  0.193253D-01  0.197929D-01 -0.412032D+01
  300.8332  0.226213D-01  0.236564D-01 -0.912038D+01
  301.1470  0.288507D-01  0.287084D-01  0.122057D+01
  301.4603  0.345080D-01  0.342946D-01  0.180532D+01
  301.7732  0.318646D-01  0.324958D-01 -0.541163D+01
  302.0857  0.274494D-01  0.272056D-01  0.211893D+01
  302.3977  0.392085D-01  0.389624D-01  0.205441D+01
  302.7093  0.558320D-01  0.544009D-01  0.113483D+02
  303.0204  0.723515D-01  0.691918D-01  0.250563D+02
  303.3310  0.850090D-01  0.820977D-01  0.230868D+02
  303.6411  0.877833D-01  0.893482D-01 -0.124094D+02
  303.9507  0.809107D-01  0.852356D-01 -0.342964D+02
  304.2598  0.918501D-01  0.972382D-01 -0.427280D+02
  304.5684  0.112657D+00  0.118505D+00 -0.463745D+02
  304.8765  0.128247D+00  0.124306D+00  0.277762D+02
  305.1840  0.164343D+00  0.154676D+00  0.681468D+02
  305.4909  0.166408D+00  0.164058D+00  0.165693D+02
  305.7973  0.138098D+00  0.138924D+00 -0.582304D+01
  306.1031  0.152316D+00  0.157909D+00 -0.354797D+02
   21 301.773 307.925 304.849  8.949D-03  0.000D+00  1.293D-01  3.983D+01 10000  2.626D-02
  301.7732  0.318646D-01  0.320716D-01 -0.177488D+01
  302.0857  0.274494D-01  0.270394D-01  0.356365D+01
  302.3977  0.392085D-01  0.397592D-01 -0.459697D+01
  302.7093  0.558320D-01  0.553450D-01  0.386163D+01
  303.0204  0.723515D-01  0.702074D-01  0.170025D+02
  303.3310  0.850090D-01  0.831215D-01  0.149679D+02
  303.6411  0.877833D-01  0.897629D-01 -0.156983D+02
  303.9507  0.809107D-01  0.849658D-01 -0.321573D+02
  304.2598  0.918501D-01  0.969296D-01 -0.402809D+02
  304.5684  0.112657D+00  0.117998D+00 -0.423556D+02
  304.8765  0.128247D+00  0.122257D+00  0.422196D+02
  305.1840  0.164343D+00  0.153036D+00  0.797069D+02
  305.4909  0.166408D+00  0.160640D+00  0.406614D+02
  305.7973  0.138098D+00  0.134483D+00  0.254872D+02
  306.1031  0.152316D+00  0.154601D+00 -0.144922D+02
  306.4083  0.177048D+00  0.192732D+00 -0.994975D+02
  306.7129  0.181099D+00  0.190355D+00 -0.533807D+02
  307.0168  0.233243D+00  0.232410D+00  0.440373D+01
  307.3201  0.278750D+00  0.270165D+00  0.418958D+02
  307.6228  0.295033D+00  0.284721D+00  0.467293D+02
  307.9248  0.309708D+00  0.315977D+00 -0.265112D+02
   21 303.641 309.722 306.682 -9.804D-03  0.000D+00  2.184D-01  5.185D+01 10000  3.125D-02
  303.6411  0.877833D-01  0.836709D-01  0.326112D+02
  303.9507  0.809107D-01  0.824450D-01 -0.121672D+02
  304.2598  0.918501D-01  0.970396D-01 -0.411528D+02
  304.5684  0.112657D+00  0.118907D+00 -0.495634D+02
  304.8765  0.128247D+00  0.124325D+00  0.276454D+02
  305.1840  0.164343D+00  0.156948D+00  0.521306D+02
  305.4909  0.166408D+00  0.161357D+00  0.356092D+02
  305.7973  0.138098D+00  0.134566D+00  0.249003D+02
  306.1031  0.152316D+00  0.158505D+00 -0.392631D+02
  306.4083  0.177048D+00  0.192165D+00 -0.958988D+02
  306.7129  0.181099D+00  0.188772D+00 -0.442501D+02
  307.0168  0.233243D+00  0.230816D+00  0.128322D+02
  307.3201  0.278750D+00  0.262692D+00  0.783635D+02
  307.6228  0.295033D+00  0.274556D+00  0.927901D+02
  307.9248  0.309708D+00  0.301685D+00  0.339340D+02
  308.2261  0.303687D+00  0.311499D+00 -0.330392D+02
  308.5268  0.339390D+00  0.353018D+00 -0.540341D+02
  308.8267  0.341455D+00  0.356875D+00 -0.543477D+02
  309.1259  0.298470D+00  0.312343D+00 -0.488961D+02
  309.4243  0.307139D+00  0.303797D+00  0.105999D+02
  309.7220  0.364658D+00  0.333284D+00  0.865361D+02
   15 305.491 309.722 307.606 -1.608D-02  0.000D+00  2.697D-01  5.609D+01 10300  4.544D-02
  305.4909  0.166408D+00  0.162780D+00  0.255765D+02
  305.7973  0.138098D+00  0.134440D+00  0.257871D+02
  306.1031  0.152316D+00  0.158767D+00 -0.409219D+02
  306.4083  0.177048D+00  0.190491D+00 -0.852815D+02
  306.7129  0.181099D+00  0.187429D+00 -0.365042D+02
  307.0168  0.233243D+00  0.229979D+00  0.172527D+02
  307.3201  0.278750D+00  0.261215D+00  0.855716D+02
  307.6228  0.295033D+00  0.273833D+00  0.960694D+02
  307.9248  0.309708D+00  0.301457D+00  0.348986D+02
  308.2261  0.303687D+00  0.311780D+00 -0.342278D+02
  308.5268  0.339390D+00  0.354344D+00 -0.592940D+02
  308.8267  0.341455D+00  0.356857D+00 -0.542844D+02
  309.1259  0.298470D+00  0.312143D+00 -0.481900D+02
  309.4243  0.307139D+00  0.305130D+00  0.637336D+01
  309.7220  0.364658D+00  0.333194D+00  0.867842D+02
   21 310.014 313.188 311.601 -3.791D-02  0.000D+00  6.149D-01  1.374D+01 10300  1.586D-02
  310.0142  0.379246D+00  0.365488D+00  0.121608D+02
  310.1736  0.368464D+00  0.386746D+00 -0.169094D+02
  310.3330  0.450045D+00  0.478312D+00 -0.269792D+02
  310.4922  0.581886D+00  0.584809D+00 -0.291472D+01
  310.6515  0.673862D+00  0.662136D+00  0.123762D+02
  310.8106  0.729110D+00  0.713430D+00  0.175857D+02
  310.9696  0.754331D+00  0.737878D+00  0.184516D+02
  311.1286  0.756538D+00  0.747228D+00  0.104411D+02
  311.2874  0.742351D+00  0.756852D+00 -0.162623D+02
  311.4462  0.750627D+00  0.756102D+00 -0.654981D+01
  311.6049  0.719653D+00  0.731184D+00 -0.137937D+02
  311.7636  0.684186D+00  0.688843D+00 -0.596867D+01
  311.9221  0.646434D+00  0.655457D+00 -0.115642D+02
  312.0806  0.647695D+00  0.657020D+00 -0.119506D+02
  312.2390  0.697269D+00  0.700593D+00 -0.425999D+01
  312.3973  0.766863D+00  0.756787D+00  0.129134D+02
  312.5556  0.806033D+00  0.790319D+00  0.201405D+02
  312.7137  0.819747D+00  0.813455D+00  0.752696D+01
  312.8718  0.846071D+00  0.843818D+00  0.252657D+01
  313.0298  0.872237D+00  0.866330D+00  0.662506D+01
  313.1877  0.856868D+00  0.874163D+00 -0.193951D+02
   21 310.970 314.134 312.552  3.159D-02  0.000D+00  7.083D-01  3.295D+01 10304  3.788D-02
  310.9696  0.754331D+00  0.728638D+00  0.288138D+02
  311.1286  0.756538D+00  0.742215D+00  0.160628D+02
  311.2874  0.742351D+00  0.753307D+00 -0.122868D+02
  311.4462  0.750627D+00  0.762431D+00 -0.141206D+02
  311.6049  0.719653D+00  0.749969D+00 -0.362650D+02
  311.7636  0.684186D+00  0.712431D+00 -0.362010D+02
  311.9221  0.646434D+00  0.668850D+00 -0.287305D+02
  312.0806  0.647695D+00  0.651432D+00 -0.478902D+01
  312.2390  0.697269D+00  0.678208D+00  0.244312D+02
  312.3973  0.766863D+00  0.736170D+00  0.393388D+02
  312.5556  0.806033D+00  0.779312D+00  0.342488D+02
  312.7137  0.819747D+00  0.797268D+00  0.268903D+02
  312.8718  0.846071D+00  0.820272D+00  0.289324D+02
  313.0298  0.872237D+00  0.843450D+00  0.322841D+02
  313.1877  0.856868D+00  0.848332D+00  0.957280D+01
  313.3456  0.817777D+00  0.844810D+00 -0.303176D+02
  313.5034  0.809343D+00  0.857028D+00 -0.534774D+02
  313.6611  0.851667D+00  0.906595D+00 -0.616013D+02
  313.8187  0.957751D+00  0.984295D+00 -0.297692D+02
  313.9762  0.104602D+01  0.104284D+01  0.356402D+01
  314.1337  0.108346D+01  0.103139D+01  0.583927D+02
   21 311.922 315.077 313.499  2.005D-02  0.000D+00  7.742D-01  3.048D+01 10300  1.668D-02
  311.9221  0.646434D+00  0.660064D+00 -0.174693D+02
  312.0806  0.647695D+00  0.655723D+00 -0.102882D+02
  312.2390  0.697269D+00  0.692617D+00  0.596243D+01
  312.3973  0.766863D+00  0.758081D+00  0.112550D+02
  312.5556  0.806033D+00  0.798307D+00  0.990293D+01
  312.7137  0.819747D+00  0.808790D+00  0.131066D+02
  312.8718  0.846071D+00  0.828403D+00  0.198135D+02
  313.0298  0.872237D+00  0.845558D+00  0.299204D+02
  313.1877  0.856868D+00  0.843232D+00  0.152929D+02
  313.3456  0.817777D+00  0.833829D+00 -0.180031D+02
  313.5034  0.809343D+00  0.845165D+00 -0.401734D+02
  313.6611  0.851667D+00  0.898915D+00 -0.529879D+02
  313.8187  0.957751D+00  0.985861D+00 -0.315248D+02
  313.9762  0.104602D+01  0.105694D+01 -0.122482D+02
  314.1337  0.108346D+01  0.106058D+01  0.256635D+02
  314.2910  0.968706D+00  0.965622D+00  0.345873D+01
  314.4484  0.835037D+00  0.819191D+00  0.177709D+02
  314.6056  0.810368D+00  0.782213D+00  0.315748D+02
  314.7627  0.969179D+00  0.911323D+00  0.648842D+02
  314.9198  0.111759D+01  0.109625D+01  0.239330D+02
  315.0768  0.118079D+01  0.124054D+01 -0.669992D+02
   21 312.872 316.017 314.444 -1.610D-02  0.000D+00  8.827D-01  3.419D+01 10300  1.550D-02
  312.8718  0.846071D+00  0.858566D+00 -0.140126D+02
  313.0298  0.872237D+00  0.845891D+00  0.295465D+02
  313.1877  0.856868D+00  0.825577D+00  0.350931D+02
  313.3456  0.817777D+00  0.813175D+00  0.516073D+01
  313.5034  0.809343D+00  0.833255D+00 -0.268165D+02
  313.6611  0.851667D+00  0.900622D+00 -0.549027D+02
  313.8187  0.957751D+00  0.995445D+00 -0.422736D+02
  313.9762  0.104602D+01  0.106305D+01 -0.190943D+02
  314.1337  0.108346D+01  0.105366D+01  0.334147D+02
  314.2910  0.968706D+00  0.941296D+00  0.307399D+02
  314.4484  0.835037D+00  0.805587D+00  0.330276D+02
  314.6056  0.810368D+00  0.802853D+00  0.842748D+01
  314.7627  0.969179D+00  0.938199D+00  0.347435D+02
  314.9198  0.111759D+01  0.108630D+01  0.350853D+02
  315.0768  0.118079D+01  0.116849D+01  0.138047D+02
  315.2337  0.117717D+01  0.118803D+01 -0.121837D+02
  315.3906  0.112413D+01  0.116672D+01 -0.477635D+02
  315.5473  0.104539D+01  0.108633D+01 -0.459114D+02
  315.7040  0.901320D+00  0.934692D+00 -0.374258D+02
  315.8606  0.789876D+00  0.774787D+00  0.169218D+02
  316.0172  0.757956D+00  0.699732D+00  0.652976D+02
   21 313.819 316.955 315.387 -4.195D-02  0.000D+00  9.725D-01  3.118D+01 10300  1.268D-02
  313.8187  0.957751D+00  0.979767D+00 -0.246904D+02
  313.9762  0.104602D+01  0.106413D+01 -0.203083D+02
  314.1337  0.108346D+01  0.105338D+01  0.337384D+02
  314.2910  0.968706D+00  0.934584D+00  0.382670D+02
  314.4484  0.835037D+00  0.814322D+00  0.232312D+02
  314.6056  0.810368D+00  0.834088D+00 -0.266019D+02
  314.7627  0.969179D+00  0.970506D+00 -0.148903D+01
  314.9198  0.111759D+01  0.110148D+01  0.180588D+02
  315.0768  0.118079D+01  0.116708D+01  0.153814D+02
  315.2337  0.117717D+01  0.117821D+01 -0.116282D+01
  315.3906  0.112413D+01  0.115291D+01 -0.322797D+02
  315.5473  0.104539D+01  0.107183D+01 -0.296526D+02
  315.7040  0.901320D+00  0.932298D+00 -0.347410D+02
  315.8606  0.789876D+00  0.805796D+00 -0.178539D+02
  316.0172  0.757956D+00  0.779767D+00 -0.244596D+02
  316.1736  0.864986D+00  0.863219D+00  0.198205D+01
  316.3300  0.102127D+01  0.995447D+00  0.289650D+02
  316.4863  0.115179D+01  0.110544D+01  0.519788D+02
  316.6425  0.123943D+01  0.118722D+01  0.585546D+02
  316.7987  0.127947D+01  0.127968D+01 -0.236454D+00
  316.9548  0.135994D+01  0.142309D+01 -0.629480D+02
   21 314.763 317.890 316.326 -5.816D-02  0.000D+00  1.035D+00  2.962D+01 10300  1.990D-02
  314.7627  0.969179D+00  0.978021D+00 -0.991613D+01
  314.9198  0.111759D+01  0.110459D+01  0.145697D+02
  315.0768  0.118079D+01  0.116002D+01  0.232983D+02
  315.2337  0.117717D+01  0.116897D+01  0.919836D+01
  315.3906  0.112413D+01  0.114824D+01 -0.270381D+02
  315.5473  0.104539D+01  0.106663D+01 -0.238222D+02
  315.7040  0.901320D+00  0.919615D+00 -0.205181D+02
  315.8606  0.789876D+00  0.792824D+00 -0.330626D+01
  316.0172  0.757956D+00  0.781296D+00 -0.261753D+02
  316.1736  0.864986D+00  0.881505D+00 -0.185253D+02
  316.3300  0.102127D+01  0.101996D+01  0.147584D+01
  316.4863  0.115179D+01  0.111635D+01  0.397410D+02
  316.6425  0.123943D+01  0.117701D+01  0.700101D+02
  316.7987  0.127947D+01  0.124551D+01  0.380866D+02
  316.9548  0.135994D+01  0.135968D+01  0.263035D+00
  317.1108  0.146460D+01  0.151110D+01 -0.463522D+02
  317.2667  0.158046D+01  0.159707D+01 -0.165605D+02
  317.4225  0.157581D+01  0.159346D+01 -0.175948D+02
  317.5783  0.153144D+01  0.156184D+01 -0.303081D+02
  317.7340  0.144041D+01  0.145294D+01 -0.124951D+02
  317.8897  0.128688D+01  0.123506D+01  0.546987D+02
   21 315.704 318.822 317.263 -3.418D-02  0.000D+00  1.095D+00  2.682D+01   300  1.243D-02
  315.7040  0.901320D+00  0.910577D+00 -0.103822D+02
  315.8606  0.789876D+00  0.784973D+00  0.549900D+01
  316.0172  0.757956D+00  0.768298D+00 -0.115979D+02
  316.1736  0.864986D+00  0.872752D+00 -0.870892D+01
  316.3300  0.102127D+01  0.103075D+01 -0.106213D+02
  316.4863  0.115179D+01  0.113891D+01  0.144499D+02
  316.6425  0.123943D+01  0.119464D+01  0.502309D+02
  316.7987  0.127947D+01  0.125095D+01  0.319860D+02
  316.9548  0.135994D+01  0.134657D+01  0.133283D+02
  317.1108  0.146460D+01  0.150469D+01 -0.399633D+02
  317.2667  0.158046D+01  0.160253D+01 -0.220029D+02
  317.4225  0.157581D+01  0.158982D+01 -0.139670D+02
  317.5783  0.153144D+01  0.156184D+01 -0.303044D+02
  317.7340  0.144041D+01  0.148425D+01 -0.436996D+02
  317.8897  0.128688D+01  0.126536D+01  0.227089D+02
  318.0452  0.110033D+01  0.106520D+01  0.393882D+02
  318.2007  0.105619D+01  0.103422D+01  0.246364D+02
  318.3561  0.116338D+01  0.113445D+01  0.324449D+02
  318.5114  0.131872D+01  0.129203D+01  0.266079D+02
  318.6667  0.146106D+01  0.146683D+01 -0.575062D+01
  318.8219  0.162917D+01  0.166304D+01 -0.337610D+02
   21 316.643 319.751 318.197 -1.650D-02  0.000D+00  1.195D+00  2.851D+01 10300  8.988D-03
  316.6425  0.123943D+01  0.127451D+01 -0.393329D+02
  316.7987  0.127947D+01  0.127495D+01  0.506955D+01
  316.9548  0.135994D+01  0.132447D+01  0.353573D+02
  317.1108  0.146460D+01  0.145340D+01  0.111705D+02
  317.2667  0.158046D+01  0.155323D+01  0.271485D+02
  317.4225  0.157581D+01  0.155401D+01  0.217334D+02
  317.5783  0.153144D+01  0.154038D+01 -0.891446D+01
  317.7340  0.144041D+01  0.149621D+01 -0.556229D+02
  317.8897  0.128688D+01  0.130866D+01 -0.229924D+02
  318.0452  0.110033D+01  0.110610D+01 -0.647444D+01
  318.2007  0.105619D+01  0.106296D+01 -0.759278D+01
  318.3561  0.116338D+01  0.115762D+01  0.645521D+01
  318.5114  0.131872D+01  0.130988D+01  0.881068D+01
  318.6667  0.146106D+01  0.146709D+01 -0.601706D+01
  318.8219  0.162917D+01  0.162402D+01  0.512789D+01
  318.9770  0.172635D+01  0.171472D+01  0.115858D+02
  319.1320  0.161971D+01  0.157509D+01  0.444855D+02
  319.2870  0.137082D+01  0.134058D+01  0.301438D+02
  319.4419  0.125559D+01  0.129998D+01 -0.468569D+02
  319.5967  0.133188D+01  0.138497D+01 -0.529268D+02
  319.7514  0.149487D+01  0.146468D+01  0.300916D+02
   21 317.578 320.678 319.128 -1.233D-03  0.000D+00  1.277D+00  4.510D+01 10300  1.495D-02
  317.5783  0.153144D+01  0.143104D+01  0.100088D+03
  317.7340  0.144041D+01  0.147862D+01 -0.380928D+02
  317.8897  0.128688D+01  0.135108D+01 -0.677645D+02
  318.0452  0.110033D+01  0.115428D+01 -0.605032D+02
  318.2007  0.105619D+01  0.109610D+01 -0.447554D+02
  318.3561  0.116338D+01  0.117775D+01 -0.161237D+02
  318.5114  0.131872D+01  0.131741D+01  0.130892D+01
  318.6667  0.146106D+01  0.145830D+01  0.274601D+01
  318.8219  0.162917D+01  0.159321D+01  0.358443D+02
  318.9770  0.172635D+01  0.167673D+01  0.494599D+02
  319.1320  0.161971D+01  0.155004D+01  0.694534D+02
  319.2870  0.137082D+01  0.131217D+01  0.584602D+02
  319.4419  0.125559D+01  0.125975D+01 -0.439175D+01
  319.5967  0.133188D+01  0.136435D+01 -0.323649D+02
  319.7514  0.149487D+01  0.149340D+01  0.146163D+01
  319.9061  0.157755D+01  0.162181D+01 -0.441278D+02
  320.0607  0.163634D+01  0.166960D+01 -0.331528D+02
  320.2152  0.164777D+01  0.169996D+01 -0.520236D+02
  320.3697  0.179460D+01  0.179878D+01 -0.416824D+01
  320.5240  0.193552D+01  0.191405D+01  0.202807D+02
  320.6783  0.201883D+01  0.197559D+01  0.387906D+02
   21 318.511 321.603 320.057  5.012D-02  0.000D+00  1.259D+00  3.087D+01 10300  9.900D-03
  318.5114  0.131872D+01  0.136363D+01 -0.447708D+02
  318.6667  0.146106D+01  0.147763D+01 -0.165158D+02
  318.8219  0.162917D+01  0.158761D+01  0.414303D+02
  318.9770  0.172635D+01  0.167737D+01  0.488267D+02
  319.1320  0.161971D+01  0.161583D+01  0.386878D+01
  319.2870  0.137082D+01  0.138734D+01 -0.164749D+02
  319.4419  0.125559D+01  0.126046D+01 -0.513635D+01
  319.5967  0.133188D+01  0.133030D+01  0.157305D+01
  319.7514  0.149487D+01  0.145945D+01  0.353136D+02
  319.9061  0.157755D+01  0.160022D+01 -0.225999D+02
  320.0607  0.163634D+01  0.168532D+01 -0.488216D+02
  320.2152  0.164777D+01  0.171541D+01 -0.674268D+02
  320.3697  0.179460D+01  0.179042D+01  0.416352D+01
  320.5240  0.193552D+01  0.189966D+01  0.338688D+02
  320.6783  0.201883D+01  0.196582D+01  0.475539D+02
  320.8326  0.193607D+01  0.192936D+01  0.634196D+01
  320.9867  0.177182D+01  0.177243D+01 -0.607285D+00
  321.1408  0.157006D+01  0.157238D+01 -0.231013D+01
  321.2948  0.145830D+01  0.145189D+01  0.638802D+01
  321.4488  0.147138D+01  0.145678D+01  0.145531D+02
  321.6026  0.156509D+01  0.159530D+01 -0.301171D+02
   21 319.442 322.524 320.983  2.218D-02  0.000D+00  1.387D+00  4.068D+01 10300  1.641D-02
  319.4419  0.125559D+01  0.126058D+01 -0.526284D+01
  319.5967  0.133188D+01  0.131859D+01  0.132488D+02
  319.7514  0.149487D+01  0.144329D+01  0.514201D+02
  319.9061  0.157755D+01  0.157224D+01  0.529174D+01
  320.0607  0.163634D+01  0.166330D+01 -0.268695D+02
  320.2152  0.164777D+01  0.173195D+01 -0.839153D+02
  320.3697  0.179460D+01  0.182542D+01 -0.307224D+02
  320.5240  0.193552D+01  0.192645D+01  0.856743D+01
  320.6783  0.201883D+01  0.197064D+01  0.432311D+02
  320.8326  0.193607D+01  0.191142D+01  0.232782D+02
  320.9867  0.177182D+01  0.175027D+01  0.214834D+02
  321.1408  0.157006D+01  0.156831D+01  0.173840D+01
  321.2948  0.145830D+01  0.145339D+01  0.489849D+01
  321.4488  0.147138D+01  0.144861D+01  0.226975D+02
  321.6026  0.156509D+01  0.154379D+01  0.212365D+02
  321.7564  0.172587D+01  0.169047D+01  0.352883D+02
  321.9101  0.181454D+01  0.182376D+01 -0.870708D+01
  322.0638  0.181084D+01  0.186426D+01 -0.504512D+02
  322.2173  0.168213D+01  0.177590D+01 -0.934712D+02
  322.3708  0.162223D+01  0.162426D+01 -0.201958D+01
  322.5243  0.154634D+01  0.146473D+01  0.813507D+02
   21 320.370 323.443 321.907 -2.379D-02  0.000D+00  1.377D+00  2.493D+01   300  1.005D-02
  320.3697  0.179460D+01  0.179346D+01  0.113427D+01
  320.5240  0.193552D+01  0.194913D+01 -0.128572D+02
  320.6783  0.201883D+01  0.200426D+01  0.130683D+02
  320.8326  0.193607D+01  0.192944D+01  0.626341D+01
  320.9867  0.177182D+01  0.175671D+01  0.150687D+02
  321.1408  0.157006D+01  0.157982D+01 -0.972719D+01
  321.2948  0.145830D+01  0.148109D+01 -0.227219D+02
  321.4488  0.147138D+01  0.148611D+01 -0.146792D+02
  321.6026  0.156509D+01  0.157655D+01 -0.114202D+02
  321.7564  0.172587D+01  0.169998D+01  0.258163D+02
  321.9101  0.181454D+01  0.179505D+01  0.184032D+02
  322.0638  0.181084D+01  0.180139D+01  0.891685D+01
  322.2173  0.168213D+01  0.172310D+01 -0.408352D+02
  322.3708  0.162223D+01  0.161980D+01  0.242932D+01
  322.5243  0.154634D+01  0.152098D+01  0.252742D+02
  322.6777  0.145932D+01  0.142274D+01  0.364658D+02
  322.8310  0.130871D+01  0.135743D+01 -0.485627D+02
  322.9842  0.133961D+01  0.138101D+01 -0.412723D+02
  323.1373  0.151434D+01  0.149385D+01  0.204205D+02
  323.2904  0.166810D+01  0.162672D+01  0.412491D+02
  323.4434  0.170152D+01  0.172722D+01 -0.242694D+02
   21 321.295 324.360 322.827 -5.178D-02  0.000D+00  1.383D+00  3.045D+01   300  1.599D-02
  321.2948  0.145830D+01  0.149145D+01 -0.330498D+02
  321.4488  0.147138D+01  0.147684D+01 -0.543931D+01
  321.6026  0.156509D+01  0.156306D+01  0.203000D+01
  321.7564  0.172587D+01  0.168846D+01  0.372931D+02
  321.9101  0.181454D+01  0.179201D+01  0.212752D+02
  322.0638  0.181084D+01  0.179117D+01  0.185764D+02
  322.2173  0.168213D+01  0.169806D+01 -0.158750D+02
  322.3708  0.162223D+01  0.161807D+01  0.414939D+01
  322.5243  0.154634D+01  0.154634D+01 -0.403909D-02
  322.6777  0.145932D+01  0.144464D+01  0.146432D+02
  322.8310  0.130871D+01  0.137226D+01 -0.633482D+02
  322.9842  0.133961D+01  0.141054D+01 -0.707129D+02
  323.1373  0.151434D+01  0.154915D+01 -0.347072D+02
  323.2904  0.166810D+01  0.164394D+01  0.240915D+02
  323.4434  0.170152D+01  0.163921D+01  0.588468D+02
  323.5963  0.167015D+01  0.165102D+01  0.180695D+02
  323.7492  0.176110D+01  0.174137D+01  0.177023D+02
  323.9020  0.187523D+01  0.186854D+01  0.600197D+01
  324.0547  0.200661D+01  0.199029D+01  0.146431D+02
  324.2074  0.204074D+01  0.205837D+01 -0.158169D+02
  324.3600  0.205697D+01  0.207530D+01 -0.164447D+02
   21 322.217 325.274 323.746 -4.221D-02  0.000D+00  1.517D+00  3.503D+01 10300  1.837D-02
  322.2173  0.168213D+01  0.166007D+01  0.219922D+02
  322.3708  0.162223D+01  0.160199D+01  0.201801D+02
  322.5243  0.154634D+01  0.156531D+01 -0.189202D+02
  322.6777  0.145932D+01  0.145363D+01  0.567477D+01
  322.8310  0.130871D+01  0.136114D+01 -0.522652D+02
  322.9842  0.133961D+01  0.138767D+01 -0.479183D+02
  323.1373  0.151434D+01  0.156163D+01 -0.471442D+02
  323.2904  0.166810D+01  0.167726D+01 -0.912481D+01
  323.4434  0.170152D+01  0.163641D+01  0.614923D+02
  323.5963  0.167015D+01  0.162248D+01  0.450203D+02
  323.7492  0.176110D+01  0.171759D+01  0.390414D+02
  323.9020  0.187523D+01  0.184721D+01  0.251328D+02
  324.0547  0.200661D+01  0.197825D+01  0.254441D+02
  324.2074  0.204074D+01  0.205380D+01 -0.117234D+02
  324.3600  0.205697D+01  0.205977D+01 -0.251155D+01
  324.5125  0.207400D+01  0.209245D+01 -0.165532D+02
  324.6649  0.202773D+01  0.205889D+01 -0.279502D+02
  324.8173  0.189856D+01  0.190509D+01 -0.586636D+01
  324.9696  0.175811D+01  0.181667D+01 -0.525414D+02
  325.1218  0.179909D+01  0.182244D+01 -0.209476D+02
  325.2740  0.192031D+01  0.184887D+01  0.640931D+02
   21 323.137 326.186 324.661 -3.466D-02  0.000D+00  1.488D+00  1.762D+01 10300  9.177D-03
  323.1373  0.151434D+01  0.152069D+01 -0.633614D+01
  323.2904  0.166810D+01  0.168861D+01 -0.204467D+02
  323.4434  0.170152D+01  0.167080D+01  0.290117D+02
  323.5963  0.167015D+01  0.165946D+01  0.100934D+02
  323.7492  0.176110D+01  0.175562D+01  0.491624D+01
  323.9020  0.187523D+01  0.187938D+01 -0.372964D+01
  324.0547  0.200661D+01  0.199933D+01  0.653107D+01
  324.2074  0.204074D+01  0.206277D+01 -0.197713D+02
  324.3600  0.205697D+01  0.204674D+01  0.917991D+01
  324.5125  0.207400D+01  0.206532D+01  0.778434D+01
  324.6649  0.202773D+01  0.203288D+01 -0.462161D+01
  324.8173  0.189856D+01  0.187908D+01  0.174720D+02
  324.9696  0.175811D+01  0.179933D+01 -0.369844D+02
  325.1218  0.179909D+01  0.183434D+01 -0.316256D+02
  325.2740  0.192031D+01  0.191305D+01  0.651645D+01
  325.4261  0.208408D+01  0.205530D+01  0.258255D+02
  325.5781  0.227285D+01  0.228068D+01 -0.639212D+01
  325.7301  0.246192D+01  0.245656D+01  0.437164D+01
  325.8820  0.262176D+01  0.258864D+01  0.270105D+02
  326.0338  0.271074D+01  0.271745D+01 -0.523477D+01
  326.1855  0.276370D+01  0.278512D+01 -0.167112D+02
   21 324.055 327.095 325.575  1.277D-02  0.000D+00  1.490D+00  2.759D+01   300  1.216D-02
  324.0547  0.200661D+01  0.203626D+01 -0.266049D+02
  324.2074  0.204074D+01  0.207566D+01 -0.313352D+02
  324.3600  0.205697D+01  0.202143D+01  0.318866D+02
  324.5125  0.207400D+01  0.200428D+01  0.625473D+02
  324.6649  0.202773D+01  0.202314D+01  0.411953D+01
  324.8173  0.189856D+01  0.189253D+01  0.540918D+01
  324.9696  0.175811D+01  0.178092D+01 -0.204643D+02
  325.1218  0.179909D+01  0.182229D+01 -0.208110D+02
  325.2740  0.192031D+01  0.191826D+01  0.183390D+01
  325.4261  0.208408D+01  0.205285D+01  0.280245D+02
  325.5781  0.227285D+01  0.229654D+01 -0.193246D+02
  325.7301  0.246192D+01  0.251922D+01 -0.467345D+02
  325.8820  0.262176D+01  0.262920D+01 -0.606896D+01
  326.0338  0.271074D+01  0.273502D+01 -0.189442D+02
  326.1855  0.276370D+01  0.274509D+01  0.145151D+02
  326.3372  0.268079D+01  0.268437D+01 -0.279288D+01
  326.4888  0.260907D+01  0.257147D+01  0.293350D+02
  326.6403  0.265446D+01  0.258661D+01  0.529342D+02
  326.7918  0.278396D+01  0.277998D+01  0.297170D+01
  326.9432  0.281603D+01  0.283079D+01 -0.110358D+02
  327.0945  0.265060D+01  0.268476D+01 -0.266502D+02
   21 324.970 328.001 326.485  1.766D-02  0.000D+00  1.610D+00  2.431D+01 10300  1.263D-02
  324.9696  0.175811D+01  0.174889D+01  0.827183D+01
  325.1218  0.179909D+01  0.180118D+01 -0.187691D+01
  325.2740  0.192031D+01  0.190920D+01  0.996734D+01
  325.4261  0.208408D+01  0.205381D+01  0.271640D+02
  325.5781  0.227285D+01  0.229631D+01 -0.191348D+02
  325.7301  0.246192D+01  0.252201D+01 -0.490142D+02
  325.8820  0.262176D+01  0.263661D+01 -0.121151D+02
  326.0338  0.271074D+01  0.273580D+01 -0.195518D+02
  326.1855  0.276370D+01  0.274460D+01  0.149006D+02
  326.3372  0.268079D+01  0.267926D+01  0.119454D+01
  326.4888  0.260907D+01  0.256819D+01  0.318894D+02
  326.6403  0.265446D+01  0.257587D+01  0.613181D+02
  326.7918  0.278396D+01  0.275532D+01  0.214124D+02
  326.9432  0.281603D+01  0.281463D+01  0.105060D+01
  327.0945  0.265060D+01  0.268840D+01 -0.294923D+02
  327.2458  0.254436D+01  0.256694D+01 -0.176197D+02
  327.3970  0.256950D+01  0.260696D+01 -0.292219D+02
  327.5481  0.262948D+01  0.264584D+01 -0.127639D+02
  327.6992  0.255689D+01  0.255564D+01  0.974135D+00
  327.8502  0.241534D+01  0.241764D+01 -0.179020D+01
  328.0011  0.233771D+01  0.230913D+01  0.233136D+02
   21 325.882 328.905 327.394  1.060D-02  0.000D+00  1.572D+00  2.618D+01   300  1.859D-02
  325.8820  0.262176D+01  0.259421D+01  0.224704D+02
  326.0338  0.271074D+01  0.272452D+01 -0.107525D+02
  326.1855  0.276370D+01  0.276405D+01 -0.275570D+00
  326.3372  0.268079D+01  0.271589D+01 -0.273825D+02
  326.4888  0.260907D+01  0.264462D+01 -0.277388D+02
  326.6403  0.265446D+01  0.265681D+01 -0.182896D+01
  326.7918  0.278396D+01  0.274810D+01  0.268044D+02
  326.9432  0.281603D+01  0.276437D+01  0.386294D+02
  327.0945  0.265060D+01  0.266260D+01 -0.936081D+01
  327.2458  0.254436D+01  0.257013D+01 -0.201011D+02
  327.3970  0.256950D+01  0.256749D+01  0.156655D+01
  327.5481  0.262948D+01  0.257549D+01  0.421188D+02
  327.6992  0.255689D+01  0.252203D+01  0.271960D+02
  327.8502  0.241534D+01  0.244330D+01 -0.218132D+02
  328.0011  0.233771D+01  0.239558D+01 -0.471974D+02
  328.1520  0.233203D+01  0.238771D+01 -0.454103D+02
  328.3027  0.240478D+01  0.239531D+01  0.739163D+01
  328.4535  0.244403D+01  0.239619D+01  0.373239D+02
  328.6041  0.238106D+01  0.235086D+01  0.235613D+02
  328.7547  0.232857D+01  0.232604D+01  0.196827D+01
  328.9052  0.248202D+01  0.250334D+01 -0.159379D+02
   21 326.792 329.807 328.299 -2.519D-02  0.000D+00  1.549D+00  3.785D+01   300  2.868D-02
  326.7918  0.278396D+01  0.286005D+01 -0.568958D+02
  326.9432  0.281603D+01  0.277576D+01  0.301135D+02
  327.0945  0.265060D+01  0.263701D+01  0.106012D+02
  327.2458  0.254436D+01  0.254880D+01 -0.345987D+01
  327.3970  0.256950D+01  0.254088D+01  0.223266D+02
  327.5481  0.262948D+01  0.253701D+01  0.721405D+02
  327.6992  0.255689D+01  0.249281D+01  0.499971D+02
  327.8502  0.241534D+01  0.244155D+01 -0.204472D+02
  328.0011  0.233771D+01  0.242110D+01 -0.680132D+02
  328.1520  0.233203D+01  0.242930D+01 -0.793295D+02
  328.3027  0.240478D+01  0.243946D+01 -0.270537D+02
  328.4535  0.244403D+01  0.242019D+01  0.185957D+02
  328.6041  0.238106D+01  0.235749D+01  0.183838D+02
  328.7547  0.232857D+01  0.234652D+01 -0.140082D+02
  328.9052  0.248202D+01  0.250455D+01 -0.168434D+02
  329.0557  0.279018D+01  0.275889D+01  0.233927D+02
  329.2061  0.301985D+01  0.296072D+01  0.442082D+02
  329.3564  0.311568D+01  0.308261D+01  0.237409D+02
  329.5066  0.315486D+01  0.314937D+01  0.393798D+01
  329.6568  0.318449D+01  0.318101D+01  0.249744D+01
  329.8069  0.316061D+01  0.321088D+01 -0.360793D+02
   21 327.699 330.706 329.203 -3.138D-02  0.000D+00  1.645D+00  3.081D+01 10300  1.653D-02
  327.6992  0.255689D+01  0.247455D+01  0.642428D+02
  327.8502  0.241534D+01  0.241956D+01 -0.329257D+01
  328.0011  0.233771D+01  0.240310D+01 -0.533373D+02
  328.1520  0.233203D+01  0.241650D+01 -0.688934D+02
  328.3027  0.240478D+01  0.243223D+01 -0.214151D+02
  328.4535  0.244403D+01  0.241522D+01  0.224741D+02
  328.6041  0.238106D+01  0.233474D+01  0.361353D+02
  328.7547  0.232857D+01  0.230537D+01  0.180937D+02
  328.9052  0.248202D+01  0.248830D+01 -0.469441D+01
  329.0557  0.279018D+01  0.277213D+01  0.134985D+02
  329.2061  0.301985D+01  0.297077D+01  0.366889D+02
  329.3564  0.311568D+01  0.308854D+01  0.194839D+02
  329.5066  0.315486D+01  0.315520D+01 -0.245813D+00
  329.6568  0.318449D+01  0.318271D+01  0.127982D+01
  329.8069  0.316061D+01  0.321757D+01 -0.408832D+02
  329.9569  0.326370D+01  0.328288D+01 -0.132419D+02
  330.1069  0.325219D+01  0.327486D+01 -0.156448D+02
  330.2568  0.309574D+01  0.308546D+01  0.738035D+01
  330.4067  0.281256D+01  0.281724D+01 -0.349816D+01
  330.5565  0.254877D+01  0.257342D+01 -0.184269D+02
  330.7062  0.247879D+01  0.243288D+01  0.343236D+02
   21 328.604 331.603 330.104 -8.703D-03  0.000D+00  1.648D+00  1.303D+01 10300  5.205D-03
  328.6041  0.238106D+01  0.237555D+01  0.429987D+01
  328.7547  0.232857D+01  0.231537D+01  0.102939D+02
  328.9052  0.248202D+01  0.248879D+01 -0.505955D+01
  329.0557  0.279018D+01  0.280972D+01 -0.146062D+02
  329.2061  0.301985D+01  0.301573D+01  0.307759D+01
  329.3564  0.311568D+01  0.311930D+01 -0.259490D+01
  329.5066  0.315486D+01  0.317328D+01 -0.132209D+02
  329.6568  0.318449D+01  0.317279D+01  0.839976D+01
  329.8069  0.316061D+01  0.317580D+01 -0.109047D+02
  329.9569  0.326370D+01  0.322817D+01  0.245170D+02
  330.1069  0.325219D+01  0.325368D+01 -0.102807D+01
  330.2568  0.309574D+01  0.307749D+01  0.130996D+02
  330.4067  0.281256D+01  0.281307D+01 -0.378021D+00
  330.5565  0.254877D+01  0.258547D+01 -0.274347D+02
  330.7062  0.247879D+01  0.244136D+01  0.279825D+02
  330.8558  0.252276D+01  0.252452D+01 -0.130916D+01
  331.0054  0.269032D+01  0.269530D+01 -0.372349D+01
  331.1549  0.273107D+01  0.274327D+01 -0.912013D+01
  331.3043  0.264256D+01  0.266181D+01 -0.143892D+02
  331.4537  0.255610D+01  0.255665D+01 -0.410828D+00
  331.6030  0.259898D+01  0.257968D+01  0.144291D+02
   21 329.507 332.498 331.002 -3.138D-03  0.000D+00  1.587D+00  2.180D+01 10300  8.665D-03
  329.5066  0.315486D+01  0.319259D+01 -0.270813D+02
  329.6568  0.318449D+01  0.317346D+01  0.791465D+01
  329.8069  0.316061D+01  0.316347D+01 -0.205046D+01
  329.9569  0.326370D+01  0.320953D+01  0.373845D+02
  330.1069  0.325219D+01  0.324842D+01  0.259899D+01
  330.2568  0.309574D+01  0.307757D+01  0.130411D+02
  330.4067  0.281256D+01  0.281210D+01  0.348141D+00
  330.5565  0.254877D+01  0.258942D+01 -0.303886D+02
  330.7062  0.247879D+01  0.243596D+01  0.320188D+02
  330.8558  0.252276D+01  0.252390D+01 -0.851885D+00
  331.0054  0.269032D+01  0.271210D+01 -0.162834D+02
  331.1549  0.273107D+01  0.276924D+01 -0.285366D+02
  331.3043  0.264256D+01  0.268837D+01 -0.342465D+02
  331.4537  0.255610D+01  0.257118D+01 -0.112750D+02
  331.6030  0.259898D+01  0.258160D+01  0.129898D+02
  331.7523  0.275361D+01  0.273642D+01  0.128500D+02
  331.9015  0.289359D+01  0.285675D+01  0.254237D+02
  332.0506  0.288468D+01  0.283977D+01  0.322318D+02
  332.1996  0.271783D+01  0.271166D+01  0.442555D+01
  332.3486  0.260481D+01  0.259936D+01  0.407553D+01
  332.4975  0.268031D+01  0.272901D+01 -0.349499D+02
   21 330.407 333.390 331.898 -7.170D-03  0.000D+00  1.629D+00  1.824D+01 10000  7.642D-03
  330.4067  0.281256D+01  0.282033D+01 -0.580286D+01
  330.5565  0.254877D+01  0.257535D+01 -0.198667D+02
  330.7062  0.247879D+01  0.241404D+01  0.484044D+02
  330.8558  0.252276D+01  0.250450D+01  0.136522D+02
  331.0054  0.269032D+01  0.269321D+01 -0.215768D+01
  331.1549  0.273107D+01  0.275261D+01 -0.161049D+02
  331.3043  0.264256D+01  0.267882D+01 -0.271114D+02
  331.4537  0.255610D+01  0.257234D+01 -0.121361D+02
  331.6030  0.259898D+01  0.259630D+01  0.200392D+01
  331.7523  0.275361D+01  0.276100D+01 -0.552512D+01
  331.9015  0.289359D+01  0.288063D+01  0.894106D+01
  332.0506  0.288468D+01  0.285333D+01  0.224977D+02
  332.1996  0.271783D+01  0.270728D+01  0.757100D+01
  332.3486  0.260481D+01  0.257411D+01  0.229566D+02
  332.4975  0.268031D+01  0.267491D+01  0.387637D+01
  332.6464  0.283968D+01  0.287008D+01 -0.209820D+02
  332.7952  0.285607D+01  0.285084D+01  0.361270D+01
  332.9439  0.269490D+01  0.271468D+01 -0.142014D+02
  333.0926  0.268268D+01  0.270440D+01 -0.155909D+02
  333.2411  0.277095D+01  0.278795D+01 -0.117329D+02
  333.3897  0.277615D+01  0.273988D+01  0.250343D+02
   21 331.304 334.279 332.792  7.547D-03  0.000D+00  1.667D+00  1.351D+01 10300  5.764D-03
  331.3043  0.264256D+01  0.262215D+01  0.152624D+02
  331.4537  0.255610D+01  0.256037D+01 -0.318849D+01
  331.6030  0.259898D+01  0.259700D+01  0.147725D+01
  331.7523  0.275361D+01  0.277145D+01 -0.133345D+02
  331.9015  0.289359D+01  0.290959D+01 -0.110459D+02
  332.0506  0.288468D+01  0.289391D+01 -0.662152D+01
  332.1996  0.271783D+01  0.274710D+01 -0.210068D+02
  332.3486  0.260481D+01  0.259010D+01  0.109951D+02
  332.4975  0.268031D+01  0.265166D+01  0.205657D+02
  332.6464  0.283968D+01  0.283851D+01  0.802372D+00
  332.7952  0.285607D+01  0.283411D+01  0.151576D+02
  332.9439  0.269490D+01  0.269456D+01  0.242766D+00
  333.0926  0.268268D+01  0.266974D+01  0.928661D+01
  333.2411  0.277095D+01  0.276345D+01  0.517347D+01
  333.3897  0.277615D+01  0.276004D+01  0.111231D+02
  333.5381  0.254302D+01  0.255994D+01 -0.121422D+02
  333.6865  0.234267D+01  0.234844D+01 -0.430727D+01
  333.8349  0.235379D+01  0.238883D+01 -0.262014D+02
  333.9832  0.253073D+01  0.255787D+01 -0.194852D+02
  334.1313  0.263799D+01  0.263274D+01  0.362659D+01
  334.2795  0.270593D+01  0.267200D+01  0.234150D+02
   19 332.200 334.871 333.536 -1.480D-03  0.000D+00  1.627D+00  1.450D+01 10300  6.199D-03
  332.1996  0.271783D+01  0.273543D+01 -0.126353D+02
  332.3486  0.260481D+01  0.259157D+01  0.990100D+01
  332.4975  0.268031D+01  0.267120D+01  0.654232D+01
  332.6464  0.283968D+01  0.285432D+01 -0.101036D+02
  332.7952  0.285607D+01  0.283570D+01  0.140555D+02
  332.9439  0.269490D+01  0.269704D+01 -0.154179D+01
  333.0926  0.268268D+01  0.268160D+01  0.772348D+00
  333.2411  0.277095D+01  0.277303D+01 -0.143376D+01
  333.3897  0.277615D+01  0.275528D+01  0.144064D+02
  333.5381  0.254302D+01  0.254490D+01 -0.135076D+01
  333.6865  0.234267D+01  0.234316D+01 -0.362668D+00
  333.8349  0.235379D+01  0.239761D+01 -0.327660D+02
  333.9832  0.253073D+01  0.256378D+01 -0.237249D+02
  334.1313  0.263799D+01  0.263372D+01  0.294624D+01
  334.2795  0.270593D+01  0.267896D+01  0.186124D+02
  334.4276  0.283715D+01  0.281821D+01  0.130713D+02
  334.5756  0.298138D+01  0.295829D+01  0.153483D+02
  334.7235  0.296286D+01  0.294641D+01  0.109370D+02
  334.8714  0.271586D+01  0.275319D+01 -0.257658D+02
   13 333.093 334.871 333.982  1.939D-02  0.000D+00  1.611D+00  1.070D+01 10300  9.358D-03
  333.0926  0.268268D+01  0.270363D+01 -0.150360D+02
  333.2411  0.277095D+01  0.275572D+01  0.105125D+02
  333.3897  0.277615D+01  0.274503D+01  0.214795D+02
  333.5381  0.254302D+01  0.255297D+01 -0.714140D+01
  333.6865  0.234267D+01  0.233786D+01  0.359912D+01
  333.8349  0.235379D+01  0.236624D+01 -0.931069D+01
  333.9832  0.253073D+01  0.254951D+01 -0.134839D+02
  334.1313  0.263799D+01  0.264938D+01 -0.785656D+01
  334.2795  0.270593D+01  0.269896D+01  0.481164D+01
  334.4276  0.283715D+01  0.282777D+01  0.647718D+01
  334.5756  0.298138D+01  0.296809D+01  0.883716D+01
  334.7235  0.296286D+01  0.295365D+01  0.612186D+01
  334.8714  0.271586D+01  0.273142D+01 -0.107396D+02
