           0
 T F
nwave fwave lwave wave  shift    squeeze     sin      rms    exval
   21 263.854 271.062 267.458 -7.439D-02  0.000D+00  3.155D-03  3.159D+00 10000  4.364D-02
  263.8545  0.123186D-02  0.133691D-02 -0.703514D+01
  264.2256  0.152724D-02  0.144572D-02  0.470401D+01
  264.5954  0.126936D-02  0.127701D-02 -0.494274D+00
  264.9640  0.121410D-02  0.113803D-02  0.536860D+01
  265.3314  0.132854D-02  0.124964D-02  0.603284D+01
  265.6975  0.132015D-02  0.131253D-02  0.592148D+00
  266.0625  0.116178D-02  0.121332D-02 -0.446093D+01
  266.4263  0.109638D-02  0.111303D-02 -0.151190D+01
  266.7889  0.108308D-02  0.109521D-02 -0.110181D+01
  267.1505  0.108287D-02  0.112204D-02 -0.359407D+01
  267.5110  0.115262D-02  0.114530D-02  0.658451D+00
  267.8705  0.104864D-02  0.108043D-02 -0.300713D+01
  268.2289  0.106652D-02  0.105823D-02  0.784218D+00
  268.5862  0.109028D-02  0.105725D-02  0.312401D+01
  268.9427  0.105398D-02  0.102468D-02  0.274349D+01
  269.2981  0.103295D-02  0.102026D-02  0.121255D+01
  269.6526  0.102706D-02  0.104820D-02 -0.202003D+01
  270.0062  0.117617D-02  0.116817D-02  0.748898D+00
  270.3589  0.125726D-02  0.124913D-02  0.753743D+00
  270.7108  0.120647D-02  0.121953D-02 -0.123547D+01
  271.0617  0.118042D-02  0.118473D-02 -0.407891D+00
   21 266.062 273.151 269.607 -1.968D-02  0.000D+00  3.149D-03  1.685D+00 10000  1.892D-02
  266.0625  0.116178D-02  0.117692D-02 -0.131038D+01
  266.4263  0.109638D-02  0.108090D-02  0.140640D+01
  266.7889  0.108308D-02  0.106408D-02  0.172595D+01
  267.1505  0.108287D-02  0.109506D-02 -0.111857D+01
  267.5110  0.115262D-02  0.113823D-02  0.129457D+01
  267.8705  0.104864D-02  0.108942D-02 -0.385686D+01
  268.2289  0.106652D-02  0.106217D-02  0.410853D+00
  268.5862  0.109028D-02  0.107256D-02  0.167589D+01
  268.9427  0.105398D-02  0.104346D-02  0.985359D+00
  269.2981  0.103295D-02  0.103614D-02 -0.304881D+00
  269.6526  0.102706D-02  0.105249D-02 -0.242992D+01
  270.0062  0.117617D-02  0.116061D-02  0.145644D+01
  270.3589  0.125726D-02  0.125293D-02  0.401411D+00
  270.7108  0.120647D-02  0.122300D-02 -0.156345D+01
  271.0617  0.118042D-02  0.117112D-02  0.879719D+00
  271.4119  0.113246D-02  0.109935D-02  0.303805D+01
  271.7612  0.914687D-03  0.928335D-03 -0.134638D+01
  272.1097  0.798607D-03  0.804372D-03 -0.581230D+00
  272.4575  0.855939D-03  0.883198D-03 -0.268924D+01
  272.8045  0.106597D-02  0.105678D-02  0.878740D+00
  273.1508  0.112799D-02  0.112189D-02  0.577258D+00
   21 268.229 275.214 271.721  2.218D-03  0.000D+00  3.261D-03  1.358D+00 10000  1.165D-02
  268.2289  0.106652D-02  0.106993D-02 -0.322950D+00
  268.5862  0.109028D-02  0.108417D-02  0.577363D+00
  268.9427  0.105398D-02  0.104996D-02  0.376998D+00
  269.2981  0.103295D-02  0.104048D-02 -0.719728D+00
  269.6526  0.102706D-02  0.104652D-02 -0.186016D+01
  270.0062  0.117617D-02  0.115237D-02  0.222807D+01
  270.3589  0.125726D-02  0.125430D-02  0.274332D+00
  270.7108  0.120647D-02  0.122369D-02 -0.162897D+01
  271.0617  0.118042D-02  0.116908D-02  0.107275D+01
  271.4119  0.113246D-02  0.110691D-02  0.234403D+01
  271.7612  0.914687D-03  0.936884D-03 -0.218982D+01
  272.1097  0.798607D-03  0.795274D-03  0.336084D+00
  272.4575  0.855939D-03  0.871688D-03 -0.155369D+01
  272.8045  0.106597D-02  0.105511D-02  0.103799D+01
  273.1508  0.112799D-02  0.114996D-02 -0.207794D+01
  273.4963  0.986188D-03  0.984466D-03  0.162870D+00
  273.8412  0.789997D-03  0.777705D-03  0.121263D+01
  274.1854  0.681328D-03  0.659388D-03  0.216450D+01
  274.5289  0.629447D-03  0.628650D-03  0.794293D-01
  274.8718  0.656914D-03  0.656749D-03  0.164340D-01
  275.2140  0.772448D-03  0.782386D-03 -0.949701D+00
   21 270.359 277.255 273.807  5.024D-03  0.000D+00  3.423D-03  1.344D+00 10000  1.119D-02
  270.3589  0.125726D-02  0.125628D-02  0.902919D-01
  270.7108  0.120647D-02  0.122416D-02 -0.167326D+01
  271.0617  0.118042D-02  0.116736D-02  0.123458D+01
  271.4119  0.113246D-02  0.110432D-02  0.258167D+01
  271.7612  0.914687D-03  0.935665D-03 -0.206956D+01
  272.1097  0.798607D-03  0.794445D-03  0.419598D+00
  272.4575  0.855939D-03  0.868638D-03 -0.125287D+01
  272.8045  0.106597D-02  0.105134D-02  0.139860D+01
  273.1508  0.112799D-02  0.114791D-02 -0.188447D+01
  273.4963  0.986188D-03  0.986583D-03 -0.373466D-01
  273.8412  0.789997D-03  0.780876D-03  0.899815D+00
  274.1854  0.681328D-03  0.662226D-03  0.188450D+01
  274.5289  0.629447D-03  0.631392D-03 -0.194034D+00
  274.8718  0.656914D-03  0.660130D-03 -0.320731D+00
  275.2140  0.772448D-03  0.785598D-03 -0.125671D+01
  275.5556  0.885258D-03  0.899872D-03 -0.138225D+01
  275.8967  0.111022D-02  0.109572D-02  0.127942D+01
  276.2371  0.125203D-02  0.125779D-02 -0.499242D+00
  276.5770  0.135078D-02  0.132427D-02  0.215252D+01
  276.9163  0.132189D-02  0.133190D-02 -0.827253D+00
  277.2551  0.134696D-02  0.135262D-02 -0.459442D+00
   21 272.458 279.277 275.867 -5.282D-03  0.000D+00  3.562D-03  1.276D+00 10000  1.155D-02
  272.4575  0.855939D-03  0.859676D-03 -0.368690D+00
  272.8045  0.106597D-02  0.105104D-02  0.142700D+01
  273.1508  0.112799D-02  0.114547D-02 -0.165309D+01
  273.4963  0.986188D-03  0.986181D-03  0.655958D-03
  273.8412  0.789997D-03  0.782980D-03  0.692225D+00
  274.1854  0.681328D-03  0.665128D-03  0.159820D+01
  274.5289  0.629447D-03  0.633824D-03 -0.436492D+00
  274.8718  0.656914D-03  0.663649D-03 -0.671707D+00
  275.2140  0.772448D-03  0.785556D-03 -0.125269D+01
  275.5556  0.885258D-03  0.899210D-03 -0.131957D+01
  275.8967  0.111022D-02  0.109257D-02  0.155706D+01
  276.2371  0.125203D-02  0.124971D-02  0.200517D+00
  276.5770  0.135078D-02  0.131869D-02  0.260484D+01
  276.9163  0.132189D-02  0.133650D-02 -0.120713D+01
  277.2551  0.134696D-02  0.136871D-02 -0.176553D+01
  277.5934  0.129127D-02  0.128637D-02  0.393664D+00
  277.9311  0.107469D-02  0.108059D-02 -0.487819D+00
  278.2683  0.964716D-03  0.973931D-03 -0.768652D+00
  278.6051  0.953271D-03  0.928853D-03  0.196519D+01
  278.9414  0.795664D-03  0.782486D-03  0.107950D+01
  279.2772  0.577674D-03  0.594987D-03 -0.157267D+01
   21 274.529 281.283 277.906  2.210D-04  0.000D+00  3.852D-03  1.367D+00 10000  1.763D-02
  274.5289  0.629447D-03  0.639635D-03 -0.101602D+01
  274.8718  0.656914D-03  0.657366D-03 -0.451225D-01
  275.2140  0.772448D-03  0.781074D-03 -0.824382D+00
  275.5556  0.885258D-03  0.884053D-03  0.114051D+00
  275.8967  0.111022D-02  0.108326D-02  0.237891D+01
  276.2371  0.125203D-02  0.124523D-02  0.588517D+00
  276.5770  0.135078D-02  0.132013D-02  0.248822D+01
  276.9163  0.132189D-02  0.133787D-02 -0.132081D+01
  277.2551  0.134696D-02  0.138268D-02 -0.289978D+01
  277.5934  0.129127D-02  0.130653D-02 -0.122877D+01
  277.9311  0.107469D-02  0.108466D-02 -0.824160D+00
  278.2683  0.964716D-03  0.973658D-03 -0.745843D+00
  278.6051  0.953271D-03  0.931010D-03  0.179162D+01
  278.9414  0.795664D-03  0.773801D-03  0.179098D+01
  279.2772  0.577674D-03  0.572378D-03  0.481088D+00
  279.6126  0.486772D-03  0.470081D-03  0.153136D+01
  279.9475  0.448842D-03  0.448910D-03 -0.629832D-02
  280.2821  0.504320D-03  0.487350D-03  0.157271D+01
  280.6162  0.628030D-03  0.636070D-03 -0.730351D+00
  280.9499  0.890926D-03  0.898182D-03 -0.640119D+00
  281.2832  0.117780D-02  0.117999D-02 -0.187649D+00
   21 276.577 283.275 279.926  2.534D-02  0.000D+00  4.305D-03  1.271D+00 10000  1.289D-02
  276.5770  0.135078D-02  0.132652D-02  0.196911D+01
  276.9163  0.132189D-02  0.133020D-02 -0.686965D+00
  277.2551  0.134696D-02  0.136853D-02 -0.175108D+01
  277.5934  0.129127D-02  0.130613D-02 -0.119660D+01
  277.9311  0.107469D-02  0.107937D-02 -0.386477D+00
  278.2683  0.964716D-03  0.960027D-03  0.391061D+00
  278.6051  0.953271D-03  0.928583D-03  0.198691D+01
  278.9414  0.795664D-03  0.783768D-03  0.974525D+00
  279.2772  0.577674D-03  0.579291D-03 -0.146853D+00
  279.6126  0.486772D-03  0.472501D-03  0.130936D+01
  279.9475  0.448842D-03  0.450140D-03 -0.120330D+00
  280.2821  0.504320D-03  0.484535D-03  0.183361D+01
  280.6162  0.628030D-03  0.626788D-03  0.112777D+00
  280.9499  0.890926D-03  0.896188D-03 -0.464231D+00
  281.2832  0.117780D-02  0.118581D-02 -0.686675D+00
  281.6161  0.151699D-02  0.151058D-02  0.520539D+00
  281.9486  0.177640D-02  0.178469D-02 -0.655102D+00
  282.2808  0.194153D-02  0.196203D-02 -0.155427D+01
  282.6126  0.203134D-02  0.204071D-02 -0.722530D+00
  282.9441  0.220203D-02  0.216138D-02  0.305706D+01
  283.2752  0.223059D-02  0.224427D-02 -0.102887D+01
   21 278.605 285.255 281.930 -8.327D-03  0.000D+00  4.551D-03  2.186D+00 10000  1.799D-02
  278.6051  0.953271D-03  0.945257D-03  0.644956D+00
  278.9414  0.795664D-03  0.789374D-03  0.515270D+00
  279.2772  0.577674D-03  0.588642D-03 -0.996322D+00
  279.6126  0.486772D-03  0.484085D-03  0.246506D+00
  279.9475  0.448842D-03  0.461347D-03 -0.115891D+01
  280.2821  0.504320D-03  0.501406D-03  0.270087D+00
  280.6162  0.628030D-03  0.652917D-03 -0.226069D+01
  280.9499  0.890926D-03  0.911706D-03 -0.183318D+01
  281.2832  0.117780D-02  0.119249D-02 -0.125951D+01
  281.6161  0.151699D-02  0.149706D-02  0.161817D+01
  281.9486  0.177640D-02  0.175119D-02  0.199378D+01
  282.2808  0.194153D-02  0.191827D-02  0.176352D+01
  282.6126  0.203134D-02  0.202000D-02  0.874630D+00
  282.9441  0.220203D-02  0.217640D-02  0.192743D+01
  283.2752  0.223059D-02  0.228415D-02 -0.402840D+01
  283.6060  0.216377D-02  0.223809D-02 -0.558875D+01
  283.9364  0.229587D-02  0.222828D-02  0.488302D+01
  284.2666  0.210797D-02  0.210751D-02  0.351022D-01
  284.5964  0.178850D-02  0.177527D-02  0.106470D+01
  284.9259  0.122380D-02  0.123196D-02 -0.720315D+00
  285.2551  0.885367D-03  0.885585D-03 -0.199700D-01
   21 280.616 287.224 283.920 -5.712D-03  0.000D+00  4.909D-03  2.737D+00 10000  1.007D-02
  280.6162  0.628030D-03  0.659681D-03 -0.287516D+01
  280.9499  0.890926D-03  0.909566D-03 -0.164436D+01
  281.2832  0.117780D-02  0.118512D-02 -0.627975D+00
  281.6161  0.151699D-02  0.148450D-02  0.263824D+01
  281.9486  0.177640D-02  0.173943D-02  0.292417D+01
  282.2808  0.194153D-02  0.191271D-02  0.218498D+01
  282.6126  0.203134D-02  0.202499D-02  0.490018D+00
  282.9441  0.220203D-02  0.218688D-02  0.113955D+01
  283.2752  0.223059D-02  0.229918D-02 -0.515881D+01
  283.6060  0.216377D-02  0.226035D-02 -0.726291D+01
  283.9364  0.229587D-02  0.224127D-02  0.394446D+01
  284.2666  0.210797D-02  0.210884D-02 -0.670839D-01
  284.5964  0.178850D-02  0.176030D-02  0.226980D+01
  284.9259  0.122380D-02  0.121423D-02  0.843803D+00
  285.2551  0.885367D-03  0.865959D-03  0.178063D+01
  285.5840  0.119666D-02  0.117670D-02  0.176024D+01
  285.9126  0.192769D-02  0.193223D-02 -0.359286D+00
  286.2409  0.259703D-02  0.257971D-02  0.124106D+01
  286.5689  0.286570D-02  0.285825D-02  0.525482D+00
  286.8967  0.293535D-02  0.298708D-02 -0.362338D+01
  287.2241  0.321972D-02  0.319862D-02  0.142313D+01
   21 282.613 289.183 285.898 -7.029D-03  0.000D+00  5.420D-03  3.127D+00 10300  8.699D-03
  282.6126  0.203134D-02  0.199833D-02  0.254478D+01
  282.9441  0.220203D-02  0.217304D-02  0.218009D+01
  283.2752  0.223059D-02  0.229658D-02 -0.496273D+01
  283.6060  0.216377D-02  0.224979D-02 -0.646882D+01
  283.9364  0.229587D-02  0.223955D-02  0.406905D+01
  284.2666  0.210797D-02  0.210737D-02  0.455395D-01
  284.5964  0.178850D-02  0.175967D-02  0.232017D+01
  284.9259  0.122380D-02  0.119921D-02  0.216899D+01
  285.2551  0.885367D-03  0.835115D-03  0.461055D+01
  285.5840  0.119666D-02  0.115706D-02  0.349284D+01
  285.9126  0.192769D-02  0.193333D-02 -0.446647D+00
  286.2409  0.259703D-02  0.259147D-02  0.398181D+00
  286.5689  0.286570D-02  0.286920D-02 -0.247077D+00
  286.8967  0.293535D-02  0.299918D-02 -0.447027D+01
  287.2241  0.321972D-02  0.325698D-02 -0.251373D+01
  287.5513  0.318407D-02  0.316795D-02  0.110410D+01
  287.8782  0.268411D-02  0.266073D-02  0.168962D+01
  288.2049  0.232650D-02  0.235707D-02 -0.229865D+01
  288.5312  0.308914D-02  0.303724D-02  0.332981D+01
  288.8574  0.378213D-02  0.372784D-02  0.332085D+01
  289.1832  0.400230D-02  0.405227D-02 -0.305631D+01
   21 284.596 291.133 287.865 -7.461D-03  0.000D+00  6.004D-03  2.564D+00 10300  6.716D-03
  284.5964  0.178850D-02  0.181099D-02 -0.181032D+01
  284.9259  0.122380D-02  0.121403D-02  0.861252D+00
  285.2551  0.885367D-03  0.821902D-03  0.582273D+01
  285.5840  0.119666D-02  0.115301D-02  0.385044D+01
  285.9126  0.192769D-02  0.194678D-02 -0.151021D+01
  286.2409  0.259703D-02  0.260798D-02 -0.785093D+00
  286.5689  0.286570D-02  0.287384D-02 -0.574837D+00
  286.8967  0.293535D-02  0.298633D-02 -0.357029D+01
  287.2241  0.321972D-02  0.326214D-02 -0.286219D+01
  287.5513  0.318407D-02  0.317001D-02  0.963171D+00
  287.8782  0.268411D-02  0.264729D-02  0.266017D+01
  288.2049  0.232650D-02  0.231008D-02  0.123524D+01
  288.5312  0.308914D-02  0.302851D-02  0.389010D+01
  288.8574  0.378213D-02  0.371952D-02  0.382948D+01
  289.1832  0.400230D-02  0.400961D-02 -0.447126D+00
  289.5088  0.451131D-02  0.457922D-02 -0.389427D+01
  289.8341  0.545085D-02  0.546128D-02 -0.563250D+00
  290.1591  0.618002D-02  0.619151D-02 -0.619718D+00
  290.4839  0.649938D-02  0.650482D-02 -0.277295D+00
  290.8084  0.635333D-02  0.637785D-02 -0.124999D+01
  291.1326  0.637948D-02  0.633956D-02  0.203475D+01
   21 286.569 293.072 289.821  3.575D-03  0.000D+00  6.698D-03  2.943D+00 10300  9.497D-03
  286.5689  0.286570D-02  0.284586D-02  0.140036D+01
  286.8967  0.293535D-02  0.295560D-02 -0.141811D+01
  287.2241  0.321972D-02  0.326465D-02 -0.303130D+01
  287.5513  0.318407D-02  0.319773D-02 -0.934703D+00
  287.8782  0.268411D-02  0.267518D-02  0.645056D+00
  288.2049  0.232650D-02  0.227289D-02  0.403147D+01
  288.5312  0.308914D-02  0.301180D-02  0.496209D+01
  288.8574  0.378213D-02  0.373320D-02  0.299283D+01
  289.1832  0.400230D-02  0.400136D-02  0.577787D-01
  289.5088  0.451131D-02  0.455715D-02 -0.262858D+01
  289.8341  0.545085D-02  0.545529D-02 -0.240033D+00
  290.1591  0.618002D-02  0.621268D-02 -0.176233D+01
  290.4839  0.649938D-02  0.655999D-02 -0.308941D+01
  290.8084  0.635333D-02  0.643912D-02 -0.437281D+01
  291.1326  0.637948D-02  0.641277D-02 -0.169637D+01
  291.4566  0.661164D-02  0.651904D-02  0.471998D+01
  291.7803  0.648521D-02  0.639223D-02  0.473936D+01
  292.1037  0.647540D-02  0.644430D-02  0.158541D+01
  292.4269  0.619855D-02  0.614231D-02  0.286693D+01
  292.7497  0.582470D-02  0.590679D-02 -0.443031D+01
  293.0723  0.672718D-02  0.674618D-02 -0.968383D+00
   21 288.531 295.002 291.766  1.264D-02  0.000D+00  7.514D-03  1.996D+00 10300  6.184D-03
  288.5312  0.308914D-02  0.307216D-02  0.108936D+01
  288.8574  0.378213D-02  0.379879D-02 -0.101918D+01
  289.1832  0.400230D-02  0.400276D-02 -0.281715D-01
  289.5088  0.451131D-02  0.452070D-02 -0.538762D+00
  289.8341  0.545085D-02  0.541652D-02  0.185277D+01
  290.1591  0.618002D-02  0.617806D-02  0.105810D+00
  290.4839  0.649938D-02  0.654136D-02 -0.213961D+01
  290.8084  0.635333D-02  0.641048D-02 -0.291325D+01
  291.1326  0.637948D-02  0.638189D-02 -0.122827D+00
  291.4566  0.661164D-02  0.653649D-02  0.383050D+01
  291.7803  0.648521D-02  0.639301D-02  0.469944D+01
  292.1037  0.647540D-02  0.649483D-02 -0.990248D+00
  292.4269  0.619855D-02  0.620133D-02 -0.141725D+00
  292.7497  0.582470D-02  0.589871D-02 -0.399415D+01
  293.0723  0.672718D-02  0.677296D-02 -0.233329D+01
  293.3946  0.761658D-02  0.758517D-02  0.151658D+01
  293.7166  0.681110D-02  0.681996D-02 -0.451228D+00
  294.0383  0.658113D-02  0.655080D-02  0.154558D+01
  294.3597  0.730485D-02  0.729245D-02  0.598805D+00
  294.6808  0.729286D-02  0.729555D-02 -0.129670D+00
  295.0016  0.703563D-02  0.704421D-02 -0.413910D+00
   21 290.484 296.920 293.702  1.088D-02  0.000D+00  8.623D-03  2.077D+00 10300  5.052D-03
  290.4839  0.649938D-02  0.649640D-02  0.151798D+00
  290.8084  0.635333D-02  0.639020D-02 -0.187946D+01
  291.1326  0.637948D-02  0.638592D-02 -0.328261D+00
  291.4566  0.661164D-02  0.656660D-02  0.229610D+01
  291.7803  0.648521D-02  0.640345D-02  0.416733D+01
  292.1037  0.647540D-02  0.652046D-02 -0.229653D+01
  292.4269  0.619855D-02  0.620769D-02 -0.465536D+00
  292.7497  0.582470D-02  0.587029D-02 -0.246075D+01
  293.0723  0.672718D-02  0.676963D-02 -0.216371D+01
  293.3946  0.761658D-02  0.760614D-02  0.503877D+00
  293.7166  0.681110D-02  0.678146D-02  0.151080D+01
  294.0383  0.658113D-02  0.651996D-02  0.311770D+01
  294.3597  0.730485D-02  0.732097D-02 -0.778148D+00
  294.6808  0.729286D-02  0.733884D-02 -0.222034D+01
  295.0016  0.703563D-02  0.708278D-02 -0.227644D+01
  295.3221  0.829235D-02  0.820399D-02  0.405326D+01
  295.6423  0.856920D-02  0.860154D-02 -0.141299D+01
  295.9621  0.930491D-02  0.931517D-02 -0.448058D+00
  296.2816  0.973326D-02  0.968556D-02  0.208422D+01
  296.6008  0.801332D-02  0.804470D-02 -0.143973D+01
  296.9196  0.706833D-02  0.707372D-02 -0.259927D+00
   21 292.427 298.825 295.626  7.491D-03  0.000D+00  9.970D-03  3.029D+00 10000  3.827D-03
  292.4269  0.619855D-02  0.610602D-02  0.471665D+01
  292.7497  0.582470D-02  0.584153D-02 -0.908461D+00
  293.0723  0.672718D-02  0.680206D-02 -0.381701D+01
  293.3946  0.761658D-02  0.766024D-02 -0.210848D+01
  293.7166  0.681110D-02  0.681180D-02 -0.354558D-01
  294.0383  0.658113D-02  0.655701D-02  0.122934D+01
  294.3597  0.730485D-02  0.735455D-02 -0.239997D+01
  294.6808  0.729286D-02  0.733450D-02 -0.201046D+01
  295.0016  0.703563D-02  0.705891D-02 -0.112392D+01
  295.3221  0.829235D-02  0.817192D-02  0.552430D+01
  295.6423  0.856920D-02  0.854056D-02  0.125122D+01
  295.9621  0.930491D-02  0.925468D-02  0.219471D+01
  296.2816  0.973326D-02  0.963198D-02  0.442504D+01
  296.6008  0.801332D-02  0.799632D-02  0.779750D+00
  296.9196  0.706833D-02  0.709151D-02 -0.111926D+01
  297.2380  0.807763D-02  0.812474D-02 -0.216098D+01
  297.5561  0.105169D-01  0.106486D-01 -0.548987D+01
  297.8738  0.122521D-01  0.123145D-01 -0.238203D+01
  298.1911  0.980302D-02  0.987307D-02 -0.306025D+01
  298.5081  0.802422D-02  0.796600D-02  0.267057D+01
  298.8246  0.101202D-01  0.100059D-01  0.476727D+01
   21 294.360 300.715 297.537  7.235D-03  0.000D+00  1.245D-02  6.132D+00 10000  7.684D-03
  294.3597  0.730485D-02  0.738568D-02 -0.390315D+01
  294.6808  0.729286D-02  0.733604D-02 -0.208483D+01
  295.0016  0.703563D-02  0.700887D-02  0.129237D+01
  295.3221  0.829235D-02  0.816825D-02  0.569260D+01
  295.6423  0.856920D-02  0.850874D-02  0.264145D+01
  295.9621  0.930491D-02  0.924554D-02  0.259412D+01
  296.2816  0.973326D-02  0.966768D-02  0.286509D+01
  296.6008  0.801332D-02  0.799113D-02  0.101792D+01
  296.9196  0.706833D-02  0.709243D-02 -0.116354D+01
  297.2380  0.807763D-02  0.814882D-02 -0.326569D+01
  297.5561  0.105169D-01  0.107286D-01 -0.882550D+01
  297.8738  0.122521D-01  0.124694D-01 -0.830553D+01
  298.1911  0.980302D-02  0.991838D-02 -0.504004D+01
  298.5081  0.802422D-02  0.795030D-02  0.339108D+01
  298.8246  0.101202D-01  0.100435D-01  0.319877D+01
  299.1407  0.131568D-01  0.129382D-01  0.802212D+01
  299.4563  0.130892D-01  0.127178D-01  0.136304D+02
  299.7716  0.138903D-01  0.139942D-01 -0.132349D+01
  300.0864  0.119906D-01  0.124943D-01 -0.641953D+01
  300.4007  0.122096D-01  0.129332D-01 -0.922001D+01
  300.7146  0.153040D-01  0.162070D-01 -0.113491D+02
   21 296.282 302.587 299.434  1.709D-03  0.000D+00  1.704D-02  1.174D+01 10000  1.401D-02
  296.2816  0.973326D-02  0.953701D-02  0.857394D+01
  296.6008  0.801332D-02  0.797385D-02  0.181084D+01
  296.9196  0.706833D-02  0.716286D-02 -0.456460D+01
  297.2380  0.807763D-02  0.825118D-02 -0.796128D+01
  297.5561  0.105169D-01  0.108348D-01 -0.132545D+02
  297.8738  0.122521D-01  0.124445D-01 -0.735510D+01
  298.1911  0.980302D-02  0.978565D-02  0.758901D+00
  298.5081  0.802422D-02  0.784954D-02  0.801307D+01
  298.8246  0.101202D-01  0.995234D-02  0.700022D+01
  299.1407  0.131568D-01  0.127705D-01  0.141766D+02
  299.4563  0.130892D-01  0.125889D-01  0.183607D+02
  299.7716  0.138903D-01  0.139923D-01 -0.129903D+01
  300.0864  0.119906D-01  0.125930D-01 -0.767705D+01
  300.4007  0.122096D-01  0.133708D-01 -0.147959D+02
  300.7146  0.153040D-01  0.170600D-01 -0.220693D+02
  301.0279  0.182164D-01  0.197327D-01 -0.187997D+02
  301.3408  0.230481D-01  0.240117D-01 -0.117881D+02
  301.6532  0.236301D-01  0.245034D-01 -0.105417D+02
  301.9650  0.196921D-01  0.201072D-01 -0.507755D+01
  302.2763  0.239026D-01  0.233639D-01  0.650331D+01
  302.5871  0.351825D-01  0.334313D-01  0.203384D+02
   21 298.191 304.439 301.315 -1.186D-02  0.000D+00  2.769D-02  1.426D+01 10000  1.943D-02
  298.1911  0.980302D-02  0.993820D-02 -0.590567D+01
  298.5081  0.802422D-02  0.811648D-02 -0.423228D+01
  298.8246  0.101202D-01  0.102285D-01 -0.451863D+01
  299.1407  0.131568D-01  0.127492D-01  0.149583D+02
  299.4563  0.130892D-01  0.126192D-01  0.172478D+02
  299.7716  0.138903D-01  0.137709D-01  0.152227D+01
  300.0864  0.119906D-01  0.124113D-01 -0.536194D+01
  300.4007  0.122096D-01  0.134052D-01 -0.152349D+02
  300.7146  0.153040D-01  0.168826D-01 -0.198397D+02
  301.0279  0.182164D-01  0.198070D-01 -0.197214D+02
  301.3408  0.230481D-01  0.240312D-01 -0.120263D+02
  301.6532  0.236301D-01  0.244665D-01 -0.100968D+02
  301.9650  0.196921D-01  0.206281D-01 -0.114500D+02
  302.2763  0.239026D-01  0.246744D-01 -0.931674D+01
  302.5871  0.351825D-01  0.354215D-01 -0.277549D+01
  302.8972  0.476963D-01  0.461656D-01  0.175543D+02
  303.2068  0.578982D-01  0.550608D-01  0.325400D+02
  303.5159  0.641981D-01  0.626482D-01  0.177752D+02
  303.8242  0.605468D-01  0.611505D-01 -0.692409D+01
  304.1320  0.639583D-01  0.655941D-01 -0.187602D+02
  304.4391  0.784329D-01  0.792909D-01 -0.874665D+01
   21 300.086 306.267 303.177  6.894D-03  0.000D+00  5.400D-02  3.186D+01 10000  2.924D-02
  300.0864  0.119906D-01  0.127276D-01 -0.939191D+01
  300.4007  0.122096D-01  0.126150D-01 -0.516566D+01
  300.7146  0.153040D-01  0.155111D-01 -0.260329D+01
  301.0279  0.182164D-01  0.179180D-01  0.369911D+01
  301.3408  0.230481D-01  0.219765D-01  0.131092D+02
  301.6532  0.236301D-01  0.230521D-01  0.697839D+01
  301.9650  0.196921D-01  0.198091D-01 -0.143008D+01
  302.2763  0.239026D-01  0.235084D-01  0.475918D+01
  302.5871  0.351825D-01  0.346517D-01  0.616459D+01
  302.8972  0.476963D-01  0.462807D-01  0.162346D+02
  303.2068  0.578982D-01  0.561563D-01  0.199764D+02
  303.5159  0.641981D-01  0.652043D-01 -0.115397D+02
  303.8242  0.605468D-01  0.643554D-01 -0.436790D+02
  304.1320  0.639583D-01  0.686146D-01 -0.533997D+02
  304.4391  0.784329D-01  0.830794D-01 -0.473667D+02
  304.7456  0.929946D-01  0.922586D-01  0.750345D+01
  305.0514  0.114990D+00  0.106032D+00  0.821846D+02
  305.3564  0.129399D+00  0.123568D+00  0.534988D+02
  305.6608  0.113671D+00  0.113001D+00  0.614859D+01
  305.9644  0.108734D+00  0.108003D+00  0.669933D+01
  306.2673  0.129911D+00  0.136846D+00 -0.578440D+02
   21 301.965 308.068 305.016 -1.080D-02  0.000D+00  1.034D-01  4.718D+01 10000  3.603D-02
  301.9650  0.196921D-01  0.194355D-01  0.313990D+01
  302.2763  0.239026D-01  0.240388D-01 -0.164391D+01
  302.5871  0.351825D-01  0.354112D-01 -0.265525D+01
  302.8972  0.476963D-01  0.468959D-01  0.917868D+01
  303.2068  0.578982D-01  0.562723D-01  0.186464D+02
  303.5159  0.641981D-01  0.648424D-01 -0.738871D+01
  303.8242  0.605468D-01  0.629222D-01 -0.272425D+02
  304.1320  0.639583D-01  0.676463D-01 -0.422957D+02
  304.4391  0.784329D-01  0.824832D-01 -0.412893D+02
  304.7456  0.929946D-01  0.905996D-01  0.244156D+02
  305.0514  0.114990D+00  0.105588D+00  0.862579D+02
  305.3564  0.129399D+00  0.123142D+00  0.574073D+02
  305.6608  0.113671D+00  0.111224D+00  0.224549D+02
  305.9644  0.108734D+00  0.108465D+00  0.246033D+01
  306.2673  0.129911D+00  0.141237D+00 -0.944609D+02
  306.5694  0.138195D+00  0.149494D+00 -0.942452D+02
  306.8707  0.163525D+00  0.166046D+00 -0.192721D+02
  307.1712  0.209979D+00  0.204263D+00  0.374567D+02
  307.4709  0.234710D+00  0.221693D+00  0.796217D+02
  307.7697  0.248084D+00  0.241617D+00  0.370803D+02
  308.0676  0.252956D+00  0.262871D+00 -0.535120D+02
   21 303.824 309.836 306.830 -3.014D-02  0.000D+00  1.789D-01  5.823D+01 10000  4.202D-02
  303.8242  0.605468D-01  0.582864D-01  0.259235D+02
  304.1320  0.639583D-01  0.663955D-01 -0.279503D+02
  304.4391  0.784329D-01  0.829882D-01 -0.464379D+02
  304.7456  0.929946D-01  0.920941D-01  0.918005D+01
  305.0514  0.114990D+00  0.109052D+00  0.544808D+02
  305.3564  0.129399D+00  0.124895D+00  0.413264D+02
  305.6608  0.113671D+00  0.111639D+00  0.186396D+02
  305.9644  0.108734D+00  0.111072D+00 -0.214580D+02
  306.2673  0.129911D+00  0.142043D+00 -0.101186D+03
  306.5694  0.138195D+00  0.148166D+00 -0.831672D+02
  306.8707  0.163525D+00  0.165537D+00 -0.153784D+02
  307.1712  0.209979D+00  0.200299D+00  0.634405D+02
  307.4709  0.234710D+00  0.215365D+00  0.118327D+03
  307.7697  0.248084D+00  0.233936D+00  0.811281D+02
  308.0676  0.252956D+00  0.252269D+00  0.370833D+01
  308.3647  0.264379D+00  0.273706D+00 -0.475451D+02
  308.6608  0.289764D+00  0.303382D+00 -0.624749D+02
  308.9560  0.271365D+00  0.286067D+00 -0.642316D+02
  309.2502  0.251059D+00  0.261210D+00 -0.423309D+02
  309.5435  0.288347D+00  0.281465D+00  0.252562D+02
  309.8357  0.316892D+00  0.289882D+00  0.854519D+02
   15 305.661 309.836 307.748 -2.474D-02  0.000D+00  2.275D-01  6.347D+01 10000  6.459D-02
  305.6608  0.113671D+00  0.107364D+00  0.578654D+02
  305.9644  0.108734D+00  0.108164D+00  0.522346D+01
  306.2673  0.129911D+00  0.140324D+00 -0.868516D+02
  306.5694  0.138195D+00  0.147860D+00 -0.806164D+02
  306.8707  0.163525D+00  0.165320D+00 -0.137207D+02
  307.1712  0.209979D+00  0.200854D+00  0.598033D+02
  307.4709  0.234710D+00  0.216267D+00  0.112809D+03
  307.7697  0.248084D+00  0.234620D+00  0.772066D+02
  308.0676  0.252956D+00  0.252994D+00 -0.205955D+00
  308.3647  0.264379D+00  0.273626D+00 -0.471366D+02
  308.6608  0.289764D+00  0.303603D+00 -0.634876D+02
  308.9560  0.271365D+00  0.286595D+00 -0.665388D+02
  309.2502  0.251059D+00  0.260978D+00 -0.413627D+02
  309.5435  0.288347D+00  0.280603D+00  0.284184D+02
  309.8357  0.316892D+00  0.289784D+00  0.857637D+02
   21 310.112 313.280 311.696 -6.062D-02  0.000D+00  5.662D-01  2.701D+01 10304  3.285D-02
  310.1116  0.352098D+00  0.347646D+00  0.547464D+01
  310.2708  0.391412D+00  0.421036D+00 -0.378685D+02
  310.4299  0.503939D+00  0.524068D+00 -0.274922D+02
  310.5889  0.607430D+00  0.604174D+00  0.469414D+01
  310.7478  0.673590D+00  0.656881D+00  0.240892D+02
  310.9067  0.709885D+00  0.683564D+00  0.379462D+02
  311.0654  0.717733D+00  0.690791D+00  0.411252D+02
  311.2241  0.702419D+00  0.695737D+00  0.108381D+02
  311.3828  0.681110D+00  0.694196D+00 -0.212228D+02
  311.5413  0.654461D+00  0.673055D+00 -0.301567D+02
  311.6997  0.615005D+00  0.632915D+00 -0.290482D+02
  311.8581  0.584650D+00  0.594367D+00 -0.180108D+02
  312.0164  0.569663D+00  0.582742D+00 -0.242422D+02
  312.1747  0.595876D+00  0.609745D+00 -0.239934D+02
  312.3328  0.660292D+00  0.657549D+00  0.474638D+01
  312.4909  0.703618D+00  0.691371D+00  0.198626D+02
  312.6489  0.733156D+00  0.711074D+00  0.358133D+02
  312.8068  0.747815D+00  0.736549D+00  0.182734D+02
  312.9647  0.778498D+00  0.760733D+00  0.288112D+02
  313.1224  0.779533D+00  0.772658D+00  0.111502D+02
  313.2801  0.752448D+00  0.783737D+00 -0.507467D+02
   21 311.065 314.225 312.645  4.441D-02  0.000D+00  6.375D-01  4.633D+01 10300  3.813D-02
  311.0654  0.717733D+00  0.686299D+00  0.479831D+02
  311.2241  0.702419D+00  0.686152D+00  0.263837D+02
  311.3828  0.681110D+00  0.690107D+00 -0.145918D+02
  311.5413  0.654461D+00  0.684234D+00 -0.482879D+02
  311.6997  0.615005D+00  0.656367D+00 -0.670844D+02
  311.8581  0.584650D+00  0.613753D+00 -0.539446D+02
  312.0164  0.569663D+00  0.582309D+00 -0.234411D+02
  312.1747  0.595876D+00  0.585408D+00  0.181095D+02
  312.3328  0.660292D+00  0.627065D+00  0.574834D+02
  312.4909  0.703618D+00  0.677557D+00  0.422671D+02
  312.6489  0.733156D+00  0.702534D+00  0.496643D+02
  312.8068  0.747815D+00  0.720283D+00  0.446543D+02
  312.9647  0.778498D+00  0.746032D+00  0.526554D+02
  313.1224  0.779533D+00  0.761465D+00  0.293042D+02
  313.2801  0.752448D+00  0.762359D+00 -0.160756D+02
  313.4377  0.728687D+00  0.765556D+00 -0.597976D+02
  313.5953  0.742911D+00  0.794988D+00 -0.844632D+02
  313.7527  0.825202D+00  0.858811D+00 -0.545088D+02
  313.9101  0.916758D+00  0.930952D+00 -0.230211D+02
  314.0674  0.982264D+00  0.960394D+00  0.354708D+02
  314.2247  0.939320D+00  0.909573D+00  0.482457D+02
   21 312.016 315.167 313.591  1.165D-02  0.000D+00  7.064D-01  4.743D+01 10300  1.913D-02
  312.0164  0.569663D+00  0.589743D+00 -0.372199D+02
  312.1747  0.595876D+00  0.603368D+00 -0.129606D+02
  312.3328  0.660292D+00  0.652612D+00  0.132873D+02
  312.4909  0.703618D+00  0.698370D+00  0.851102D+01
  312.6489  0.733156D+00  0.712789D+00  0.330323D+02
  312.8068  0.747815D+00  0.726937D+00  0.338617D+02
  312.9647  0.778498D+00  0.748122D+00  0.492649D+02
  313.1224  0.779533D+00  0.755117D+00  0.395998D+02
  313.2801  0.752448D+00  0.750518D+00  0.313001D+01
  313.4377  0.728687D+00  0.754784D+00 -0.423266D+02
  313.5953  0.742911D+00  0.792614D+00 -0.806133D+02
  313.7527  0.825202D+00  0.867689D+00 -0.689084D+02
  313.9101  0.916758D+00  0.947032D+00 -0.491006D+02
  314.0674  0.982264D+00  0.979551D+00  0.440092D+01
  314.2247  0.939320D+00  0.928552D+00  0.174638D+02
  314.3818  0.809343D+00  0.799133D+00  0.165604D+02
  314.5389  0.744437D+00  0.711184D+00  0.539321D+02
  314.6959  0.821278D+00  0.776603D+00  0.724579D+02
  314.8528  0.987387D+00  0.932735D+00  0.834248D+02
  315.0097  0.107344D+01  0.107385D+01 -0.632734D+00
  315.1665  0.110091D+01  0.115964D+01 -0.896591D+02
   21 312.965 316.106 314.535 -3.322D-02  0.000D+00  8.190D-01  5.191D+01   300  1.706D-02
  312.9647  0.778498D+00  0.767456D+00  0.179077D+02
  313.1224  0.779533D+00  0.751733D+00  0.450880D+02
  313.2801  0.752448D+00  0.737786D+00  0.237788D+02
  313.4377  0.728687D+00  0.745985D+00 -0.280559D+02
  313.5953  0.742911D+00  0.793911D+00 -0.827160D+02
  313.7527  0.825202D+00  0.874763D+00 -0.803813D+02
  313.9101  0.916758D+00  0.947571D+00 -0.499754D+02
  314.0674  0.982264D+00  0.963905D+00  0.297754D+02
  314.2247  0.939320D+00  0.892341D+00  0.761943D+02
  314.3818  0.809343D+00  0.767743D+00  0.674698D+02
  314.5389  0.744437D+00  0.720955D+00  0.380851D+02
  314.6959  0.821278D+00  0.812408D+00  0.143870D+02
  314.8528  0.987387D+00  0.954617D+00  0.500225D+02
  315.0097  0.107344D+01  0.105546D+01  0.274415D+02
  315.1665  0.110091D+01  0.109587D+01  0.769058D+01
  315.3232  0.106608D+01  0.109443D+01 -0.432805D+02
  315.4798  0.100341D+01  0.104705D+01 -0.707859D+02
  315.6364  0.890599D+00  0.933026D+00 -0.688107D+02
  315.7928  0.768361D+00  0.786551D+00 -0.295011D+02
  315.9493  0.707705D+00  0.693995D+00  0.222367D+02
  316.1056  0.752611D+00  0.697853D+00  0.888106D+02
   21 313.910 317.042 315.476 -5.289D-02  0.000D+00  9.084D-01  4.554D+01 10300  1.505D-02
  313.9101  0.916758D+00  0.955737D+00 -0.632191D+02
  314.0674  0.982264D+00  0.974133D+00  0.131868D+02
  314.2247  0.939320D+00  0.897938D+00  0.671161D+02
  314.3818  0.809343D+00  0.781387D+00  0.453416D+02
  314.5389  0.744437D+00  0.749669D+00 -0.848588D+01
  314.6959  0.821278D+00  0.842601D+00 -0.345824D+02
  314.8528  0.987387D+00  0.971324D+00  0.245191D+02
  315.0097  0.107344D+01  0.105682D+01  0.253661D+02
  315.1665  0.110091D+01  0.108762D+01  0.202810D+02
  315.3232  0.106608D+01  0.107949D+01 -0.204716D+02
  315.4798  0.100341D+01  0.102778D+01 -0.395305D+02
  315.6364  0.890599D+00  0.918797D+00 -0.457333D+02
  315.7928  0.768361D+00  0.793858D+00 -0.413530D+02
  315.9493  0.707705D+00  0.733115D+00 -0.412116D+02
  316.1056  0.752611D+00  0.774713D+00 -0.358463D+02
  316.2618  0.892452D+00  0.884031D+00  0.136571D+02
  316.4180  0.102712D+01  0.993468D+00  0.513626D+02
  316.5742  0.113404D+01  0.107303D+01  0.879519D+02
  316.7302  0.119203D+01  0.114537D+01  0.672605D+02
  316.8861  0.124636D+01  0.124816D+01 -0.259312D+01
  317.0420  0.134080D+01  0.139473D+01 -0.777444D+02
   21 314.853 317.976 316.414 -7.590D-02  0.000D+00  9.670D-01  3.640D+01 10300  1.750D-02
  314.8528  0.987387D+00  0.989106D+00 -0.262422D+01
  315.0097  0.107344D+01  0.106333D+01  0.154355D+02
  315.1665  0.110091D+01  0.108461D+01  0.248707D+02
  315.3232  0.106608D+01  0.107459D+01 -0.129868D+02
  315.4798  0.100341D+01  0.101851D+01 -0.244875D+02
  315.6364  0.890599D+00  0.900050D+00 -0.153278D+02
  315.7928  0.768361D+00  0.770930D+00 -0.416616D+01
  315.9493  0.707705D+00  0.723266D+00 -0.252373D+02
  316.1056  0.752611D+00  0.783988D+00 -0.508891D+02
  316.2618  0.892452D+00  0.904642D+00 -0.197701D+02
  316.4180  0.102712D+01  0.100903D+01  0.276071D+02
  316.5742  0.113404D+01  0.107553D+01  0.843478D+02
  316.7302  0.119203D+01  0.113687D+01  0.795082D+02
  316.8861  0.124636D+01  0.123030D+01  0.231480D+02
  317.0420  0.134080D+01  0.136659D+01 -0.371781D+02
  317.1978  0.145214D+01  0.147763D+01 -0.348126D+02
  317.3536  0.150212D+01  0.150766D+01 -0.718978D+01
  317.5092  0.146620D+01  0.149413D+01 -0.381437D+02
  317.6648  0.140778D+01  0.143060D+01 -0.328906D+02
  317.8203  0.128211D+01  0.126651D+01  0.224924D+02
  317.9758  0.111507D+01  0.108490D+01  0.435013D+02
   21 315.793 318.907 317.350 -4.540D-02  0.000D+00  1.036D+00  3.090D+01   300  1.019D-02
  315.7928  0.768361D+00  0.768200D+00  0.261354D+00
  315.9493  0.707705D+00  0.711866D+00 -0.674795D+01
  316.1056  0.752611D+00  0.769779D+00 -0.278443D+02
  316.2618  0.892452D+00  0.903585D+00 -0.180563D+02
  316.4180  0.102712D+01  0.102707D+01  0.663320D-01
  316.5742  0.113404D+01  0.109618D+01  0.545818D+02
  316.7302  0.119203D+01  0.115009D+01  0.604581D+02
  316.8861  0.124636D+01  0.122616D+01  0.291223D+02
  317.0420  0.134080D+01  0.135752D+01 -0.240952D+02
  317.1978  0.145214D+01  0.148156D+01 -0.401811D+02
  317.3536  0.150212D+01  0.150912D+01 -0.908430D+01
  317.5092  0.146620D+01  0.148757D+01 -0.291789D+02
  317.6648  0.140778D+01  0.144151D+01 -0.486209D+02
  317.8203  0.128211D+01  0.128673D+01 -0.666402D+01
  317.9758  0.111507D+01  0.107944D+01  0.513725D+02
  318.1311  0.100384D+01  0.987422D+00  0.236759D+02
  318.2864  0.105404D+01  0.103874D+01  0.220559D+02
  318.4417  0.119175D+01  0.116966D+01  0.318562D+02
  318.5968  0.134211D+01  0.132904D+01  0.178499D+02
  318.7519  0.149302D+01  0.150339D+01 -0.134656D+02
  318.9069  0.163940D+01  0.165957D+01 -0.261707D+02
   21 316.730 319.835 318.283 -1.976D-02  0.000D+00  1.153D+00  3.929D+01 10300  1.050D-02
  316.7302  0.119203D+01  0.122056D+01 -0.411375D+02
  316.8861  0.124636D+01  0.123981D+01  0.943863D+01
  317.0420  0.134080D+01  0.132584D+01  0.215658D+02
  317.1978  0.145214D+01  0.143317D+01  0.259101D+02
  317.3536  0.150212D+01  0.147000D+01  0.416691D+02
  317.5092  0.146620D+01  0.145807D+01  0.111014D+02
  317.6648  0.140778D+01  0.143372D+01 -0.373916D+02
  317.8203  0.128211D+01  0.131849D+01 -0.524495D+02
  317.9758  0.111507D+01  0.112598D+01 -0.157215D+02
  318.1311  0.100384D+01  0.101962D+01 -0.227490D+02
  318.2864  0.105404D+01  0.105818D+01 -0.597664D+01
  318.4417  0.119175D+01  0.118432D+01  0.107200D+02
  318.5968  0.134211D+01  0.133736D+01  0.649259D+01
  318.7519  0.149302D+01  0.148931D+01  0.480088D+01
  318.9069  0.163940D+01  0.161258D+01  0.347890D+02
  319.0618  0.162343D+01  0.158373D+01  0.515107D+02
  319.2166  0.142718D+01  0.138744D+01  0.515699D+02
  319.3714  0.123889D+01  0.126400D+01 -0.361915D+02
  319.5261  0.123579D+01  0.130599D+01 -0.101213D+03
  319.6808  0.136522D+01  0.138767D+01 -0.306671D+02
  319.8353  0.149143D+01  0.144591D+01  0.590627D+02
   21 317.665 320.761 319.213  2.457D-03  0.000D+00  1.228D+00  5.005D+01   300  1.366D-02
  317.6648  0.140778D+01  0.133139D+01  0.110130D+03
  317.8203  0.128211D+01  0.132379D+01 -0.600926D+02
  317.9758  0.111507D+01  0.116875D+01 -0.773862D+02
  318.1311  0.100384D+01  0.105405D+01 -0.723775D+02
  318.2864  0.105404D+01  0.108312D+01 -0.419230D+02
  318.4417  0.119175D+01  0.120228D+01 -0.151806D+02
  318.5968  0.134211D+01  0.134490D+01 -0.380210D+01
  318.7519  0.149302D+01  0.147768D+01  0.198912D+02
  318.9069  0.163940D+01  0.159284D+01  0.604019D+02
  319.0618  0.162343D+01  0.157627D+01  0.611891D+02
  319.2166  0.142718D+01  0.137049D+01  0.735585D+02
  319.3714  0.123889D+01  0.121766D+01  0.306084D+02
  319.5261  0.123579D+01  0.126001D+01 -0.349156D+02
  319.6808  0.136522D+01  0.137329D+01 -0.110288D+02
  319.8353  0.149143D+01  0.150038D+01 -0.116090D+02
  319.9898  0.154539D+01  0.158746D+01 -0.545934D+02
  320.1442  0.157852D+01  0.161517D+01 -0.475477D+02
  320.2986  0.166010D+01  0.168261D+01 -0.291966D+02
  320.4529  0.181711D+01  0.180126D+01  0.195828D+02
  320.6071  0.193477D+01  0.190261D+01  0.379385D+02
  320.7612  0.193504D+01  0.192602D+01  0.106438D+02
   21 318.597 321.684 320.141  5.267D-02  0.000D+00  1.218D+00  3.930D+01 10300  9.549D-03
  318.5968  0.134211D+01  0.138828D+01 -0.630576D+02
  318.7519  0.149302D+01  0.148723D+01  0.750546D+01
  318.9069  0.163940D+01  0.158655D+01  0.685705D+02
  319.0618  0.162343D+01  0.161444D+01  0.116597D+02
  319.2166  0.142718D+01  0.144127D+01 -0.182805D+02
  319.3714  0.123889D+01  0.123158D+01  0.105479D+02
  319.5261  0.123579D+01  0.122475D+01  0.159066D+02
  319.6808  0.136522D+01  0.133823D+01  0.368600D+02
  319.8353  0.149143D+01  0.147455D+01  0.219033D+02
  319.9898  0.154539D+01  0.159775D+01 -0.679382D+02
  320.1442  0.157852D+01  0.164126D+01 -0.814017D+02
  320.2986  0.166010D+01  0.168849D+01 -0.368322D+02
  320.4529  0.181711D+01  0.179401D+01  0.285473D+02
  320.6071  0.193477D+01  0.189286D+01  0.494316D+02
  320.7612  0.193504D+01  0.191735D+01  0.208674D+02
  320.9153  0.181155D+01  0.181970D+01 -0.105735D+02
  321.0692  0.162359D+01  0.162663D+01 -0.393735D+01
  321.2231  0.147340D+01  0.145949D+01  0.180456D+02
  321.3770  0.142500D+01  0.140178D+01  0.301335D+02
  321.5308  0.149389D+01  0.147563D+01  0.236876D+02
  321.6845  0.161945D+01  0.166231D+01 -0.529601D+02
   21 319.526 322.605 321.066  2.786D-02  0.000D+00  1.360D+00  5.945D+01 10300  1.987D-02
  319.5261  0.123579D+01  0.122894D+01  0.987454D+01
  319.6808  0.136522D+01  0.132920D+01  0.491985D+02
  319.8353  0.149143D+01  0.145943D+01  0.415322D+02
  319.9898  0.154539D+01  0.157149D+01 -0.338721D+02
  320.1442  0.157852D+01  0.164575D+01 -0.872351D+02
  320.2986  0.166010D+01  0.172429D+01 -0.832759D+02
  320.4529  0.181711D+01  0.182454D+01 -0.917901D+01
  320.6071  0.193477D+01  0.190254D+01  0.380225D+02
  320.7612  0.193504D+01  0.189918D+01  0.423009D+02
  320.9153  0.181155D+01  0.178830D+01  0.301733D+02
  321.0692  0.162359D+01  0.161328D+01  0.133820D+02
  321.2231  0.147340D+01  0.146187D+01  0.149601D+02
  321.3770  0.142500D+01  0.140417D+01  0.270248D+02
  321.5308  0.149389D+01  0.145144D+01  0.550707D+02
  321.6845  0.161945D+01  0.157762D+01  0.516888D+02
  321.8381  0.175013D+01  0.172432D+01  0.318957D+02
  321.9917  0.178098D+01  0.182254D+01 -0.490199D+02
  322.1451  0.169596D+01  0.180321D+01 -0.126500D+03
  322.2986  0.160888D+01  0.168340D+01 -0.966920D+02
  322.4519  0.154517D+01  0.153764D+01  0.977313D+01
  322.6052  0.147165D+01  0.137930D+01  0.119833D+03
   21 320.453 323.523 321.988 -2.732D-02  0.000D+00  1.338D+00  3.754D+01   300  1.298D-02
  320.4529  0.181711D+01  0.183232D+01 -0.187912D+02
  320.6071  0.193477D+01  0.193321D+01  0.184771D+01
  320.7612  0.193504D+01  0.191858D+01  0.194229D+02
  320.9153  0.181155D+01  0.179189D+01  0.255068D+02
  321.0692  0.162359D+01  0.161979D+01  0.493048D+01
  321.2231  0.147340D+01  0.148792D+01 -0.188508D+02
  321.3770  0.142500D+01  0.144942D+01 -0.316776D+02
  321.5308  0.149389D+01  0.150354D+01 -0.125268D+02
  321.6845  0.161945D+01  0.161199D+01  0.921456D+01
  321.8381  0.175013D+01  0.172062D+01  0.364773D+02
  321.9917  0.178098D+01  0.176705D+01  0.164368D+02
  322.1451  0.169596D+01  0.172625D+01 -0.357213D+02
  322.2986  0.160888D+01  0.163374D+01 -0.322607D+02
  322.4519  0.154517D+01  0.153441D+01  0.139635D+02
  322.6052  0.147165D+01  0.143789D+01  0.438088D+02
  322.7584  0.133999D+01  0.135705D+01 -0.221388D+02
  322.9115  0.128189D+01  0.133628D+01 -0.705632D+02
  323.0646  0.140517D+01  0.140612D+01 -0.124377D+01
  323.2176  0.159095D+01  0.152705D+01  0.789606D+02
  323.3705  0.168621D+01  0.163642D+01  0.587328D+02
  323.5233  0.167569D+01  0.173795D+01 -0.734403D+02
   21 321.377 324.439 322.908 -4.810D-02  0.000D+00  1.370D+00  3.681D+01   300  1.751D-02
  321.3770  0.142500D+01  0.146683D+01 -0.542770D+02
  321.5308  0.149389D+01  0.149691D+01 -0.391972D+01
  321.6845  0.161945D+01  0.159726D+01  0.274248D+02
  321.8381  0.175013D+01  0.170984D+01  0.497965D+02
  321.9917  0.178098D+01  0.176089D+01  0.236971D+02
  322.1451  0.169596D+01  0.170045D+01 -0.528902D+01
  322.2986  0.160888D+01  0.160679D+01  0.270274D+01
  322.4519  0.154517D+01  0.154373D+01  0.187290D+01
  322.6052  0.147165D+01  0.146179D+01  0.127918D+02
  322.7584  0.133999D+01  0.136937D+01 -0.381279D+02
  322.9115  0.128189D+01  0.135151D+01 -0.903333D+02
  323.0646  0.140517D+01  0.145527D+01 -0.650075D+02
  323.2176  0.159095D+01  0.159436D+01 -0.421662D+01
  323.3705  0.168621D+01  0.163788D+01  0.570059D+02
  323.5233  0.167569D+01  0.163016D+01  0.537000D+02
  323.6761  0.170381D+01  0.168585D+01  0.211876D+02
  323.8288  0.181700D+01  0.180494D+01  0.142238D+02
  323.9814  0.195112D+01  0.193611D+01  0.169337D+02
  324.1340  0.202862D+01  0.203680D+01 -0.884608D+01
  324.2865  0.205260D+01  0.207134D+01 -0.202680D+02
  324.4389  0.206709D+01  0.207551D+01 -0.910396D+01
   21 322.299 325.352 323.825 -5.187D-02  0.000D+00  1.514D+00  5.208D+01 10300  2.007D-02
  322.2986  0.160888D+01  0.156005D+01  0.633471D+02
  322.4519  0.154517D+01  0.155419D+01 -0.117057D+02
  322.6052  0.147165D+01  0.147673D+01 -0.658280D+01
  322.7584  0.133999D+01  0.136618D+01 -0.339861D+02
  322.9115  0.128189D+01  0.133108D+01 -0.638195D+02
  323.0646  0.140517D+01  0.146281D+01 -0.747981D+02
  323.2176  0.159095D+01  0.164793D+01 -0.704126D+02
  323.3705  0.168621D+01  0.165205D+01  0.402930D+02
  323.5233  0.167569D+01  0.159567D+01  0.943889D+02
  323.6761  0.170381D+01  0.165434D+01  0.583581D+02
  323.8288  0.181700D+01  0.178141D+01  0.419819D+02
  323.9814  0.195112D+01  0.191216D+01  0.439623D+02
  324.1340  0.202862D+01  0.202657D+01  0.221124D+01
  324.2865  0.205260D+01  0.204642D+01  0.667530D+01
  324.4389  0.206709D+01  0.206475D+01  0.253301D+01
  324.5913  0.206186D+01  0.209455D+01 -0.353426D+02
  324.7436  0.195488D+01  0.197389D+01 -0.205529D+02
  324.8958  0.180420D+01  0.183581D+01 -0.372881D+02
  325.0479  0.174926D+01  0.182449D+01 -0.887333D+02
  325.2000  0.185581D+01  0.185907D+01 -0.368893D+01
  325.3520  0.199548D+01  0.191101D+01  0.913393D+02
   21 323.218 326.263 324.740 -4.194D-02  0.000D+00  1.475D+00  2.810D+01 10300  1.122D-02
  323.2176  0.159095D+01  0.162718D+01 -0.447731D+02
  323.3705  0.168621D+01  0.167696D+01  0.109087D+02
  323.5233  0.167569D+01  0.163175D+01  0.518304D+02
  323.6761  0.170381D+01  0.169160D+01  0.144048D+02
  323.8288  0.181700D+01  0.181949D+01 -0.293283D+01
  323.9814  0.195112D+01  0.194243D+01  0.980647D+01
  324.1340  0.202862D+01  0.204829D+01 -0.212744D+02
  324.2865  0.205260D+01  0.205274D+01 -0.154474D+00
  324.4389  0.206709D+01  0.204790D+01  0.207518D+02
  324.5913  0.206186D+01  0.207079D+01 -0.965315D+01
  324.7436  0.195488D+01  0.195138D+01  0.378509D+01
  324.8958  0.180420D+01  0.180755D+01 -0.395510D+01
  325.0479  0.174926D+01  0.180692D+01 -0.680058D+02
  325.2000  0.185581D+01  0.187169D+01 -0.179197D+02
  325.3520  0.199548D+01  0.197462D+01  0.225546D+02
  325.5040  0.219309D+01  0.217669D+01  0.177304D+02
  325.6558  0.238214D+01  0.239640D+01 -0.148008D+02
  325.8076  0.256580D+01  0.252783D+01  0.378980D+02
  325.9594  0.269736D+01  0.267117D+01  0.261368D+02
  326.1110  0.278226D+01  0.276698D+01  0.152567D+02
  326.2626  0.277055D+01  0.281667D+01 -0.460300D+02
   21 324.134 327.171 325.652  7.475D-03  0.000D+00  1.506D+00  3.982D+01   300  1.346D-02
  324.1340  0.202862D+01  0.208644D+01 -0.625264D+02
  324.2865  0.205260D+01  0.206057D+01 -0.862061D+01
  324.4389  0.206709D+01  0.199105D+01  0.822197D+02
  324.5913  0.206186D+01  0.202085D+01  0.443395D+02
  324.7436  0.195488D+01  0.196170D+01 -0.737335D+01
  324.8958  0.180420D+01  0.179416D+01  0.118404D+02
  325.0479  0.174926D+01  0.177933D+01 -0.354716D+02
  325.2000  0.185581D+01  0.186427D+01 -0.954523D+01
  325.3520  0.199548D+01  0.197648D+01  0.205483D+02
  325.5040  0.219309D+01  0.217065D+01  0.242614D+02
  325.6558  0.238214D+01  0.245025D+01 -0.706986D+02
  325.8076  0.256580D+01  0.259806D+01 -0.321958D+02
  325.9594  0.269736D+01  0.271553D+01 -0.181407D+02
  326.1110  0.278226D+01  0.278696D+01 -0.468489D+01
  326.2626  0.277055D+01  0.275230D+01  0.182075D+02
  326.4141  0.267267D+01  0.266346D+01  0.919253D+01
  326.5656  0.266531D+01  0.257580D+01  0.893372D+02
  326.7170  0.275921D+01  0.273263D+01  0.265265D+02
  326.8683  0.285916D+01  0.288624D+01 -0.250941D+02
  327.0195  0.276373D+01  0.280908D+01 -0.435795D+02
  327.1707  0.261632D+01  0.261314D+01  0.317418D+01
   21 325.048 328.076 326.562  1.481D-02  0.000D+00  1.637D+00  3.299D+01 10300  1.458D-02
  325.0479  0.174926D+01  0.173946D+01  0.115670D+02
  325.2000  0.185581D+01  0.184168D+01  0.159389D+02
  325.3520  0.199548D+01  0.197766D+01  0.192725D+02
  325.5040  0.219309D+01  0.218133D+01  0.127156D+02
  325.6558  0.238214D+01  0.244297D+01 -0.631354D+02
  325.8076  0.256580D+01  0.261169D+01 -0.458013D+02
  325.9594  0.269736D+01  0.272235D+01 -0.249445D+02
  326.1110  0.278226D+01  0.278414D+01 -0.186809D+01
  326.2626  0.277055D+01  0.275010D+01  0.204087D+02
  326.4141  0.267267D+01  0.265809D+01  0.145472D+02
  326.5656  0.266531D+01  0.258719D+01  0.779707D+02
  326.7170  0.275921D+01  0.270281D+01  0.562923D+02
  326.8683  0.285916D+01  0.283982D+01  0.179262D+02
  327.0195  0.276373D+01  0.279420D+01 -0.292848D+02
  327.1707  0.261632D+01  0.264849D+01 -0.321132D+02
  327.3218  0.258166D+01  0.261305D+01 -0.313362D+02
  327.4729  0.265043D+01  0.267432D+01 -0.229602D+02
  327.6238  0.264253D+01  0.264968D+01 -0.713208D+01
  327.7747  0.252716D+01  0.252867D+01 -0.150684D+01
  327.9256  0.239762D+01  0.241046D+01 -0.128175D+02
  328.0764  0.236383D+01  0.232615D+01  0.376135D+02
   21 325.959 328.980 327.469  1.414D-02  0.000D+00  1.586D+00  4.081D+01 10300  3.058D-02
  325.9594  0.269736D+01  0.268703D+01  0.103101D+02
  326.1110  0.278226D+01  0.277226D+01  0.997955D+01
  326.2626  0.277055D+01  0.277260D+01 -0.205352D+01
  326.4141  0.267267D+01  0.272223D+01 -0.494617D+02
  326.5656  0.266531D+01  0.269771D+01 -0.323320D+02
  326.7170  0.275921D+01  0.273829D+01  0.208790D+02
  326.8683  0.285916D+01  0.278136D+01  0.721065D+02
  327.0195  0.276373D+01  0.274592D+01  0.171264D+02
  327.1707  0.261632D+01  0.266101D+01 -0.446051D+02
  327.3218  0.258166D+01  0.261385D+01 -0.321338D+02
  327.4729  0.265043D+01  0.260636D+01  0.423621D+02
  327.6238  0.264253D+01  0.258283D+01  0.595909D+02
  327.7747  0.252716D+01  0.252240D+01  0.475584D+01
  327.9256  0.239762D+01  0.246303D+01 -0.652813D+02
  328.0764  0.236383D+01  0.243314D+01 -0.691782D+02
  328.2271  0.239969D+01  0.242814D+01 -0.283957D+02
  328.3777  0.248040D+01  0.242648D+01  0.538177D+02
  328.5283  0.246591D+01  0.240657D+01  0.592192D+02
  328.6788  0.239250D+01  0.238370D+01  0.877856D+01
  328.8292  0.243904D+01  0.246191D+01 -0.228275D+02
  328.9796  0.270395D+01  0.271422D+01 -0.987183D+01
   21 326.868 329.880 328.374 -3.878D-02  0.000D+00  1.580D+00  4.932D+01 10304  3.726D-02
  326.8683  0.285916D+01  0.288657D+01 -0.254056D+02
  327.0195  0.276373D+01  0.276129D+01  0.234532D+01
  327.1707  0.261632D+01  0.264614D+01 -0.297642D+02
  327.3218  0.258166D+01  0.259110D+01 -0.942218D+01
  327.4729  0.265043D+01  0.257036D+01  0.769567D+02
  327.6238  0.264253D+01  0.253840D+01  0.103934D+03
  327.7747  0.252716D+01  0.249287D+01  0.342276D+02
  327.9256  0.239762D+01  0.246158D+01 -0.638343D+02
  328.0764  0.236383D+01  0.245592D+01 -0.919125D+02
  328.2271  0.239969D+01  0.246386D+01 -0.640484D+02
  328.3777  0.248040D+01  0.245761D+01  0.227475D+02
  328.5283  0.246591D+01  0.242530D+01  0.405283D+02
  328.6788  0.239250D+01  0.241183D+01 -0.192928D+02
  328.8292  0.243904D+01  0.250546D+01 -0.662952D+02
  328.9796  0.270395D+01  0.271118D+01 -0.694720D+01
  329.1299  0.299317D+01  0.293551D+01  0.534410D+02
  329.2801  0.316418D+01  0.309945D+01  0.579244D+02
  329.4302  0.322239D+01  0.319961D+01  0.196994D+02
  329.5803  0.326675D+01  0.325522D+01  0.997049D+01
  329.7303  0.325547D+01  0.329100D+01 -0.307392D+02
  329.8803  0.330195D+01  0.332252D+01 -0.177947D+02
   21 327.775 330.779 329.277 -3.879D-02  0.000D+00  1.697D+00  3.536D+01 10300  1.395D-02
  327.7747  0.252716D+01  0.244436D+01  0.826433D+02
  327.9256  0.239762D+01  0.242453D+01 -0.268620D+02
  328.0764  0.236383D+01  0.243896D+01 -0.749865D+02
  328.2271  0.239969D+01  0.246490D+01 -0.650856D+02
  328.3777  0.248040D+01  0.247587D+01  0.452118D+01
  328.5283  0.246591D+01  0.242847D+01  0.373624D+02
  328.6788  0.239250D+01  0.236064D+01  0.318009D+02
  328.8292  0.243904D+01  0.244638D+01 -0.732643D+01
  328.9796  0.270395D+01  0.271210D+01 -0.783693D+01
  329.1299  0.299317D+01  0.296434D+01  0.267143D+02
  329.2801  0.316418D+01  0.311814D+01  0.412025D+02
  329.4302  0.322239D+01  0.321011D+01  0.106224D+02
  329.5803  0.326675D+01  0.325501D+01  0.101497D+02
  329.7303  0.325547D+01  0.328269D+01 -0.235484D+02
  329.8803  0.330195D+01  0.333796D+01 -0.311434D+02
  330.0302  0.336817D+01  0.338069D+01 -0.108356D+02
  330.1801  0.326925D+01  0.327462D+01 -0.464445D+01
  330.3298  0.304036D+01  0.302699D+01  0.119679D+02
  330.4795  0.273256D+01  0.276564D+01 -0.306593D+02
  330.6291  0.256602D+01  0.256715D+01 -0.104569D+01
  330.7787  0.255866D+01  0.252567D+01  0.305727D+02
   21 328.679 331.675 330.177 -1.219D-02  0.000D+00  1.685D+00  1.910D+01   300  6.014D-03
  328.6788  0.239250D+01  0.237741D+01  0.150598D+02
  328.8292  0.243904D+01  0.242171D+01  0.172994D+02
  328.9796  0.270395D+01  0.272597D+01 -0.211641D+02
  329.1299  0.299317D+01  0.301872D+01 -0.236798D+02
  329.2801  0.316418D+01  0.315896D+01  0.467136D+01
  329.4302  0.322239D+01  0.324221D+01 -0.171478D+02
  329.5803  0.326675D+01  0.326455D+01  0.189702D+01
  329.7303  0.325547D+01  0.325678D+01 -0.113689D+01
  329.8803  0.330195D+01  0.328158D+01  0.176192D+02
  330.0302  0.336817D+01  0.334817D+01  0.172959D+02
  330.1801  0.326925D+01  0.327842D+01 -0.792822D+01
  330.3298  0.304036D+01  0.301610D+01  0.217130D+02
  330.4795  0.273256D+01  0.276343D+01 -0.286051D+02
  330.6291  0.256602D+01  0.255164D+01  0.133224D+02
  330.7787  0.255866D+01  0.251622D+01  0.393375D+02
  330.9282  0.267926D+01  0.268995D+01 -0.990444D+01
  331.0776  0.279758D+01  0.281912D+01 -0.199679D+02
  331.2269  0.276341D+01  0.279564D+01 -0.298721D+02
  331.3762  0.266607D+01  0.268113D+01 -0.139526D+02
  331.5255  0.264624D+01  0.262697D+01  0.178577D+02
  331.6746  0.276390D+01  0.274752D+01  0.146537D+02
   21 329.580 332.568 331.074 -3.051D-03  0.000D+00  1.631D+00  3.150D+01 10300  9.739D-03
  329.5803  0.326675D+01  0.330689D+01 -0.347271D+02
  329.7303  0.325547D+01  0.326801D+01 -0.108501D+02
  329.8803  0.330195D+01  0.326878D+01  0.286918D+02
  330.0302  0.336817D+01  0.332575D+01  0.366878D+02
  330.1801  0.326925D+01  0.326784D+01  0.122072D+01
  330.3298  0.304036D+01  0.301220D+01  0.252060D+02
  330.4795  0.273256D+01  0.276364D+01 -0.288037D+02
  330.6291  0.256602D+01  0.255515D+01  0.100738D+02
  330.7787  0.255866D+01  0.251155D+01  0.436574D+02
  330.9282  0.267926D+01  0.269110D+01 -0.109680D+02
  331.0776  0.279758D+01  0.283796D+01 -0.374283D+02
  331.2269  0.276341D+01  0.282779D+01 -0.596712D+02
  331.3762  0.266607D+01  0.271374D+01 -0.441798D+02
  331.5255  0.264624D+01  0.264381D+01  0.225295D+01
  331.6746  0.276390D+01  0.274452D+01  0.173371D+02
  331.8237  0.294129D+01  0.291363D+01  0.247526D+02
  331.9727  0.301617D+01  0.297355D+01  0.368618D+02
  332.1217  0.292565D+01  0.289276D+01  0.294264D+02
  332.2706  0.275305D+01  0.273903D+01  0.125504D+02
  332.4194  0.274161D+01  0.271986D+01  0.194615D+02
  332.5682  0.288510D+01  0.294786D+01 -0.561590D+02
   21 330.479 333.459 331.969 -1.007D-02  0.000D+00  1.697D+00  2.452D+01 10300  7.850D-03
  330.4795  0.273256D+01  0.276358D+01 -0.287477D+02
  330.6291  0.256602D+01  0.253877D+01  0.252488D+02
  330.7787  0.255866D+01  0.249761D+01  0.565820D+02
  330.9282  0.267926D+01  0.267610D+01  0.293604D+01
  331.0776  0.279758D+01  0.281741D+01 -0.183777D+02
  331.2269  0.276341D+01  0.280689D+01 -0.402969D+02
  331.3762  0.266607D+01  0.270053D+01 -0.319312D+02
  331.5255  0.264624D+01  0.264724D+01 -0.930079D+00
  331.6746  0.276390D+01  0.276360D+01  0.264606D+00
  331.8237  0.294129D+01  0.293609D+01  0.465472D+01
  331.9727  0.301617D+01  0.299001D+01  0.226292D+02
  332.1217  0.292565D+01  0.289817D+01  0.245901D+02
  332.2706  0.275305D+01  0.273275D+01  0.181703D+02
  332.4194  0.274161D+01  0.270555D+01  0.322686D+02
  332.5682  0.288510D+01  0.290324D+01 -0.162320D+02
  332.7169  0.299415D+01  0.301548D+01 -0.184506D+02
  332.8655  0.289698D+01  0.290678D+01 -0.847317D+01
  333.0141  0.279910D+01  0.281358D+01 -0.129561D+02
  333.1626  0.284156D+01  0.287438D+01 -0.283894D+02
  333.3110  0.291584D+01  0.291675D+01 -0.792122D+00
  333.4594  0.278352D+01  0.275173D+01  0.284486D+02
   21 331.376 334.348 332.862  1.236D-03  0.000D+00  1.737D+00  1.717D+01 10300  5.883D-03
  331.3762  0.266607D+01  0.264779D+01  0.169417D+02
  331.5255  0.264624D+01  0.263615D+01  0.935147D+01
  331.6746  0.276390D+01  0.277098D+01 -0.633342D+01
  331.8237  0.294129D+01  0.296402D+01 -0.203406D+02
  331.9727  0.301617D+01  0.303497D+01 -0.162604D+02
  332.1217  0.292565D+01  0.294672D+01 -0.188601D+02
  332.2706  0.275305D+01  0.276899D+01 -0.142631D+02
  332.4194  0.274161D+01  0.270842D+01  0.296939D+02
  332.5682  0.288510D+01  0.287800D+01  0.635566D+01
  332.7169  0.299415D+01  0.298956D+01  0.397409D+01
  332.8655  0.289698D+01  0.288281D+01  0.122579D+02
  333.0141  0.279910D+01  0.277802D+01  0.188630D+02
  333.1626  0.284156D+01  0.283251D+01  0.782634D+01
  333.3110  0.291584D+01  0.290029D+01  0.134490D+02
  333.4594  0.278352D+01  0.278551D+01 -0.178014D+01
  333.6077  0.252989D+01  0.253692D+01 -0.651740D+01
  333.7559  0.242580D+01  0.243828D+01 -0.115738D+02
  333.9041  0.253784D+01  0.258063D+01 -0.382841D+02
  334.0522  0.269888D+01  0.271986D+01 -0.187720D+02
  334.2002  0.277033D+01  0.276397D+01  0.550314D+01
  334.3482  0.288712D+01  0.285393D+01  0.287031D+02
   19 332.271 334.939 333.605 -5.578D-03  0.000D+00  1.691D+00  1.725D+01 10300  6.196D-03
  332.2706  0.275305D+01  0.276870D+01 -0.140014D+02
  332.4194  0.274161D+01  0.272230D+01  0.172809D+02
  332.5682  0.288510D+01  0.289577D+01 -0.955030D+01
  332.7169  0.299415D+01  0.299676D+01 -0.226073D+01
  332.8655  0.289698D+01  0.288526D+01  0.101393D+02
  333.0141  0.279910D+01  0.278643D+01  0.113377D+02
  333.1626  0.284156D+01  0.284414D+01 -0.223694D+01
  333.3110  0.291584D+01  0.290349D+01  0.106819D+02
  333.4594  0.278352D+01  0.277752D+01  0.536805D+01
  333.6077  0.252989D+01  0.252925D+01  0.590067D+00
  333.7559  0.242580D+01  0.244212D+01 -0.151280D+02
  333.9041  0.253784D+01  0.258704D+01 -0.440203D+02
  334.0522  0.269888D+01  0.271942D+01 -0.183767D+02
  334.2002  0.277033D+01  0.276323D+01  0.613853D+01
  334.3482  0.288712D+01  0.285796D+01  0.252219D+02
  334.4961  0.304941D+01  0.302604D+01  0.195633D+02
  334.6440  0.313819D+01  0.310869D+01  0.246888D+02
  334.7917  0.298734D+01  0.300007D+01 -0.110152D+02
  334.9395  0.277245D+01  0.279531D+01 -0.197698D+02
   13 333.163 334.939 334.051  1.082D-02  0.000D+00  1.677D+00  1.273D+01 10300  8.121D-03
  333.1626  0.284156D+01  0.285810D+01 -0.143065D+02
  333.3110  0.291584D+01  0.289598D+01  0.171764D+02
  333.4594  0.278352D+01  0.277715D+01  0.569829D+01
  333.6077  0.252989D+01  0.252945D+01  0.404097D+00
  333.7559  0.242580D+01  0.241886D+01  0.642597D+01
  333.9041  0.253784D+01  0.255785D+01 -0.179024D+02
  334.0522  0.269888D+01  0.271459D+01 -0.140590D+02
  334.2002  0.277033D+01  0.277525D+01 -0.425776D+01
  334.3482  0.288712D+01  0.286879D+01  0.158493D+02
  334.4961  0.304941D+01  0.303757D+01  0.991396D+01
  334.6440  0.313819D+01  0.312642D+01  0.984776D+01
  334.7917  0.298734D+01  0.301329D+01 -0.224499D+02
  334.9395  0.277245D+01  0.276454D+01  0.684975D+01
