           0
 T F
nwave fwave lwave wave  shift    squeeze     sin      rms    exval
   21 264.336 271.488 267.912 -8.267D-02  0.000D+00  1.885D-03  2.053D+00 10000  3.943D-02
  264.3357  0.949863D-03  0.916813D-03  0.234300D+01
  264.7031  0.734843D-03  0.765164D-03 -0.256555D+01
  265.0693  0.734462D-03  0.719035D-03  0.143233D+01
  265.4344  0.797652D-03  0.790020D-03  0.755480D+00
  265.7983  0.762578D-03  0.785064D-03 -0.233587D+01
  266.1611  0.693955D-03  0.709065D-03 -0.166883D+01
  266.5229  0.675655D-03  0.660663D-03  0.170977D+01
  266.8836  0.666791D-03  0.659318D-03  0.871204D+00
  267.2433  0.669460D-03  0.681345D-03 -0.141706D+01
  267.6021  0.660977D-03  0.683586D-03 -0.269562D+01
  267.9598  0.658118D-03  0.646353D-03  0.141889D+01
  268.3165  0.681850D-03  0.647277D-03  0.416944D+01
  268.6724  0.655735D-03  0.643656D-03  0.144014D+01
  269.0273  0.636292D-03  0.629443D-03  0.816518D+00
  269.3813  0.634481D-03  0.633283D-03  0.144460D+00
  269.7344  0.632956D-03  0.665300D-03 -0.394595D+01
  270.0867  0.751617D-03  0.744777D-03  0.806427D+00
  270.4382  0.774873D-03  0.773800D-03  0.125159D+00
  270.7888  0.722834D-03  0.744114D-03 -0.250870D+01
  271.1386  0.711682D-03  0.716967D-03 -0.630062D+00
  271.4877  0.671366D-03  0.648301D-03  0.275000D+01
   21 266.523 273.567 270.045 -1.095D-02  0.000D+00  1.939D-03  1.765D+00 10000  2.243D-02
  266.5229  0.675655D-03  0.661773D-03  0.158321D+01
  266.8836  0.666791D-03  0.659010D-03  0.907101D+00
  267.2433  0.669460D-03  0.681198D-03 -0.139948D+01
  267.6021  0.660977D-03  0.697248D-03 -0.432453D+01
  267.9598  0.658118D-03  0.658702D-03 -0.703849D-01
  268.3165  0.681850D-03  0.652417D-03  0.354965D+01
  268.6724  0.655735D-03  0.653334D-03  0.286259D+00
  269.0273  0.636292D-03  0.634488D-03  0.215066D+00
  269.3813  0.634481D-03  0.633501D-03  0.118139D+00
  269.7344  0.632956D-03  0.651502D-03 -0.226261D+01
  270.0867  0.751617D-03  0.726088D-03  0.300962D+01
  270.4382  0.774873D-03  0.768192D-03  0.778859D+00
  270.7888  0.722834D-03  0.740467D-03 -0.207880D+01
  271.1386  0.711682D-03  0.711866D-03 -0.219104D-01
  271.4877  0.671366D-03  0.656806D-03  0.173594D+01
  271.8360  0.532308D-03  0.546481D-03 -0.174947D+01
  272.1836  0.489323D-03  0.492222D-03 -0.357822D+00
  272.5304  0.558805D-03  0.557466D-03  0.157844D+00
  272.8766  0.650398D-03  0.662817D-03 -0.148073D+01
  273.2220  0.680516D-03  0.673978D-03  0.753849D+00
  273.5668  0.560901D-03  0.554510D-03  0.762092D+00
   21 268.672 275.622 272.147  1.625D-04  0.000D+00  2.007D-03  1.489D+00 10000  1.688D-02
  268.6724  0.655735D-03  0.657446D-03 -0.203969D+00
  269.0273  0.636292D-03  0.634980D-03  0.156446D+00
  269.3813  0.634481D-03  0.636018D-03 -0.185422D+00
  269.7344  0.632956D-03  0.646304D-03 -0.162850D+01
  270.0867  0.751617D-03  0.726272D-03  0.298786D+01
  270.4382  0.774873D-03  0.771771D-03  0.361698D+00
  270.7888  0.722834D-03  0.738397D-03 -0.183473D+01
  271.1386  0.711682D-03  0.710969D-03  0.850610D-01
  271.4877  0.671366D-03  0.660061D-03  0.134789D+01
  271.8360  0.532308D-03  0.544345D-03 -0.148579D+01
  272.1836  0.489323D-03  0.481563D-03  0.957894D+00
  272.5304  0.558805D-03  0.551152D-03  0.902138D+00
  272.8766  0.650398D-03  0.667139D-03 -0.199595D+01
  273.2220  0.680516D-03  0.690870D-03 -0.119375D+01
  273.5668  0.560901D-03  0.567022D-03 -0.729766D+00
  273.9109  0.466830D-03  0.449443D-03  0.207303D+01
  274.2544  0.417936D-03  0.389888D-03  0.338250D+01
  274.5972  0.379621D-03  0.379312D-03  0.381026D-01
  274.9395  0.393441D-03  0.405588D-03 -0.143202D+01
  275.2811  0.497615D-03  0.488994D-03  0.972655D+00
  275.6222  0.544794D-03  0.553388D-03 -0.969534D+00
   21 270.789 277.657 274.223  1.158D-02  0.000D+00  2.081D-03  1.441D+00 10000  1.541D-02
  270.7888  0.722834D-03  0.728876D-03 -0.712347D+00
  271.1386  0.711682D-03  0.705346D-03  0.755443D+00
  271.4877  0.671366D-03  0.659960D-03  0.135991D+01
  271.8360  0.532308D-03  0.547395D-03 -0.186221D+01
  272.1836  0.489323D-03  0.480798D-03  0.105237D+01
  272.5304  0.558805D-03  0.548190D-03  0.125133D+01
  272.8766  0.650398D-03  0.664609D-03 -0.169440D+01
  273.2220  0.680516D-03  0.694062D-03 -0.156179D+01
  273.5668  0.560901D-03  0.571633D-03 -0.127948D+01
  273.9109  0.466830D-03  0.451845D-03  0.178663D+01
  274.2544  0.417936D-03  0.389995D-03  0.336961D+01
  274.5972  0.379621D-03  0.377963D-03  0.204671D+00
  274.9395  0.393441D-03  0.401868D-03 -0.993424D+00
  275.2811  0.497615D-03  0.484503D-03  0.147934D+01
  275.6222  0.544794D-03  0.548081D-03 -0.370796D+00
  275.9627  0.684138D-03  0.679188D-03  0.529935D+00
  276.3026  0.756288D-03  0.761480D-03 -0.539424D+00
  276.6420  0.803276D-03  0.798753D-03  0.451917D+00
  276.9809  0.777065D-03  0.803866D-03 -0.267804D+01
  277.3193  0.829105D-03  0.824152D-03  0.481157D+00
  277.6572  0.766867D-03  0.754114D-03  0.122760D+01
   21 272.877 279.675 276.276  2.420D-02  0.000D+00  2.168D-03  1.241D+00 10000  1.480D-02
  272.8766  0.650398D-03  0.645155D-03  0.625087D+00
  273.2220  0.680516D-03  0.684880D-03 -0.503126D+00
  273.5668  0.560901D-03  0.576327D-03 -0.183917D+01
  273.9109  0.466830D-03  0.459069D-03  0.925363D+00
  274.2544  0.417936D-03  0.395711D-03  0.268026D+01
  274.5972  0.379621D-03  0.382242D-03 -0.323513D+00
  274.9395  0.393441D-03  0.405800D-03 -0.145695D+01
  275.2811  0.497615D-03  0.484460D-03  0.148413D+01
  275.6222  0.544794D-03  0.551866D-03 -0.797809D+00
  275.9627  0.684138D-03  0.675728D-03  0.900347D+00
  276.3026  0.756288D-03  0.761437D-03 -0.534931D+00
  276.6420  0.803276D-03  0.797978D-03  0.529344D+00
  276.9809  0.777065D-03  0.804412D-03 -0.273257D+01
  277.3193  0.829105D-03  0.820506D-03  0.835377D+00
  277.6572  0.766867D-03  0.755351D-03  0.110848D+01
  277.9946  0.627428D-03  0.626890D-03  0.527288D-01
  278.3315  0.567382D-03  0.568177D-03 -0.794319D-01
  278.6680  0.535644D-03  0.535386D-03  0.248068D-01
  279.0040  0.438809D-03  0.438669D-03  0.145168D-01
  279.3395  0.341783D-03  0.328960D-03  0.135895D+01
  279.6747  0.262656D-03  0.277652D-03 -0.160387D+01
   21 274.939 281.677 278.308  1.067D-02  0.000D+00  2.324D-03  1.252D+00 10000  1.855D-02
  274.9395  0.393441D-03  0.405846D-03 -0.146235D+01
  275.2811  0.497615D-03  0.483504D-03  0.159203D+01
  275.6222  0.544794D-03  0.549237D-03 -0.501240D+00
  275.9627  0.684138D-03  0.674715D-03  0.100879D+01
  276.3026  0.756288D-03  0.757902D-03 -0.167683D+00
  276.6420  0.803276D-03  0.795343D-03  0.792715D+00
  276.9809  0.777065D-03  0.804123D-03 -0.270369D+01
  277.3193  0.829105D-03  0.822920D-03  0.600796D+00
  277.6572  0.766867D-03  0.755303D-03  0.111316D+01
  277.9946  0.627428D-03  0.627200D-03  0.223833D-01
  278.3315  0.567382D-03  0.572174D-03 -0.478816D+00
  278.6680  0.535644D-03  0.537714D-03 -0.199241D+00
  279.0040  0.438809D-03  0.436057D-03  0.285852D+00
  279.3395  0.341783D-03  0.325255D-03  0.175168D+01
  279.6747  0.262656D-03  0.274426D-03 -0.125876D+01
  280.0094  0.251352D-03  0.267874D-03 -0.182657D+01
  280.3437  0.289581D-03  0.300579D-03 -0.122232D+01
  280.6776  0.408405D-03  0.405090D-03  0.362262D+00
  281.0111  0.573101D-03  0.570475D-03  0.281173D+00
  281.3442  0.776398D-03  0.753712D-03  0.231090D+01
  281.6769  0.940141D-03  0.954403D-03 -0.142509D+01
   21 276.981 283.666 280.323  1.258D-02  0.000D+00  2.634D-03  1.227D+00 10300  1.667D-02
  276.9809  0.777065D-03  0.792558D-03 -0.154815D+01
  277.3193  0.829105D-03  0.816724D-03  0.120278D+01
  277.6572  0.766867D-03  0.752777D-03  0.135631D+01
  277.9946  0.627428D-03  0.624002D-03  0.335950D+00
  278.3315  0.567382D-03  0.572888D-03 -0.550144D+00
  278.6680  0.535644D-03  0.543284D-03 -0.735413D+00
  279.0040  0.438809D-03  0.441042D-03 -0.231996D+00
  279.3395  0.341783D-03  0.328087D-03  0.145147D+01
  279.6747  0.262656D-03  0.277530D-03 -0.159078D+01
  280.0094  0.251352D-03  0.270966D-03 -0.216849D+01
  280.3437  0.289581D-03  0.302630D-03 -0.145031D+01
  280.6776  0.408405D-03  0.407197D-03  0.131994D+00
  281.0111  0.573101D-03  0.573218D-03 -0.125549D-01
  281.3442  0.776398D-03  0.752202D-03  0.246474D+01
  281.6769  0.940141D-03  0.946553D-03 -0.640687D+00
  282.0093  0.108940D-02  0.110301D-02 -0.129865D+01
  282.3414  0.120406D-02  0.120124D-02  0.268987D+00
  282.6730  0.127792D-02  0.125777D-02  0.185441D+01
  283.0044  0.134597D-02  0.135010D-02 -0.389733D+00
  283.3354  0.137113D-02  0.138399D-02 -0.118304D+01
  283.6660  0.132624D-02  0.132136D-02  0.461323D+00
   21 279.004 285.643 282.324  9.695D-03  0.000D+00  2.821D-03  1.574D+00 10000  1.036D-02
  279.0040  0.438809D-03  0.431924D-03  0.715232D+00
  279.3395  0.341783D-03  0.326236D-03  0.164768D+01
  279.6747  0.262656D-03  0.279255D-03 -0.177526D+01
  280.0094  0.251352D-03  0.274093D-03 -0.251419D+01
  280.3437  0.289581D-03  0.306322D-03 -0.186067D+01
  280.6776  0.408405D-03  0.411932D-03 -0.385479D+00
  281.0111  0.573101D-03  0.577854D-03 -0.508857D+00
  281.3442  0.776398D-03  0.754006D-03  0.228094D+01
  281.6769  0.940141D-03  0.944553D-03 -0.440885D+00
  282.0093  0.108940D-02  0.109630D-02 -0.658546D+00
  282.3414  0.120406D-02  0.119168D-02  0.118053D+01
  282.6730  0.127792D-02  0.124917D-02  0.264570D+01
  283.0044  0.134597D-02  0.134984D-02 -0.365364D+00
  283.3354  0.137113D-02  0.139755D-02 -0.243092D+01
  283.6660  0.132624D-02  0.135451D-02 -0.267189D+01
  283.9964  0.136561D-02  0.134568D-02  0.190068D+01
  284.3264  0.126563D-02  0.124878D-02  0.162190D+01
  284.6561  0.101372D-02  0.102461D-02 -0.109899D+01
  284.9855  0.681946D-03  0.680932D-03  0.107426D+00
  285.3146  0.511531D-03  0.505242D-03  0.709488D+00
  285.6434  0.769345D-03  0.771876D-03 -0.273776D+00
   21 281.011 287.610 284.311 -2.613D-03  0.000D+00  3.024D-03  1.586D+00 10300  7.410D-03
  281.0111  0.573101D-03  0.590537D-03 -0.186676D+01
  281.3442  0.776398D-03  0.761278D-03  0.154017D+01
  281.6769  0.940141D-03  0.946064D-03 -0.591803D+00
  282.0093  0.108940D-02  0.109272D-02 -0.316526D+00
  282.3414  0.120406D-02  0.118588D-02  0.173350D+01
  282.6730  0.127792D-02  0.124622D-02  0.291744D+01
  283.0044  0.134597D-02  0.135296D-02 -0.660242D+00
  283.3354  0.137113D-02  0.140093D-02 -0.274265D+01
  283.6660  0.132624D-02  0.136161D-02 -0.334252D+01
  283.9964  0.136561D-02  0.135519D-02  0.993797D+00
  284.3264  0.126563D-02  0.125196D-02  0.131568D+01
  284.6561  0.101372D-02  0.101743D-02 -0.373802D+00
  284.9855  0.681946D-03  0.665865D-03  0.170426D+01
  285.3146  0.511531D-03  0.498346D-03  0.148741D+01
  285.6434  0.769345D-03  0.765765D-03  0.387297D+00
  285.9719  0.127087D-02  0.125414D-02  0.159602D+01
  286.3000  0.162180D-02  0.161855D-02  0.296443D+00
  286.6280  0.173398D-02  0.174846D-02 -0.128745D+01
  286.9556  0.181967D-02  0.183336D-02 -0.117789D+01
  287.2830  0.197369D-02  0.198171D-02 -0.673489D+00
  287.6100  0.188343D-02  0.186845D-02  0.127784D+01
   21 283.004 289.567 286.285 -5.639D-03  0.000D+00  3.352D-03  1.758D+00 10300  6.274D-03
  283.0044  0.134597D-02  0.133429D-02  0.110391D+01
  283.3354  0.137113D-02  0.138775D-02 -0.152921D+01
  283.6660  0.132624D-02  0.135205D-02 -0.243901D+01
  283.9964  0.136561D-02  0.135078D-02  0.141420D+01
  284.3264  0.126563D-02  0.124861D-02  0.163779D+01
  284.6561  0.101372D-02  0.101451D-02 -0.791321D-01
  284.9855  0.681946D-03  0.660443D-03  0.227882D+01
  285.3146  0.511531D-03  0.494131D-03  0.196293D+01
  285.6434  0.769345D-03  0.767604D-03  0.188355D+00
  285.9719  0.127087D-02  0.126007D-02  0.102969D+01
  286.3000  0.162180D-02  0.162453D-02 -0.248706D+00
  286.6280  0.173398D-02  0.175303D-02 -0.169382D+01
  286.9556  0.181967D-02  0.184088D-02 -0.182422D+01
  287.2830  0.197369D-02  0.199871D-02 -0.210044D+01
  287.6100  0.188343D-02  0.188804D-02 -0.393772D+00
  287.9368  0.156271D-02  0.154648D-02  0.145555D+01
  288.2633  0.143023D-02  0.143884D-02 -0.792730D+00
  288.5896  0.200018D-02  0.194256D-02  0.438069D+01
  288.9155  0.232510D-02  0.230076D-02  0.179849D+01
  289.2412  0.248169D-02  0.248378D-02 -0.152074D+00
  289.5666  0.284911D-02  0.287990D-02 -0.213937D+01
   21 284.985 291.513 288.249 -9.178D-03  0.000D+00  3.711D-03  2.294D+00 10300  8.291D-03
  284.9855  0.681946D-03  0.660591D-03  0.226316D+01
  285.3146  0.511531D-03  0.489037D-03  0.253773D+01
  285.6434  0.769345D-03  0.773607D-03 -0.460993D+00
  285.9719  0.127087D-02  0.127449D-02 -0.345206D+00
  286.3000  0.162180D-02  0.163651D-02 -0.134190D+01
  286.6280  0.173398D-02  0.175501D-02 -0.186967D+01
  286.9556  0.181967D-02  0.183637D-02 -0.143649D+01
  287.2830  0.197369D-02  0.200050D-02 -0.225031D+01
  287.6100  0.188343D-02  0.188224D-02  0.100969D+00
  287.9368  0.156271D-02  0.152982D-02  0.294943D+01
  288.2633  0.143023D-02  0.141644D-02  0.126892D+01
  288.5896  0.200018D-02  0.194372D-02  0.429287D+01
  288.9155  0.232510D-02  0.229309D-02  0.236450D+01
  289.2412  0.248169D-02  0.246676D-02  0.108814D+01
  289.5666  0.284911D-02  0.286929D-02 -0.140188D+01
  289.8918  0.344356D-02  0.342404D-02  0.128001D+01
  290.2166  0.384005D-02  0.384577D-02 -0.374799D+00
  290.5412  0.394680D-02  0.400186D-02 -0.361037D+01
  290.8655  0.384291D-02  0.391249D-02 -0.456271D+01
  291.1896  0.398016D-02  0.395542D-02  0.162235D+01
  291.5134  0.404021D-02  0.399091D-02  0.323243D+01
   21 286.956 293.450 290.203  6.908D-04  0.000D+00  4.175D-03  2.644D+00 10000  1.016D-02
  286.9556  0.181967D-02  0.180808D-02  0.996658D+00
  287.2830  0.197369D-02  0.200647D-02 -0.275144D+01
  287.6100  0.188343D-02  0.190311D-02 -0.167852D+01
  287.9368  0.156271D-02  0.154659D-02  0.144532D+01
  288.2633  0.143023D-02  0.139105D-02  0.360590D+01
  288.5896  0.200018D-02  0.195702D-02  0.328128D+01
  288.9155  0.232510D-02  0.231716D-02  0.586169D+00
  289.2412  0.248169D-02  0.247196D-02  0.708898D+00
  289.5666  0.284911D-02  0.286959D-02 -0.142268D+01
  289.8918  0.344356D-02  0.343260D-02  0.719159D+00
  290.2166  0.384005D-02  0.385940D-02 -0.126889D+01
  290.5412  0.394680D-02  0.401801D-02 -0.466961D+01
  290.8655  0.384291D-02  0.390436D-02 -0.402959D+01
  291.1896  0.398016D-02  0.394075D-02  0.258410D+01
  291.5134  0.404021D-02  0.398026D-02  0.393065D+01
  291.8368  0.391058D-02  0.390906D-02  0.100128D+00
  292.1600  0.402019D-02  0.395363D-02  0.436500D+01
  292.4829  0.372949D-02  0.371345D-02  0.105234D+01
  292.8056  0.358462D-02  0.365477D-02 -0.459995D+01
  293.1279  0.427753D-02  0.430087D-02 -0.144032D+01
  293.4499  0.462732D-02  0.461109D-02  0.100142D+01
   21 288.916 295.376 292.146  5.832D-03  0.000D+00  4.722D-03  2.230D+00 10300  8.274D-03
  288.9155  0.232510D-02  0.232839D-02 -0.243596D+00
  289.2412  0.248169D-02  0.245745D-02  0.176656D+01
  289.5666  0.284911D-02  0.284906D-02  0.342765D-02
  289.8918  0.344356D-02  0.341875D-02  0.162726D+01
  290.2166  0.384005D-02  0.385115D-02 -0.727441D+00
  290.5412  0.394680D-02  0.402180D-02 -0.491826D+01
  290.8655  0.384291D-02  0.389224D-02 -0.323456D+01
  291.1896  0.398016D-02  0.393506D-02  0.295772D+01
  291.5134  0.404021D-02  0.399165D-02  0.318373D+01
  291.8368  0.391058D-02  0.390466D-02  0.388278D+00
  292.1600  0.402019D-02  0.397655D-02  0.286176D+01
  292.4829  0.372949D-02  0.371901D-02  0.687786D+00
  292.8056  0.358462D-02  0.362030D-02 -0.233971D+01
  293.1279  0.427753D-02  0.429987D-02 -0.137892D+01
  293.4499  0.462732D-02  0.464088D-02 -0.837372D+00
  293.7716  0.408786D-02  0.404982D-02  0.249421D+01
  294.0931  0.408786D-02  0.408199D-02  0.385217D+00
  294.4142  0.455869D-02  0.456732D-02 -0.532469D+00
  294.7350  0.437760D-02  0.442758D-02 -0.327706D+01
  295.0555  0.442335D-02  0.444285D-02 -0.120312D+01
  295.3756  0.514962D-02  0.509860D-02  0.297355D+01
   21 290.866 297.289 294.077  9.088D-03  0.000D+00  5.430D-03  1.810D+00 10300  4.513D-03
  290.8655  0.384291D-02  0.387980D-02 -0.241890D+01
  291.1896  0.398016D-02  0.394126D-02  0.255089D+01
  291.5134  0.404021D-02  0.401413D-02  0.170981D+01
  291.8368  0.391058D-02  0.392536D-02 -0.969045D+00
  292.1600  0.402019D-02  0.400325D-02  0.111122D+01
  292.4829  0.372949D-02  0.373873D-02 -0.605714D+00
  292.8056  0.358462D-02  0.362133D-02 -0.240719D+01
  293.1279  0.427753D-02  0.429882D-02 -0.131431D+01
  293.4499  0.462732D-02  0.464798D-02 -0.127556D+01
  293.7716  0.408786D-02  0.403889D-02  0.321151D+01
  294.0931  0.408786D-02  0.406123D-02  0.174663D+01
  294.4142  0.455869D-02  0.455618D-02  0.155172D+00
  294.7350  0.437760D-02  0.442337D-02 -0.300118D+01
  295.0555  0.442335D-02  0.443077D-02 -0.457474D+00
  295.3756  0.514962D-02  0.512251D-02  0.157997D+01
  295.6954  0.538885D-02  0.534214D-02  0.272254D+01
  296.0149  0.580154D-02  0.583530D-02 -0.196795D+01
  296.3340  0.592544D-02  0.593336D-02 -0.437198D+00
  296.6528  0.477791D-02  0.476596D-02  0.737264D+00
  296.9712  0.440810D-02  0.443858D-02 -0.188111D+01
  297.2893  0.520204D-02  0.518351D-02  0.108016D+01
   21 292.806 299.189 295.997  3.052D-03  0.000D+00  6.334D-03  3.028D+00 10000  4.750D-03
  292.8056  0.358462D-02  0.353743D-02  0.309432D+01
  293.1279  0.427753D-02  0.427532D-02  0.136588D+00
  293.4499  0.462732D-02  0.464966D-02 -0.137887D+01
  293.7716  0.408786D-02  0.408412D-02  0.245273D+00
  294.0931  0.408786D-02  0.412506D-02 -0.243928D+01
  294.4142  0.455869D-02  0.459915D-02 -0.249693D+01
  294.7350  0.437760D-02  0.444197D-02 -0.422046D+01
  295.0555  0.442335D-02  0.445953D-02 -0.223249D+01
  295.3756  0.514962D-02  0.509670D-02  0.308467D+01
  295.6954  0.538885D-02  0.530719D-02  0.475946D+01
  296.0149  0.580154D-02  0.577187D-02  0.172938D+01
  296.3340  0.592544D-02  0.582913D-02  0.531849D+01
  296.6528  0.477791D-02  0.471343D-02  0.397958D+01
  296.9712  0.440810D-02  0.443550D-02 -0.169096D+01
  297.2893  0.520204D-02  0.524266D-02 -0.236749D+01
  297.6069  0.690523D-02  0.696323D-02 -0.304269D+01
  297.9242  0.754858D-02  0.762923D-02 -0.402932D+01
  298.2411  0.586921D-02  0.593988D-02 -0.390219D+01
  298.5576  0.517916D-02  0.517053D-02  0.503120D+00
  298.8737  0.691191D-02  0.689968D-02  0.641340D+00
  299.1893  0.863798D-02  0.855170D-02  0.411466D+01
   21 294.735 301.074 297.904  2.809D-03  0.000D+00  8.245D-03  4.777D+00 10000  7.642D-03
  294.7350  0.437760D-02  0.442359D-02 -0.301562D+01
  295.0555  0.442335D-02  0.445127D-02 -0.172270D+01
  295.3756  0.514962D-02  0.510491D-02  0.260591D+01
  295.6954  0.538885D-02  0.532013D-02  0.400555D+01
  296.0149  0.580154D-02  0.579598D-02  0.324331D+00
  296.3340  0.592544D-02  0.586142D-02  0.353537D+01
  296.6528  0.477791D-02  0.473025D-02  0.294136D+01
  296.9712  0.440810D-02  0.445336D-02 -0.279287D+01
  297.2893  0.520204D-02  0.526077D-02 -0.342347D+01
  297.6069  0.690523D-02  0.698936D-02 -0.441305D+01
  297.9242  0.754858D-02  0.765174D-02 -0.515389D+01
  298.2411  0.586921D-02  0.593417D-02 -0.358698D+01
  298.5576  0.517916D-02  0.515304D-02  0.152288D+01
  298.8737  0.691191D-02  0.688031D-02  0.165772D+01
  299.1893  0.863798D-02  0.851743D-02  0.574891D+01
  299.5045  0.871041D-02  0.852684D-02  0.875468D+01
  299.8193  0.939093D-02  0.946200D-02 -0.103562D+01
  300.1336  0.791457D-02  0.839102D-02 -0.694293D+01
  300.4474  0.898300D-02  0.949646D-02 -0.737975D+01
  300.7608  0.109807D-01  0.117380D-01 -0.107376D+02
  301.0737  0.139401D-01  0.137038D-01  0.330570D+01
   21 296.653 302.940 299.796 -1.440D-03  0.000D+00  1.222D-02  1.237D+01 10300  1.804D-02
  296.6528  0.477791D-02  0.450039D-02  0.171279D+02
  296.9712  0.440810D-02  0.444479D-02 -0.226395D+01
  297.2893  0.520204D-02  0.536394D-02 -0.943699D+01
  297.6069  0.690523D-02  0.717461D-02 -0.141313D+02
  297.9242  0.754858D-02  0.778049D-02 -0.115869D+02
  298.2411  0.586921D-02  0.591371D-02 -0.245722D+01
  298.5576  0.517916D-02  0.508188D-02  0.567074D+01
  298.8737  0.691191D-02  0.677468D-02  0.719885D+01
  299.1893  0.863798D-02  0.831839D-02  0.152412D+02
  299.5045  0.871041D-02  0.828664D-02  0.202103D+02
  299.8193  0.939093D-02  0.931598D-02  0.109225D+01
  300.1336  0.791457D-02  0.831231D-02 -0.579594D+01
  300.4474  0.898300D-02  0.970655D-02 -0.103993D+02
  300.7608  0.109807D-01  0.123410D-01 -0.192867D+02
  301.0737  0.139401D-01  0.149105D-01 -0.135748D+02
  301.3860  0.174609D-01  0.183773D-01 -0.126521D+02
  301.6979  0.173798D-01  0.185866D-01 -0.166596D+02
  302.0092  0.149466D-01  0.158258D-01 -0.123004D+02
  302.3200  0.200828D-01  0.204479D-01 -0.497394D+01
  302.6302  0.296148D-01  0.295671D-01  0.626065D+00
  302.9399  0.403163D-01  0.387046D-01  0.211370D+02
   21 298.558 304.785 301.671 -4.628D-03  0.000D+00  2.306D-02  1.794D+01 10000  2.976D-02
  298.5576  0.517916D-02  0.520962D-02 -0.177494D+01
  298.8737  0.691191D-02  0.700593D-02 -0.493252D+01
  299.1893  0.863798D-02  0.856217D-02  0.361508D+01
  299.5045  0.871041D-02  0.847697D-02  0.111332D+02
  299.8193  0.939093D-02  0.941936D-02 -0.414350D+00
  300.1336  0.791457D-02  0.830263D-02 -0.565483D+01
  300.4474  0.898300D-02  0.962944D-02 -0.929103D+01
  300.7608  0.109807D-01  0.121051D-01 -0.159425D+02
  301.0737  0.139401D-01  0.145465D-01 -0.848273D+01
  301.3860  0.174609D-01  0.178431D-01 -0.527736D+01
  301.6979  0.173798D-01  0.179928D-01 -0.846159D+01
  302.0092  0.149466D-01  0.153699D-01 -0.592269D+01
  302.3200  0.200828D-01  0.200384D-01  0.605053D+00
  302.6302  0.296148D-01  0.291089D-01  0.663508D+01
  302.9399  0.403163D-01  0.383319D-01  0.260253D+02
  303.2490  0.489133D-01  0.463963D-01  0.330106D+02
  303.5575  0.530974D-01  0.531139D-01 -0.216746D+00
  303.8653  0.504001D-01  0.521960D-01 -0.235534D+02
  304.1725  0.556231D-01  0.581508D-01 -0.331512D+02
  304.4791  0.693097D-01  0.718364D-01 -0.294557D+02
  304.7851  0.827961D-01  0.792762D-01  0.410338D+02
   21 300.447 306.606 303.527 -1.137D-02  0.000D+00  5.188D-02  3.526D+01 10000  3.028D-02
  300.4474  0.898300D-02  0.103665D-01 -0.198852D+02
  300.7608  0.109807D-01  0.117598D-01 -0.110466D+02
  301.0737  0.139401D-01  0.134461D-01  0.691012D+01
  301.3860  0.174609D-01  0.162311D-01  0.169770D+02
  301.6979  0.173798D-01  0.164377D-01  0.130065D+02
  302.0092  0.149466D-01  0.143645D-01  0.814263D+01
  302.3200  0.200828D-01  0.194532D-01  0.857993D+01
  302.6302  0.296148D-01  0.289126D-01  0.920959D+01
  302.9399  0.403163D-01  0.388001D-01  0.198852D+02
  303.2490  0.489133D-01  0.476500D-01  0.165673D+02
  303.5575  0.530974D-01  0.548922D-01 -0.235390D+02
  303.8653  0.504001D-01  0.540516D-01 -0.478901D+02
  304.1725  0.556231D-01  0.603858D-01 -0.624634D+02
  304.4791  0.693097D-01  0.741908D-01 -0.569028D+02
  304.7851  0.827961D-01  0.808102D-01  0.231510D+02
  305.0903  0.104460D+00  0.963993D-01  0.845744D+02
  305.3948  0.112981D+00  0.108536D+00  0.466387D+02
  305.6987  0.978551D-01  0.956527D-01  0.231080D+02
  306.0018  0.989131D-01  0.970237D-01  0.198237D+02
  306.3042  0.117727D+00  0.123548D+00 -0.555152D+02
  306.6057  0.124542D+00  0.126606D+00 -0.180466D+02
   21 302.320 308.398 305.359 -1.242D-02  0.000D+00  1.027D-01  5.095D+01 10000  4.012D-02
  302.3200  0.200828D-01  0.210557D-01 -0.132561D+02
  302.6302  0.296148D-01  0.299213D-01 -0.401888D+01
  302.9399  0.403163D-01  0.389484D-01  0.179395D+02
  303.2490  0.489133D-01  0.469321D-01  0.259834D+02
  303.5575  0.530974D-01  0.535207D-01 -0.555109D+01
  303.8653  0.504001D-01  0.524889D-01 -0.273944D+02
  304.1725  0.556231D-01  0.587805D-01 -0.414086D+02
  304.4791  0.693097D-01  0.726384D-01 -0.388053D+02
  304.7851  0.827961D-01  0.796729D-01  0.364100D+02
  305.0903  0.104460D+00  0.960828D-01  0.878949D+02
  305.3948  0.112981D+00  0.109374D+00  0.378486D+02
  305.6987  0.978551D-01  0.974831D-01  0.390359D+01
  306.0018  0.989131D-01  0.100326D+00 -0.148227D+02
  306.3042  0.117727D+00  0.129675D+00 -0.113964D+03
  306.6057  0.124542D+00  0.134666D+00 -0.885139D+02
  306.9066  0.153126D+00  0.153405D+00 -0.225604D+01
  307.2066  0.193604D+00  0.185708D+00  0.591726D+02
  307.5058  0.212599D+00  0.198971D+00  0.893695D+02
  307.8041  0.224799D+00  0.216652D+00  0.534222D+02
  308.1016  0.227258D+00  0.232238D+00 -0.307363D+02
  308.3982  0.242775D+00  0.251800D+00 -0.498378D+02
   20 304.173 309.867 307.020 -5.140D-02  0.000D+00  1.688D-01  5.954D+01 10000  4.367D-02
  304.1725  0.556231D-01  0.559812D-01 -0.469670D+01
  304.4791  0.693097D-01  0.721719D-01 -0.333671D+02
  304.7851  0.827961D-01  0.807685D-01  0.236370D+02
  305.0903  0.104460D+00  0.997816D-01  0.490870D+02
  305.3948  0.112981D+00  0.109651D+00  0.349424D+02
  305.6987  0.978551D-01  0.964007D-01  0.152603D+02
  306.0018  0.989131D-01  0.103738D+00 -0.506263D+02
  306.3042  0.117727D+00  0.129849D+00 -0.115620D+03
  306.6057  0.124542D+00  0.132754D+00 -0.718020D+02
  306.9066  0.153126D+00  0.153973D+00 -0.683987D+01
  307.2066  0.193604D+00  0.182503D+00  0.831917D+02
  307.5058  0.212599D+00  0.194686D+00  0.117469D+03
  307.8041  0.224799D+00  0.213169D+00  0.762660D+02
  308.1016  0.227258D+00  0.228025D+00 -0.473611D+01
  308.3982  0.242775D+00  0.252173D+00 -0.518992D+02
  308.6939  0.262780D+00  0.273342D+00 -0.527701D+02
  308.9887  0.241535D+00  0.253343D+00 -0.589906D+02
  309.2825  0.227820D+00  0.237529D+00 -0.442883D+02
  309.5754  0.265840D+00  0.261308D+00  0.182888D+02
  309.8672  0.286446D+00  0.264360D+00  0.799057D+02
   14 306.002 309.867 307.935 -1.025D-01  0.000D+00  2.157D-01  5.196D+01 10000  5.792D-02
  306.0018  0.989131D-01  0.928191D-01  0.639385D+02
  306.3042  0.117727D+00  0.123132D+00 -0.515539D+02
  306.6057  0.124542D+00  0.131618D+00 -0.618699D+02
  306.9066  0.153126D+00  0.160652D+00 -0.607456D+02
  307.2066  0.193604D+00  0.187239D+00  0.477038D+02
  307.5058  0.212599D+00  0.198467D+00  0.926730D+02
  307.8041  0.224799D+00  0.216430D+00  0.548789D+02
  308.1016  0.227258D+00  0.227810D+00 -0.340670D+01
  308.3982  0.242775D+00  0.253844D+00 -0.611274D+02
  308.6939  0.262780D+00  0.266662D+00 -0.193928D+02
  308.9887  0.241535D+00  0.243839D+00 -0.115109D+02
  309.2825  0.227820D+00  0.237118D+00 -0.424155D+02
  309.5754  0.265840D+00  0.265712D+00  0.513831D+00
  309.8672  0.286446D+00  0.269872D+00  0.599612D+02
   21 310.219 313.386 311.802 -4.960D-02  0.000D+00  5.594D-01  3.785D+01 10004  4.549D-02
  310.2186  0.349169D+00  0.376059D+00 -0.419983D+02
  310.3777  0.444384D+00  0.470808D+00 -0.435642D+02
  310.5367  0.559138D+00  0.557132D+00  0.330784D+01
  310.6957  0.632622D+00  0.615634D+00  0.280076D+02
  310.8546  0.679325D+00  0.650909D+00  0.468471D+02
  311.0134  0.696004D+00  0.663302D+00  0.570852D+02
  311.1721  0.688665D+00  0.668927D+00  0.366095D+02
  311.3307  0.665647D+00  0.674250D+00 -0.159554D+02
  311.4893  0.646347D+00  0.664469D+00 -0.336113D+02
  311.6478  0.606412D+00  0.633291D+00 -0.498529D+02
  311.8062  0.575293D+00  0.593116D+00 -0.352605D+02
  311.9645  0.554039D+00  0.570103D+00 -0.340501D+02
  312.1228  0.564666D+00  0.583071D+00 -0.364112D+02
  312.2809  0.622472D+00  0.627109D+00 -0.917318D+01
  312.4391  0.676418D+00  0.669163D+00  0.134554D+02
  312.5971  0.709204D+00  0.688874D+00  0.377069D+02
  312.7550  0.722738D+00  0.707933D+00  0.274608D+02
  312.9129  0.751427D+00  0.730518D+00  0.387812D+02
  313.0707  0.765294D+00  0.741398D+00  0.443218D+02
  313.2284  0.745994D+00  0.742285D+00  0.687886D+01
  313.3860  0.713970D+00  0.753116D+00 -0.726059D+02
   21 311.172 314.330 312.751  4.333D-02  0.000D+00  6.323D-01  5.091D+01 10300  3.457D-02
  311.1721  0.688665D+00  0.649184D+00  0.732274D+02
  311.3307  0.665647D+00  0.659347D+00  0.116852D+02
  311.4893  0.646347D+00  0.664878D+00 -0.343692D+02
  311.6478  0.606412D+00  0.648817D+00 -0.786500D+02
  311.8062  0.575293D+00  0.611708D+00 -0.720438D+02
  311.9645  0.554039D+00  0.574851D+00 -0.441143D+02
  312.1228  0.564666D+00  0.565738D+00 -0.212112D+01
  312.2809  0.622472D+00  0.596685D+00  0.510165D+02
  312.4391  0.676418D+00  0.650086D+00  0.488389D+02
  312.5971  0.709204D+00  0.682318D+00  0.498667D+02
  312.7550  0.722738D+00  0.696160D+00  0.492971D+02
  312.9129  0.751427D+00  0.719923D+00  0.584317D+02
  313.0707  0.765294D+00  0.739699D+00  0.474722D+02
  313.2284  0.745994D+00  0.742871D+00  0.579209D+01
  313.3860  0.713970D+00  0.741865D+00 -0.517389D+02
  313.5436  0.713875D+00  0.759752D+00 -0.850914D+02
  313.7010  0.775683D+00  0.813811D+00 -0.707168D+02
  313.8584  0.871565D+00  0.890137D+00 -0.344452D+02
  314.0157  0.949577D+00  0.941865D+00  0.143037D+02
  314.1730  0.949434D+00  0.925123D+00  0.450905D+02
  314.3302  0.830534D+00  0.818711D+00  0.219302D+02
   21 312.123 315.272 313.697  1.462D-03  0.000D+00  7.005D-01  5.886D+01 10300  1.980D-02
  312.1228  0.564666D+00  0.595622D+00 -0.612431D+02
  312.2809  0.622472D+00  0.628864D+00 -0.126454D+02
  312.4391  0.676418D+00  0.675032D+00  0.256980D+01
  312.5971  0.709204D+00  0.689042D+00  0.373961D+02
  312.7550  0.722738D+00  0.695974D+00  0.496419D+02
  312.9129  0.751427D+00  0.717729D+00  0.625005D+02
  313.0707  0.765294D+00  0.729776D+00  0.658769D+02
  313.2284  0.745994D+00  0.727662D+00  0.340017D+02
  313.3860  0.713970D+00  0.728392D+00 -0.267494D+02
  313.5436  0.713875D+00  0.757563D+00 -0.810316D+02
  313.7010  0.775683D+00  0.827182D+00 -0.955167D+02
  313.8584  0.871565D+00  0.914616D+00 -0.798481D+02
  314.0157  0.949577D+00  0.967669D+00 -0.335557D+02
  314.1730  0.949434D+00  0.943769D+00  0.105070D+02
  314.3302  0.830534D+00  0.824716D+00  0.107912D+02
  314.4873  0.733365D+00  0.701450D+00  0.591946D+02
  314.6443  0.761244D+00  0.723773D+00  0.694996D+02
  314.8012  0.923843D+00  0.865913D+00  0.101126D+03
  314.9581  0.103783D+01  0.100759D+01  0.527996D+02
  315.1149  0.108325D+01  0.108956D+01 -0.103979D+02
  315.2716  0.106524D+01  0.112582D+01 -0.998823D+02
   21 313.071 316.210 314.640 -4.439D-02  0.000D+00  8.150D-01  6.458D+01 10300  1.761D-02
  313.0707  0.765294D+00  0.730805D+00  0.639686D+02
  313.2284  0.745994D+00  0.719052D+00  0.499705D+02
  313.3860  0.713970D+00  0.720990D+00 -0.130213D+02
  313.5436  0.713875D+00  0.759219D+00 -0.841027D+02
  313.7010  0.775683D+00  0.835818D+00 -0.111534D+03
  313.8584  0.871565D+00  0.917435D+00 -0.850769D+02
  314.0157  0.949577D+00  0.952622D+00 -0.564819D+01
  314.1730  0.949434D+00  0.904468D+00  0.834011D+02
  314.3302  0.830534D+00  0.776649D+00  0.999442D+02
  314.4873  0.733365D+00  0.691243D+00  0.781261D+02
  314.6443  0.761244D+00  0.755104D+00  0.113883D+02
  314.8012  0.923843D+00  0.897931D+00  0.452335D+02
  314.9581  0.103783D+01  0.101417D+01  0.413027D+02
  315.1149  0.108325D+01  0.106735D+01  0.262131D+02
  315.2716  0.106524D+01  0.107778D+01 -0.206812D+02
  315.4282  0.101000D+01  0.105210D+01 -0.734893D+02
  315.5848  0.917124D+00  0.962718D+00 -0.795920D+02
  315.7412  0.784547D+00  0.819573D+00 -0.649641D+02
  315.8976  0.699387D+00  0.708975D+00 -0.177822D+02
  316.0540  0.706536D+00  0.699990D+00  0.121399D+02
  316.2103  0.828342D+00  0.772315D+00  0.978041D+02
   21 314.016 317.146 315.581 -6.286D-02  0.000D+00  8.994D-01  4.990D+01 10300  1.454D-02
  314.0157  0.949577D+00  0.990258D+00 -0.754538D+02
  314.1730  0.949434D+00  0.924759D+00  0.457652D+02
  314.3302  0.830534D+00  0.792850D+00  0.698958D+02
  314.4873  0.733365D+00  0.720026D+00  0.247418D+02
  314.6443  0.761244D+00  0.786678D+00 -0.471750D+02
  314.8012  0.923843D+00  0.917823D+00  0.105091D+02
  314.9581  0.103783D+01  0.101766D+01  0.352205D+02
  315.1149  0.108325D+01  0.106049D+01  0.375300D+02
  315.2716  0.106524D+01  0.106397D+01  0.208582D+01
  315.4282  0.101000D+01  0.103094D+01 -0.365466D+02
  315.5848  0.917124D+00  0.939393D+00 -0.388737D+02
  315.7412  0.784547D+00  0.809963D+00 -0.471392D+02
  315.8976  0.699387D+00  0.724732D+00 -0.470079D+02
  316.0540  0.706536D+00  0.741999D+00 -0.657759D+02
  316.2103  0.828342D+00  0.843050D+00 -0.256751D+02
  316.3664  0.972023D+00  0.958633D+00  0.233739D+02
  316.5225  0.108792D+01  0.104009D+01  0.788565D+02
  316.6786  0.116012D+01  0.110210D+01  0.956504D+02
  316.8345  0.120625D+01  0.118215D+01  0.376411D+02
  316.9904  0.129045D+01  0.130579D+01 -0.239493D+02
  317.1462  0.139916D+01  0.144094D+01 -0.619955D+02
   21 314.958 318.079 316.519 -7.411D-02  0.000D+00  9.603D-01  4.152D+01 10000  1.451D-02
  314.9581  0.103783D+01  0.103467D+01  0.552847D+01
  315.1149  0.108325D+01  0.106563D+01  0.290524D+02
  315.2716  0.106524D+01  0.106328D+01  0.322135D+01
  315.4282  0.101000D+01  0.102657D+01 -0.289212D+02
  315.5848  0.917124D+00  0.928436D+00 -0.197480D+02
  315.7412  0.784547D+00  0.791960D+00 -0.137484D+02
  315.8976  0.699387D+00  0.708708D+00 -0.172873D+02
  316.0540  0.706536D+00  0.736896D+00 -0.563105D+02
  316.2103  0.828342D+00  0.847106D+00 -0.327548D+02
  316.3664  0.972023D+00  0.964877D+00  0.124738D+02
  316.5225  0.108792D+01  0.104090D+01  0.775127D+02
  316.6786  0.116012D+01  0.109883D+01  0.101047D+03
  316.8345  0.120625D+01  0.117624D+01  0.468683D+02
  316.9904  0.129045D+01  0.130221D+01 -0.183538D+02
  317.1462  0.139916D+01  0.143558D+01 -0.540404D+02
  317.3019  0.148298D+01  0.149074D+01 -0.115082D+02
  317.4576  0.146163D+01  0.148426D+01 -0.335771D+02
  317.6132  0.141360D+01  0.144638D+01 -0.486428D+02
  317.7687  0.130942D+01  0.131384D+01 -0.655727D+01
  317.9241  0.115163D+01  0.111436D+01  0.614563D+02
  318.0795  0.100319D+01  0.997614D+00  0.919065D+01
   21 315.898 319.010 317.454 -5.057D-02  0.000D+00  1.028D+00  3.344D+01 10300  8.585D-03
  315.8976  0.699387D+00  0.698028D+00  0.252121D+01
  316.0540  0.706536D+00  0.724234D+00 -0.328256D+02
  316.2103  0.828342D+00  0.842242D+00 -0.242637D+02
  316.3664  0.972023D+00  0.978298D+00 -0.109547D+02
  316.5225  0.108792D+01  0.106130D+01  0.438937D+02
  316.6786  0.116012D+01  0.111545D+01  0.736442D+02
  316.8345  0.120625D+01  0.118036D+01  0.404337D+02
  316.9904  0.129045D+01  0.129542D+01 -0.775862D+01
  317.1462  0.139916D+01  0.143459D+01 -0.525842D+02
  317.3019  0.148298D+01  0.149266D+01 -0.143677D+02
  317.4576  0.146163D+01  0.147689D+01 -0.226377D+02
  317.6132  0.141360D+01  0.144684D+01 -0.493355D+02
  317.7687  0.130942D+01  0.133135D+01 -0.325427D+02
  317.9241  0.115163D+01  0.112085D+01  0.507564D+02
  318.0795  0.100319D+01  0.983833D+00  0.319109D+02
  318.2347  0.100371D+01  0.998214D+00  0.906565D+01
  318.3900  0.112576D+01  0.111020D+01  0.256508D+02
  318.5451  0.128059D+01  0.126228D+01  0.285981D+02
  318.7001  0.142432D+01  0.142699D+01 -0.396702D+01
  318.8551  0.159035D+01  0.159633D+01 -0.845180D+01
  319.0101  0.163910D+01  0.165381D+01 -0.207854D+02
   21 316.835 319.938 318.386 -1.840D-02  0.000D+00  1.154D+00  4.849D+01 10300  1.187D-02
  316.8345  0.120625D+01  0.122344D+01 -0.268549D+02
  316.9904  0.129045D+01  0.128231D+01  0.127269D+02
  317.1462  0.139916D+01  0.139129D+01  0.116767D+02
  317.3019  0.148298D+01  0.145335D+01  0.439604D+02
  317.4576  0.146163D+01  0.144581D+01  0.234792D+02
  317.6132  0.141360D+01  0.142801D+01 -0.213880D+02
  317.7687  0.130942D+01  0.135199D+01 -0.631609D+02
  317.9241  0.115163D+01  0.117100D+01 -0.319217D+02
  318.0795  0.100319D+01  0.102035D+01 -0.282992D+02
  318.2347  0.100371D+01  0.101312D+01 -0.155044D+02
  318.3900  0.112576D+01  0.111584D+01  0.163447D+02
  318.5451  0.128059D+01  0.126311D+01  0.272960D+02
  318.7001  0.142432D+01  0.141507D+01  0.137218D+02
  318.8551  0.159035D+01  0.155743D+01  0.465234D+02
  319.0101  0.163910D+01  0.159885D+01  0.568781D+02
  319.1649  0.148622D+01  0.144562D+01  0.602421D+02
  319.3196  0.126286D+01  0.127481D+01 -0.177348D+02
  319.4744  0.119962D+01  0.127483D+01 -0.117465D+03
  319.6290  0.129875D+01  0.136085D+01 -0.969925D+02
  319.7835  0.144514D+01  0.144170D+01  0.486767D+01
  319.9380  0.151453D+01  0.146160D+01  0.747966D+02
   21 317.769 320.863 319.316  8.517D-03  0.000D+00  1.217D+00  4.035D+01   300  9.824D-03
  317.7687  0.130942D+01  0.125940D+01  0.742159D+02
  317.9241  0.115163D+01  0.117558D+01 -0.394825D+02
  318.0795  0.100319D+01  0.104275D+01 -0.652191D+02
  318.2347  0.100371D+01  0.103302D+01 -0.483170D+02
  318.3900  0.112576D+01  0.113670D+01 -0.180383D+02
  318.5451  0.128059D+01  0.128242D+01 -0.285949D+01
  318.7001  0.142432D+01  0.142256D+01  0.261262D+01
  318.8551  0.159035D+01  0.155397D+01  0.514149D+02
  319.0101  0.163910D+01  0.161017D+01  0.408865D+02
  319.1649  0.148622D+01  0.145646D+01  0.441674D+02
  319.3196  0.126286D+01  0.124218D+01  0.306868D+02
  319.4744  0.119962D+01  0.121817D+01 -0.289662D+02
  319.6290  0.129875D+01  0.131780D+01 -0.297527D+02
  319.7835  0.144514D+01  0.143873D+01  0.905709D+01
  319.9380  0.151453D+01  0.154806D+01 -0.473875D+02
  320.0924  0.155608D+01  0.158409D+01 -0.395803D+02
  320.2467  0.160093D+01  0.162395D+01 -0.325295D+02
  320.4010  0.175223D+01  0.173023D+01  0.296858D+02
  320.5551  0.188943D+01  0.184798D+01  0.534858D+02
  320.7092  0.193804D+01  0.191327D+01  0.319567D+02
  320.8633  0.184478D+01  0.187397D+01 -0.393804D+02
   21 318.700 321.786 320.243  4.709D-02  0.000D+00  1.215D+00  4.560D+01 10300  9.963D-03
  318.7001  0.142432D+01  0.147156D+01 -0.701014D+02
  318.8551  0.159035D+01  0.155669D+01  0.475706D+02
  319.0101  0.163910D+01  0.162327D+01  0.223684D+02
  319.1649  0.148622D+01  0.150011D+01 -0.206082D+02
  319.3196  0.126286D+01  0.124427D+01  0.275870D+02
  319.4744  0.119962D+01  0.117171D+01  0.435942D+02
  319.6290  0.129875D+01  0.127661D+01  0.345750D+02
  319.7835  0.144514D+01  0.140572D+01  0.557131D+02
  319.9380  0.151453D+01  0.155062D+01 -0.510046D+02
  320.0924  0.155608D+01  0.161609D+01 -0.847982D+02
  320.2467  0.160093D+01  0.164671D+01 -0.646924D+02
  320.4010  0.175223D+01  0.174570D+01  0.881072D+01
  320.5551  0.188943D+01  0.186320D+01  0.338446D+02
  320.7092  0.193804D+01  0.192079D+01  0.222531D+02
  320.8633  0.184478D+01  0.186255D+01 -0.239735D+02
  321.0173  0.166955D+01  0.167932D+01 -0.131824D+02
  321.1711  0.149327D+01  0.148013D+01  0.185728D+02
  321.3250  0.140692D+01  0.137910D+01  0.412808D+02
  321.4787  0.144996D+01  0.140130D+01  0.687637D+02
  321.6324  0.155737D+01  0.154674D+01  0.150215D+02
  321.7860  0.170172D+01  0.175500D+01 -0.718722D+02
   21 319.629 322.706 321.168  1.840D-02  0.000D+00  1.354D+00  7.311D+01 10300  2.310D-02
  319.6290  0.129875D+01  0.125675D+01  0.655915D+02
  319.7835  0.144514D+01  0.139995D+01  0.638714D+02
  319.9380  0.151453D+01  0.153288D+01 -0.259383D+02
  320.0924  0.155608D+01  0.161434D+01 -0.823233D+02
  320.2467  0.160093D+01  0.168316D+01 -0.116205D+03
  320.4010  0.175223D+01  0.178509D+01 -0.443224D+02
  320.5551  0.188943D+01  0.188253D+01  0.890333D+01
  320.7092  0.193804D+01  0.190871D+01  0.378482D+02
  320.8633  0.184478D+01  0.182094D+01  0.321557D+02
  321.0173  0.166955D+01  0.164098D+01  0.385372D+02
  321.1711  0.149327D+01  0.146306D+01  0.426933D+02
  321.3250  0.140692D+01  0.137126D+01  0.529234D+02
  321.4787  0.144996D+01  0.139225D+01  0.815408D+02
  321.6324  0.155737D+01  0.150630D+01  0.721746D+02
  321.7860  0.170172D+01  0.166112D+01  0.547627D+02
  321.9395  0.176767D+01  0.179396D+01 -0.354547D+02
  322.0930  0.172059D+01  0.182089D+01 -0.135289D+03
  322.2463  0.161327D+01  0.172057D+01 -0.144743D+03
  322.3997  0.155394D+01  0.158655D+01 -0.439870D+02
  322.5529  0.148660D+01  0.145670D+01  0.422535D+02
  322.7061  0.137361D+01  0.129621D+01  0.114857D+03
   21 320.555 323.624 322.089 -3.036D-02  0.000D+00  1.316D+00  4.746D+01   300  1.484D-02
  320.5551  0.188943D+01  0.191746D+01 -0.361636D+02
  320.7092  0.193804D+01  0.193427D+01  0.486703D+01
  320.8633  0.184478D+01  0.182647D+01  0.246967D+02
  321.0173  0.166955D+01  0.164624D+01  0.314405D+02
  321.1711  0.149327D+01  0.148613D+01  0.101007D+02
  321.3250  0.140692D+01  0.141630D+01 -0.139066D+02
  321.4787  0.144996D+01  0.144772D+01  0.315478D+01
  321.6324  0.155737D+01  0.155323D+01  0.585046D+01
  321.7860  0.170172D+01  0.167880D+01  0.309087D+02
  321.9395  0.176767D+01  0.176195D+01  0.772356D+01
  322.0930  0.172059D+01  0.174847D+01 -0.376033D+02
  322.2463  0.161327D+01  0.166112D+01 -0.645415D+02
  322.3997  0.155394D+01  0.156166D+01 -0.104187D+02
  322.5529  0.148660D+01  0.146528D+01  0.301333D+02
  322.7061  0.137361D+01  0.136781D+01  0.860451D+01
  322.8592  0.126410D+01  0.131201D+01 -0.710801D+02
  323.0122  0.133420D+01  0.135149D+01 -0.244335D+02
  323.1652  0.151925D+01  0.146496D+01  0.767183D+02
  323.3181  0.165321D+01  0.157369D+01  0.107266D+03
  323.4709  0.166917D+01  0.164581D+01  0.315041D+02
  323.6237  0.166336D+01  0.174936D+01 -0.110962D+03
   21 321.479 324.539 323.009 -3.713D-02  0.000D+00  1.373D+00  3.731D+01   300  1.827D-02
  321.4787  0.144996D+01  0.148992D+01 -0.564739D+02
  321.6324  0.155737D+01  0.155859D+01 -0.172554D+01
  321.7860  0.170172D+01  0.166242D+01  0.530128D+02
  321.9395  0.176767D+01  0.174107D+01  0.358905D+02
  322.0930  0.172059D+01  0.171730D+01  0.443658D+01
  322.2463  0.161327D+01  0.161878D+01 -0.742852D+01
  322.3997  0.155394D+01  0.154465D+01  0.125369D+02
  322.5529  0.148660D+01  0.147753D+01  0.128215D+02
  322.7061  0.137361D+01  0.138282D+01 -0.136639D+02
  322.8592  0.126410D+01  0.132612D+01 -0.920191D+02
  323.0122  0.133420D+01  0.138191D+01 -0.674240D+02
  323.1652  0.151925D+01  0.153049D+01 -0.158898D+02
  323.3181  0.165321D+01  0.162400D+01  0.393976D+02
  323.4709  0.166917D+01  0.162150D+01  0.643051D+02
  323.6237  0.166336D+01  0.164581D+01  0.226432D+02
  323.7763  0.176138D+01  0.174680D+01  0.188159D+02
  323.9289  0.188529D+01  0.187808D+01  0.929199D+01
  324.0815  0.199709D+01  0.199713D+01 -0.507665D-01
  324.2339  0.203025D+01  0.205465D+01 -0.301620D+02
  324.3863  0.204460D+01  0.206004D+01 -0.190898D+02
  324.5386  0.205623D+01  0.204559D+01  0.131517D+02
   21 322.400 325.451 323.925 -5.088D-02  0.000D+00  1.507D+00  5.893D+01 10300  2.079D-02
  322.3997  0.155394D+01  0.149949D+01  0.734544D+02
  322.5529  0.148660D+01  0.147956D+01  0.995322D+01
  322.7061  0.137361D+01  0.137978D+01 -0.914369D+01
  322.8592  0.126410D+01  0.131627D+01 -0.774088D+02
  323.0122  0.133420D+01  0.139071D+01 -0.798535D+02
  323.1652  0.151925D+01  0.159469D+01 -0.106609D+03
  323.3181  0.165321D+01  0.166925D+01 -0.216379D+02
  323.4709  0.166917D+01  0.160101D+01  0.919420D+02
  323.6237  0.166336D+01  0.161192D+01  0.663611D+02
  323.7763  0.176138D+01  0.172322D+01  0.492373D+02
  323.9289  0.188529D+01  0.184783D+01  0.483325D+02
  324.0815  0.199709D+01  0.197315D+01  0.295933D+02
  324.2339  0.203025D+01  0.202216D+01  0.100050D+02
  324.3863  0.204460D+01  0.202040D+01  0.299200D+02
  324.5386  0.205623D+01  0.206663D+01 -0.128624D+02
  324.6909  0.198469D+01  0.200694D+01 -0.275095D+02
  324.8431  0.183820D+01  0.185111D+01 -0.159630D+02
  324.9952  0.173026D+01  0.180998D+01 -0.985675D+02
  325.1472  0.179784D+01  0.185299D+01 -0.711543D+02
  325.2992  0.192632D+01  0.191537D+01  0.135404D+02
  325.4511  0.210998D+01  0.203696D+01  0.866788D+02
   21 323.318 326.361 324.840 -5.021D-02  0.000D+00  1.450D+00  3.789D+01 10300  1.348D-02
  323.3181  0.165321D+01  0.169721D+01 -0.593527D+02
  323.4709  0.166917D+01  0.162942D+01  0.536149D+02
  323.6237  0.166336D+01  0.164537D+01  0.232038D+02
  323.7763  0.176138D+01  0.176313D+01 -0.225723D+01
  323.9289  0.188529D+01  0.188128D+01  0.516847D+01
  324.0815  0.199709D+01  0.200230D+01 -0.644499D+01
  324.2339  0.203025D+01  0.203568D+01 -0.671262D+01
  324.3863  0.204460D+01  0.201266D+01  0.394862D+02
  324.5386  0.205623D+01  0.205422D+01  0.247650D+01
  324.6909  0.198469D+01  0.198766D+01 -0.366056D+01
  324.8431  0.183820D+01  0.181675D+01  0.265273D+02
  324.9952  0.173026D+01  0.178365D+01 -0.660082D+02
  325.1472  0.179784D+01  0.184212D+01 -0.571300D+02
  325.2992  0.192632D+01  0.192834D+01 -0.249823D+01
  325.4511  0.210998D+01  0.209618D+01  0.163865D+02
  325.6030  0.230279D+01  0.233669D+01 -0.402420D+02
  325.7547  0.249808D+01  0.247439D+01  0.270461D+02
  325.9064  0.264620D+01  0.260263D+01  0.478856D+02
  326.0580  0.274246D+01  0.270786D+01  0.380347D+02
  326.2096  0.277577D+01  0.274560D+01  0.331648D+02
  326.3611  0.268637D+01  0.275523D+01 -0.756804D+02
   21 324.234 327.269 325.751  3.529D-03  0.000D+00  1.511D+00  3.380D+01   300  1.155D-02
  324.2339  0.203025D+01  0.208858D+01 -0.721247D+02
  324.3863  0.204460D+01  0.201491D+01  0.367138D+02
  324.5386  0.205623D+01  0.200136D+01  0.678358D+02
  324.6909  0.198469D+01  0.197292D+01  0.145555D+02
  324.8431  0.183820D+01  0.183069D+01  0.928776D+01
  324.9952  0.173026D+01  0.175902D+01 -0.355624D+02
  325.1472  0.179784D+01  0.181415D+01 -0.210404D+02
  325.2992  0.192632D+01  0.191790D+01  0.104034D+02
  325.4511  0.210998D+01  0.208080D+01  0.346362D+02
  325.6030  0.230279D+01  0.233483D+01 -0.380336D+02
  325.7547  0.249808D+01  0.253382D+01 -0.407857D+02
  325.9064  0.264620D+01  0.265545D+01 -0.101680D+02
  326.0580  0.274246D+01  0.275259D+01 -0.111340D+02
  326.2096  0.277577D+01  0.275245D+01  0.256289D+02
  326.3611  0.268637D+01  0.268661D+01 -0.265780D+00
  326.5125  0.263805D+01  0.259529D+01  0.469955D+02
  326.6638  0.269971D+01  0.266375D+01  0.395221D+02
  326.8151  0.282066D+01  0.283193D+01 -0.115269D+02
  326.9663  0.279888D+01  0.282863D+01 -0.304436D+02
  327.1175  0.264081D+01  0.266273D+01 -0.232313D+02
  327.2686  0.256104D+01  0.254920D+01  0.130045D+02
   21 325.147 328.174 326.660  1.482D-02  0.000D+00  1.632D+00  3.537D+01 10300  1.772D-02
  325.1472  0.179784D+01  0.177534D+01  0.290296D+02
  325.2992  0.192632D+01  0.191041D+01  0.196644D+02
  325.4511  0.210998D+01  0.209675D+01  0.157080D+02
  325.6030  0.230279D+01  0.233914D+01 -0.431466D+02
  325.7547  0.249808D+01  0.254652D+01 -0.552855D+02
  325.9064  0.264620D+01  0.267717D+01 -0.340483D+02
  326.0580  0.274246D+01  0.275576D+01 -0.146225D+02
  326.2096  0.277577D+01  0.275307D+01  0.249498D+02
  326.3611  0.268637D+01  0.268153D+01  0.532324D+01
  326.5125  0.263805D+01  0.260511D+01  0.361980D+02
  326.6638  0.269971D+01  0.264407D+01  0.611552D+02
  326.8151  0.282066D+01  0.276454D+01  0.574337D+02
  326.9663  0.279888D+01  0.278257D+01  0.166907D+02
  327.1175  0.264081D+01  0.267746D+01 -0.388441D+02
  327.2686  0.256104D+01  0.260208D+01 -0.451133D+02
  327.4196  0.260478D+01  0.262663D+01 -0.240087D+02
  327.5705  0.264353D+01  0.263618D+01  0.779085D+01
  327.7214  0.255579D+01  0.255936D+01 -0.377414D+01
  327.8721  0.241659D+01  0.245297D+01 -0.399767D+02
  328.0229  0.235412D+01  0.237031D+01 -0.178014D+02
  328.1735  0.235960D+01  0.230880D+01  0.558311D+02
   21 326.058 329.076 327.567  1.580D-02  0.000D+00  1.564D+00  4.103D+01 10300  2.803D-02
  326.0580  0.274246D+01  0.273529D+01  0.787910D+01
  326.2096  0.277577D+01  0.276488D+01  0.119710D+02
  326.3611  0.268637D+01  0.272003D+01 -0.369956D+02
  326.5125  0.263805D+01  0.267015D+01 -0.352844D+02
  326.6638  0.269971D+01  0.269302D+01  0.735709D+01
  326.8151  0.282066D+01  0.276047D+01  0.615977D+02
  326.9663  0.279888D+01  0.275825D+01  0.415787D+02
  327.1175  0.264081D+01  0.267193D+01 -0.329764D+02
  327.2686  0.256104D+01  0.259945D+01 -0.422253D+02
  327.4196  0.260478D+01  0.259076D+01  0.154108D+02
  327.5705  0.264353D+01  0.258511D+01  0.619147D+02
  327.7214  0.255579D+01  0.253301D+01  0.241487D+02
  327.8721  0.241659D+01  0.246408D+01 -0.521945D+02
  328.0229  0.235412D+01  0.242189D+01 -0.744898D+02
  328.1735  0.235960D+01  0.241306D+01 -0.587595D+02
  328.3241  0.244438D+01  0.241705D+01  0.300325D+02
  328.4747  0.247016D+01  0.240765D+01  0.662472D+02
  328.6251  0.240373D+01  0.236995D+01  0.357987D+02
  328.7755  0.238767D+01  0.238461D+01  0.335869D+01
  328.9258  0.259163D+01  0.257846D+01  0.134823D+02
  329.0761  0.289987D+01  0.292464D+01 -0.306352D+02
   21 326.966 329.976 328.471 -4.072D-02  0.000D+00  1.585D+00  4.754D+01   300  2.442D-02
  326.9663  0.279888D+01  0.282188D+01 -0.235287D+02
  327.1175  0.264081D+01  0.266183D+01 -0.222785D+02
  327.2686  0.256104D+01  0.257959D+01 -0.203894D+02
  327.4196  0.260478D+01  0.256744D+01  0.410401D+02
  327.5705  0.264353D+01  0.254517D+01  0.104245D+03
  327.7214  0.255579D+01  0.248955D+01  0.702085D+02
  327.8721  0.241659D+01  0.244390D+01 -0.300109D+02
  328.0229  0.235412D+01  0.243284D+01 -0.865250D+02
  328.1735  0.235960D+01  0.244752D+01 -0.966319D+02
  328.3241  0.244438D+01  0.245943D+01 -0.165423D+02
  328.4747  0.247016D+01  0.243481D+01  0.374616D+02
  328.6251  0.240373D+01  0.237842D+01  0.268270D+02
  328.7755  0.238767D+01  0.241097D+01 -0.256089D+02
  328.9258  0.259163D+01  0.261687D+01 -0.258299D+02
  329.0761  0.289987D+01  0.288097D+01  0.233687D+02
  329.2263  0.311870D+01  0.307456D+01  0.523894D+02
  329.3764  0.320634D+01  0.319029D+01  0.190423D+02
  329.5264  0.325571D+01  0.325245D+01  0.386407D+01
  329.6764  0.326714D+01  0.328209D+01 -0.177366D+02
  329.8264  0.327401D+01  0.331727D+01 -0.513587D+02
  329.9762  0.336303D+01  0.334864D+01  0.213504D+02
   21 327.872 330.874 329.373 -3.772D-02  0.000D+00  1.706D+00  3.249D+01 10300  9.513D-03
  327.8721  0.241659D+01  0.234629D+01  0.772725D+02
  328.0229  0.235412D+01  0.238143D+01 -0.300201D+02
  328.1735  0.235960D+01  0.243150D+01 -0.790303D+02
  328.3241  0.244438D+01  0.247264D+01 -0.310666D+02
  328.4747  0.247016D+01  0.246530D+01  0.515392D+01
  328.6251  0.240373D+01  0.237418D+01  0.313203D+02
  328.7755  0.238767D+01  0.236818D+01  0.214230D+02
  328.9258  0.259163D+01  0.261064D+01 -0.194495D+02
  329.0761  0.289987D+01  0.291114D+01 -0.139393D+02
  329.2263  0.311870D+01  0.308503D+01  0.399640D+02
  329.3764  0.320634D+01  0.318951D+01  0.199681D+02
  329.5264  0.325571D+01  0.324139D+01  0.169884D+02
  329.6764  0.326714D+01  0.325684D+01  0.122293D+02
  329.8264  0.327401D+01  0.329179D+01 -0.211046D+02
  329.9762  0.336303D+01  0.336662D+01 -0.533757D+01
  330.1260  0.331871D+01  0.334222D+01 -0.348843D+02
  330.2757  0.313147D+01  0.311512D+01  0.194120D+02
  330.4253  0.283515D+01  0.284770D+01 -0.124191D+02
  330.5749  0.259482D+01  0.261555D+01 -0.219709D+02
  330.7244  0.254188D+01  0.251477D+01  0.287280D+02
  330.8739  0.262132D+01  0.261252D+01  0.900110D+01
   21 328.776 331.769 330.272 -1.989D-02  0.000D+00  1.677D+00  2.541D+01   300  7.351D-03
  328.7755  0.238767D+01  0.234533D+01  0.465346D+02
  328.9258  0.259163D+01  0.259616D+01 -0.463469D+01
  329.0761  0.289987D+01  0.293640D+01 -0.451796D+02
  329.2263  0.311870D+01  0.311744D+01  0.149164D+01
  329.3764  0.320634D+01  0.321799D+01 -0.138391D+02
  329.5264  0.325571D+01  0.326492D+01 -0.109389D+02
  329.6764  0.326714D+01  0.325927D+01  0.934055D+01
  329.8264  0.327401D+01  0.326909D+01  0.583654D+01
  329.9762  0.336303D+01  0.333646D+01  0.394228D+02
  330.1260  0.331871D+01  0.333886D+01 -0.299004D+02
  330.2757  0.313147D+01  0.310900D+01  0.266676D+02
  330.4253  0.283515D+01  0.284016D+01 -0.495781D+01
  330.5749  0.259482D+01  0.261051D+01 -0.166246D+02
  330.7244  0.254188D+01  0.249252D+01  0.523092D+02
  330.8739  0.262132D+01  0.262747D+01 -0.628788D+01
  331.0233  0.277472D+01  0.279835D+01 -0.241797D+02
  331.1726  0.278950D+01  0.281821D+01 -0.284056D+02
  331.3218  0.269233D+01  0.271767D+01 -0.259381D+02
  331.4710  0.263466D+01  0.262151D+01  0.134580D+02
  331.6201  0.270810D+01  0.268861D+01  0.199410D+02
  331.7692  0.288442D+01  0.288087D+01  0.363548D+01
   21 329.676 332.662 331.169 -8.030D-03  0.000D+00  1.636D+00  3.991D+01 10300  1.065D-02
  329.6764  0.326714D+01  0.331702D+01 -0.592070D+02
  329.8264  0.327401D+01  0.328414D+01 -0.120251D+02
  329.9762  0.336303D+01  0.331867D+01  0.658142D+02
  330.1260  0.331871D+01  0.331610D+01  0.387030D+01
  330.2757  0.313147D+01  0.310277D+01  0.340631D+02
  330.4253  0.283515D+01  0.283703D+01 -0.186467D+01
  330.5749  0.259482D+01  0.261589D+01 -0.223268D+02
  330.7244  0.254188D+01  0.249575D+01  0.488931D+02
  330.8739  0.262132D+01  0.262250D+01 -0.120641D+01
  331.0233  0.277472D+01  0.280906D+01 -0.351396D+02
  331.1726  0.278950D+01  0.285231D+01 -0.621368D+02
  331.3218  0.269233D+01  0.276435D+01 -0.737031D+02
  331.4710  0.263466D+01  0.266205D+01 -0.280221D+02
  331.6201  0.270810D+01  0.270440D+01  0.379096D+01
  331.7692  0.288442D+01  0.287111D+01  0.136255D+02
  331.9182  0.300733D+01  0.297365D+01  0.399773D+02
  332.0671  0.297364D+01  0.292947D+01  0.436910D+02
  332.2159  0.280317D+01  0.277734D+01  0.255543D+02
  332.3647  0.271654D+01  0.267163D+01  0.459515D+02
  332.5134  0.281814D+01  0.281337D+01  0.487955D+01
  332.6620  0.296625D+01  0.301670D+01 -0.598856D+02
   21 330.575 333.553 332.064 -9.117D-03  0.000D+00  1.705D+00  2.837D+01 10300  8.174D-03
  330.5749  0.259482D+01  0.261636D+01 -0.228269D+02
  330.7244  0.254188D+01  0.248287D+01  0.625450D+02
  330.8739  0.262132D+01  0.260379D+01  0.179423D+02
  331.0233  0.277472D+01  0.278649D+01 -0.120450D+02
  331.1726  0.278950D+01  0.282927D+01 -0.393435D+02
  331.3218  0.269233D+01  0.274592D+01 -0.548392D+02
  331.4710  0.263466D+01  0.265024D+01 -0.159390D+02
  331.6201  0.270810D+01  0.270117D+01  0.709324D+01
  331.7692  0.288442D+01  0.287589D+01  0.873734D+01
  331.9182  0.300733D+01  0.298460D+01  0.269758D+02
  332.0671  0.297364D+01  0.294216D+01  0.311305D+02
  332.2159  0.280317D+01  0.278743D+01  0.155685D+02
  332.3647  0.271654D+01  0.267682D+01  0.406411D+02
  332.5134  0.281814D+01  0.281160D+01  0.668898D+01
  332.6620  0.296625D+01  0.299617D+01 -0.355163D+02
  332.8106  0.294552D+01  0.295493D+01 -0.900540D+01
  332.9592  0.281318D+01  0.282801D+01 -0.146729D+02
  333.1076  0.281618D+01  0.283959D+01 -0.224070D+02
  333.2560  0.290215D+01  0.292269D+01 -0.196605D+02
  333.4043  0.285793D+01  0.285102D+01  0.661116D+01
  333.5526  0.261169D+01  0.258065D+01  0.307124D+02
   21 331.471 334.441 332.956 -1.290D-03  0.000D+00  1.729D+00  2.011D+01 10300  6.166D-03
  331.4710  0.263466D+01  0.261210D+01  0.230934D+02
  331.6201  0.270810D+01  0.269620D+01  0.121733D+02
  331.7692  0.288442D+01  0.289748D+01 -0.133572D+02
  331.9182  0.300733D+01  0.302752D+01 -0.239679D+02
  332.0671  0.297364D+01  0.299226D+01 -0.184197D+02
  332.2159  0.280317D+01  0.283001D+01 -0.265439D+02
  332.3647  0.271654D+01  0.269497D+01  0.220659D+02
  332.5134  0.281814D+01  0.280170D+01  0.168220D+02
  332.6620  0.296625D+01  0.297642D+01 -0.120688D+02
  332.8106  0.294552D+01  0.293130D+01  0.136152D+02
  332.9592  0.281318D+01  0.279190D+01  0.210463D+02
  333.1076  0.281618D+01  0.279263D+01  0.225470D+02
  333.2560  0.290215D+01  0.288570D+01  0.157515D+02
  333.4043  0.285793D+01  0.284835D+01  0.917024D+01
  333.5526  0.261169D+01  0.262010D+01 -0.831484D+01
  333.7008  0.243299D+01  0.243304D+01 -0.525907D-01
  333.8489  0.247435D+01  0.251530D+01 -0.418997D+02
  333.9969  0.265234D+01  0.268858D+01 -0.346871D+02
  334.1450  0.275371D+01  0.275969D+01 -0.573090D+01
  334.2929  0.284220D+01  0.282219D+01  0.191595D+02
  334.4407  0.299694D+01  0.298508D+01  0.140743D+02
   19 332.365 335.032 333.698 -3.165D-03  0.000D+00  1.686D+00  2.043D+01 10300  6.242D-03
  332.3647  0.271654D+01  0.271643D+01  0.103589D+00
  332.5134  0.281814D+01  0.281833D+01 -0.202690D+00
  332.6620  0.296625D+01  0.298555D+01 -0.229166D+02
  332.8106  0.294552D+01  0.293465D+01  0.104044D+02
  332.9592  0.281318D+01  0.279492D+01  0.180632D+02
  333.1076  0.281618D+01  0.279658D+01  0.187700D+02
  333.2560  0.290215D+01  0.288803D+01  0.135225D+02
  333.4043  0.285793D+01  0.284825D+01  0.926097D+01
  333.5526  0.261169D+01  0.261943D+01 -0.765353D+01
  333.7008  0.243299D+01  0.243719D+01 -0.430359D+01
  333.8489  0.247435D+01  0.252091D+01 -0.476455D+02
  333.9969  0.265234D+01  0.269186D+01 -0.378253D+02
  334.1450  0.275371D+01  0.275955D+01 -0.559531D+01
  334.2929  0.284220D+01  0.281964D+01  0.215964D+02
  334.4407  0.299694D+01  0.297643D+01  0.243409D+02
  334.5886  0.313990D+01  0.311463D+01  0.288478D+02
  334.7363  0.307991D+01  0.308304D+01 -0.357790D+01
  334.8840  0.284663D+01  0.287327D+01 -0.247055D+02
  335.0316  0.276405D+01  0.276926D+01 -0.499395D+01
   13 333.256 335.032 334.144 -3.875D-03  0.000D+00  1.677D+00  1.664D+01 10300  6.527D-03
  333.2560  0.290215D+01  0.291337D+01 -0.107339D+02
  333.4043  0.285793D+01  0.284521D+01  0.121797D+02
  333.5526  0.261169D+01  0.260180D+01  0.978809D+01
  333.7008  0.243299D+01  0.241662D+01  0.167446D+02
  333.8489  0.247435D+01  0.250197D+01 -0.282578D+02
  333.9969  0.265234D+01  0.267735D+01 -0.239419D+02
  334.1450  0.275371D+01  0.275309D+01  0.591547D+00
  334.2929  0.284220D+01  0.282276D+01  0.186119D+02
  334.4407  0.299694D+01  0.298781D+01  0.108361D+02
  334.5886  0.313990D+01  0.312941D+01  0.119820D+02
  334.7363  0.307991D+01  0.309310D+01 -0.150607D+02
  334.8840  0.284663D+01  0.287046D+01 -0.220969D+02
  335.0316  0.276405D+01  0.274705D+01  0.162738D+02
