 65   T number of levels, T: pressure grid  F: altitude grid
1013.2500000
1000.0000000
 908.5139771
 825.4019775
 749.8930054
 681.2910156
 618.9660034
 562.3419800
 510.8980103
 464.1600037
 421.6979980
 383.1170044
 348.0690002
 316.2269897
 287.2980042
 261.0159912
 237.1369934
 215.4440002
 195.7350006
 177.8289948
 161.5610046
 146.7790070
 133.3520050
 121.1520004
 110.0690002
 100.0000000
  90.8517990
  82.5406036
  74.9896011
  68.1295013
  61.8963013
  56.2338982
  51.0895996
  46.4157982
  42.1696014
  38.3119011
  34.8070984
  31.6229000
  28.7299004
  26.1016998
  23.7136002
  21.5443001
  19.5734005
  17.7828007
  16.1560001
  14.6780005
  13.3352003
  12.1153002
  11.0070000
  10.0000000
   9.0851402
   8.2540197
   6.8129101
   5.1089802
   4.6416001
   3.1622701
   2.6101601
   2.1544299
   1.6156000
   1.3335201
   1.0000000
   0.6812920
   0.3831180
   0.2154430
   0.1000000
