         216
269.7929   0.67378D-03
270.1461  -0.20751D-02
270.4984  -0.17213D-02
270.8499   0.12624D-03
271.2005  -0.10344D-02
271.5502  -0.12428D-03
271.8991   0.53148D-02
272.2472   0.51411D-02
272.5945   0.34658D-03
272.9410  -0.45024D-02
273.2869  -0.31651D-02
273.6319   0.16998D-02
273.9763   0.42569D-02
274.3200   0.44127D-02
274.6631   0.44225D-02
275.0055   0.23382D-02
275.3473  -0.80197D-03
275.6884   0.30464D-03
276.0290  -0.32628D-02
276.3690  -0.21336D-02
276.7085  -0.12287D-02
277.0474  -0.75042D-03
277.3858  -0.25619D-02
277.7236  -0.12688D-03
278.0610   0.38597D-02
278.3979   0.19543D-02
278.7343   0.10245D-02
281.0771   0.40482D-03
281.4102  -0.20122D-02
281.7429  -0.30212D-02
282.0753  -0.25998D-02
282.4073  -0.15703D-02
282.7390  -0.88632D-03
283.0703  -0.18264D-02
283.4013  -0.47355D-03
283.7320  -0.46215D-03
284.0624  -0.22063D-02
284.3925  -0.12297D-02
285.7098   0.63850D-02
286.0384  -0.45553D-02
286.3668  -0.53769D-02
286.6948  -0.19630D-02
287.0226  -0.15436D-02
287.3501  -0.38294D-02
287.6774  -0.12188D-02
288.0044   0.82362D-02
288.3311   0.83851D-02
288.6575  -0.25704D-02
288.9837  -0.19846D-02
289.3096   0.77178D-03
289.9607  -0.27020D-02
290.2858  -0.30935D-02
290.6106  -0.16798D-02
290.9352   0.47845D-03
291.2595  -0.42554D-03
291.5835  -0.28685D-03
291.9072   0.48322D-04
292.2307  -0.11804D-03
292.5538   0.32986D-02
292.8766   0.29391D-02
293.1992  -0.31360D-02
293.5214  -0.28524D-02
293.8433   0.29301D-02
294.1649   0.12792D-02
294.4861  -0.14650D-02
294.8070   0.19997D-02
295.1276   0.12642D-02
295.4478  -0.12951D-02
295.7676  -0.14973D-02
296.0871  -0.34762D-02
296.4062  -0.21858D-02
296.7248   0.65806D-02
297.0431   0.76546D-02
297.3610   0.96197D-03
297.6784  -0.65728D-02
297.9954  -0.53090D-02
298.3119   0.64798D-02
298.6279   0.97320D-02
298.9435  -0.15972D-02
299.2586  -0.48672D-02
299.5732  -0.23950D-02
299.8872  -0.42867D-03
300.2007   0.68625D-02
300.5137   0.35079D-02
300.8260  -0.32187D-04
301.1378  -0.29661D-02
301.4490  -0.45406D-02
301.7596   0.97030D-03
302.0695   0.94518D-02
302.3788   0.38097D-02
302.6874  -0.22379D-02
302.9953  -0.44303D-02
303.3025  -0.42564D-02
303.6089  -0.19241D-02
303.9146   0.22745D-02
304.2195   0.19859D-02
304.5236  -0.45204D-03
304.8269  -0.15692D-02
305.1293  -0.36898D-02
305.4309  -0.24229D-02
305.7316   0.37116D-02
306.0313   0.42832D-02
306.3302   0.78737D-03
306.6281   0.12817D-02
306.9250  -0.43676D-03
307.2208  -0.28138D-02
307.5157  -0.23615D-02
307.8095  -0.11585D-02
308.1021  -0.31326D-03
308.3937  -0.11747D-02
312.3575   0.16699D-02
312.5153  -0.56328D-03
312.6730  -0.11992D-02
312.8306  -0.13373D-02
312.9881  -0.15755D-02
313.1456  -0.66278D-03
313.3030   0.11926D-02
313.4603   0.23723D-02
313.6176   0.12335D-02
313.7747  -0.19089D-02
313.9318  -0.46186D-02
314.0889  -0.51958D-02
314.2458  -0.21331D-02
314.4027   0.48572D-02
314.5595   0.97399D-02
314.7162   0.55340D-02
314.8729  -0.11051D-02
315.0295  -0.45432D-02
315.1860  -0.56975D-02
315.3425  -0.51130D-02
315.4988  -0.32153D-02
315.6552   0.12817D-02
315.8113   0.82408D-02
315.9675   0.13649D-01
316.1236   0.11699D-01
316.2796   0.53615D-02
316.4355   0.78240D-03
316.5914  -0.13109D-02
316.7472  -0.17641D-02
317.0585  -0.41254D-02
317.2141  -0.58946D-02
317.3696  -0.62704D-02
317.5251  -0.54106D-02
317.8357   0.36511D-04
318.1461   0.11772D-01
318.3011   0.10051D-01
318.4561   0.47994D-02
318.6111   0.58583D-04
318.7659  -0.37382D-02
318.9207  -0.58689D-02
319.0754  -0.46020D-02
319.3846   0.60060D-02
319.5392   0.62544D-02
319.6936   0.27931D-02
319.8480   0.66211D-04
320.0023  -0.11993D-02
320.1565  -0.16290D-02
320.3106  -0.26821D-02
320.4647  -0.45669D-02
320.6187  -0.55463D-02
320.7726  -0.47503D-02
320.9265  -0.17626D-02
321.0803   0.29420D-02
321.2340   0.73556D-02
321.3877   0.83175D-02
321.5413   0.54828D-02
321.6948   0.10528D-02
321.8482  -0.27433D-02
322.0016  -0.44221D-02
322.1549  -0.37883D-02
322.3082  -0.20028D-02
322.4613  -0.14126D-03
322.6144   0.21803D-02
322.7675   0.56164D-02
323.0733   0.47171D-02
323.2261   0.10365D-02
323.3788  -0.22970D-03
323.5315   0.62046D-03
323.6841   0.85243D-03
323.8367  -0.40960D-03
323.9891  -0.20961D-02
324.1415  -0.30012D-02
324.4461  -0.26671D-02
324.5983  -0.19060D-02
324.7504   0.33090D-03
324.9025   0.35412D-02
325.0545   0.52545D-02
325.2064   0.43281D-02
325.3582   0.23808D-02
325.5100  -0.15499D-03
325.6617  -0.23267D-02
325.8134  -0.36890D-02
325.9650  -0.40410D-02
326.1165  -0.36818D-02
326.2679  -0.24130D-02
326.4193  -0.52204D-03
326.5706   0.19393D-03
326.8730  -0.15240D-02
327.0240  -0.82073D-03
327.1751   0.46645D-03
327.3260   0.56084D-03
327.4769  -0.37424D-03
327.6277  -0.56964D-03
327.7785   0.42547D-03
327.9292   0.15085D-02
328.0798   0.18701D-02
328.2304   0.16599D-02
328.3809   0.14488D-02
328.5313   0.24594D-02
328.6816   0.42441D-02
328.8319   0.41472D-02
328.9821   0.12451D-02
329.1323  -0.16648D-02
329.2824  -0.29626D-02
329.4324  -0.32451D-02
329.5823  -0.32244D-02
